+000,+000
+000,+003
+001,+005
+000,+005
+000,+005
+000,+005
+000,+005
+000,+005
+000,+005
+000,+005
+000,+005
+000,+005
+000,+005
+000,+007
+000,+007
+000,+007
+000,+007
+000,+007
+000,+007
+000,+007
+000,+007
+000,+007
+000,+007
+000,+007
+000,+007
+000,+007
+000,+007
+000,+007
+000,+007
+000,+007
+000,+007
+000,+005
+000,+005
+000,+005
+000,+005
+000,+005
+000,+005
+000,+005
+000,+005
+000,+005
+000,+005
+000,+005
+000,+005
+000,+005
+000,+005
+000,+005
+000,+005
+000,+005
+000,+005
+000,+005
+000,+005
+000,+003
+000,+003
+000,+003
+000,+003
+000,+003
+000,+003
+000,+003
+000,+003
+000,+003
+000,+003
+000,+003
+000,+001
+002,+001
+002,+001
+002,+001
+002,+001
+002,+001
+002,+001
+002,+001
+002,+001
+002,+001
+002,+001
+002,+001
+002,+001
+002,+001
+002,+001
+002,+001
+002,+001
+002,+001
+002,+001
+002,+001
+002,+001
+002,+001
+002,+001
+002,+001
+002,+001
+002,+001
+002,+001
+002,+001
+002,+001
+002,+001
+002,+001
+002,+001
+002,+001
+002,+001
+002,+001
+004,+001
+004,+001
+004,+001
+004,+001
+004,+001
+004,+001
+004,+001
+004,+001
+004,+001
+004,+001
+004,+001
+004,+001
+004,+001
+004,+001
+006,+001
+006,+001
+006,+001
+006,+001
+006,+001
+006,+001
+006,+001
+006,+001
+006,+001
+006,+001
+006,+003
+006,+003
+006,+003
+006,+003
+006,+003
+006,+003
+006,+003
+006,+003
+006,+003
+008,+003
+008,+003
+008,+003
+008,+003
+008,+003
+008,+003
+008,+003
+008,+003
+008,+003
+008,+003
+008,+003
+008,+003
+008,+003
+008,+003
+008,+003
+008,+003
+008,+003
+008,+003
+008,+003
+008,+003
+008,+003
+008,+003
+008,+003
+008,+003
+008,+003
+008,+003
+008,+003
+008,+003
+008,+003
+008,+003
+008,+003
+008,+003
+008,+003
+008,+003
+008,+003
+008,+003
+008,+003
+008,+003
+008,+003
+008,+003
+008,+003
+008,+003
+008,+003
+008,+003
+008,+003
+008,+003
+008,+003
+008,+003
+008,+003
+008,+003
+008,+003
+008,+003
+008,+003
+008,+003
+008,+003
+008,+003
+008,+003
+008,+003
+008,+003
+008,+003
+008,+003
+008,+003
+008,+003
+008,+003
+008,+003
+008,+003
+008,+003
+008,+003
+008,+003
+008,+003
+008,+003
+008,+003
+008,+003
+008,+003
+008,+003
+006,+005
+006,+005
+006,+005
+006,+005
+006,+005
+006,+005
+006,+005
+006,+005
+006,+005
+006,+005
+006,+005
+006,+005
+006,+005
+006,+005
+006,+005
+006,+005
+006,+005
+006,+005
+006,+005
+006,+005
+004,+005
+004,+005
+004,+005
+004,+005
+004,+005
+004,+005
+004,+007
+004,+007
+004,+007
+004,+007
+004,+007
+004,+007
+004,+007
+004,+007
+002,+007
+002,+007
+002,+007
+002,+007
+002,+007
+002,+007
+002,+007
+002,+007
+002,+007
+002,+007
+002,+007
+002,+007
+002,+007
+002,+007
+002,+007
+002,+007
+002,+007
+002,+007
+002,+007
+002,+007
+002,+007
+002,+007
+002,+007
+002,+007
+002,+007
+002,+007
+002,+007
+002,+007
+002,+007
+002,+007
+002,+007
+000,+007
+000,+007
+000,+007
+000,+007
+000,+007
+000,+007
+000,+007
+000,+007
+000,+007
+000,+007
+000,+007
+000,+007
+000,+007
+000,+007
+000,+007
+000,+007
+000,+007
+000,+007
+000,+007
+002,+007
+002,+009
+002,+009
+002,+009
+002,+009
+002,+009
+002,+009
+002,+009
+002,+009
+002,+009
+002,+009
+002,+009
+002,+009
+002,+009
+002,+009
+002,+009
+004,+009
+004,+009
+004,+009
+004,+009
+004,+009
+004,+009
+004,+009
+004,+009
+004,+009
+004,+011
+004,+011
+004,+011
+004,+011
+004,+011
+004,+011
+004,+011
+004,+011
+004,+011
+004,+011
+004,+011
+004,+011
+004,+011
+004,+011
+004,+011
+004,+011
+004,+011
+004,+011
+004,+011
+004,+011
+004,+011
+004,+011
+004,+011
+004,+011
+004,+011
+004,+011
+004,+011
+004,+011
+004,+011
+004,+011
+004,+011
+004,+011
+004,+011
+004,+011
+004,+011
+004,+011
+004,+011
+004,+011
+004,+011
+004,+011
+004,+011
+004,+011
+004,+011
+004,+011
+004,+011
+004,+011
+004,+011
+004,+011
+004,+011
+004,+011
+004,+011
+004,+011
+004,+011
+004,+011
+004,+011
+004,+011
+004,+011
+004,+011
+004,+011
+004,+011
+004,+011
+004,+011
+004,+011
+006,+011
+006,+013
+006,+013
+006,+013
+006,+013
+006,+013
+006,+013
+006,+013
+006,+013
+006,+013
+006,+013
+006,+013
+006,+013
+006,+013
+006,+013
+006,+013
+006,+013
+006,+013
+008,+013
+008,+013
+008,+013
+008,+013
+008,+013
+008,+013
+008,+013
+008,+013
+008,+013
+008,+013
+008,+013
+008,+013
+010,+013
+010,+013
+010,+013
+010,+013
+010,+013
+010,+013
+010,+013
+010,+013
+010,+013
+010,+013
+010,+013
+010,+013
+010,+013
+010,+013
+010,+013
+010,+013
+010,+013
+010,+013
+010,+013
+012,+013
+012,+013
+012,+013
+012,+013
+012,+013
+012,+013
+012,+013
+012,+013
+012,+013
+012,+013
+014,+013
+014,+013
+014,+013
+014,+013
+014,+013
+014,+013
+014,+013
+016,+013
+016,+013
+016,+013
+016,+013
+016,+013
+016,+013
+016,+013
+016,+013
+016,+013
+016,+013
+016,+013
+016,+013
+016,+013
+016,+013
+016,+013
+016,+013
+016,+013
+016,+013
+016,+013
+016,+013
+016,+013
+016,+013
+016,+013
+016,+013
+016,+013
+016,+013
+016,+013
+018,+013
+018,+013
+018,+013
+018,+013
+018,+013
+018,+013
+018,+013
+018,+013
+018,+013
+018,+013
+018,+013
+018,+013
+018,+015
+018,+015
+018,+015
+018,+015
+018,+015
+018,+015
+018,+015
+018,+015
+018,+015
+018,+015
+018,+015
+018,+015
+018,+015
+018,+015
+018,+015
+018,+015
+018,+017
+018,+017
+018,+017
+018,+017
+018,+017
+018,+017
+018,+017
+018,+017
+018,+017
+018,+017
+018,+017
+018,+017
+018,+017
+018,+017
+018,+017
+018,+017
+018,+017
+018,+017
+018,+017
+018,+017
+018,+017
+018,+017
+018,+017
+018,+017
+018,+017
+018,+017
+018,+017
+018,+017
+018,+017
+018,+017
+016,+017
+016,+017
+016,+017
+016,+019
+016,+019
+016,+019
+016,+019
+016,+019
+016,+019
+016,+019
+016,+019
+016,+019
+016,+019
+016,+019
+016,+019
+016,+019
+016,+019
+016,+019
+016,+019
+016,+019
+016,+019
+016,+019
+016,+019
+016,+019
+016,+019
+016,+019
+016,+019
+016,+021
+016,+021
+018,+021
+018,+021
+018,+021
+018,+021
+018,+021
+018,+021
+018,+021
+018,+021
+018,+021
+018,+021
+018,+021
+018,+021
+018,+021
+018,+021
+018,+021
+018,+021
+018,+021
+018,+021
+018,+021
+018,+021
+018,+021
+018,+021
+018,+021
+018,+021
+018,+021
+018,+021
+018,+021
+018,+021
+018,+021
+018,+021
+018,+021
+018,+021
+018,+021
+018,+021
+018,+021
+018,+021
+018,+019
+018,+019
+018,+019
+018,+019
+018,+019
+018,+019
+018,+019
+018,+019
+018,+019
+018,+019
+018,+019
+018,+019
+018,+019
+018,+019
+018,+019
+018,+019
+018,+019
+018,+019
+018,+019
+018,+019
+018,+019
+018,+019
+018,+019
+018,+019
+018,+019
+018,+019
+018,+019
+018,+019
+018,+019
+018,+017
+018,+017
+018,+017
+018,+017
+018,+017
+018,+017
+018,+017
+018,+017
+018,+017
+018,+017
+018,+017
+018,+017
+018,+017
+018,+017
+018,+017
+018,+017
+018,+017
+018,+017
+018,+017
+018,+017
+018,+017
+018,+017
+018,+017
+018,+017
+018,+017
+018,+017
+018,+015
+018,+015
+018,+015
+018,+015
+018,+015
+018,+015
+018,+015
+018,+015
+018,+015
+018,+015
+018,+015
+018,+015
+018,+015
+018,+015
+018,+015
+018,+015
+018,+015
+018,+015
+018,+015
+018,+015
+018,+015
+018,+013
+018,+013
+018,+013
+018,+013
+018,+013
+018,+013
+018,+013
+018,+013
+018,+013
+018,+013
+018,+013
+018,+013
+018,+013
+018,+013
+018,+013
+018,+013
+018,+013
+018,+011
+018,+011
+018,+011
+018,+011
+018,+009
+018,+009
+018,+009
+018,+009
+018,+009
+018,+009
+018,+009
+018,+009
+018,+009
+018,+009
+018,+009
+018,+009
+018,+009
+018,+009
+018,+009
+018,+009
+018,+009
+018,+009
+018,+009
+018,+009
+018,+009
+016,+009
+016,+009
+016,+009
+016,+009
+016,+009
+016,+009
+016,+009
+016,+009
+016,+009
+016,+009
+016,+009
+016,+009
+016,+007
+016,+007
+016,+007
+016,+007
+016,+007
+016,+007
+016,+007
+016,+007
+016,+007
+016,+007
+016,+007
+016,+007
+016,+007
+016,+007
+016,+007
+016,+007
+016,+007
+016,+007
+016,+007
+016,+007
+016,+007
+016,+007
+016,+007
+016,+007
+016,+007
+016,+007
+016,+007
+016,+007
+016,+007
+016,+007
+016,+007
+016,+007
+014,+007
+014,+007
+014,+007
+014,+007
+014,+007
+014,+007
+014,+009
+014,+009
+014,+009
+014,+009
+014,+009
+014,+009
+014,+009
+014,+009
+014,+009
+014,+009
+014,+009
+014,+009
+014,+011
+014,+011
+014,+011
+014,+011
+014,+011
+014,+011
+014,+011
+014,+011
+014,+011
+014,+011
+014,+011
+014,+011
+014,+011
+014,+011
+014,+011
+014,+011
+014,+011
+014,+011
+014,+011
+014,+011
+014,+011
+014,+011
+014,+011
+014,+011
+014,+011
+014,+013
+014,+013
+014,+013
+014,+013
+014,+013
+014,+013
+014,+013
+014,+013
+014,+013
+014,+013
+014,+013
+014,+013
+014,+013
+014,+013
+014,+013
+014,+013
+014,+013
+014,+013
+014,+013
+014,+015
+014,+015
+014,+015
+014,+015
+014,+015
+014,+015
+014,+015
+014,+015
+014,+015
+014,+015
+014,+015
+014,+015
+014,+015
+014,+015
+014,+015
+014,+015
+014,+015
+014,+015
+014,+015
+014,+015
+014,+015
+012,+015
+012,+015
+012,+015
+012,+015
+012,+015
+012,+015
+012,+015
+012,+015
+012,+015
+012,+015
+012,+015
+012,+015
+012,+015
+012,+015
+012,+015
+012,+015
+012,+015
+012,+015
+012,+015
+012,+015
+012,+015
+012,+015
+012,+013
+010,+013
+010,+013
+010,+013
+010,+013
+010,+013
+010,+013
+010,+013
+010,+013
+010,+013
+010,+013
+010,+013
+010,+013
+010,+013
+010,+011
+010,+011
+010,+011
+010,+011
+010,+011
+010,+011
+010,+011
+010,+011
+010,+011
+010,+011
+010,+011
+010,+011
+010,+011
+010,+009
+010,+009
+010,+009
+010,+009
+008,+009
+008,+009
+008,+009
+008,+009
+008,+009
+008,+009
+008,+009
+008,+009
+008,+009
+008,+009
+008,+009
+008,+009
+008,+009
+008,+009
+008,+009
+008,+009
+008,+009
+008,+009
+008,+009
+008,+009
+008,+009
+008,+009
+008,+009
+008,+009
+008,+009
+008,+009
+008,+009
+008,+009
+008,+009
+008,+007
+008,+007
+008,+007
+008,+007
+008,+007
+008,+007
+008,+007
+008,+007
+008,+007
+008,+007
+008,+007
+008,+007
+008,+007
+008,+007
+008,+007
+008,+007
+008,+007
+008,+007
+008,+007
+008,+007
+008,+007
+008,+007
+008,+007
+008,+007
+008,+007
+008,+007
+008,+005
+008,+005
+006,+005
+006,+005
+006,+005
+006,+005
+006,+005
+006,+005
+006,+005
+006,+005
+006,+005
+006,+005
+006,+005
+006,+005
+006,+005
+006,+005
+006,+003
+006,+003
+006,+003
+006,+003
+006,+003
+006,+003
+006,+003
+006,+003
+006,+003
+006,+003
+006,+003
+006,+003
+006,+003
+006,+003
+008,+003
+008,+003
+008,+003
+008,+003
+008,+003
+008,+003
+008,+003
+008,+003
+008,+003
+008,+003
+008,+003
+008,+003
+006,+003
+006,+003
+006,+003
+006,+003
+006,+003
+006,+003
+006,+003
+006,+003
+006,+003
+006,+003
+006,+003
+006,+003
+006,+003
+006,+003
+006,+003
+006,+003
+006,+003
+006,+003
+006,+003
+006,+003
+006,+003
+006,+003
+006,+003
+006,+003
+006,+003
+006,+003
+006,+003
+006,+003
+006,+003
+006,+003
+006,+003
+006,+003
+006,+003
+006,+003
+006,+003
+006,+003
+006,+003
+006,+003
+006,+003
+006,+003
+006,+003
+006,+001
+006,+001
+006,+001
+006,+001
+006,+001
+006,+001
+006,+001
+006,+001
+006,+001
+006,+001
+006,+001
+006,+001
+006,+001
+006,+001
+006,+001
+006,+001
+006,+001
+006,+001
+006,+001
+006,+001
+006,+001
+006,+001
+006,+001
+006,+001
+006,+001
+006,+001
+006,+001
+006,+001
+006,+001
+006,+001
+006,+001
+006,+001
+006,+001
+006,+001
+006,+001
+006,+001
+006,+001
+006,+001
+006,+001
+006,+001
+006,+001
+006,+001
+006,+001
+006,+001
+006,+001
+006,+001
+006,+001
+006,+001
+006,+001
+006,+001
+006,+001
+006,+001
+006,+001
+006,+001
+006,+001
+006,+003
+006,+003
+006,+003
+006,+003
+006,+003
+006,+003
+006,+003
+006,+003
+006,+003
+006,+003
+006,+003
+006,+003
+006,+003
+006,+003
+006,+003
+006,+005
+006,+005
+006,+005
+006,+005
+006,+005
+006,+005
+006,+005
+006,+005
+006,+005
+006,+005
+006,+005
+006,+005
+006,+005
+006,+005
+006,+005
+006,+005
+006,+007
+006,+007
+006,+007
+006,+007
+006,+007
+006,+007
+006,+007
+006,+007
+006,+007
+006,+007
+006,+007
+006,+007
+006,+007
+006,+007
+006,+007
+006,+007
+006,+007
+006,+007
+006,+007
+006,+007
+006,+007
+006,+007
+006,+007
+006,+007
+006,+007
+006,+007
+006,+007
+006,+007
+006,+007
+006,+007
+006,+007
+006,+007
+006,+007
+006,+007
+006,+007
+006,+007
+006,+007
+006,+007
+006,+007
+006,+007
+006,+007
+006,+007
+006,+007
+006,+007
+006,+007
+006,+007
+006,+007
+006,+007
+006,+007
+006,+007
+006,+007
+006,+007
+006,+007
+006,+007
+006,+007
+006,+007
+006,+007
+006,+007
+006,+007
+006,+007
+006,+007
+006,+007
+006,+007
+006,+007
+006,+007
+006,+007
+006,+007
+006,+007
+006,+007
+006,+007
+006,+007
+006,+007
+006,+007
+006,+007
+006,+007
+006,+007
+006,+007
+006,+007
+006,+007
+006,+007
+006,+007
+006,+007
+006,+007
+006,+007
+006,+007
+006,+007
+006,+007
+006,+007
+006,+007
+006,+007
+006,+007
+006,+007
+006,+007
+006,+007
+006,+007
+006,+007
+006,+009
+006,+009
+006,+009
+006,+009
+006,+009
+006,+009
+006,+009
+006,+009
+006,+009
+006,+009
+006,+009
+006,+009
+006,+009
+006,+009
+006,+009
+006,+009
+006,+009
+006,+009
+006,+009
+006,+009
+006,+009
+006,+009
+006,+009
+006,+009
+006,+009
+006,+009
+006,+009
+006,+009
+006,+009
+006,+009
+006,+009
+006,+009
+006,+009
+006,+009
+006,+009
+006,+009
+006,+009
+006,+009
+006,+007
+006,+007
+006,+007
+006,+007
+006,+007
+006,+007
+006,+007
+006,+007
+006,+007
+006,+007
+006,+007
+006,+007
+006,+007
+006,+007
+006,+007
+006,+007
+006,+007
+006,+007
+006,+007
+006,+007
+006,+007
+006,+007
+006,+007
+006,+007
+006,+007
+006,+007
+006,+007
+006,+007
+006,+007
+006,+007
+006,+007
+006,+007
+006,+007
+006,+007
+008,+007
+008,+007
+008,+007
+008,+007
+008,+007
+008,+007
+008,+007
+008,+005
+008,+005
+008,+005
+008,+005
+008,+005
+008,+005
+008,+005
+008,+003
+008,+003
+008,+003
+008,+003
+008,+003
+008,+003
+008,+003
+008,+003
+008,+003
+008,+003
+008,+003
+008,+003
+008,+003
+008,+003
+008,+003
+008,+003
+008,+003
+008,+003
+008,+003
+008,+003
+008,+003
+008,+003
+008,+003
+008,+003
+008,+003
+008,+003
+010,+003
+010,+001
+010,+001
+010,+001
+010,+001
+010,+001
+010,+001
+010,+001
+010,+001
+010,+001
+010,+001
+010,+001
+010,+001
+010,+001
+010,+001
+010,+001
+010,+001
+010,+001
+010,+001
+010,+001
+010,+001
+010,+001
+010,+001
+010,+001
+010,+001
+010,+001
+010,+001
+010,+001
+010,+001
+010,+001
+010,+001
+010,+001
+010,+001
+010,+001
+010,+001
+010,+001
+010,+001
+010,+001
+010,+001
+010,+001
+010,+001
+010,+001
+010,+001
+010,+001
+010,+001
+010,+001
+010,+001
+010,+001
+010,+001
+010,+001
+010,+001
+010,+001
+010,+001
+010,+001
+010,+001
+010,+001
+010,+001
+010,+001
+010,+001
+010,+001
+010,+001
+010,+001
+010,+001
+010,+001
+010,+001
+010,+001
+010,+001
+010,+001
+010,+001
+010,+001
+010,+001
+010,+001
+010,+001
+010,+001
+010,+001
+010,+001
+010,+001
+010,+001
+010,+001
+010,+001
+010,+001
+010,+001
+010,+001
+010,+001
+010,+001
+010,+001
+010,+001
+012,+001
+012,+001
+012,+001
+012,+001
+012,+001
+012,+001
+012,+001
+012,+001
+012,+001
+012,+001
+012,+001
+012,+001
+012,+001
+012,+001
+012,+001
+012,+001
+012,+001
+012,+001
+012,+001
+012,+001
+012,+001
+012,+001
+012,+001
+012,+001
+012,+001
+012,+001
+012,+001
+012,+001
+012,+001
+012,+001
+012,+001
+012,+001
+012,+001
+012,+001
+012,+001
+012,+001
+012,+001
+012,+001
+012,+001
+012,+001
+012,+001
+012,+001
+012,+001
+012,+001
+012,+001
+012,+001
+012,+001
+012,+001
+012,+001
+012,+001
+012,+001
+012,+001
+012,+001
+012,+001
+012,+001
+012,+001
+012,+001
+012,+001
+012,+001
+012,+001
+012,+001
+012,+001
+012,+001
+012,+001
+012,+001
+012,+001
+012,+001
+012,+001
+012,+001
+012,+001
+012,+001
+012,+001
+012,+001
+014,+001
+014,+001
+014,+001
+014,+001
+014,+001
+014,+001
+014,+001
+014,+001
+014,+001
+014,+001
+014,+001
+014,+001
+014,+001
+014,+001
+014,+001
+014,+001
+014,+001
+014,+001
+014,+001
+014,+001
+014,+001
+014,+001
+014,+001
+014,+001
+014,+001
+014,+001
+014,+001
+014,+001
+014,+001
+014,+001
+014,+001
+014,+001
+014,+001
+014,+001
+014,+001
+014,+001
+014,+001
+014,+001
+014,+001
+014,+001
+014,+001
+014,+001
+014,+001
+014,+001
+014,+001
+014,+001
+014,+001
+014,+001
+014,+001
+014,+001
+014,+001
+014,+001
+014,+001
+014,+001
+014,+001
+014,+001
+014,+001
+014,+001
+014,+001
+014,+001
+014,+001
+014,+001
+014,+001
+014,+001
+014,+001
+014,+001
+014,+001
+014,+001
+014,+001
+014,+001
+014,+001
+014,+001
+014,+001
+014,+001
+014,+001
+014,+001
+014,+001
+014,+001
+014,+001
+014,+001
+014,+001
+014,+001
+014,+001
+014,+001
+014,+001
+014,+001
+014,+001
+014,+001
+014,+001
+014,+001
+014,+001
+014,+001
+014,+001
+014,+001
+014,+001
+014,+003
+014,+003
+014,+003
+014,+003
+014,+003
+014,+003
+014,+003
+014,+003
+014,+003
+014,+003
+014,+003
+014,+003
+014,+003
+014,+003
+014,+003
+014,+003
+014,+003
+012,+003
+012,+003
+012,+003
+012,+003
+012,+003
+012,+003
+012,+003
+012,+003
+012,+003
+012,+003
+012,+003
+012,+003
+012,+003
+012,+003
+012,+003
+012,+003
+012,+003
+012,+003
+012,+003
+012,+003
+012,+003
+012,+003
+012,+003
+012,+003
+012,+003
+012,+003
+012,+003
+012,+003
+012,+003
+012,+003
+012,+003
+012,+003
+012,+003
+012,+003
+012,+003
+012,+003
+012,+003
+012,+003
+012,+003
+012,+003
+012,+003
+012,+003
+012,+003
+012,+003
+012,+003
+012,+003
+012,+003
+012,+003
+012,+003
+012,+003
+012,+003
+012,+003
+012,+003
+012,+003
+012,+003
+012,+003
+012,+003
+012,+005
+012,+005
+012,+005
+012,+005
+012,+005
+012,+005
+012,+005
+012,+005
+012,+005
+012,+005
+012,+005
+012,+005
+012,+005
+012,+005
+012,+005
+012,+005
+012,+005
+012,+005
+012,+005
+012,+005
+012,+005
+012,+005
+012,+005
+012,+007
+012,+007
+012,+007
+012,+007
+012,+007
+012,+007
+012,+007
+012,+007
+012,+007
+012,+007
+012,+007
+012,+007
+012,+007
+012,+007
+012,+007
+012,+007
+012,+007
+012,+007
+012,+007
+012,+007
+012,+007
+012,+007
+012,+007
+012,+007
+012,+007
+012,+007
+012,+007
+012,+009
+012,+009
+012,+009
+012,+009
+012,+009
+012,+009
+012,+009
+012,+007
+012,+007
+012,+007
+012,+007
+012,+007
+012,+007
+012,+007
+012,+007
+012,+007
+012,+007
+012,+007
+012,+007
+012,+007
+012,+007
+012,+009
+012,+009
+012,+009
+012,+009
+012,+009
+012,+009
+012,+009
+012,+009
+012,+009
+012,+009
+012,+009
+012,+009
+012,+009
+012,+009
+012,+009
+012,+009
+012,+009
+012,+009
+012,+009
+012,+009
+012,+009
+012,+009
+012,+009
+012,+009
+012,+009
+012,+009
+012,+009
+012,+009
+012,+009
+012,+009
+012,+009
+012,+009
+012,+009
+012,+009
+012,+009
+012,+009
+012,+009
+012,+009
+012,+009
+012,+009
+012,+009
+012,+009
+012,+009
+012,+009
+012,+009
+012,+009
+012,+009
+012,+009
+012,+009
+012,+009
+012,+009
+012,+009
+012,+009
+012,+009
+012,+009
+012,+009
+012,+009
+012,+009
+012,+009
+012,+009
+012,+009
+012,+009
+012,+009
+012,+009
+012,+009
+012,+009
+012,+009
+012,+009
+012,+009
+012,+009
+012,+009
+012,+009
+010,+009
+010,+009
+010,+009
+010,+009
+010,+009
+010,+009
+010,+009
+010,+009
+010,+009
+010,+009
+010,+009
+010,+009
+010,+009
+010,+009
+010,+009
+010,+009
+010,+009
+010,+009
+010,+009
+010,+009
+010,+009
+010,+009
+010,+009
+010,+009
+010,+009
+010,+009
+010,+009
+010,+009
+010,+007
+010,+007
+010,+007
+010,+007
+010,+007
+010,+007
+010,+007
+010,+007
+010,+007
+010,+007
+010,+007
+010,+007
+010,+007
+010,+007
+010,+007
+010,+007
+010,+007
+010,+007
+010,+007
+010,+007
+010,+007
+010,+007
+010,+007
+010,+007
+010,+007
+010,+007
+010,+007
+010,+007
+010,+007
+010,+007
+010,+007
+010,+007
+010,+007
+010,+007
+010,+007
+010,+007
+010,+007
+010,+007
+010,+007
+010,+007
+010,+005
+010,+005
+010,+005
+010,+005
+010,+005
+010,+005
+010,+005
+010,+005
+010,+005
+010,+005
+010,+005
+010,+005
+010,+005
+010,+005
+010,+005
+010,+005
+010,+005
+010,+005
+010,+005
+010,+005
+010,+005
+010,+005
+010,+005
+010,+005
+010,+005
+010,+005
+010,+005
+010,+005
+010,+005
+010,+005
+010,+005
+010,+005
+010,+005
+010,+005
+010,+003
+010,+003
+010,+003
+010,+003
+010,+003
+010,+003
+010,+003
+010,+003
+010,+003
+010,+003
+010,+003
+010,+003
+010,+003
+010,+003
+010,+003
+010,+003
+010,+003
+010,+003
+010,+003
+010,+003
+012,+003
+012,+003
+012,+003
+012,+003
+012,+003
+012,+003
+012,+003
+012,+003
+012,+003
+012,+003
+012,+003
+012,+003
+012,+003
+012,+003
+012,+003
+012,+003
+012,+003
+012,+003
+012,+003
+012,+003
+012,+003
+012,+003
+012,+003
+012,+003
+012,+003
+012,+003
+012,+003
+012,+003
+012,+003
+012,+003
+012,+003
+012,+003
+012,+003
+012,+001
+012,+001
+012,+001
+012,+001
+012,+001
+012,+001
+012,+001
+012,+001
+012,+001
+012,+001
+012,+001
+012,+001
+012,+001
+012,+001
+012,+001
+012,+001
+012,+001
+012,+001
+012,+001
+012,+001
+012,+001
+012,+001
+012,+001
+012,+001
+012,+001
+012,+001
+012,+001
+012,+001
+012,+001
+012,+001
+012,+001
+012,+001
+012,+001
+012,+001
+012,+001
+012,+001
+012,+001
+012,+001
+012,+001
+012,+001
+012,+001
+012,+001
+012,+001
+012,+001
+012,+001
+012,+001
+012,+001
+012,+001
+012,+001
+012,+001
+012,+001
+012,+001
+012,+001
+012,+001
+012,+001
+012,+001
+012,+001
+012,+001
+012,+001
+012,+001
+012,+001
+012,+001
+012,+001
+012,+001
+012,+001
+012,+001
+012,+001
+012,+001
+012,+001
+012,+003
+012,+003
+012,+003
+012,+003
+012,+003
+012,+003
+012,+003
+012,+003
+012,+003
+012,+003
+012,+003
+012,+003
+012,+003
+012,+003
+012,+003
+012,+003
+012,+003
+012,+003
+012,+003
+012,+003
+012,+003
+012,+003
+012,+003
+012,+003
+012,+003
+012,+003
+010,+003
+010,+003
+010,+003
+010,+003
+010,+003
+010,+003
+010,+003
+010,+003
+010,+003
+010,+003
+010,+003
+010,+003
+010,+003
+010,+003
+010,+003
+010,+003
+010,+003
+010,+003
+010,+003
+010,+003
+010,+003
+010,+003
+010,+003
+010,+003
+010,+003
+010,+003
+010,+003
+010,+003
+010,+003
+010,+003
+010,+003
+010,+003
+010,+003
+010,+003
+010,+003
+010,+003
+010,+003
+010,+003
+010,+003
+010,+003
+010,+003
+010,+003
+010,+003
+010,+003
+010,+003
+010,+003
+010,+003
+010,+003
+010,+003
+010,+003
+010,+003
+010,+003
+010,+003
+010,+003
+010,+003
+010,+003
+010,+003
+010,+003
+010,+003
+010,+003
+010,+003
+010,+003
+010,+003
+010,+003
+010,+003
+010,+003
+010,+003
+010,+003
+010,+003
+010,+003
+010,+003
+010,+003
+010,+003
+010,+003
+010,+003
+010,+003
+010,+003
+010,+003
+010,+003
+010,+003
+010,+003
+010,+003
+010,+003
+010,+003
+010,+003
+010,+003
+010,+003
+010,+003
+010,+003
+010,+003
+010,+003
+010,+003
+010,+003
+010,+003
+010,+003
+010,+003
+010,+003
+010,+003
+010,+003
+010,+003
+010,+003
+010,+003
+010,+003
+010,+003
+010,+003
+010,+003
+010,+003
+010,+003
+010,+003
+008,+003
+008,+003
+008,+003
+008,+003
+008,+003
+008,+003
+008,+003
+008,+003
+008,+003
+008,+003
+008,+003
+008,+003
+008,+003
+008,+003
+008,+003
+008,+003
+008,+003
+008,+003
+008,+003
+008,+003
+008,+003
+008,+003
+008,+003
+008,+003
+008,+003
+008,+003
+008,+003
+008,+003
+008,+003
+008,+003
+008,+003
+008,+003
+008,+003
+008,+003
+008,+003
+008,+003
+008,+003
+008,+003
+008,+003
+008,+003
+008,+001
+008,+001
+008,+001
+008,+001
+008,+001
+008,+001
+008,+001
+008,+001
+008,+001
+008,+001
+008,+001
+008,+001
+008,+001
+008,+001
+008,+001
+008,+001
+008,+001
+008,+001
+008,+001
+008,+001
+008,+001
+008,+001
+008,+001
+008,+001
+008,+001
+008,+001
+008,+001
+008,+001
+008,+001
+008,+001
+008,+001
+008,+001
+008,+001
+008,+001
+008,+001
+008,+001
+008,+001
+008,+001
+008,+001
+008,+001
+008,+001
+008,+001
+008,+001
+008,+001
+008,+001
+008,+001
+008,+001
+008,+001
+008,+001
+008,+001
+008,+001
+008,+001
+008,+001
+008,+001
+008,+001
+008,+001
+008,+001
+008,+001
+008,+001
+008,+001
+008,+001
+008,+001
+008,+001
+008,+001
+008,+001
+008,+001
+008,+001
+008,+001
+008,+001
+008,+001
+008,+001
+008,+001
+008,+001
+008,+001
+008,+001
+008,+001
+008,+001
+008,+001
+008,+001
+008,+001
+008,+001
+008,+001
+008,+001
+008,+001
+008,+001
+008,+001
+008,+001
+008,+001
+008,+001
+008,+001
+008,+001
+008,+001
+008,+001
+008,+001
+008,+001
+008,+001
+008,+001
+008,+001
+008,+001
+008,+001
+008,+001
+008,+001
+008,+001
+008,+001
+008,+001
+008,+001
+008,+001
+008,+001
+008,+001
+008,+001
+008,+001
+008,+001
+008,+001
+008,+001
+008,+001
+008,+001
+008,+001
+008,+001
+008,+001
+008,+001
+008,+001
+008,+001
+008,+001
+008,+001
+008,+001
+008,+001
+008,+001
+008,+001
+008,+001
+008,+001
+008,+001
+008,+001
+008,+001
+008,+001
+008,+001
+008,+001
+008,+001
+008,+001
+008,+001
+008,+001
+008,+001
+008,+001
+008,+001
+008,+001
+008,+001
+008,+001
+008,+001
+008,+001
+006,+001
+006,+001
+006,+001
+006,+001
+006,+001
+006,+001
+006,+001
+006,+001
+006,+001
+006,+001
+006,+001
+006,+001
+006,+001
+006,+001
+006,+001
+006,+001
+006,+001
+006,+001
+006,+001
+006,+001
+006,+001
+006,+001
+006,+001
+006,+001
+006,+001
+006,+001
+006,+001
+006,+001
+006,+001
+006,+001
+006,+001
+006,+001
+006,+001
+006,+001
+006,+001
+006,+001
+006,+001
+006,+001
+006,+001
+006,+001
+006,+001
+006,+001
+006,+001
+006,+001
+006,+001
+006,+001
+006,+001
+006,+001
+006,+001
+006,+001
+006,+001
+006,+001
+006,+001
+006,+001
+006,+001
+006,+001
+006,+001
+006,+001
+006,+001
+006,+001
+006,+001
+006,+001
+006,+001
+006,+001
+006,+001
+006,+001
+006,+001
+006,+001
+006,+001
+006,+001
+006,+001
+006,+001
+006,+001
+006,+001
+006,+001
+006,+001
+006,+001
+006,+001
+006,+001
+006,+001
+006,+001
+006,+001
+006,+001
+006,+001
+006,+001
+006,+001
+006,+001
+006,+001
+006,+001
+006,+001
+006,+001
+006,+001
+006,+001
+006,+001
+006,+001
+008,+001
+008,+001
+008,+001
+008,+003
+008,+003
+008,+003
+008,+003
+008,+003
+006,+003
+006,+003
+006,+003
+006,+003
+006,+003
+006,+003
+006,+003
+006,+003
+006,+003
+006,+003
+006,+003
+006,+003
+006,+003
+006,+003
+006,+003
+006,+003
+006,+003
+006,+003
+006,+003
+006,+003
+006,+003
+006,+003
+006,+003
+006,+003
+006,+003
+006,+003
+006,+003
+006,+003
+006,+003
+006,+003
+006,+003
+006,+003
+006,+003
+006,+003
+006,+003
+006,+003
+006,+003
+006,+003
+006,+003
+006,+003
+006,+003
+006,+003
+006,+003
+006,+003
+006,+003
+006,+003
+006,+003
+006,+003
+006,+003
+006,+003
+006,+003
+006,+005
+006,+005
+006,+005
+006,+005
+006,+005
+006,+005
+006,+005
+006,+005
+006,+005
+006,+005
+006,+005
+006,+005
+006,+005
+006,+005
+006,+005
+006,+005
+006,+005
+006,+005
+006,+005
+006,+005
+006,+005
+006,+005
+006,+005
+006,+005
+006,+005
+006,+005
+006,+007
+006,+007
+006,+007
+006,+007
+006,+007
+006,+007
+006,+007
+006,+007
+006,+007
+006,+007
+006,+007
+006,+007
+006,+007
+006,+007
+006,+007
+006,+007
+006,+007
+006,+007
+006,+007
+006,+007
+006,+007
+006,+007
+006,+007
+006,+007
+006,+007
+006,+007
+006,+007
+006,+007
+006,+007
+006,+007
+006,+007
+006,+007
+006,+007
+006,+007
+006,+007
+006,+007
+006,+007
+006,+007
+006,+007
+006,+007
+006,+007
+006,+007
+006,+007
+006,+007
+006,+007
+006,+007
+006,+007
+006,+007
+006,+007
+006,+007
+006,+007
+006,+007
+006,+007
+006,+007
+006,+007
+006,+007
+006,+007
+006,+007
+006,+007
+006,+007
+006,+007
+006,+007
+006,+007
+006,+007
+006,+007
+006,+007
+006,+007
+006,+007
+006,+007
+006,+007
+006,+007
+006,+007
+006,+007
+006,+007
+006,+007
+006,+007
+006,+007
+006,+009
+006,+009
+006,+009
+006,+009
+006,+009
+006,+009
+006,+009
+006,+009
+006,+009
+006,+009
+004,+009
+004,+009
+004,+009
+004,+009
+004,+009
+004,+009
+004,+009
+004,+009
+004,+009
+004,+009
+004,+009
+004,+009
+004,+009
+004,+009
+004,+009
+004,+009
+004,+009
+004,+009
+004,+009
+004,+009
+004,+011
+004,+011
+004,+011
+002,+011
+002,+011
+002,+011
+002,+011
+002,+011
+002,+011
+002,+011
+002,+011
+002,+011
+002,+011
+002,+011
+002,+011
+002,+011
+002,+011
+002,+011
+002,+011
+002,+011
+002,+011
+002,+011
+002,+011
+002,+011
+002,+011
+002,+011
+002,+011
+002,+011
+002,+011
+002,+011
+002,+011
+002,+011
+002,+011
+002,+011
+002,+011
+002,+011
+002,+011
+002,+011
+002,+011
+002,+011
+002,+011
+002,+011
+002,+011
+002,+011
+002,+011
+002,+011
+002,+011
+002,+011
+002,+009
+002,+009
+002,+009
+002,+009
+002,+009
+002,+009
+002,+009
+002,+009
+002,+009
+002,+009
+002,+009
+002,+009
+002,+009
+002,+009
+002,+009
+002,+009
+002,+009
+002,+009
+002,+009
+002,+009
+002,+009
+002,+009
+002,+009
+002,+009
+002,+009
+002,+009
+002,+009
+002,+007
+002,+007
+000,+007
+000,+007
+000,+007
+000,+007
+000,+007
+000,+007
+000,+007
+000,+007
+000,+007
+000,+007
+000,+007
+000,+007
+000,+007
+000,+007
+000,+007
+000,+007
+000,+007
+000,+007
+000,+007
+000,+007
+000,+007
+000,+007
+000,+007
+000,+007
+000,+007
+000,+007
+000,+007
+000,+007
+000,+007
+000,+007
+000,+007
+000,+007
+000,+007
+000,+007
+000,+007
+000,+007
+000,+007
+000,+007
+000,+007
+000,+007
+000,+007
+000,+007
+000,+007
+000,+007
+002,+007
+002,+007
+002,+007
+002,+007
+002,+007
+002,+007
+002,+007
+002,+007
+002,+007
+002,+007
+002,+007
+002,+007
+002,+007
+002,+007
+002,+007
+002,+007
+002,+007
+002,+007
+002,+007
+002,+007
+002,+007
+002,+007
+002,+007
+002,+007
+002,+007
+002,+007
+002,+007
+002,+007
+002,+007
+002,+007
+002,+007
+002,+007
+002,+007
+002,+007
+004,+007
+004,+007
+004,+007
+004,+007
+004,+007
+004,+009
+004,+009
+004,+009
+004,+009
+004,+009
+004,+009
+004,+009
+004,+009
+004,+009
+004,+009
+004,+009
+004,+009
+004,+009
+004,+009
+004,+009
+004,+009
+004,+009
+004,+009
+004,+009
+004,+009
+004,+009
+004,+009
+004,+009
+004,+009
+004,+011
+004,+011
+004,+011
+004,+011
+004,+011
+004,+011
+004,+011
+004,+011
+004,+011
+004,+011
+006,+011
+006,+011
+006,+011
+006,+011
+006,+011
+006,+011
+006,+011
+006,+011
+006,+011
+006,+011
+006,+011
+006,+011
+006,+011
+006,+011
+006,+011
+006,+011
+006,+011
+006,+011
+006,+011
+006,+011
+006,+011
+006,+011
+006,+011
+006,+011
+006,+011
+006,+011
+006,+011
+006,+011
+006,+011
+006,+011
+006,+011
+006,+011
+006,+011
+006,+011
+008,+011
+008,+011
+008,+011
+008,+011
+008,+011
+008,+011
+008,+011
+008,+011
+008,+011
+008,+011
+008,+011
+008,+011
+008,+011
+008,+011
+008,+011
+008,+011
+008,+011
+008,+011
+008,+011
+008,+011
+008,+011
+008,+011
+008,+011
+008,+011
+008,+011
+008,+013
+008,+013
+008,+013
+008,+013
+008,+013
+008,+013
+008,+013
+008,+013
+008,+013
+010,+013
+010,+013
+010,+013
+010,+013
+010,+013
+010,+013
+010,+013
+010,+013
+010,+013
+010,+013
+010,+013
+010,+013
+010,+013
+010,+013
+010,+013
+010,+013
+010,+013
+010,+013
+010,+013
+010,+013
+010,+013
+010,+013
+010,+013
+010,+013
+010,+013
+010,+013
+010,+013
+010,+013
+010,+013
+010,+013
+010,+013
+010,+013
+010,+013
+010,+011
+010,+011
+010,+011
+010,+011
+010,+011
+010,+011
+010,+011
+010,+011
+010,+011
+010,+011
+010,+011
+010,+011
+010,+011
+010,+011
+010,+011
+010,+011
+010,+011
+010,+011
+010,+011
+010,+011
+010,+011
+010,+011
+010,+011
+010,+011
+010,+011
+010,+011
+010,+011
+010,+009
+010,+009
+010,+009
+010,+009
+010,+009
+010,+009
+010,+009
+010,+009
+010,+009
+010,+009
+010,+009
+010,+009
+010,+009
+010,+009
+010,+009
+010,+009
+010,+009
+010,+009
+010,+009
+010,+009
+010,+009
+010,+009
+010,+009
+010,+009
+010,+009
+010,+009
+012,+009
+012,+009
+012,+009
+012,+007
+012,+007
+012,+007
+012,+007
+012,+007
+012,+007
+012,+007
+012,+007
+012,+007
+012,+007
+012,+007
+012,+007
+012,+007
+012,+007
+012,+007
+012,+007
+012,+007
+012,+007
+012,+007
+012,+007
+012,+007
+012,+007
+012,+007
+012,+007
+012,+007
+012,+007
+012,+007
+012,+007
+012,+007
+012,+007
+012,+007
+012,+007
+012,+007
+012,+007
+012,+007
+012,+007
+012,+007
+012,+007
+012,+007
+012,+007
+012,+007
+012,+007
+012,+007
+012,+007
+012,+007
+012,+007
+012,+007
+012,+007
+012,+007
+012,+007
+012,+005
+012,+005
+012,+005
+012,+005
+012,+005
+012,+005
+012,+005
+012,+005
+012,+005
+012,+005
+012,+005
+012,+005
+012,+005
+012,+005
+012,+005
+012,+005
+012,+005
+012,+005
+010,+005
+010,+005
+010,+005
+010,+005
+010,+005
+010,+005
+010,+005
+010,+005
+010,+005
+010,+005
+010,+005
+010,+005
+010,+005
+010,+005
+010,+005
+010,+005
+010,+005
+010,+005
+010,+005
+010,+005
+010,+005
+010,+005
+010,+005
+010,+005
+010,+005
+010,+005
+010,+005
+010,+005
+010,+005
+010,+005
+010,+005
+010,+005
+010,+005
+010,+005
+010,+005
+010,+005
+010,+005
+010,+005
+008,+005
+008,+005
+008,+005
+008,+005
+008,+005
+008,+005
+008,+005
+008,+005
+008,+005
+008,+005
+008,+005
+008,+005
+008,+005
+008,+005
+008,+005
+008,+005
+008,+005
+006,+005
+006,+005
+006,+005
+006,+005
+006,+005
+006,+005
+006,+005
+006,+005
+006,+005
+006,+005
+006,+005
+006,+005
+006,+005
+006,+005
+006,+005
+006,+005
+006,+005
+006,+005
+006,+005
+006,+005
+006,+007
+006,+007
+006,+007
+006,+007
+006,+007
+006,+007
+006,+007
+006,+007
+006,+007
+006,+007
+006,+007
+006,+007
+006,+007
+006,+007
+006,+007
+006,+007
+006,+007
+006,+007
+006,+007
+006,+007
+006,+007
+006,+007
+006,+007
+006,+007
+006,+007
+006,+007
+004,+007
+004,+007
+004,+007
+004,+007
+004,+007
+004,+007
+004,+007
+004,+007
+004,+007
+004,+007
+004,+007
+004,+007
+004,+007
+004,+007
+004,+007
+004,+007
+004,+007
+004,+007
+004,+007
+004,+007
+004,+007
+004,+007
+004,+007
+004,+007
+004,+007
+004,+007
+004,+007
+004,+007
+004,+007
+004,+007
+004,+007
+004,+007
+004,+007
+004,+007
+004,+007
+004,+007
+004,+007
+004,+007
+004,+007
+004,+007
+004,+007
+004,+007
+004,+007
+004,+007
+004,+007
+004,+007
+004,+007
+004,+007
+004,+007
+004,+007
+004,+007
+004,+007
+004,+007
+004,+009
+004,+009
+004,+009
+004,+009
+004,+009
+004,+009
+004,+009
+004,+009
+004,+009
+004,+009
+004,+009
+004,+009
+004,+009
+004,+009
+004,+009
+004,+009
+004,+009
+004,+009
+004,+009
+004,+009
+004,+009
+002,+009
+002,+009
+002,+009
+002,+009
+002,+009
+002,+009
+002,+009
+002,+009
+002,+009
+002,+009
+002,+011
+002,+011
+002,+011
+002,+011
+002,+011
+002,+011
+002,+011
+002,+011
+002,+011
+002,+011
+002,+011
+002,+011
+002,+011
+002,+011
+002,+011
+002,+011
+002,+013
+002,+013
+002,+013
+002,+013
+002,+013
+002,+013
+004,+013
+004,+013
+004,+013
+004,+013
+004,+013
+004,+013
+004,+013
+004,+013
+004,+013
+004,+013
+004,+013
+004,+013
+004,+013
+004,+013
+004,+013
+004,+013
+004,+013
+004,+015
+004,+015
+004,+015
+004,+015
+004,+015
+004,+015
+004,+015
+004,+015
+004,+015
+004,+015
+004,+015
+004,+015
+004,+015
+004,+015
+004,+015
+004,+015
+004,+015
+004,+015
+004,+015
+004,+015
+004,+017
+004,+017
+004,+017
+004,+017
+004,+017
+004,+017
+004,+017
+004,+017
+004,+017
+004,+017
+004,+017
+004,+017
+004,+017
+004,+017
+004,+017
+004,+017
+004,+017
+004,+017
+004,+017
+004,+017
+004,+017
+004,+017
+004,+019
+004,+019
+004,+019
+004,+019
+004,+019
+004,+019
+004,+019
+004,+019
+004,+019
+004,+019
+004,+019
+004,+019
+004,+019
+004,+019
+004,+019
+004,+019
+004,+019
+004,+019
+004,+019
+004,+019
+004,+019
+004,+019
+004,+021
+004,+021
+004,+021
+004,+021
+004,+021
+004,+021
+004,+021
+004,+021
+004,+021
+004,+021
+004,+021
+004,+021
+004,+021
+004,+021
+004,+021
+004,+021
+004,+021
+004,+021
+004,+021
+004,+021
+004,+023
+004,+023
+004,+023
+004,+023
+004,+023
+004,+023
+004,+023
+004,+023
+004,+023
+004,+023
+004,+023
+004,+023
+004,+023
+004,+023
+004,+023
+006,+023
+006,+023
+006,+023
+006,+023
+006,+023
+006,+025
+006,+025
+006,+025
+006,+025
+006,+025
+006,+025
+006,+025
+006,+025
+006,+025
+006,+025
+006,+025
+006,+025
+006,+025
+006,+025
+006,+025
+006,+025
+006,+025
+006,+025
+006,+025
+006,+025
+006,+025
+006,+025
+006,+025
+006,+025
+006,+025
+006,+025
+006,+025
+006,+025
+006,+025
+006,+025
+006,+025
+006,+025
+006,+025
+006,+025
+006,+025
+006,+025
+006,+025
+006,+025
+006,+025
+006,+025
+006,+025
+006,+025
+006,+025
+006,+025
+006,+025
+006,+025
+006,+025
+006,+025
+006,+025
+006,+025
+006,+025
+006,+025
+006,+025
+006,+025
+006,+025
+008,+025
+008,+025
+008,+025
+008,+025
+008,+025
+008,+025
+008,+025
+008,+025
+008,+025
+008,+025
+008,+025
+008,+025
+008,+025
+008,+025
+008,+025
+008,+025
+008,+025
+008,+025
+008,+025
+008,+025
+008,+025
+008,+025
+008,+025
+008,+025
+008,+025
+008,+025
+008,+025
+008,+025
+008,+025
+008,+025
+008,+025
+008,+025
+008,+025
+008,+025
+008,+025
+008,+025
+008,+025
+008,+025
+008,+025
+008,+025
+008,+025
+008,+025
+008,+025
+008,+025
+008,+025
+008,+025
+008,+025
+008,+023
+008,+023
+008,+023
+008,+023
+008,+023
+008,+023
+008,+023
+008,+023
+008,+023
+008,+023
+008,+023
+008,+023
+008,+023
+008,+023
+008,+023
+008,+023
+008,+023
+008,+023
+008,+023
+008,+023
+008,+023
+008,+023
+008,+023
+008,+023
+008,+023
+008,+023
+008,+021
+008,+021
+008,+021
+008,+021
+008,+021
+008,+021
+008,+021
+008,+021
+008,+021
+010,+021
+010,+021
+010,+021
+010,+021
+010,+021
+010,+021
+010,+021
+010,+021
+010,+021
+010,+021
+010,+021
+010,+021
+010,+021
+010,+021
+010,+021
+010,+021
+010,+021
+010,+021
+010,+021
+010,+021
+010,+021
+010,+021
+010,+021
+010,+021
+010,+021
+010,+021
+010,+021
+010,+021
+010,+021
+010,+021
+010,+021
+010,+021
+010,+021
+010,+021
+010,+021
+010,+021
+010,+021
+010,+021
+010,+021
+010,+021
+010,+021
+010,+021
+010,+021
+010,+021
+010,+021
+010,+021
+010,+021
+010,+021
+010,+021
+010,+021
+010,+021
+010,+021
+010,+021
+010,+021
+010,+021
+010,+021
+010,+021
+010,+021
+010,+021
+010,+021
+010,+021
+010,+021
+010,+021
+010,+021
+010,+021
+010,+021
+010,+021
+010,+021
+010,+021
+010,+021
+010,+021
+010,+021
+010,+021
+010,+021
+010,+021
+010,+021
+010,+021
+010,+021
+010,+021
+010,+021
+010,+021
+010,+021
+010,+021
+010,+021
+010,+021
+010,+021
+010,+021
+010,+021
+010,+021
+010,+021
+010,+021
+010,+021
+010,+021
+010,+021
+010,+021
+010,+021
+010,+021
+010,+021
+012,+019
+012,+019
+012,+019
+012,+019
+012,+019
+012,+019
+012,+019
+012,+019
+012,+019
+012,+019
+012,+019
+012,+019
+012,+019
+012,+019
+012,+019
+012,+019
+012,+019
+012,+019
+012,+019
+012,+019
+012,+019
+012,+019
+012,+019
+012,+019
+012,+019
+012,+019
+012,+019
+012,+019
+012,+019
+012,+019
+012,+019
+012,+019
+012,+019
+012,+019
+012,+019
+012,+019
+012,+019
+012,+019
+012,+019
+012,+019
+012,+019
+012,+019
+012,+019
+012,+019
+012,+019
+012,+019
+012,+019
+012,+017
+012,+017
+012,+017
+012,+017
+012,+017
+012,+017
+012,+017
+012,+017
+012,+017
+012,+017
+012,+017
+012,+017
+012,+017
+012,+017
+012,+017
+012,+017
+012,+017
+012,+017
+012,+017
+012,+017
+012,+017
+012,+017
+012,+017
+012,+017
+012,+017
+012,+017
+012,+017
+012,+017
+012,+017
+012,+017
+012,+017
+012,+017
+012,+017
+012,+017
+012,+017
+012,+017
+012,+017
+012,+017
+012,+017
+012,+017
+012,+017
+012,+017
+012,+017
+012,+017
+012,+017
+012,+017
+012,+017
+012,+017
+012,+017
+012,+017
+012,+017
+012,+017
+012,+017
+012,+017
+012,+017
+012,+017
+012,+017
+012,+017
+012,+017
+012,+017
+012,+017
+012,+017
+012,+017
+012,+017
+012,+017
+012,+017
+012,+017
+012,+017
+012,+017
+012,+017
+012,+017
+012,+017
+012,+017
+012,+017
+012,+017
+012,+017
+012,+017
+012,+017
+012,+017
+012,+017
+012,+017
+012,+017
+012,+017
+012,+017
+012,+017
+012,+017
+012,+017
+012,+017
+012,+017
+012,+017
+012,+017
+012,+017
+012,+017
+012,+017
+012,+017
+012,+017
+012,+017
+012,+017
+012,+017
+012,+017
+012,+017
+012,+017
+012,+017
+012,+017
+012,+017
+012,+017
+012,+017
+012,+017
+012,+017
+012,+017
+012,+017
+012,+017
+012,+017
+012,+017
+012,+017
+012,+017
+012,+017
+012,+017
+012,+015
+012,+015
+012,+015
+012,+015
+012,+015
+012,+015
+012,+015
+012,+015
+012,+015
+012,+015
+012,+015
+012,+015
+012,+015
+012,+015
+012,+015
+012,+015
+012,+015
+012,+015
+012,+015
+012,+015
+012,+015
+012,+015
+012,+015
+012,+015
+012,+015
+014,+015
+014,+015
+014,+015
+014,+015
+014,+015
+014,+015
+014,+015
+014,+015
+014,+015
+014,+015
+014,+015
+014,+015
+014,+015
+014,+015
+014,+015
+014,+015
+014,+015
+014,+015
+014,+015
+014,+015
+014,+015
+014,+015
+014,+015
+014,+015
+014,+015
+014,+015
+014,+015
+014,+015
+014,+015
+014,+015
+014,+015
+014,+015
+014,+015
+014,+015
+014,+015
+014,+015
+014,+015
+014,+015
+014,+015
+014,+015
+014,+015
+014,+015
+014,+015
+014,+015
+014,+015
+014,+015
+014,+015
+014,+015
+014,+015
+014,+015
+014,+015
+014,+015
+014,+015
+014,+015
+014,+015
+014,+015
+014,+015
+014,+015
+014,+015
+014,+015
+014,+015
+014,+015
+014,+015
+014,+015
+014,+015
+014,+015
+014,+015
+014,+015
+014,+015
+014,+015
+014,+015
+014,+015
+014,+015
+014,+015
+014,+015
+014,+015
+014,+015
+014,+015
+014,+015
+014,+015
+014,+015
+014,+015
+014,+015
+014,+015
+014,+015
+014,+015
+014,+015
+014,+015
+014,+015
+014,+015
+014,+015
+014,+015
+014,+015
+014,+015
+014,+015
+014,+015
+014,+015
+014,+015
+014,+015
+014,+015
+014,+015
+014,+015
+014,+015
+014,+015
+014,+015
+014,+015
+014,+015
+014,+015
+014,+015
+014,+015
+014,+015
+014,+015
+014,+015
+014,+015
+014,+015
+014,+015
+014,+015
+014,+015
+014,+015
+014,+015
+014,+015
+014,+015
+014,+015
+014,+015
+014,+015
+014,+015
+014,+015
+014,+015
+014,+015
+014,+015
+014,+013
+014,+013
+014,+013
+014,+013
+014,+013
+014,+013
+014,+013
+016,+013
+016,+013
+016,+013
+016,+013
+016,+013
+016,+013
+016,+011
+016,+011
+016,+011
+016,+011
+016,+011
+016,+011
+016,+011
+016,+011
+016,+011
+016,+011
+016,+011
+016,+011
+016,+011
+016,+011
+016,+011
+016,+011
+016,+011
+016,+011
+016,+011
+016,+011
+016,+011
+016,+011
+016,+011
+016,+011
+016,+011
+016,+011
+016,+011
+016,+011
+016,+011
+016,+011
+016,+011
+016,+011
+016,+011
+016,+011
+016,+011
+016,+011
+016,+011
+016,+011
+016,+009
+016,+009
+016,+009
+016,+009
+016,+009
+016,+009
+016,+009
+016,+009
+016,+009
+016,+009
+016,+009
+016,+009
+016,+009
+016,+009
+016,+009
+016,+009
+016,+009
+016,+009
COP Area(S): 000315
COP Area(R): 000495