+000,+000
+001,+000
+001,+000
+001,+000
+001,+000
+001,+000
+001,+000
+001,+000
+001,+000
+001,+000
+001,+000
+001,+000
+001,+000
+003,+000
+003,+000
+003,+000
+003,+000
+003,+000
+003,+000
+003,+000
+003,+000
+005,+000
+005,+000
+005,+002
+005,+002
+005,+002
+005,+002
+005,+002
+005,+002
+005,+002
+005,+002
+005,+002
+005,+002
+005,+002
+005,+002
+005,+002
+005,+002
+005,+002
+005,+002
+005,+002
+005,+002
+005,+002
+005,+002
+005,+002
+005,+002
+005,+002
+005,+002
+005,+004
+005,+004
+005,+004
+005,+004
+005,+004
+005,+004
+005,+004
+005,+004
+007,+004
+007,+004
+007,+004
+007,+004
+007,+004
+007,+004
+007,+004
+007,+004
+007,+004
+007,+004
+007,+004
+007,+006
+007,+006
+007,+006
+007,+006
+007,+006
+007,+006
+007,+004
+007,+004
+007,+004
+007,+004
+007,+004
+007,+004
+007,+004
+007,+004
+009,+004
+009,+004
+009,+004
+009,+004
+009,+004
+009,+004
+009,+004
+009,+002
+009,+002
+009,+002
+009,+002
+009,+002
+009,+002
+009,+002
+009,+002
+009,+002
+009,+002
+009,+002
+011,+000
+011,+000
+011,+000
+011,+000
+011,+000
+011,+000
+011,+000
+011,+000
+011,+002
+011,+002
+011,+002
+011,+002
+011,+002
+011,+002
+011,+002
+011,+002
+011,+002
+011,+002
+011,+002
+011,+002
+011,+002
+011,+002
+011,+002
+011,+002
+011,+002
+011,+002
+011,+002
+011,+002
+011,+002
+011,+002
+011,+002
+011,+002
+009,+002
+009,+002
+009,+002
+009,+002
+009,+002
+009,+002
+009,+002
+009,+002
+009,+002
+009,+002
+009,+002
+009,+002
+009,+002
+009,+002
+009,+002
+011,+002
+011,+002
+011,+002
+011,+002
+011,+002
+011,+002
+011,+002
+011,+002
+011,+002
+011,+002
+011,+002
+011,+002
+011,+002
+011,+002
+011,+002
+011,+002
+013,+002
+013,+003
+013,+003
+013,+003
+013,+003
+013,+003
+013,+003
+013,+003
+013,+003
+013,+003
+015,-004
+015,-004
+015,-004
+015,-004
+015,-004
+015,-004
+015,-004
+015,-005
+015,-005
+015,-005
+015,-005
+017,-005
+017,-005
+017,-006
+017,-006
+017,-006
+017,-006
+017,-006
+017,-006
+017,-006
+017,-006
+017,-006
+017,-006
+017,-006
+017,-006
+017,-006
+017,-006
+017,-006
+017,-006
+017,-006
+017,-006
+017,-006
+015,-006
+015,-006
+015,-006
+015,-006
+015,-006
+015,-006
+015,-006
+015,-006
+015,-006
+015,-006
+015,+003
+015,-004
+015,-004
+015,-004
+015,-004
+015,-004
+015,-004
+015,-004
+015,-004
+015,-004
+015,-004
+015,-004
+015,-004
+015,-004
+015,-004
+015,-004
+015,-004
+015,-004
+015,-004
+015,-004
+015,-004
+015,-004
+015,-004
+015,-004
+015,-004
+015,-004
+015,-004
+013,-004
+013,-004
+013,-004
+013,-004
+013,-004
+013,-005
+013,-005
+013,-005
+013,-005
+013,-005
+013,-006
+013,-006
+013,-006
+013,-006
+013,-006
+013,-007
+013,-007
+013,-007
+013,-008
+013,-008
+013,-008
+013,-008
+013,-009
+013,-009
+013,-009
+013,-009
+013,-009
+013,-009
+013,-009
+013,-009
+013,-009
+013,-009
+013,-009
+013,-009
+013,-009
+013,-009
+013,-009
+013,-009
+013,-009
+013,-009
+013,-009
+013,-009
+013,-009
+013,-009
+013,-009
+013,-009
+013,-009
+013,-006
+013,-007
+013,-007
+013,-007
+013,-007
+013,-007
+013,-007
+013,-007
+013,-007
+013,-007
+013,-007
+013,-007
+013,-007
+013,-007
+013,-007
+013,-007
+013,-007
+013,-007
+013,-007
+013,-007
+013,-007
+013,-007
+013,-004
+013,-004
+013,-004
+013,-004
+013,-004
+013,-004
+013,-004
+013,-004
+013,-004
+013,-004
+013,-004
+011,-004
+011,-004
+011,-004
+011,-004
+011,-004
+011,-004
+011,-004
+011,-004
+011,-004
+011,-004
+011,-004
+011,-005
+011,-005
+011,-005
+011,-005
+011,-005
+011,-005
+011,-005
+011,-005
+011,-005
+011,-005
+011,-005
+011,-005
+011,-005
+011,-005
+011,-005
+009,-005
+009,-005
+009,-005
+009,-005
+009,-005
+009,-005
+009,-005
+009,-005
+009,-005
+009,-005
+009,-005
+009,+003
+009,+003
+009,+003
+009,+003
+009,+003
+009,+003
+009,+003
+009,+003
+009,+003
+007,+003
+007,+003
+007,+003
+007,+003
+007,+003
+007,+003
+007,+003
+007,+003
+007,+003
+007,+003
+005,+003
+005,+003
+005,+003
+005,+003
+005,+003
+005,+003
+005,+003
+005,+003
+005,+003
+005,+003
+003,+003
+003,-004
+003,-004
+003,-004
+003,-005
+003,-005
+003,-005
+003,-005
+003,-005
+001,-005
+001,-005
+001,-006
+001,-006
+001,-006
+001,-006
+001,-006
+001,-006
+001,-006
+001,-006
+001,-006
+001,-006
+001,-006
+003,-006
+003,-006
+003,-006
+003,-006
+003,-006
+003,-006
+005,-006
+005,-006
+005,-006
+005,-006
+005,+003
+005,+003
+005,+003
+005,+003
+007,+003
+007,+003
+007,+003
+007,+003
+007,+003
+007,+003
+007,+003
+009,+003
+009,+003
+009,+003
+009,+003
+009,+003
+009,+003
+009,+003
+009,+003
+009,+003
+009,+003
+009,+003
+009,+003
+009,+003
+009,+003
+009,+003
+009,+003
+009,+003
+009,+003
+009,+003
+009,+003
+009,+003
+009,+003
+009,+003
+009,+003
+009,+003
+009,+003
+009,+003
+011,+003
+011,+003
+011,+003
+011,+003
+011,+001
+011,+001
+011,+001
+011,+001
+011,+001
+011,+001
+011,+001
+011,+001
+011,+001
+011,+001
+011,+001
+011,+001
+011,+001
+011,+001
+011,+001
+011,+001
+011,+001
+011,+001
+011,+001
+011,+001
+011,+001
+011,+001
+011,+001
+011,+001
+011,+001
+011,+001
+011,+001
+011,+001
+011,+001
+011,+001
+011,+001
+011,+001
+011,+001
+011,+001
+011,+001
+011,+001
+011,+001
+011,+001
+011,+001
+011,+001
+009,+001
+009,+001
+009,+001
+009,+001
+009,+001
+009,+001
+009,+001
+009,+001
+009,+001
+009,+001
+007,+001
+007,+001
+007,+001
+007,+003
+007,+003
+007,+003
+007,+003
+007,+003
+007,+003
+007,+003
+005,+003
+005,+003
+005,+003
+005,+003
+005,+003
+005,-004
+005,-004
+003,-004
+003,-004
+003,-005
+003,-005
+003,-006
+001,-006
+001,-006
+001,-007
+001,-007
+001,-007
+001,-007
+001,-007
+001,-007
+001,-007
+001,-007
+001,-007
+001,-007
+001,-007
+001,-007
+001,-007
+001,-007
+001,-007
+001,-007
+001,-007
+001,-007
+001,-007
+001,-007
+001,-007
+001,-007
+001,-007
+001,-007
+001,-007
+001,-007
+001,-007
+001,-007
+003,-007
+003,-007
+003,-007
+003,-007
+003,-007
+003,-007
+003,-007
+003,-007
+003,-007
+003,-007
+003,-007
+003,-007
+003,-007
+003,-007
+003,-007
+003,-007
+003,-007
+003,-007
+003,-007
+003,-007
+003,-007
+003,-007
+003,-007
+003,-007
+003,-007
+003,-007
+003,-007
+003,-007
+003,-007
+003,-007
+003,-007
+003,-007
+003,-007
+003,-007
+003,-007
+003,-007
+003,-007
+003,-007
+003,-007
+003,-007
+003,-007
+003,-007
+003,-007
+003,-007
+003,-007
+003,-007
+003,-007
+003,-007
+003,-007
+003,-007
+003,-007
+003,-007
+003,-007
+003,-007
+003,-007
+003,-007
+003,-007
+003,-007
+003,-007
+003,-007
+003,-007
+003,-007
+003,-008
+003,-008
+003,-008
+003,-008
+003,-008
+003,-008
+003,-008
+003,-008
+003,-008
+003,-008
+003,-008
+003,-008
+003,-008
+003,-008
+003,-009
+003,-009
+003,-009
+003,-009
+005,-009
+005,-009
+005,-009
+005,-010
+005,-010
+005,-010
+005,-010
+005,-010
+005,-010
+005,-010
+005,-010
+005,-010
+005,-010
+005,-010
+005,-010
+005,-010
+005,-010
+005,-010
+005,-010
+005,-010
+005,-010
+005,-010
+005,-010
+005,-010
+005,-010
+005,-010
+005,-010
+005,-010
+005,-010
+005,-010
+005,-010
+005,-010
+005,-010
+005,-010
+005,-010
+005,-010
+005,-010
+005,-010
+005,-007
+005,-007
+005,-007
+005,-007
+005,-007
+005,-007
+005,-007
+005,-007
+005,-007
+005,-007
+005,-007
+005,-007
+005,-007
+005,-007
+005,-007
+005,-007
+005,-007
+005,-007
+005,-007
+005,-007
+005,-007
+005,-007
+005,-007
+005,-007
+005,-007
+005,-007
+005,-007
+005,-007
+005,-007
+005,-007
+005,-007
+005,-007
+005,-007
+005,-007
+005,-007
+005,-007
+005,-007
+005,-007
+005,-007
+005,-007
+005,-007
+005,-007
+005,-008
+005,-008
+005,-008
+005,-008
+005,-008
+005,-008
+005,-008
+005,-008
+003,-008
+003,-008
+003,-008
+003,-008
+003,-008
+003,-008
+003,-008
+003,-009
+003,-009
+003,-009
+003,-009
+003,-009
+003,-009
+001,-009
+001,-009
+001,-009
+001,-009
+001,-009
+001,-009
+001,-009
+001,-009
+001,-009
+001,-009
+001,-009
+001,-009
+001,-009
+001,-009
+001,-009
+001,-009
+001,-009
+001,-009
+001,-009
+001,-009
+001,-009
+001,-009
+001,-009
+001,-009
+001,-009
+001,-009
+001,-009
+001,-009
+001,-009
+001,-009
+001,-009
+001,-009
+001,-009
+001,-009
+001,-009
+001,-009
+001,-009
+001,-009
+001,-009
+001,-009
+003,-009
+003,-009
+003,-009
+003,-009
+003,-009
+003,-009
+003,-009
+003,-009
+003,-009
+003,-009
+003,-009
+003,-009
+003,-009
+003,-009
+003,-009
+003,-009
+003,-009
+003,-009
+003,-009
+003,-009
+003,-009
+003,-009
+003,-009
+003,-009
+003,-009
+003,-009
+003,-009
+003,-009
+003,-009
+003,-009
+003,-009
+003,-009
+003,-009
+003,-009
+003,-009
+003,-010
+003,-010
+003,-010
+003,-010
+003,-010
+003,-010
+003,-010
+003,-010
+003,-010
+003,-010
+003,-010
+003,-010
+003,-010
+003,-010
+003,-010
+003,-010
+003,-010
+003,-010
+003,-010
+003,-011
+003,-011
+003,-011
+003,-011
+003,-011
+003,-011
+003,-011
+003,-011
+003,-011
+003,-011
+003,-011
+003,-011
+003,-011
+003,-011
+003,-011
+003,-011
+003,-011
+003,-011
+003,-011
+003,-011
+003,-011
+003,-011
+003,-011
+003,-011
+003,-011
+003,-011
+003,-011
+003,-011
+003,-011
+003,-011
+003,-011
+003,-011
+003,-011
+003,-011
+003,-011
+003,-011
+003,-011
+003,-011
+003,-011
+003,-011
+003,-011
+003,-011
+003,-011
+003,-011
+003,-011
+003,-011
+003,-011
+005,-011
+005,-011
+005,-011
+005,-011
+005,-011
+005,-011
+005,-011
+005,-011
+005,-011
+005,-011
+005,-011
+005,-011
+005,-011
+005,-011
+005,-011
+005,-011
+005,-011
+005,-011
+005,-011
+005,-011
+005,-011
+005,-011
+005,-011
+005,-011
+005,-011
+005,-011
+005,-011
+005,-011
+005,-011
+005,-011
+005,-011
+005,-011
+007,-011
+007,-011
+007,-011
+007,-011
+007,-011
+007,-011
+007,-011
+007,-011
+007,-011
+007,-011
+007,-011
+007,-011
+007,-011
+007,-011
+007,-011
+007,-011
+007,-011
+007,-011
+007,-011
+007,-011
+007,-011
+007,-011
+007,-011
+007,-011
+007,-011
+007,-011
+007,-011
+007,-011
+007,-011
+007,-011
+007,-011
+007,-011
+007,-011
+007,-011
+007,-011
+007,-011
+007,-011
+007,-011
+007,-011
+007,-011
+007,-011
+007,-011
+007,-011
+007,-011
+007,-011
+009,-011
+009,-011
+009,-011
+009,-011
+009,-011
+009,-011
+009,-011
+009,-011
+009,-011
+009,-011
+009,-011
+009,-011
+009,-011
+009,-008
+009,-009
+009,-009
+009,-009
+009,-009
+009,-009
+009,-009
+009,-009
+009,-009
+009,-009
+009,-009
+009,-009
+009,-009
+009,-009
+009,-009
+009,-009
+009,-009
+009,-009
+009,-009
+009,-009
+009,-009
+009,-009
+009,-009
+009,-009
+009,-009
+009,-009
+009,-009
+009,-009
+009,-010
+009,-010
+009,-010
+009,-010
+009,-010
+009,-010
+009,-010
+009,-010
+009,-010
+009,-010
+009,-011
+009,-011
+009,-011
+009,-011
+007,-011
+007,-011
+007,-011
+007,-011
+007,-011
+007,-011
+007,-011
+007,-011
+007,-011
+007,-011
+007,-011
+007,-011
+005,-011
+005,-011
+005,-011
+005,-011
+005,-011
+005,-011
+005,-011
+005,-011
+005,-011
+003,-011
+003,-011
+003,-011
+003,-011
+003,-011
+003,-011
+003,-011
+003,-011
+003,-011
+003,-011
+003,-011
+003,-011
+003,-011
+003,-011
+003,-011
+003,-011
+003,-011
+003,-011
+003,-011
+003,-011
+003,-011
+003,-011
+003,-011
+003,-011
+003,-011
+001,-011
+001,-011
+001,-008
+001,-009
+001,-009
+001,-009
+001,-009
+001,-009
+001,-009
+001,-009
+001,-009
+001,-009
+001,-009
+001,-009
+001,-009
+001,-009
+001,-009
+001,-009
+001,-009
+001,-009
+001,-009
+001,-009
+001,-009
+001,-009
+001,-009
+001,-009
+001,-009
+001,-009
+001,-009
+001,-009
+001,-009
+001,-009
+001,-009
+001,-009
+001,-009
+001,-009
+003,-009
+003,-009
+003,-009
+003,-009
+003,-009
+003,-009
+003,-009
+003,-009
+003,-009
+003,-009
+003,-009
+003,-009
+003,-009
+003,-009
+003,-009
+003,-009
+003,-009
+003,-009
+003,-009
+003,-009
+003,-009
+003,-010
+003,-010
+003,-010
+003,-010
+003,-010
+003,-010
+003,-011
+003,-011
+003,-011
+003,-011
+003,-011
+003,-011
+003,-011
+005,-011
+005,-011
+005,-011
+005,-011
+005,-011
+005,-011
+005,-012
+005,-012
+005,-012
+005,-012
+005,-012
+005,-012
+005,-012
+005,-012
+005,-012
+005,-012
+005,-012
+005,-012
+005,-012
+005,-012
+005,-012
+005,-012
+005,-012
+005,-012
+005,-012
+005,-012
+005,-012
+005,-012
+005,-012
+005,-012
+005,-012
+005,-012
+005,-012
+003,-012
+003,-012
+003,-012
+003,-012
+003,-012
+003,-012
+003,-012
+003,-012
+003,-012
+003,-012
+003,-012
+003,-012
+003,-012
+003,-012
+003,-012
+003,-012
+003,-012
+003,-012
+003,-012
+003,-012
+003,-012
+001,-012
+001,-012
+001,-012
+001,-012
+001,-012
+001,-012
+001,-012
+001,-012
+001,-012
+001,-012
+001,-012
+001,-012
+001,-012
+001,-012
+001,-012
+001,-012
+001,-012
+001,-012
+001,-012
+001,-012
+001,-012
+001,-012
+001,-012
+001,-012
+001,-012
+001,-012
+001,-012
+001,-012
+001,-012
+001,-012
+001,-012
+001,-012
+001,-012
+001,-012
+001,-012
+001,-012
+001,-013
+001,-013
+001,-013
+001,-013
+001,-013
+001,-013
+001,-013
+001,-013
+003,-013
+003,-013
+003,-013
+003,-013
+003,-013
+003,-014
+003,-014
+003,-014
+003,-015
+003,-015
+005,-015
+005,-015
+005,-015
+005,-015
+005,-015
+005,-016
+005,-016
+005,-016
+005,-016
+005,-016
+005,-016
+005,-016
+005,-017
+005,-017
+005,-017
+005,-017
+005,-017
+005,-017
+005,-017
+005,-017
+005,-017
+005,-017
+005,-017
+005,-017
+005,-017
+005,-017
+005,-017
+005,-017
+005,-017
+005,-017
+005,-017
+005,-017
+005,-017
+005,-017
+005,-017
+005,-017
+005,-017
+005,-017
+005,-017
+005,-017
+005,-017
+005,-017
+005,-017
+005,-017
+005,-017
+005,-017
+005,-017
+003,-017
+003,-017
+003,-017
+003,-017
+003,-017
+003,-017
+003,-017
+003,-017
+003,-017
+003,-017
+003,-017
+003,-017
+003,-017
+003,-017
+003,-017
+003,-017
+003,-017
+003,-017
+003,-017
+003,-017
+003,-017
+003,-017
+003,-017
+003,-017
+003,-017
+003,-017
+003,-017
+003,-017
+003,-017
+003,-017
+003,-017
+003,-017
+003,-017
+003,-017
+003,-017
+003,-017
+003,-017
+003,-017
+003,-017
+003,-017
+003,-014
+003,-015
+003,-015
+003,-015
+003,-015
+003,-015
+003,-015
+003,-015
+003,-015
+003,-015
+003,-015
+003,-015
+003,-015
+003,-015
+003,-015
+003,-015
+003,-015
+003,-015
+003,-015
+003,-015
+003,-015
+003,-015
+003,-015
+003,-015
+003,-015
+003,-015
+003,-015
+003,-015
+003,-015
+003,-015
+003,-015
+003,-015
+003,-015
+003,-015
+003,-015
+003,-015
+003,-015
+003,-015
+003,-015
+003,-015
+003,-015
+003,-015
+003,-015
+003,-015
+003,-015
+003,-015
+003,-015
+003,-015
+001,-015
+001,-015
+001,-012
+001,-013
+001,-013
+001,-013
+001,-013
+001,-013
+001,-013
+001,-013
+001,-013
+001,-013
+001,-013
+001,-013
+001,-013
+001,-013
+001,-013
+001,-013
+001,-013
+001,-013
+001,-013
+001,-013
+001,-013
+001,-013
+001,-013
+001,-013
+001,-013
+001,-013
+001,-013
+001,-013
+001,-013
+001,-013
+001,-013
+001,-013
+001,-013
+001,-013
+001,-013
+001,-013
+001,-013
+001,-013
+001,-013
+001,-013
+001,-013
+001,-013
+001,-013
+001,-013
+001,-013
+001,-013
+001,-013
+001,-013
+001,-013
+001,-010
+001,-010
+001,-010
+001,-010
+001,-010
+001,-010
+001,-010
+001,-010
+001,-010
+001,-010
+001,-010
+001,-010
+001,-010
+001,-011
+001,-011
+001,-011
+001,-011
+001,-011
+001,-011
+001,-011
+001,-011
+001,-011
+001,-011
+001,-011
+001,-011
+001,-011
+001,-011
+001,-011
+001,-011
+001,-011
+001,-011
+001,-011
+001,-011
+001,-011
+001,-011
+001,-011
+001,-011
+001,-011
+001,-011
+001,-011
+001,-011
+001,-011
+001,-011
+001,-011
+001,-011
+001,-011
+001,-011
+001,-008
+001,-009
+001,-009
+001,-009
+001,-009
+001,-009
+001,-009
+001,-009
+001,-009
+001,-009
+001,-009
+001,-009
+001,-009
+001,-009
+001,-009
+001,-009
+001,-009
+001,-009
+001,-009
+001,-009
+001,-009
+001,-009
+001,-009
+001,-009
+001,-006
+001,-007
+001,-007
+001,-007
+001,-007
+001,-007
+001,-007
+001,-007
+001,-007
+001,-007
+001,-007
+001,-007
+001,-007
+001,-007
+001,-007
+001,-007
+001,-007
+001,-007
+001,-007
+001,-007
+001,-007
+001,-007
+001,-007
+003,-007
+003,-007
+003,-007
+003,-007
+003,-007
+003,-007
+003,-007
+003,-007
+003,-007
+003,-007
+003,-007
+003,-007
+003,-008
+003,-008
+003,-008
+003,-008
+003,-008
+003,-009
+003,-009
+003,-009
+003,-009
+003,-010
+003,-010
+003,-010
+003,-010
+003,-010
+003,-011
+003,-011
+003,-011
+005,-011
+005,-011
+005,-012
+005,-012
+005,-012
+005,-012
+005,-012
+005,-012
+005,-012
+005,-013
+005,-013
+005,-013
+005,-013
+005,-013
+005,-013
+005,-013
+005,-013
+005,-013
+005,-013
+005,-013
+005,-013
+005,-013
+005,-013
+005,-013
+005,-013
+005,-013
+005,-013
+005,-013
+005,-013
+005,-013
+005,-013
+005,-013
+005,-013
+005,-013
+005,-013
+005,-013
+005,-013
+005,-013
+005,-013
+005,-013
+005,-013
+005,-013
+005,-013
+005,-013
+005,-013
+005,-013
+005,-013
+005,-013
+005,-013
+005,-013
+005,-013
+005,-013
+005,-013
+005,-013
+005,-013
+005,-013
+005,-013
+005,-013
+005,-013
+005,-013
+005,-013
+005,-013
+005,-013
+005,-013
+005,-013
+005,-013
+005,-013
+005,-013
+005,-013
+005,-013
+005,-013
+005,-013
+005,-013
+005,-013
+005,-013
+005,-013
+005,-013
+005,-013
+005,-013
+005,-013
+005,-013
+005,-013
+005,-013
+005,-013
+005,-013
+005,-013
+005,-013
+005,-013
+005,-013
+005,-013
+005,-013
+005,-013
+005,-013
+005,-014
+005,-014
+005,-014
+005,-014
+005,-014
+005,-014
+005,-014
+005,-014
+005,-014
+005,-014
+005,-015
+005,-015
+005,-015
+005,-015
+005,-015
+005,-015
+005,-015
+005,-015
+005,-015
+005,-016
+003,-016
+003,-016
+003,-016
+003,-016
+003,-016
+003,-016
+003,-017
+003,-017
+003,-017
+003,-017
+003,-017
+003,-017
+003,-017
+003,-017
+003,-017
+003,-017
+003,-017
+003,-017
+003,-017
+003,-017
+003,-017
+003,-017
+003,-017
+003,-017
+003,-017
+003,-017
+003,-017
+003,-017
+003,-017
+003,-017
+003,-017
+003,-017
+005,-017
+005,-017
+005,-017
+005,-017
+005,-017
+005,-017
+005,-017
+005,-017
+005,-017
+005,-017
+005,-017
+005,-017
+005,-017
+005,-017
+005,-017
+005,-017
+005,-014
+005,-014
+005,-014
+005,-014
+005,-014
+005,-014
+005,-014
+005,-014
+005,-014
+005,-014
+005,-014
+005,-014
+005,-014
+005,-014
+005,-014
+005,-014
+005,-014
+005,-014
+005,-014
+005,-014
+005,-011
+005,-011
+005,-012
+005,-012
+005,-012
+005,-012
+005,-012
+005,-012
+005,-012
+005,-012
+005,-012
+005,-012
+005,-012
+005,-012
+005,-012
+005,-012
+005,-012
+005,-012
+005,-012
+003,-012
+003,-012
+003,-012
+003,-012
+003,-012
+003,-012
+003,-012
+003,-012
+003,-012
+003,-012
+003,-012
+003,-012
+003,-012
+003,-012
+003,-012
+003,-012
+003,-012
+003,-012
+003,-012
+003,-013
+003,-013
+003,-013
+003,-013
+003,-013
+003,-013
+003,-013
+003,-013
+003,-013
+003,-013
+003,-013
+003,-013
+003,-013
+003,-013
+003,-013
+003,-013
+003,-013
+003,-013
+003,-013
+003,-013
+003,-013
+003,-013
+003,-013
+003,-013
+003,-013
+003,-013
+003,-013
+003,-013
+003,-013
+003,-013
+003,-013
+003,-013
+005,-013
+005,-013
+005,-013
+005,-013
+005,-013
+005,-013
+005,-013
+005,-013
+005,-013
+005,-013
+005,-013
+005,-013
+005,-014
+005,-014
+005,-014
+005,-014
+005,-014
+005,-014
+005,-014
+005,-014
+005,-014
+005,-014
+005,-014
+005,-014
+005,-014
+005,-014
+005,-014
+007,-014
+007,-014
+007,-014
+007,-015
+007,-015
+007,-015
+007,-015
+007,-015
+007,-015
+007,-015
+007,-015
+007,-015
+007,-015
+007,-015
+007,-016
+007,-016
+009,-016
+009,-016
+009,-016
+009,-016
+009,-016
+009,-016
+009,-016
+009,-016
+009,-016
+009,-016
+009,-016
+009,-016
+009,-016
+009,-016
+009,-016
+009,-016
+009,-016
+009,-016
+009,-016
+009,-016
+009,-016
+009,-016
+009,-016
+009,-016
+009,-016
+007,-016
+007,-016
+007,-013
+007,-013
+007,-013
+007,-013
+007,-013
+007,-013
+007,-013
+007,-013
+007,-013
+007,-013
+007,-013
+007,-013
+007,-013
+007,-013
+007,-013
+007,-013
+007,-013
+007,-013
+007,-013
+007,-013
+007,-013
+007,-013
+007,-013
+007,-013
+007,-013
+007,-013
+007,-013
+007,-013
+007,-013
+007,-013
+007,-013
+007,-013
+007,-013
+007,-013
+007,-013
+007,-010
+007,-011
+007,-011
+007,-011
+007,-011
+007,-011
+007,-011
+007,-011
+007,-011
+007,-011
+007,-011
+007,-011
+007,-011
+007,-012
+007,-012
+007,-012
+007,-012
+007,-012
+007,-012
+007,-012
+007,-012
+007,-012
+007,-012
+007,-013
+007,-013
+007,-013
+007,-013
+007,-013
+007,-013
+007,-013
+007,-013
+007,-013
+007,-013
+007,-013
+007,-013
+007,-013
+007,-013
+007,-013
+007,-013
+007,-013
+007,-013
+007,-013
+007,-013
+007,-013
+007,-013
+007,-013
+007,-013
+007,-013
+007,-013
+007,-013
+007,-013
+007,-013
+007,-013
+007,-013
+009,-013
+009,-013
+009,-013
+009,-013
+009,-013
+009,-013
+009,-013
+009,-013
+009,-013
+009,-013
+009,-013
+009,-013
+009,-013
+009,-013
+009,-013
+009,-013
+009,-013
+009,-013
+009,-013
+009,-013
+009,-013
+009,-013
+009,-013
+009,-013
+011,-013
+011,-013
+011,-013
+011,-013
+011,-013
+011,-013
+011,-013
+011,-013
+011,-013
+011,-013
+011,-013
+011,-013
+011,-013
+011,-013
+011,-013
+011,-013
+011,-013
+011,-013
+011,-013
+011,-013
+011,-013
+011,-013
+013,-014
+013,-014
+013,-014
+013,-014
+013,-014
+013,-014
+013,-014
+013,-014
+013,-014
+013,-014
+013,-014
+013,-014
+013,-014
+013,-014
+013,-014
+013,-014
+013,-014
+013,-014
+013,-014
+013,-014
+013,-014
+013,-014
+013,-014
+013,-014
+013,-014
+013,-014
+013,-014
+013,-014
+013,-014
+013,-014
+013,-014
+013,-014
+015,-014
+015,-014
+015,-014
+015,-014
+015,-014
+015,-014
+015,-014
+015,-014
+015,-014
+015,-014
+015,-014
+015,-014
+015,-014
+015,-014
+015,-014
+015,-014
+015,-014
+015,-014
+015,-014
+015,-014
+015,-014
+015,-014
+015,-014
+015,-014
+015,-014
+015,-014
+015,-014
+015,-014
+015,-014
+015,-014
+015,-014
+015,-014
+015,-014
+015,-014
+015,-014
+015,-014
+015,-014
+015,-014
+015,-014
+015,-014
+015,-014
+015,-014
+015,-014
+015,-014
+015,-014
+015,-014
+015,-014
+015,-014
+015,-014
+015,-014
+015,-014
+015,-014
+015,-014
+015,-014
+015,-014
+015,-014
+015,-014
+015,-014
+015,-014
+015,-014
+015,-014
+015,-014
+015,-014
+015,-014
+015,-014
+015,-014
+015,-014
+015,-014
+015,-014
+015,-014
+015,-014
+015,-014
+015,-014
+015,-014
+015,-014
+015,-014
+015,-014
+015,-014
+015,-014
+015,-014
+015,-011
+015,-012
+015,-012
+015,-012
+015,-012
+015,-012
+015,-012
+015,-012
+015,-012
+015,-012
+015,-012
+015,-012
+015,-012
+015,-012
+015,-012
+015,-012
+015,-012
+015,-012
+015,-012
+015,-012
+015,-012
+015,-012
+015,-012
+015,-009
+015,-009
+015,-009
+015,-009
+015,-009
+015,-009
+015,-009
+015,-009
+015,-009
+015,-009
+015,-009
+015,-009
+015,-009
+015,-009
+015,-009
+015,-009
+015,-010
+015,-010
+015,-010
+015,-010
+015,-010
+015,-010
+015,-010
+015,-010
+015,-010
+015,-010
+015,-010
+015,-010
+015,-010
+015,-010
+015,-010
+015,-010
+015,-010
+015,-010
+015,-010
+015,-010
+015,-010
+015,-010
+015,-010
+015,-010
+015,-010
+015,-010
+015,-010
+015,-010
+015,-010
+015,-010
+015,-010
+015,-010
+015,-010
+015,-010
+015,-010
+015,-010
+015,-010
+015,-010
+015,-010
+015,-010
+015,-010
+015,-010
+015,-010
+015,-010
+015,-010
+015,-010
+015,-010
+015,-010
+015,-010
+015,-010
+015,-010
+015,-010
+015,-010
+015,-010
+015,-010
+015,-010
+015,-010
+015,-010
+015,-010
+015,-010
+015,-010
+015,-010
+015,-010
+015,-010
+015,-010
+015,-010
+015,-010
+015,-010
+015,-010
+015,-010
+015,-010
+013,-010
+013,-010
+013,-010
+013,-010
+013,-010
+013,-007
+013,-007
+013,-007
+013,-007
+013,-007
+013,-007
+013,-007
+013,-007
+013,-007
+013,-007
+013,-007
+013,-007
+013,-007
+013,-007
+013,-007
+013,-007
+013,-007
+013,-007
+013,-007
+013,-007
+013,-007
+013,-007
+013,-007
+011,-007
+011,-007
+011,-007
+011,-007
+011,-007
+011,-007
+011,-007
+011,-007
+011,-007
+011,-007
+011,-007
+011,-007
+011,-007
+011,-007
+011,-007
+011,-007
+011,-007
+011,-007
+011,-007
+011,-007
+011,-007
+011,-007
+011,-007
+011,-007
+011,-007
+011,-007
+011,-007
+011,-007
+011,-004
+011,-004
+011,-005
+011,-005
+011,-005
+009,-005
+009,-005
+009,-005
+009,-005
+009,-005
+009,-005
+009,-005
+009,-005
+009,-005
+009,-005
+009,-005
+009,-005
+009,-005
+009,-005
+009,-005
+009,-005
+009,-005
+009,-005
+009,-005
+009,-005
+009,-005
+009,-005
+009,-005
+009,-005
+009,-005
+009,-005
+009,-005
+009,-005
+009,-005
+009,-005
+009,-005
+009,-005
+009,-005
+009,-005
+009,-005
+009,-005
+009,-005
+009,-005
+009,-005
+009,-005
+009,-005
+009,-005
+009,-005
+009,-005
+009,-005
+009,-005
+009,-005
+009,-005
+009,-005
+009,-005
+009,-005
+009,-005
+009,-005
+009,-005
+009,-005
+009,-005
+009,-005
+009,-005
+009,-005
+009,-005
+009,-005
+009,-005
+009,-005
+009,-005
+009,-005
+009,-005
+009,-005
+009,-005
+009,-005
+009,-005
+009,-005
+009,-005
+009,-005
+009,-005
+009,-005
+009,-005
+009,-005
+009,-005
+009,-005
+009,-005
+009,-005
+009,-005
+009,-005
+009,-005
+009,-005
+009,-005
+009,-005
+009,-005
+009,-005
+009,-005
+009,-005
+009,-005
+009,-005
+009,-005
+009,-005
+009,-005
+011,-005
+011,-005
+011,-005
+011,-005
+011,-005
+011,-005
+011,-005
+011,-005
+011,-005
+011,-005
+011,-005
+011,-005
+011,-005
+011,-005
+011,-005
+011,-006
+011,-006
+011,-006
+011,-006
+011,-006
+011,-006
+011,-006
+011,-006
+011,-006
+011,-006
+011,-006
+011,-006
+011,-007
+011,-007
+011,-007
+011,-007
+011,-007
+011,-007
+011,-007
+011,-007
+011,-007
+011,-007
+011,-007
+011,-007
+011,-007
+011,-007
+011,-008
+011,-008
+011,-008
+011,-008
+011,-008
+011,-008
+011,-008
+011,-008
+011,-008
+011,-008
+011,-009
+011,-009
+013,-009
+013,-009
+013,-010
+013,-010
+013,-010
+013,-010
+013,-010
+013,-010
+013,-010
+013,-010
+013,-010
+013,-010
+013,-010
+013,-010
+013,-010
+013,-010
+013,-010
+013,-010
+013,-011
+013,-011
+013,-011
+013,-011
+013,-011
+013,-011
+013,-011
+013,-012
+013,-012
+013,-012
+013,-012
+013,-012
+013,-012
+013,-012
+013,-013
+013,-013
+013,-013
+013,-013
+013,-013
+013,-013
+013,-013
+013,-013
+013,-013
+013,-013
+013,-013
+013,-014
+013,-014
+013,-014
+013,-014
+013,-014
+013,-014
+013,-014
+013,-014
+013,-014
+013,-015
+013,-015
+013,-015
+013,-015
+013,-015
+013,-015
+013,-015
+013,-015
+013,-015
+013,-015
+011,-015
+011,-015
+011,-015
+011,-015
+011,-015
+011,-015
+011,-015
+011,-015
+011,-015
+011,-015
+011,-015
+011,-015
+011,-015
+011,-015
+011,-015
+011,-015
+011,-015
+011,-015
+011,-015
+011,-015
+011,-015
+011,-015
+011,-015
+011,-015
+011,-015
+011,-015
+011,-015
+011,-015
+011,-015
+011,-015
+011,-015
+011,-015
+011,-015
+011,-015
+011,-015
+011,-015
+011,-015
+011,-015
+011,-015
+011,-015
+011,-015
+011,-015
+011,-015
+011,-015
+011,-015
+011,-015
+011,-015
+011,-015
+011,-015
+011,-015
+011,-015
+011,-015
+011,-015
+011,-015
+011,-015
+011,-015
+009,-015
+009,-015
+009,-015
+009,-015
+009,-015
+009,-015
+009,-015
+009,-015
+009,-015
+009,-015
+009,-015
+009,-015
+009,-015
+009,-015
+009,-015
+009,-015
+009,-015
+009,-015
+009,-015
+009,-015
+009,-015
+009,-015
+009,-015
+009,-015
+009,-015
+009,-015
+009,-015
+009,-015
+009,-015
+009,-015
+009,-015
+009,-015
+009,-015
+009,-015
+009,-015
+009,-015
+009,-015
+009,-015
+009,-015
+009,-015
+009,-015
+009,-015
+009,-015
+009,-015
+009,-015
+009,-015
+009,-015
+009,-015
+009,-015
+009,-015
+009,-015
+009,-015
+009,-015
+009,-015
+009,-015
+009,-015
+009,-015
+009,-015
+009,-015
+009,-015
+009,-015
+009,-015
+009,-015
+009,-015
+007,-015
+007,-015
+007,-015
+007,-015
+007,-015
+007,-015
+007,-015
+007,-015
+007,-015
+007,-015
+007,-015
+007,-015
+007,-015
+007,-015
+007,-015
+007,-015
+007,-015
+007,-015
+007,-015
+007,-015
+007,-015
+007,-015
+007,-015
+007,-015
+007,-015
+007,-015
+007,-015
+007,-015
+007,-015
+007,-015
+007,-015
+007,-015
+007,-015
+007,-015
+007,-015
+007,-015
+007,-015
+007,-015
+007,-015
+007,-015
+007,-015
+007,-015
+007,-015
+007,-015
+007,-015
+007,-015
+007,-015
+007,-015
+007,-015
+007,-015
+007,-015
+007,-015
+007,-015
+007,-015
+007,-015
+007,-015
+007,-015
+007,-015
+007,-015
+007,-015
+007,-015
+007,-015
+007,-015
+007,-015
+007,-015
+007,-015
+007,-015
+007,-015
+007,-015
+007,-015
+007,-015
+007,-015
+007,-015
+007,-015
+007,-015
+007,-015
+007,-015
+007,-015
+007,-015
+007,-015
+007,-015
+007,-015
+007,-015
+007,-015
+007,-015
+007,-015
+007,-015
+007,-015
+009,-015
+009,-015
+009,-015
+009,-015
+009,-015
+009,-015
+009,-015
+009,-015
+009,-015
+009,-015
+009,-015
+009,-015
+009,-015
+009,-015
+009,-015
+009,-015
+009,-015
+009,-015
+009,-015
+009,-015
+009,-015
+009,-015
+009,-015
+009,-015
+009,-015
+009,-015
+009,-015
+009,-015
+009,-015
+009,-015
+009,-015
+009,-015
+009,-015
+009,-015
+009,-015
+009,-015
+009,-015
+009,-015
+009,-015
+009,-016
+009,-016
+009,-016
+009,-016
+009,-016
+009,-016
+009,-017
+009,-017
+009,-017
+009,-017
+009,-017
+009,-017
+009,-017
+009,-017
+009,-018
+009,-018
+009,-018
+009,-018
+009,-018
+009,-018
+009,-019
+009,-019
+009,-019
+009,-019
+009,-019
+009,-019
+009,-019
+009,-019
+009,-019
+009,-019
+009,-019
+009,-019
+009,-019
+009,-019
+009,-019
+009,-019
+009,-020
+009,-020
+009,-020
+009,-020
+009,-020
+009,-020
+009,-020
+009,-020
+009,-020
+009,-020
+009,-020
+009,-020
+009,-020
+009,-020
+009,-020
+009,-020
+009,-020
+009,-020
+009,-020
+009,-020
+009,-020
+009,-020
+009,-020
+009,-020
+009,-020
+009,-020
+009,-020
+009,-021
+009,-021
+009,-021
+009,-021
+009,-021
+009,-021
+009,-021
+009,-021
+009,-021
+009,-021
+009,-022
+009,-022
+009,-022
+009,-022
+009,-022
+009,-022
+009,-022
+009,-022
+009,-022
+009,-022
+009,-022
+009,-022
+009,-022
+009,-022
+009,-022
+009,-022
+009,-022
+009,-022
+009,-022
+009,-022
+009,-022
+009,-022
+009,-022
+009,-022
+009,-022
+009,-022
+009,-022
+009,-022
+009,-022
+009,-022
+009,-022
+009,-022
+009,-022
+009,-022
+009,-022
+009,-019
+009,-019
+009,-019
+009,-019
+009,-019
+009,-019
+009,-019
+009,-019
+009,-019
+009,-019
+009,-019
+009,-019
+009,-019
+009,-019
+007,-019
+007,-019
+007,-019
+007,-019
+007,-019
+007,-019
+007,-019
+007,-019
+007,-019
+007,-019
+007,-019
+007,-019
+007,-016
+007,-016
+007,-017
+007,-017
+007,-017
+007,-017
+007,-017
+007,-017
+007,-017
+007,-017
+007,-017
+007,-017
+007,-017
+007,-017
+007,-017
+007,-017
+007,-017
+007,-017
+007,-017
+007,-017
+007,-017
+007,-017
+007,-017
+007,-017
+007,-017
+007,-017
+007,-017
+007,-017
+007,-014
+007,-015
+007,-015
+007,-015
+007,-015
+007,-015
+007,-015
+007,-015
+007,-015
+007,-015
+007,-015
+007,-015
+007,-015
+007,-015
+007,-015
+007,-015
+007,-015
+007,-015
+007,-015
+007,-015
+007,-016
+007,-016
+007,-016
+007,-016
+007,-016
+007,-016
+007,-016
+007,-016
+007,-017
+007,-017
+007,-017
+007,-017
+007,-017
+007,-017
+007,-017
+007,-017
+007,-017
+007,-017
+007,-017
+007,-017
+007,-017
+007,-017
+007,-014
+007,-014
+007,-014
+007,-014
+007,-014
+007,-014
+007,-014
+007,-014
+007,-014
+007,-014
+007,-014
+007,-014
+007,-014
+007,-011
+007,-011
+007,-011
+007,-011
+007,-011
+007,-011
+007,-011
+007,-011
+007,-011
+007,-011
+007,-011
+007,-011
+007,-011
+007,-011
+007,-011
+007,-011
+007,-011
+007,-011
+007,-011
+007,-011
+007,-011
+007,-011
+007,-011
+007,-011
+007,-011
+007,-011
+007,-011
+007,-011
+007,-011
+007,-011
+007,-008
+007,-008
+007,-008
+007,-008
+007,-008
+007,-008
+007,-008
+007,-008
+007,-008
+007,-008
+007,-008
+007,-008
+007,-008
+007,-008
+007,-008
+007,-008
+007,-008
+007,-008
+007,-008
+007,-008
+007,-008
+007,-008
+007,-008
+007,-008
+007,-008
+007,-008
+007,-008
+007,-008
+007,-008
+007,-008
+007,-008
+007,-008
+007,-008
+007,-008
+007,-008
+007,-008
+007,-008
+007,-008
+007,-008
+007,-008
+007,-005
+007,-005
+007,-005
+005,-005
+005,-005
+005,-005
+005,-005
+005,-005
+005,-005
+005,-005
+005,-005
+005,-005
+005,-005
+005,-005
+005,-005
+005,-005
+005,-005
+005,-005
+005,-005
+005,-005
+005,-005
+005,-005
+005,-005
+005,-005
+005,-005
+005,-005
+005,-005
+005,-005
+005,-005
+005,-005
+005,+003
+005,+003
+005,+003
+005,+003
+005,+003
+005,+003
+005,+003
+005,+003
+005,+003
+005,+003
+005,+003
+005,+003
+005,+003
+005,+003
+005,+003
+007,+003
+007,+003
+007,+003
+007,+003
+007,+003
+007,+003
+007,+003
+007,+003
+007,+003
+007,+003
+007,+003
+007,+003
+007,+003
+007,+003
+007,+003
+007,+003
+007,+003
+007,+003
+007,+003
+007,+003
+007,+003
+007,+003
+007,+003
+007,+003
+007,+003
+007,+003
+007,+003
+007,+003
+007,+003
+007,+003
+007,+003
+007,+003
+007,+003
+007,+003
+007,+003
+007,+003
+007,+003
+007,+003
+007,+003
+007,+003
+007,+003
+007,+003
+007,+003
+007,+003
+007,+003
+007,+003
+007,+003
+007,+001
+007,+001
+007,+001
+007,+001
+007,+001
+007,+001
+007,+001
+007,+001
+007,+001
+007,+001
+007,+001
+007,+001
+007,+001
+007,+001
+007,+001
+007,+001
+007,+001
+007,+001
+007,+001
+007,+001
+007,+001
+007,+001
+009,+001
+009,+001
+009,+001
+009,+001
+009,+001
+009,+001
+009,+001
+009,+001
+009,+001
+009,+001
+009,+001
+009,+001
+009,+001
+009,+001
+009,+001
+009,+003
+009,+003
+009,+003
+009,+003
+009,+003
+009,+003
+009,+003
+009,+003
+009,+003
+009,+003
+009,+003
+009,+003
+009,+003
+009,+001
+009,+001
+009,+001
+009,+001
+009,+001
+009,+001
+009,+001
+009,+001
+009,+001
+009,+001
+009,+001
+009,+001
+009,+001
+009,+001
+009,+001
+009,+001
+007,+001
+007,+001
+007,+001
+007,+001
+007,+001
+007,+003
+007,+003
+007,+003
+007,+003
+007,+003
+007,+003
+007,+003
+007,+003
+007,+003
+007,+003
+007,+003
+007,+003
+007,+003
+007,-004
+007,-004
+007,-004
+007,-004
+007,-004
+007,-004
+007,-004
+007,-004
+007,-005
+007,-005
+007,-005
+007,-005
+007,-005
+007,-005
+007,-005
+007,-005
+007,-005
+007,-005
+007,-005
+007,-005
+007,-005
+007,-005
+007,-005
+007,-005
+007,-005
+007,-005
+007,-005
+007,-005
+007,-005
+007,-005
+007,-005
+007,-005
+007,-005
+007,-005
+007,-005
+007,-005
+007,-005
+007,-006
+007,-006
+007,-006
+007,-006
+007,-006
+007,-006
+007,-006
+009,-006
+009,-006
+009,-006
+009,-006
+009,-006
+009,-006
+009,-006
+009,-006
+009,-006
+009,-006
+009,-006
+009,-006
+009,-006
+009,-006
+009,-006
+009,-006
+009,-006
+011,-006
+011,-006
+011,-006
+011,-006
+011,-006
+011,-006
+011,-006
+011,-006
+011,-006
+011,-006
+011,-006
+011,-006
+011,-006
+011,-006
+013,-006
+013,-006
+013,-006
+013,-006
+013,-006
+013,-006
+013,-006
+015,+003
+015,-004
+015,-004
+015,-004
+015,-004
+015,-004
+015,-004
+015,-004
+015,-004
+015,-004
+017,-004
+017,-004
+017,-004
+017,-004
+017,-004
+017,-004
+017,-004
+017,-004
+017,-004
+017,-004
+017,-004
+017,-004
+017,-004
+017,-004
+017,-004
+017,-004
+017,-004
+017,-004
+017,-004
+017,-004
+017,-004
+017,-004
+017,-005
+017,-005
+017,-005
+017,-006
+017,-006
+017,-006
+017,-006
+017,-006
+017,-006
+017,-006
+017,-006
+017,-006
+017,-006
+017,-007
+017,-007
+017,-007
+015,-007
+015,-007
+015,-007
+015,-007
+015,-007
+015,-007
+015,-007
+015,-007
+015,-007
+015,-007
+015,-007
+015,-007
+015,-007
+015,-007
+015,-007
+015,-007
+015,-007
+015,-007
+017,-007
+017,-007
+017,-007
+017,-007
+017,-007
+017,-007
+017,-007
+017,-007
+017,-007
+017,-007
+017,-007
+017,-007
+017,-007
+017,-007
+017,-007
+017,-007
+017,-007
+017,-007
+017,-007
+017,-007
+017,-007
+017,-007
+017,-007
-018,-007
-018,-007
-018,-004
-018,-004
-018,-004
-018,-004
-018,-004
-019,-004
-019,-004
-019,-004
-019,-004
-019,-004
-019,-004
-019,-004
-019,-004
-019,-004
-019,-004
-020,-004
-020,-004
-020,-004
-020,-004
-020,-004
-020,-004
-020,-004
-020,-004
-020,+002
-020,+002
-021,+002
-021,+002
-021,+002
-021,+002
-021,+002
-021,+002
-021,+002
-021,+002
-021,+002
-021,+002
-021,+002
-021,+002
-021,+002
-021,+002
-021,+002
-021,+002
-021,+002
-021,+002
-021,+002
-021,+003
-021,+003
-021,+003
-021,+003
-021,+003
-021,+003
-021,-004
-021,-004
-021,-004
-021,-004
-021,-004
-021,-004
-021,-004
-021,-004
-021,-004
-021,-004
-021,-005
-021,-005
-021,-005
-021,-005
-021,-005
-021,-005
-021,-005
-021,-005
-021,-005
-021,-005
-021,-005
-021,-005
-021,-005
-021,-005
-021,-005
-021,-005
-021,+003
-021,+003
-021,+003
-021,+003
-021,+003
-021,+003
-021,+003
-021,+003
-021,+003
-021,+003
-021,+003
-021,+003
-021,+003
-021,+003
-021,+003
-021,+003
-021,+003
-021,+003
-021,+003
-021,+003
-021,+003
-021,+003
-021,+003
-022,+001
-022,+001
-022,+001
-022,+001
-022,+001
-022,+001
-022,+001
-022,+001
-022,+001
-022,+001
-022,+001
-022,+001
-022,+001
-022,+001
-022,+001
-022,+001
-022,+001
-022,+001
-022,+001
-022,+001
-023,+001
-023,+001
-023,+001
-023,+001
-023,+001
-023,+001
-023,+001
-023,+001
-023,+001
-023,+001
-023,+001
-023,+001
-023,+001
-023,+001
-023,+001
-023,+001
-023,+001
-023,+001
-023,+001
-023,+001
-023,+001
-023,+001
-023,+001
-023,+001
-023,+001
-020,+001
-020,+001
-020,+001
-020,+001
-020,+001
-020,+001
-020,+001
-020,+001
-020,+001
-020,+001
-020,+001
-020,+001
+017,+001
+017,+001
+017,+001
+017,+001
+017,+001
+017,+001
+017,+001
+017,+001
+017,+001
+017,+001
+017,+001
+015,+001
+015,+003
+015,+003
+015,+003
+013,+003
+013,+003
+013,+003
+013,+003
+013,+003
+013,+003
+011,+003
+011,+003
+011,+003
+011,+003
+011,+003
+011,+003
+011,-004
+011,-004
+011,-004
+011,-004
+011,-004
+011,-004
+011,-004
+011,-004
+011,-004
+011,-004
+009,-004
+009,-004
+009,-004
+009,-004
+009,-004
+009,-004
+009,-004
+009,-004
+009,-004
+009,-004
+009,-004
+009,-004
+009,-004
+009,-004
+009,-004
+009,-004
+009,-004
+009,-004
+009,-004
+009,-004
+009,-004
+009,-004
+009,-004
+009,-004
+009,-004
+009,+002
+009,+002
+009,+002
+009,+002
+009,+002
+009,+002
+009,+002
+009,+002
+009,+002
+009,+002
+009,+002
+009,+002
+009,+002
+009,+002
+009,+002
+009,+002
+009,+002
+009,+002
+009,+002
+009,+002
+009,+002
+009,+002
+009,+002
+009,+002
+009,+002
+009,+002
+009,+002
+009,+002
+009,+002
+009,+002
+009,+002
+009,+002
+009,+002
+009,+002
+009,+002
+009,+002
+009,+002
+009,+002
+011,+002
+011,+002
+011,+002
+011,+002
+011,+002
+011,+002
+011,+002
+011,+002
+011,+002
+011,+002
+011,+002
+011,+002
+011,+002
+011,+002
+011,+002
+011,+002
+011,+002
+011,+002
+011,+002
+011,+002
+011,+002
+011,+002
+011,+002
+013,+002
+013,+002
+013,+002
+013,+002
+013,+002
+013,+002
+013,+002
+013,+002
+013,+000
+013,+000
+013,+000
+013,+000
+013,+000
+013,+000
+013,+000
+013,+000
+013,+000
+013,+000
+013,+000
+013,+000
+015,+000
+015,+000
+015,+000
+015,+000
+015,+000
+015,+000
+015,+000
+015,+000
+015,+000
+015,+000
+015,+000
+015,+000
+015,+000
+015,+000
+015,+000
+015,+000
+015,+000
+015,+000
+015,+000
+015,+000
+015,+000
+015,+000
+015,+000
+015,+000
+015,+000
+015,+000
+015,+000
+015,+000
+015,+000
+015,+000
+015,+000
+015,+000
+015,+000
+015,+000
+015,+000
+015,+000
+015,+000
+015,+000
+015,+000
+015,+000
+015,+000
+015,+000
+015,+000
+015,+000
+015,+000
+015,+000
+015,+000
+015,+000
+015,+000
+015,+000
+015,+000
+015,+000
+015,+000
+015,+000
+015,+000
+015,+000
+015,+000
+015,+000
+015,+002
+013,+002
+013,+002
+013,+002
+013,+002
+013,+002
+013,+002
+013,+002
+013,+002
+013,+002
+011,+002
+011,+002
+011,+002
+011,+002
+011,+002
+011,+002
+011,+002
+011,+002
+011,+002
+011,+002
+009,+002
+009,+002
+009,+002
+009,+002
+009,+002
+007,+002
+007,+002
+007,+002
+007,+002
+007,+002
+007,+002
+007,+002
+007,+002
+007,+002
+007,+002
+007,+002
+007,+002
+007,+002
+007,+002
+007,+002
+007,+002
+007,+002
+007,+002
+007,+002
+007,+002
+007,+002
+007,+002
+007,+002
+007,+002
+007,+002
+007,+002
+007,+002
+007,+002
+007,+002
+007,+002
+007,+002
+007,+002
+007,+002
+007,+002
+007,+002
+007,+002
+007,+002
+007,+002
+007,+002
+007,+002
+007,+002
+007,+002
+007,+002
+007,+002
+007,+002
+007,+002
+007,+002
+007,+002
+007,+002
+007,+002
+007,+002
+007,+002
+007,+003
+007,+003
+007,+003
+007,+003
+007,+003
+007,+003
+007,+003
+007,+003
+007,+003
+007,+003
+007,-004
+007,-004
+007,-004
+007,-004
+007,-005
+007,-005
+007,-005
+007,-005
+007,-005
+007,-005
+007,-005
+007,-005
+007,-005
+007,-006
+007,-006
+007,-006
+007,-006
+007,-007
+007,-007
+007,-007
+007,-007
+007,-007
+007,-007
+007,-007
+007,-007
+007,-007
+007,-007
+007,-007
+007,-007
+007,-007
+007,-007
+007,-007
+007,-007
+005,-007
+005,-007
+005,-007
+005,-007
+005,-007
+005,-007
+005,-007
+005,-007
+005,-007
+005,-007
+005,-007
+005,-007
+005,-007
+005,-007
+005,-007
+005,-007
+005,-007
+005,-007
+005,-007
+005,-007
+005,-007
+005,-007
+005,-007
+005,-007
+005,-007
+005,-004
+005,-004
+005,-004
+005,-004
+005,-004
+005,-004
+005,-004
+005,-004
+005,-004
+005,-004
+005,-004
+005,-004
+005,-004
+005,-004
+005,-004
+005,-004
+005,-004
+005,-004
+005,-005
+005,-005
+005,-005
+005,-005
+005,-005
+005,-005
+005,-005
+007,-005
+007,-005
+007,-005
+007,-005
+007,-005
+007,-005
+007,-005
+007,-005
+007,-005
+007,-005
+007,-005
+007,-005
+007,-005
+007,-005
+007,-005
+007,-005
+007,-005
+007,-005
+007,-005
+007,-005
+007,-005
+007,-005
+007,-005
+007,-005
+007,-006
+007,-006
+007,-006
+007,-006
+007,-006
+007,-006
+007,-006
+007,-006
+007,-006
+007,-006
+007,-007
+007,-007
+007,-007
+007,-007
+007,-007
+007,-007
+007,-007
+007,-007
+007,-007
+007,-007
+007,-008
+007,-008
+007,-008
+005,-008
+005,-008
+005,-008
+005,-008
+005,-009
+005,-009
+005,-009
+005,-009
+005,-009
+005,-009
+005,-009
+005,-009
+005,-009
+005,-009
+005,-009
+005,-009
+005,-009
+005,-009
+005,-010
+005,-010
+005,-010
+005,-010
+005,-010
+005,-010
+005,-010
+005,-010
+005,-010
+005,-010
+005,-010
+005,-010
+005,-010
+005,-010
+005,-010
+005,-010
+005,-010
+005,-010
+005,-010
+005,-011
+005,-011
+005,-011
+005,-011
+005,-011
+005,-011
+005,-011
COP Area(S): 000292
COP Area(R): 000460