+000,-000
+001,-000
+001,-000
+001,-000
+001,-000
+001,-000
+001,-000
+001,-000
+001,-000
+001,-000
+001,-000
+001,-000
+001,-000
+001,-000
+001,-000
+001,-000
+001,-000
+003,-000
+003,-000
+003,-000
+003,-000
+003,-000
+006,-000
+006,-000
+006,-000
+006,-000
+006,-000
+006,-000
+006,-000
+008,-000
+008,-000
+008,-000
+008,-000
+008,-000
+008,-000
+008,-000
+010,-000
+010,-000
+010,-000
+010,-000
+010,-000
+010,-000
+010,-000
+010,-000
+010,-000
+010,-000
+010,-000
+012,-000
+012,-000
+012,-000
+012,-000
+012,-000
+012,-000
+012,-000
+012,-000
+012,-000
+012,-000
+012,-000
+012,-000
+012,-000
+012,-000
+014,-000
+014,-000
+014,-000
+014,-000
+014,-000
+014,-000
+016,-000
+016,-000
+016,-000
+016,-000
+016,-000
+016,-000
+016,-000
+018,-000
+018,-000
+018,-000
+018,-000
+018,-003
+018,-003
+020,-003
+020,-003
+020,-003
+020,-003
+020,-003
+020,-003
+020,-003
+020,-003
+020,-003
+020,-003
+020,-003
+020,-003
+020,-003
+020,-003
+020,-003
+020,-003
+020,-003
+020,-003
+020,-003
+020,-003
+020,-003
+020,-003
+020,-003
+020,-003
+020,-003
+020,-003
+020,-003
+020,-003
+020,-003
+020,-003
+020,-003
+020,-003
+020,-003
+020,-003
+020,-003
+020,-003
+020,-003
+020,-003
+020,-003
+020,-003
+020,-003
+020,-003
+018,-003
+018,-003
+018,-003
+018,-003
+018,-003
+018,-003
+018,-003
+018,-003
+018,-003
+018,-003
+018,-003
+016,-003
+016,-003
+016,-006
+016,-005
+016,-005
+016,-005
+016,-005
+016,-005
+016,-005
+016,-005
+014,-005
+014,-005
+014,-005
+012,-008
+012,-008
+012,-008
+012,-008
+012,-008
+012,-008
+012,-008
+012,-008
+012,-008
+010,-008
+010,-008
+010,-008
+010,-008
+010,-011
+010,-010
+010,-010
+010,-010
+010,-010
+010,-010
+010,-010
+010,-010
+010,-010
+010,-010
+010,-010
+010,-010
+010,-010
+010,-010
+010,-010
+010,-010
+010,-010
+010,-010
+010,-010
+010,-010
+010,-010
+010,-010
+010,-010
+010,-010
+010,-010
+010,-010
+010,-010
+010,-010
+010,-010
+010,-010
+010,-010
+010,-010
+010,-010
+010,-010
+010,-010
+010,-010
+010,-010
+010,-010
+010,-010
+010,-010
+010,-010
+010,-010
+010,-010
+010,-010
+010,-010
+010,-010
+010,-010
+010,-010
+010,-010
+010,-010
+010,-010
+010,-010
+008,-010
+008,-010
+008,-010
+008,-010
+008,-010
+008,-010
+008,-010
+008,-010
+008,-010
+008,-009
+008,-009
+008,-009
+008,-009
+008,-009
+008,-009
+008,-009
+008,-009
+008,-009
+008,-009
+008,-008
+008,-008
+008,-008
+008,-008
+008,-008
+006,-008
+006,-008
+006,-008
+006,-008
+006,-008
+006,-008
+006,-008
+006,-008
+006,-008
+006,-008
+006,-008
+006,-008
+006,-008
+006,-008
+006,-008
+006,-007
+006,-007
+006,-007
+006,-007
+006,-007
+006,-007
+006,-007
+006,-007
+006,-007
+006,-007
+006,-007
+006,-007
+006,-007
+006,-007
+006,-006
+006,-006
+006,-006
+006,-006
+006,-006
+006,-006
+006,-006
+006,-006
+006,-006
+006,-006
+006,-006
+006,-006
+006,-006
+006,-005
+006,-005
+006,-005
+006,-005
+006,-005
+006,-005
+006,-005
+006,-005
+006,-005
+006,-005
+006,-005
+006,-005
+006,-005
+006,-005
+006,-005
+006,-005
+006,-005
+006,-005
+006,-005
+006,-005
+006,-005
+006,-005
+006,-005
+006,-005
+006,-005
+006,-005
+006,-005
+006,-005
+006,-005
+006,-005
+006,-005
+006,-005
+006,-005
+006,-005
+006,-005
+006,-005
+006,-004
+006,-004
+006,-004
+006,-004
+006,-004
+006,-004
+006,-004
+006,-004
+006,-004
+006,-004
+006,-004
+006,-003
+006,-003
+006,-002
+008,-002
+008,-001
+008,-001
+008,-001
+008,-001
+008,-001
+008,-001
+008,-001
+008,-000
+008,-000
+008,-000
+008,-000
+008,-000
+008,-000
+008,-000
+008,-000
+008,-000
+008,-000
+008,-000
+010,-000
+010,-000
+010,-000
+010,-000
+010,-000
+010,-000
+010,-000
+010,-000
+010,-000
+010,-000
+010,-000
+010,-001
+010,-001
+010,-001
+010,-001
+010,-001
+010,-001
+010,-001
+010,-001
+010,-001
+010,-001
+010,-001
+010,-001
+010,-001
+010,-001
+010,-001
+010,-001
+010,-001
+010,-001
+010,-001
+010,-001
+010,-001
+010,-001
+010,-001
+010,-001
+010,-001
+010,-001
+010,-001
+010,-001
+010,-002
+010,-002
+010,-002
+010,-002
+010,-002
+010,-002
+010,-002
+010,-002
+008,-002
+008,-005
+008,-005
+008,-005
+008,-005
+008,-005
+008,-005
+008,-005
+008,-005
+008,-005
+008,-005
+008,-005
+008,-005
+008,-005
+008,-005
+008,-005
+008,-005
+008,-005
+006,-005
+006,-005
+006,-005
+006,-005
+006,-005
+006,-005
+006,-005
+006,-005
+006,-005
+006,-005
+006,-005
+006,-005
+006,-005
+006,-005
+006,-005
+006,-005
+006,-005
+006,-005
+006,-005
+006,-005
+006,-005
+006,-005
+006,-005
+006,-005
+006,-005
+006,-005
+006,-005
+006,-005
+006,-005
+008,-005
+008,-005
+008,-005
+008,-005
+008,-005
+008,-005
+008,-005
+008,-005
+008,-005
+008,-005
+008,-005
+010,-005
+010,-005
+010,-005
+010,-005
+010,-005
+010,-005
+010,-005
+012,-005
+012,-005
+012,-005
+012,-005
+012,-005
+012,-005
+012,-005
+012,-005
+012,-005
+012,-005
+012,-005
+012,-005
+012,-005
+012,-005
+012,-005
+012,-008
+012,-008
+012,-008
+012,-008
+012,-008
+012,-008
+012,-008
+012,-008
+012,-008
+012,-011
+012,-010
+012,-010
+012,-010
+012,-010
+012,-010
+012,-010
+012,-010
+012,-010
+012,-010
+012,-010
+012,-010
+012,-010
+012,-010
+012,-010
+012,-009
+010,-009
+010,-009
+010,-009
+010,-009
+010,-009
+010,-008
+010,-008
+010,-008
+010,-008
+010,-007
+010,-007
+010,-007
+010,-007
+010,-007
+008,-007
+008,-006
+008,-006
+008,-006
+008,-006
+008,-005
+008,-005
+008,-005
+008,-005
+008,-005
+008,-005
+008,-005
+008,-005
+008,-005
+008,-005
+008,-004
+008,-004
+006,-004
+006,-004
+006,-004
+006,-004
+006,-004
+006,-003
+006,-003
+006,-003
+006,-003
+006,-003
+006,-002
+006,-002
+006,-002
+006,-001
+006,-001
+006,-001
+006,-001
+006,-001
+006,-001
+006,-001
+006,-001
+006,-001
+006,-001
+006,-001
+006,-000
+006,-001
+006,-001
+006,-001
+006,-001
+006,-001
+006,-002
+006,-002
+006,-002
+006,-002
+006,-002
+006,-002
+006,-002
+006,-003
+006,-003
+006,-003
+006,-003
+006,-003
+006,-003
+006,-003
+006,-003
+006,-003
+006,-003
+006,-003
+006,-003
+006,-003
+008,-003
+008,-003
+008,-003
+008,-003
+008,-003
+008,-003
+008,-003
+008,-003
+008,-003
+008,-003
+008,-003
+008,-003
+008,-003
+008,-003
+008,-003
+008,-003
+008,-003
+010,-003
+010,-003
+010,-003
+010,-003
+010,-003
+010,-003
+010,-003
+010,-003
+010,-003
+010,-003
+010,-003
+010,-003
+010,-003
+010,-003
+010,-003
+010,-003
+010,-003
+010,-003
+010,-003
+010,-003
+010,-003
+010,-003
+010,-000
+010,-001
+012,-001
+012,-001
+012,-001
+012,-001
+012,-001
+012,-001
+012,-001
+012,-001
+012,-001
+012,-001
+012,-001
+012,-001
+012,-001
+012,-001
+012,-001
+012,-001
+012,-001
+012,-001
+012,-001
+012,-001
+012,-001
+012,-001
+014,-001
+014,-001
+014,-001
+014,-001
+014,-001
+014,-001
+014,-001
+014,-001
+014,-001
+014,-001
+014,-001
+014,-001
+014,-001
+014,-001
+014,-001
+014,-001
+014,-001
+014,-001
+014,-001
+014,-001
+014,-001
+014,-001
+014,-001
+014,-001
+014,-001
+014,-001
+014,-001
+016,-001
+016,-001
+016,-001
+016,-001
+016,-001
+016,-001
+016,-001
+016,-001
+016,-001
+016,-001
+016,-001
+016,-001
+016,-001
+016,-001
+016,-001
+016,-001
+016,-001
+018,-001
+018,-001
+018,-001
+018,-001
+018,-001
+018,-001
+018,-001
+018,-001
+018,-001
+018,-001
+018,-001
+018,-001
+018,-001
+018,-001
+018,-001
+016,-002
+016,-002
+016,-002
+016,-002
+016,-002
+016,-002
+016,-002
+016,-002
+016,-002
+016,-002
+016,-002
+016,-002
+016,-002
+016,-002
+016,-002
+016,-002
+016,-002
+016,-002
+016,-002
+016,-002
+016,-002
+016,-002
+016,-002
+016,-002
+016,-002
+016,-002
+016,-002
+016,-002
+016,-002
+016,-002
+016,-002
+016,-002
+016,-002
+016,-002
+016,-002
+016,-002
+016,-002
+016,-002
+016,-002
+016,-002
+016,-002
+016,-002
+016,-002
+016,-002
+016,-002
+016,-002
+016,-002
+016,-002
+016,-002
+016,-002
+016,-002
+016,-002
+016,-002
+016,-002
+016,-002
+016,-002
+016,-002
+016,-002
+016,-002
+016,-002
+016,-002
+016,-002
+016,-002
+016,-002
+016,-002
+016,-002
+016,-002
+016,-005
+016,-004
+016,-004
+016,-004
+016,-004
+016,-004
+016,-004
+016,-004
+016,-004
+016,-004
+016,-004
+016,-004
+016,-003
+016,-003
+016,-003
+016,-003
+016,-003
+016,-003
+016,-003
+016,-003
+016,-003
+016,-003
+016,-003
+016,-003
+016,-003
+016,-003
+016,-003
+016,-003
+016,-003
+016,-003
+016,-003
+016,-003
+016,-003
+016,-003
+016,-003
+016,-003
+016,-003
+016,-003
+016,-003
+016,-003
+016,-003
+016,-003
+016,-003
+016,-003
+016,-003
+016,-003
+016,-003
+016,-003
+016,-003
+016,-003
+016,-003
+016,-003
+016,-003
+016,-003
+016,-003
+016,-003
+016,-003
+016,-003
+016,-003
+016,-003
+016,-003
+016,-003
+016,-003
+016,-003
+016,-003
+016,-003
+016,-003
+016,-003
+016,-003
+016,-003
+016,-003
+016,-003
+016,-003
+016,-003
+016,-003
+016,-003
+016,-003
+016,-003
+016,-003
+016,-003
+016,-003
+016,-003
+016,-003
+016,-003
+016,-003
+016,-003
+016,-003
+016,-003
+016,-003
+016,-003
+016,-003
+016,-003
+016,-003
+016,-003
+016,-002
+016,-002
+016,-002
+016,-002
+016,-002
+016,-002
+016,-002
+016,-002
+016,-002
+016,-002
+016,-002
+016,-002
+016,-002
+016,-002
+016,-002
+016,-002
+016,-002
+016,-002
+016,-002
+016,-002
+016,-002
+016,-002
+016,-002
+016,-002
+016,-002
+016,-002
+016,-002
+016,-002
+016,-002
+016,-002
+016,-002
+016,-002
+016,-002
+016,-002
+016,-002
+016,-002
+016,-002
+016,-002
+016,-002
+016,-002
+016,-002
+016,-002
+016,-002
+016,-002
+016,-002
+016,-002
+016,-002
+016,-002
+016,-002
+016,-002
+016,-002
+016,-002
+016,-002
+016,-002
+016,-002
+016,-002
+016,-002
+016,-002
+016,-002
+016,-002
+016,-002
+016,-002
+016,-002
+016,-001
+016,-001
+016,-001
+016,-001
+016,-000
+016,-001
+014,-001
+014,-001
+014,-001
+014,-001
+014,-001
+014,-001
+014,-002
+014,-002
+014,-002
+014,-002
+014,-002
+014,-002
+014,-002
+014,-002
+014,-002
+014,-002
+014,-002
+014,-002
+014,-002
+014,-002
+014,-002
+014,-002
+014,-002
+014,-002
+014,-002
+014,-002
+014,-002
+014,-002
+014,-002
+016,-002
+016,-002
+016,-002
+016,-002
+016,-002
+016,-002
+016,-002
+016,-002
+016,-002
+016,-002
+016,-002
+016,-002
+016,-002
+016,-002
+016,-002
+016,-002
+016,-002
+016,-002
+016,-002
+016,-002
+016,-002
+016,-002
+016,-002
+016,-002
+016,-002
+016,-002
+016,-002
+016,-002
+016,-002
+016,-002
+016,-002
+016,-002
+016,-002
+016,-002
+016,-002
+016,-002
+016,-002
+016,-002
+016,-002
+016,-002
+016,-002
+016,-002
+016,-002
+016,-002
+016,-002
+016,-002
+016,-002
+016,-002
+016,-002
+016,-002
+016,-002
+016,-002
+016,-002
+016,-002
+016,-002
+016,-002
+016,-002
+016,-002
+016,-002
+016,-002
+016,-002
+016,-002
+016,-002
+016,-002
+016,-002
+016,-002
+016,-002
+016,-002
+014,-002
+014,-002
+014,-002
+014,-002
+014,-002
+014,-002
+014,-002
+014,-002
+014,-002
+014,-002
+014,-002
+014,-002
+014,-002
+014,-002
+014,-002
+014,-002
+014,-001
+014,-001
+014,-001
+014,-001
+014,-001
+014,-001
+014,-001
+012,-001
+012,-001
+012,-001
+012,-001
+012,-001
+012,-001
+012,-001
+012,-001
+012,-001
+012,-001
+012,-001
+012,-001
+012,-001
+012,-001
+012,-001
+012,-001
+012,-001
+012,-001
+012,-001
+012,-001
+012,-001
+012,-001
+012,-001
+012,-001
+012,-001
+012,-001
+012,-001
+012,-001
+012,-001
+012,-001
+012,-001
+012,-001
+012,-001
+012,-001
+012,-001
+012,-001
+012,-001
+012,-001
+012,-001
+012,-001
+012,-001
+012,-001
+012,-001
+012,-001
+012,-001
+012,-001
+012,-001
+012,-001
+012,-001
+012,-001
+012,-001
+012,-001
+012,-001
+012,-001
+012,-001
+012,-001
+012,-001
+012,-001
+012,-001
+012,-001
+012,-001
+012,-001
+012,-001
+012,-001
+012,-001
+012,-001
+012,-001
+012,-001
+012,-001
+012,-001
+012,-001
+012,-001
+012,-001
+012,-001
+012,-004
+012,-004
+012,-004
+012,-004
+012,-004
+012,-004
+012,-004
+012,-004
+014,-004
+014,-004
+014,-004
+014,-003
+014,-003
+014,-003
+014,-003
+014,-003
+014,-003
+014,-003
+014,-003
+014,-003
+014,-003
+014,-003
+014,-003
+014,-003
+014,-003
+014,-003
+014,-003
+014,-003
+014,-003
+014,-003
+014,-003
+014,-003
+014,-003
+014,-003
+014,-003
+014,-003
+014,-003
+014,-003
+014,-003
+014,-003
+014,-003
+014,-003
+014,-003
+014,-003
+014,-003
+014,-003
+014,-003
+014,-003
+014,-003
+014,-003
+014,-003
+014,-003
+014,-003
+014,-003
+014,-003
+014,-003
+014,-003
+014,-003
+014,-003
+014,-003
+014,-003
+014,-003
+014,-003
+014,-003
+014,-003
+014,-003
+014,-003
+014,-003
+014,-003
+014,-003
+014,-003
+014,-003
+014,-003
+014,-003
+014,-003
+014,-003
+014,-003
+014,-003
+014,-003
+014,-003
+014,-003
+014,-003
+014,-003
+014,-003
+014,-003
+014,-003
+014,-003
+012,-003
+012,-003
+012,-003
+012,-003
+012,-003
+012,-003
+012,-003
+012,-003
+012,-003
+012,-003
+012,-003
+012,-003
+012,-003
+012,-003
+012,-003
+012,-003
+012,-003
+012,-003
+012,-003
+012,-003
+012,-003
+012,-002
+012,-002
+012,-002
+012,-001
+012,-001
+012,-001
+012,-001
+012,-001
+012,-001
+012,-001
+012,-001
+012,-001
+012,-001
+012,-001
+012,-001
+012,-000
+012,-000
+012,-000
+012,-000
+012,-000
+012,-000
+012,-000
+012,-000
+012,-000
+012,-000
+012,-000
+012,-000
+012,-001
+012,-001
+012,-001
+012,-001
+012,-001
+012,-001
+012,-001
+012,-001
+012,-001
+012,-001
+012,-001
+012,-001
+012,-001
+012,-002
+012,-002
+012,-002
+014,-002
+014,-002
+014,-002
+014,-002
+014,-002
+014,-002
+014,-002
+014,-003
+014,-003
+014,-003
+014,-003
+014,-003
+014,-003
+014,-003
+014,-004
+014,-004
+014,-004
+014,-004
+014,-004
+014,-004
+014,-004
+014,-004
+014,-004
+014,-004
+014,-004
+014,-004
+014,-004
+014,-004
+014,-004
+014,-004
+014,-004
+014,-004
+014,-004
+014,-004
+014,-004
+014,-004
+014,-004
+014,-004
+014,-004
+014,-004
+014,-005
+014,-005
+014,-005
+014,-005
+014,-005
+014,-005
+014,-005
+014,-005
+014,-005
+014,-005
+014,-005
+014,-005
+014,-005
+014,-005
+014,-005
+014,-005
+014,-005
+014,-005
+014,-005
+014,-005
+014,-005
+014,-005
+014,-005
+014,-005
+014,-005
+014,-005
+014,-005
+014,-005
+014,-005
+014,-002
+014,-003
+014,-003
+014,-003
+014,-003
+014,-003
+014,-003
+014,-003
+014,-003
+014,-003
+014,-003
+014,-003
+014,-003
+014,-003
+014,-003
+014,-003
+014,-003
+014,-003
+014,-003
+014,-003
+014,-003
+014,-003
+014,-003
+014,-003
+014,-003
+014,-003
+014,-000
+014,-001
+014,-001
+014,-001
+014,-001
+014,-001
+014,-001
+014,-001
+014,-001
+014,-001
+014,-001
+014,-001
+014,-001
+014,-001
+014,-001
+014,-001
+014,-001
+014,-001
+014,-001
+014,-001
+014,-002
+014,-002
+014,-002
+014,-002
+014,-002
+014,-002
+014,-002
+014,-002
+014,-002
+014,-002
+014,-002
+014,-002
+014,-002
+014,-002
+014,-002
+014,-002
+014,-002
+014,-002
+014,-002
+014,-002
+014,-002
+014,-002
+014,-002
+014,-002
+014,-002
+014,-002
+014,-002
+014,-002
+014,-002
+014,-002
+014,-002
+014,-002
+014,-002
+014,-002
+014,-002
+014,-002
+014,-002
+014,-002
+014,-002
+014,-002
+014,-002
+014,-002
+014,-002
+014,-002
+014,-002
+014,-002
+014,-002
+014,-002
+014,-002
+014,-002
+014,-002
+014,-002
+014,-002
+014,-002
+014,-002
+014,-002
+014,-002
+014,-002
+014,-002
+014,-002
+014,-002
+014,-002
+014,-002
+014,-002
+014,-002
+014,-002
+014,-002
+014,-002
+014,-002
+014,-002
+014,-002
+014,-002
+014,-002
+014,-002
+014,-002
+014,-002
+014,-002
+016,-002
+016,-002
+016,-002
+016,-002
+016,-002
+016,-002
+016,-002
+016,-002
+016,-002
+016,-002
+016,-002
+016,-002
+018,-002
+018,-002
+018,-002
+018,-002
+018,-002
+018,-002
+018,-002
+018,-002
+018,-002
+018,-002
+018,-002
+018,-002
+018,-002
+018,-002
+018,-002
+018,-005
+018,-004
+018,-004
+018,-004
+018,-004
+018,-004
+018,-004
+020,-004
+020,-004
+020,-004
+020,-004
+020,-004
+020,-004
+020,-004
+020,-004
+020,-004
+020,-004
+020,-007
+020,-007
+020,-007
+020,-007
+020,-007
+020,-007
+020,-007
+020,-007
+020,-007
+020,-007
+020,-007
+020,-007
+020,-007
+020,-007
+020,-007
+020,-007
+020,-007
+020,-006
+020,-006
+020,-006
+020,-006
+020,-006
+020,-006
+020,-006
+020,-006
+020,-006
+020,-006
+020,-006
+020,-006
+020,-006
+020,-006
+020,-006
+020,-006
+020,-006
+020,-006
+020,-006
+020,-006
+020,-006
+020,-006
+020,-006
+020,-006
+020,-006
+020,-005
+020,-005
+020,-005
+020,-005
+020,-005
+018,-005
+018,-005
+018,-005
+018,-005
+018,-005
+018,-005
+018,-005
+018,-005
+018,-005
+018,-005
+018,-004
+018,-004
+016,-004
+016,-004
+016,-004
+016,-004
+016,-004
+016,-004
+016,-004
+016,-004
+016,-004
+016,-004
+014,-004
+014,-003
+014,-003
+014,-003
+014,-003
+014,-003
+014,-003
+014,-003
+014,-003
+014,-002
+014,-002
+012,-002
+012,-002
+012,-002
+012,-002
+012,-002
+012,-002
+012,-002
+012,-002
+012,-002
+012,-002
+012,-002
+012,-002
+010,-002
+010,-002
+010,-002
+010,-002
+010,-002
+010,-002
+010,-002
+010,-002
+010,-001
+010,-001
+010,-001
+010,-001
+010,-001
+010,-001
+010,-001
+010,-001
+010,-001
+010,-001
+010,-001
+008,-001
+008,-001
+008,-001
+008,-001
+008,-001
+008,-001
+008,-001
+008,-001
+008,-001
+008,-001
+008,-001
+008,-001
+008,-001
+008,-001
+008,-001
+008,-001
+008,-001
+008,-001
+008,-001
+008,-001
+008,-004
+008,-003
+008,-003
+008,-003
+008,-003
+008,-003
+008,-003
+008,-003
+008,-006
+008,-006
+008,-006
+008,-006
+008,-006
+008,-006
+008,-006
+008,-006
+008,-006
+008,-006
+008,-006
+008,-006
+008,-006
+008,-006
+008,-006
+008,-006
+008,-006
+008,-006
+008,-006
+008,-006
+008,-006
+008,-006
+008,-006
+006,-006
+006,-006
+006,-006
+006,-006
+006,-006
+006,-006
+006,-006
+006,-006
+006,-006
+006,-006
+006,-006
+006,-006
+006,-006
+006,-006
+006,-006
+006,-006
+006,-006
+006,-006
+006,-006
+006,-006
+006,-006
+006,-006
+006,-005
+006,-005
+006,-005
+006,-005
+006,-005
+006,-005
+006,-005
+006,-005
+006,-005
+006,-005
+006,-005
+006,-005
+006,-005
+006,-004
+006,-004
+008,-004
+008,-004
+008,-003
+008,-003
+010,-002
+010,-002
+010,-002
+010,-002
+010,-002
+010,-002
+010,-002
+010,-002
+010,-002
+010,-002
+010,-002
+010,-002
+010,-002
+010,-002
+010,-002
+010,-002
+010,-002
+012,-002
+012,-002
+012,-002
+012,-002
+012,-002
+012,-002
+012,-002
+012,-002
+012,-002
+012,-002
+012,-002
+014,-002
+014,-002
+014,-002
+014,-002
+014,-002
+014,-002
+014,-002
+014,-002
+014,-002
+014,-002
+014,-002
+014,-002
+014,-002
+014,-002
+014,-002
+014,-002
+014,-002
+014,-002
+014,-002
+014,-002
+014,-002
+014,-002
+014,-002
+016,-002
+016,-002
+016,-002
+016,-002
+016,-002
+016,-002
+016,-002
+016,-002
+016,-002
+016,-002
+016,-002
+016,-002
+016,-002
+016,-002
+016,-002
+016,-002
+016,-002
+016,-002
+016,-002
+016,-002
+016,-002
+016,-002
+016,-002
+016,-002
+016,-002
+016,-002
+016,-002
+018,-002
+018,-002
+018,-002
+018,-001
+018,-001
+018,-001
+018,-001
+018,-001
+018,-001
+018,-001
+018,-001
+018,-001
+018,-001
+018,-001
+018,-001
+018,-001
+018,-001
+018,-001
+018,-001
+018,-001
+018,-001
+018,-001
+018,-001
+018,-001
+018,-001
+018,-001
+018,-001
+018,-001
+018,-001
+018,-001
+018,-001
+018,-001
+018,-001
+018,-001
+018,-001
+018,-001
+018,-001
+018,-001
+018,-001
+018,-001
+018,-000
+018,-000
+018,-000
+018,-000
+018,-000
+018,-000
+018,-000
+018,-000
+018,-000
+018,-000
+018,-000
+018,-000
+018,-000
+018,-000
+018,-000
+018,-000
+018,-000
+018,-000
+018,-003
+018,-003
+018,-003
+018,-003
+016,-003
+016,-003
+016,-003
+016,-003
+016,-003
+016,-003
+016,-003
+016,-003
+016,-003
+016,-003
+016,-003
+016,-003
+016,-003
+016,-003
+016,-003
+016,-002
+016,-002
+016,-002
+016,-002
+016,-002
+016,-002
+016,-002
+016,-002
+016,-002
+016,-002
+016,-002
+016,-002
+016,-002
+016,-002
+016,-002
+016,-002
+016,-001
+016,-001
+016,-001
+016,-001
+016,-001
+016,-001
+016,-001
+016,-001
+016,-001
+016,-001
+016,-001
+016,-001
+016,-001
+016,-000
+016,-000
+014,-000
+014,-000
+014,-000
+014,-000
+014,-000
+014,-000
+014,-000
+014,-000
+014,-000
+014,-000
+014,-000
+014,-000
+014,-001
+014,-001
+014,-001
+014,-001
+014,-001
+014,-001
+014,-001
+014,-001
+014,-001
+014,-001
+014,-001
+014,-001
+014,-001
+014,-001
+014,-001
+014,-001
+014,-002
+014,-002
+014,-002
+014,-002
+014,-002
+014,-002
+014,-002
+014,-002
+014,-002
+014,-002
+016,-003
+016,-003
+016,-003
+016,-003
+016,-003
+016,-003
+016,-003
+016,-003
+016,-003
+016,-003
+016,-003
+016,-003
+016,-003
+016,-003
+016,-003
+016,-003
+016,-003
+016,-003
+016,-003
+016,-003
+016,-003
+016,-003
+016,-003
+018,-003
+018,-003
+018,-003
+018,-003
+018,-003
+018,-003
+018,-003
+018,-003
+018,-003
+018,-003
+018,-003
+018,-003
+018,-003
+018,-003
+020,-003
+020,-003
+020,-003
+020,-003
+020,-003
+020,-003
+020,-003
+020,-003
+020,-003
+020,-003
+020,-003
+020,-003
+020,-003
+020,-003
+020,-003
+020,-003
+020,-003
+020,-003
+020,-003
+020,-003
+020,-003
+020,-003
+020,-003
+020,-003
+020,-003
+020,-003
+020,-003
+020,-003
+020,-003
+020,-003
+020,-003
+020,-003
+020,-003
+020,-003
+020,-003
+020,-003
+020,-003
+020,-003
+020,-000
+020,-001
+020,-001
+020,-001
+020,-001
+020,-001
+020,-001
+020,-001
+020,-001
+020,-001
+020,-001
+020,-001
+020,-001
+020,-001
+020,-001
+020,-001
+020,-001
+020,-001
+020,-001
+020,-001
+020,-001
+020,-001
+020,-001
+020,-001
+020,-001
+020,-002
+020,-001
+020,-001
+020,-001
+020,-001
+020,-001
+020,-001
+020,-001
+020,-001
+020,-001
+020,-001
+020,-001
+020,-001
+020,-001
+020,-001
+020,-001
+020,-001
+020,-001
+020,-001
+020,-004
+020,-003
+020,-003
+020,-003
+020,-003
+020,-003
+020,-003
+020,-003
+020,-003
+020,-003
+020,-003
+020,-003
+020,-003
+020,-003
+018,-003
+018,-003
+018,-003
+018,-003
+018,-003
+018,-003
+018,-003
+018,-003
+018,-003
+018,-003
+018,-003
+018,-003
+018,-003
+018,-003
+018,-003
+018,-003
+018,-003
+018,-003
+016,-003
+016,-006
+016,-006
+016,-005
+016,-005
+016,-005
+016,-005
+016,-005
+016,-005
+016,-005
+016,-005
+016,-005
+016,-005
+014,-005
+014,-005
+014,-005
+014,-005
+014,-005
+014,-005
+014,-005
+014,-005
+012,-008
+012,-008
+012,-008
+012,-008
+012,-008
+012,-008
+010,-008
+010,-008
+010,-008
+010,-008
+010,-008
+010,-008
+010,-008
+010,-008
+010,-008
+010,-008
+010,-008
+010,-008
+010,-008
+010,-008
+010,-008
+010,-008
+010,-008
+010,-008
+010,-008
+010,-008
+010,-008
+010,-008
+010,-008
+010,-008
+010,-008
+010,-008
+010,-008
+010,-008
+010,-008
+010,-008
+010,-008
+010,-008
+010,-008
+010,-007
+010,-007
+010,-006
+010,-006
+010,-005
+012,-004
+012,-004
+012,-004
+012,-003
+012,-003
+012,-003
+012,-002
+012,-002
+012,-001
+012,-001
+012,-001
+012,-001
+012,-000
+014,-000
+014,-000
+014,-000
+014,-000
+014,-001
+014,-001
+014,-001
+014,-001
+014,-002
+014,-002
+014,-002
+016,-002
+016,-002
+016,-002
+016,-002
+016,-002
+016,-002
+016,-002
+016,-002
+016,-002
+018,-002
+018,-002
+018,-002
+018,-002
+018,-002
+018,-002
+018,-002
+018,-002
+018,-002
+018,-002
+018,-002
+020,-002
+020,-003
+020,-003
+020,-003
+020,-003
+020,-003
+020,-003
+020,-003
+020,-003
+020,-003
+022,-003
+022,-003
+022,-003
+022,-003
+022,-003
+022,-003
+022,-003
+022,-003
+022,-003
+022,-003
+022,-003
+022,-003
+022,-003
+022,-003
+022,-003
+022,-003
+022,-003
+022,-003
+022,-003
+022,-003
+022,-003
+022,-003
+022,-003
+022,-003
+022,-003
+022,-003
+022,-003
+022,-003
+022,-003
+022,-003
+022,-004
+022,-004
+022,-004
+022,-004
+022,-004
+022,-004
+022,-004
+022,-004
+022,-004
+022,-004
+022,-004
+022,-004
+022,-004
+022,-004
+022,-004
+022,-004
+022,-004
+022,-004
+022,-004
+022,-004
+022,-004
+022,-004
+022,-004
+022,-004
+022,-004
+020,-004
+020,-004
+020,-004
+020,-004
+020,-004
+020,-004
+020,-004
+020,-004
+020,-004
+020,-004
+020,-001
+018,-001
+018,-001
+018,-001
+018,-001
+018,-001
+018,-001
+018,-001
+018,-001
+018,-001
+018,-001
+018,-001
+018,-001
+016,-001
+016,-001
+016,-001
+016,-001
+016,-001
+016,-001
+016,-001
+016,-001
+016,-001
+016,-002
+016,-002
+016,-002
+016,-002
+016,-002
+014,-002
+014,-002
+014,-002
+014,-002
+014,-002
+014,-002
+014,-002
+014,-002
+014,-002
+014,-002
+012,-002
+012,-002
+012,-002
+012,-002
+012,-002
+012,-002
+012,-002
+012,-002
+012,-002
+012,-002
+012,-002
+012,-002
+012,-002
+012,-002
+012,-002
+012,-002
+012,-002
+012,-002
+012,-002
+012,-002
+012,-002
+012,-002
+012,-002
+010,-002
+010,-002
+010,-002
+010,-002
+010,-002
+010,-002
+010,-002
+010,-002
+010,-002
+010,-002
+010,-002
+010,-002
+010,-002
+010,-002
+010,-002
+010,-002
+010,-002
+010,-002
+010,-002
+010,-002
+010,-002
+010,-002
+010,-002
+010,-002
+010,-002
+010,-001
+010,-001
+010,-001
+010,-001
+010,-001
+010,-001
+010,-001
+010,-001
+010,-001
+010,-001
+012,-000
+012,-000
+012,-000
+012,-000
+012,-000
+012,-000
+012,-000
+012,-000
+012,-000
+012,-001
+012,-001
+012,-001
+012,-001
+012,-001
+012,-001
+012,-001
+012,-001
+012,-001
+012,-001
+012,-001
+012,-002
+012,-002
+012,-002
+012,-002
+012,-002
+012,-002
+012,-003
+012,-003
+012,-003
+012,-003
+012,-004
+012,-004
+012,-004
+012,-004
+012,-004
+012,-005
+012,-005
+012,-005
+012,-005
+012,-005
+012,-006
+012,-006
+012,-006
+014,-006
+014,-006
+014,-006
+014,-006
+014,-007
+014,-007
+014,-007
+014,-007
+014,-007
+014,-007
+014,-007
+014,-008
+014,-008
+014,-008
+014,-008
+014,-008
+014,-008
+014,-008
+014,-008
+014,-008
+014,-008
+014,-009
+014,-009
+014,-009
+014,-009
+014,-009
+014,-009
+014,-009
+014,-009
+014,-009
+014,-009
+014,-009
+014,-009
+014,-009
+014,-009
+014,-009
+014,-009
+014,-009
+014,-009
+014,-009
+014,-009
+014,-009
+014,-009
+014,-009
+014,-009
+014,-009
+014,-009
+014,-009
+014,-009
+014,-009
+014,-009
+014,-009
+014,-009
+014,-009
+014,-009
+014,-009
+014,-009
+014,-009
+014,-009
+014,-009
+014,-009
+014,-009
+014,-009
+014,-009
+014,-009
+014,-009
+014,-009
+014,-009
+014,-009
+014,-009
+014,-009
+014,-009
+014,-006
+014,-006
+014,-006
+014,-006
+014,-006
+014,-006
+014,-006
+012,-006
+012,-006
+012,-006
+012,-006
+012,-006
+012,-006
+012,-006
+012,-006
+012,-006
+012,-006
+012,-006
+012,-006
+012,-003
+012,-003
+012,-003
+012,-003
+012,-003
+012,-003
+012,-003
+012,-003
+012,-003
+012,-003
+012,-003
+012,-003
+012,-003
+012,-003
+012,-003
+012,-003
+012,-003
+012,-003
+012,-000
+012,-000
+012,-000
+012,-000
+012,-000
+012,-000
+012,-000
+012,-000
+012,-000
+012,-000
+012,-000
+012,-000
+012,-000
+012,-003
+012,-003
+012,-003
+012,-003
+012,-003
+012,-003
+012,-003
+010,-006
+010,-006
+010,-006
+010,-006
+010,-006
+010,-006
+010,-006
+010,-009
+010,-009
+010,-009
+010,-009
+010,-009
+010,-009
+010,-009
+010,-009
+010,-009
+010,-009
+010,-009
+010,-009
+010,-009
+010,-009
+010,-009
+010,-009
+010,-009
+010,-009
+010,-009
+010,-009
+010,-009
+010,-009
+010,-009
+010,-009
+010,-009
+010,-009
+010,-009
+010,-009
+010,-009
+010,-009
+010,-009
+010,-009
+010,-009
+010,-009
+010,-009
+010,-009
+010,-009
+010,-009
+010,-009
+010,-009
+010,-009
+010,-009
+010,-009
+010,-009
+010,-009
+010,-009
+010,-009
+010,-009
+010,-008
+010,-008
+010,-008
+010,-008
+010,-008
+010,-008
+010,-008
+010,-007
+010,-007
+010,-007
+010,-007
+010,-007
+010,-007
+010,-006
+010,-006
+010,-005
+010,-004
+010,-003
+010,-003
+010,-002
+012,-001
+012,-001
+012,-001
+012,-000
+012,-000
+012,-000
+012,-000
+012,-001
+012,-001
+012,-001
+012,-001
+012,-002
+012,-002
+012,-002
+012,-002
+012,-002
+012,-003
+012,-003
+012,-003
+012,-003
+012,-003
+012,-003
+012,-003
+012,-004
+012,-004
+012,-004
+012,-005
+012,-005
+012,-005
+012,-005
+012,-005
+012,-005
+012,-005
+012,-005
+012,-005
+012,-005
+012,-005
+012,-005
+012,-005
+012,-005
+012,-005
+012,-005
+012,-005
+012,-005
+012,-005
+012,-005
+012,-005
+012,-005
+012,-005
+012,-005
+012,-005
+012,-005
+012,-005
+012,-005
+012,-005
+012,-005
+012,-005
+012,-005
+012,-005
+014,-005
+014,-005
+014,-005
+014,-005
+014,-005
+014,-005
+014,-005
+014,-005
+014,-005
+014,-005
+014,-005
+014,-005
+014,-002
+014,-002
+016,-002
+016,-002
+016,-002
+016,-002
+016,-002
+016,-002
+016,-002
+016,-002
+016,-002
+016,-002
+016,-002
+016,-002
+016,-002
+016,-002
+016,-002
+016,-001
+016,-001
+016,-001
+016,-001
+016,-001
+016,-001
+016,-001
+016,-001
+016,-001
+016,-001
+016,-004
+016,-004
+016,-004
+016,-004
+016,-004
+016,-004
+016,-004
+016,-004
+016,-004
+016,-004
+016,-004
+016,-004
+016,-004
+016,-004
+016,-004
+016,-004
+016,-004
+016,-007
+016,-006
+016,-006
+016,-006
+016,-006
+016,-006
+016,-006
+016,-006
+016,-006
+016,-006
+016,-006
+016,-006
+016,-006
+016,-006
+016,-006
+016,-006
+016,-006
+016,-006
+018,-006
+018,-006
+018,-006
+018,-006
+018,-006
+018,-006
+018,-006
+018,-006
+018,-006
+018,-006
+018,-006
+018,-006
+018,-006
+018,-006
+018,-006
+018,-006
+018,-006
+018,-006
+018,-006
+018,-006
+018,-006
+018,-006
+018,-006
+018,-009
+018,-009
+018,-009
+018,-009
+018,-009
+018,-009
+018,-009
+016,-009
+016,-012
+016,-012
+014,-012
+014,-012
+014,-012
+014,-012
+014,-012
+014,-012
+014,-012
+014,-012
+014,-012
+014,-012
+014,-012
+014,-012
+014,-012
+014,-011
+014,-011
+014,-011
+012,-011
+012,-011
+012,-010
+012,-010
+012,-010
+014,-008
+014,-008
+014,-007
+014,-007
+014,-007
+014,-007
+014,-007
+014,-007
+014,-007
+014,-007
+014,-007
+014,-006
+014,-006
+014,-006
+014,-006
+014,-006
+014,-006
+014,-006
+014,-006
+014,-006
+014,-006
+014,-005
+014,-005
+014,-005
+014,-005
+014,-005
+014,-005
+014,-005
+014,-005
+014,-005
+014,-005
+014,-005
+012,-005
+012,-005
+012,-005
+012,-005
+012,-005
+012,-005
+012,-005
+012,-005
+012,-005
+012,-005
+012,-005
+012,-008
+012,-007
+012,-007
+012,-007
+012,-007
+012,-007
+012,-007
+012,-007
+012,-007
+012,-007
+012,-007
+012,-007
+012,-007
+012,-007
+012,-007
+012,-007
+012,-007
+012,-007
+012,-007
+012,-007
+012,-010
+012,-009
+012,-009
+012,-009
+012,-009
+012,-009
+012,-009
+012,-009
+012,-009
+012,-009
+012,-009
+012,-009
+012,-009
+012,-009
+012,-009
+012,-009
+012,-009
+012,-009
+012,-009
+012,-009
+012,-009
+012,-009
+012,-009
+012,-009
+012,-009
+010,-009
+010,-009
+010,-009
+010,-009
+010,-009
+010,-009
+010,-009
+010,-009
+010,-009
+010,-009
+010,-009
+010,-009
+010,-009
+010,-009
+010,-009
+010,-009
+010,-009
+010,-009
+010,-009
+010,-009
+010,-009
+010,-009
+010,-009
+010,-009
+010,-009
+010,-009
+010,-009
+010,-009
+010,-009
+010,-009
+010,-009
+010,-009
+010,-009
+010,-009
+010,-009
+010,-009
+010,-009
+010,-009
+010,-009
+010,-009
+010,-009
+010,-009
+012,-009
+012,-009
+012,-009
+012,-009
+012,-009
+012,-009
+012,-009
+012,-009
+012,-009
+012,-009
+012,-009
+012,-009
+012,-009
+012,-009
+012,-009
+012,-009
+012,-009
+012,-009
+012,-009
+012,-009
+012,-009
+012,-009
+012,-009
+012,-009
+012,-009
+012,-009
+012,-009
+012,-009
+012,-012
+012,-012
+012,-012
+012,-012
+012,-012
+012,-012
+012,-012
+012,-012
+012,-012
+012,-012
+012,-012
+012,-012
+012,-012
+012,-012
+012,-012
+012,-012
+012,-012
+012,-012
+014,-012
+014,-012
+014,-012
+014,-012
+014,-012
+014,-012
+014,-012
+014,-012
+014,-012
+014,-012
+014,-012
+014,-012
+014,-012
+014,-012
+014,-012
+014,-012
+014,-012
+014,-012
+014,-012
+014,-012
+014,-012
+014,-012
+014,-012
+014,-012
+014,-012
+014,-012
+014,-012
+014,-012
+014,-012
+014,-012
+014,-012
+014,-012
+014,-012
+014,-012
+014,-012
+014,-012
+014,-012
+014,-012
+014,-012
+014,-012
+014,-012
+014,-012
+014,-015
+014,-014
+014,-014
+014,-014
+014,-014
+014,-014
+014,-014
+014,-014
+014,-014
+014,-014
+014,-014
+014,-014
+014,-014
+014,-014
+014,-014
+014,-014
+014,-014
+014,-014
+014,-014
+014,-014
+014,-014
+014,-014
+014,-014
+014,-014
+014,-014
+014,-014
+014,-014
+014,-014
+014,-014
+014,-014
+014,-014
+014,-014
+014,-014
+014,-014
+014,-014
+014,-014
+014,-014
+014,-014
+014,-014
+014,-013
+016,-013
+016,-012
+016,-012
+016,-011
+018,-010
+018,-010
+018,-010
+018,-010
+018,-009
+018,-009
+018,-009
+018,-009
+018,-009
+018,-009
+018,-009
+018,-009
+018,-009
+018,-009
+018,-009
+018,-009
+018,-009
+018,-009
+018,-009
+018,-009
+018,-009
+018,-009
+018,-009
+018,-009
+018,-009
+018,-009
+018,-009
+018,-009
+016,-009
+016,-012
+016,-012
+016,-012
+016,-012
+016,-012
+016,-012
+016,-012
+016,-015
+016,-015
+016,-015
+016,-015
+016,-015
+016,-015
+016,-015
+016,-015
+016,-015
+016,-015
+016,-015
+016,-015
+016,-015
+016,-015
+016,-015
+016,-015
+016,-015
+016,-015
+016,-015
+016,-015
+016,-015
+016,-015
+016,-015
+016,-014
+016,-014
+016,-014
+016,-013
+018,-012
+018,-012
+018,-011
+018,-011
+018,-011
+018,-011
+018,-011
+018,-011
+018,-010
+018,-010
+018,-010
+018,-010
+018,-010
+018,-010
+018,-010
+020,-009
+020,-009
+020,-009
+020,-009
+020,-009
+020,-009
+020,-008
+020,-008
+020,-008
+020,-008
+020,-008
+020,-008
+020,-008
+020,-008
+020,-008
+020,-008
+020,-008
+020,-008
+020,-008
+020,-008
+020,-008
+020,-008
+020,-008
+020,-008
+018,-008
+018,-008
+018,-008
+018,-008
+018,-008
+018,-008
+018,-008
+018,-008
+018,-008
+018,-008
+018,-008
+018,-008
+018,-008
+018,-008
+018,-008
+018,-008
+018,-008
+018,-008
+018,-008
+018,-008
+018,-008
+018,-008
+018,-008
+018,-007
+018,-007
+016,-007
+016,-007
+016,-007
+016,-007
+016,-007
+016,-007
+016,-007
+016,-007
+016,-007
+016,-007
+016,-007
+016,-007
+016,-007
+016,-007
+016,-006
+016,-006
+016,-006
+016,-006
+016,-006
+016,-006
+016,-006
+016,-006
+016,-006
+016,-006
+016,-006
+016,-006
+016,-006
+016,-006
+016,-006
+016,-006
+016,-006
+016,-006
+016,-006
+016,-006
+016,-006
+016,-006
+016,-006
+016,-006
+016,-006
+016,-006
+016,-006
+016,-006
+016,-006
+016,-006
+016,-005
+016,-005
+016,-005
+016,-005
+016,-005
+016,-005
+016,-005
+016,-005
+016,-005
+016,-005
+016,-005
+016,-005
+016,-005
+016,-005
+016,-005
+016,-005
+016,-005
+016,-005
+016,-008
+016,-008
+016,-008
+016,-008
+016,-008
+016,-008
+016,-008
+016,-008
+016,-008
+016,-008
+016,-008
+016,-008
+016,-008
+016,-008
+016,-008
+016,-008
+016,-008
+016,-008
+016,-008
+016,-008
+016,-008
+016,-008
+016,-008
+016,-008
+016,-008
+018,-008
+018,-008
+018,-008
+018,-008
+018,-008
+018,-008
+018,-008
+018,-008
+018,-008
+018,-008
+018,-008
+018,-008
+018,-008
+018,-008
+018,-008
+018,-008
+018,-008
+018,-008
+018,-008
+018,-008
+018,-008
+018,-008
+018,-008
+018,-008
+018,-008
+018,-008
+018,-008
+018,-008
+018,-008
+018,-008
+018,-008
+018,-008
+018,-008
+018,-008
+020,-008
+020,-008
+020,-008
+020,-008
+020,-008
+020,-008
+020,-008
+020,-008
+020,-008
+020,-008
+020,-008
+020,-008
+020,-008
+020,-008
+020,-008
+020,-008
+020,-008
+020,-008
+020,-008
+020,-008
+020,-008
+020,-008
+020,-008
+020,-008
+020,-008
+020,-008
+020,-008
+020,-008
+020,-008
+020,-008
+020,-008
+022,-008
+022,-008
+022,-008
+022,-008
+022,-008
+022,-007
+022,-007
+022,-007
+022,-007
+022,-007
+022,-007
+022,-007
+022,-007
+022,-007
+022,-007
+022,-007
+022,-007
+022,-007
+022,-007
+022,-007
+022,-007
+022,-007
+022,-007
+022,-007
+022,-007
+022,-007
+022,-007
+022,-007
+022,-007
+022,-007
+022,-007
+022,-007
+022,-007
+022,-007
+022,-007
+022,-007
+022,-007
+022,-007
+022,-007
+022,-007
+022,-007
+022,-007
+022,-007
+022,-007
+022,-007
+022,-007
+022,-007
+022,-007
+022,-007
+022,-007
+022,-007
+022,-007
+022,-007
+022,-007
+022,-010
+022,-009
+022,-009
+022,-009
+022,-009
+022,-009
+020,-009
+020,-009
+020,-009
+020,-009
+020,-009
+020,-009
+020,-009
+020,-009
+020,-009
+020,-009
+020,-009
+018,-009
+018,-009
+018,-009
+018,-012
+016,-012
+016,-012
+016,-012
+016,-012
+016,-012
+014,-012
+014,-012
+014,-012
+014,-012
+014,-012
+014,-012
+014,-012
+014,-012
+014,-012
+014,-012
+014,-012
+014,-012
+014,-012
+014,-012
+014,-012
+014,-012
+014,-012
+012,-012
+012,-012
+012,-012
+012,-012
+012,-012
+012,-012
+012,-012
+012,-012
+012,-012
+012,-012
+012,-012
+012,-012
+012,-012
+012,-012
+012,-012
+012,-012
+012,-012
+012,-012
+012,-012
+012,-012
+010,-012
+010,-011
+010,-011
+010,-011
+010,-011
+010,-011
+010,-011
+010,-011
+010,-011
+010,-011
+010,-011
+010,-011
+010,-011
+010,-011
+010,-011
+012,-011
+012,-011
+012,-011
+012,-011
+012,-011
+012,-011
+012,-011
+012,-011
+012,-011
+012,-011
+012,-011
+012,-011
+012,-011
+012,-011
+012,-011
+012,-014
+012,-013
+012,-013
+012,-013
+012,-013
+014,-013
+014,-013
+014,-013
+014,-013
+014,-013
+014,-013
+014,-013
+014,-013
+014,-013
+014,-013
+014,-013
+014,-013
+014,-013
+014,-013
+014,-013
+014,-013
+014,-013
+014,-013
+014,-013
+014,-013
+014,-012
+014,-012
+014,-012
+014,-012
+014,-012
+014,-012
+014,-012
+014,-012
+014,-012
+014,-012
+014,-012
+014,-012
+014,-012
+014,-012
+014,-011
+014,-011
+014,-010
+016,-009
+016,-009
+016,-008
+016,-008
+016,-008
+016,-008
+016,-008
+016,-008
+016,-008
+016,-007
+016,-007
+016,-007
+016,-007
+016,-007
+016,-007
+016,-007
+016,-007
+016,-007
+016,-007
+016,-007
+016,-007
+016,-007
+016,-007
+016,-007
+016,-007
+016,-007
+016,-007
+016,-007
+016,-007
+016,-007
+016,-007
+016,-007
+016,-007
+016,-007
+016,-007
+018,-007
+018,-007
+018,-007
+018,-007
+018,-007
+018,-007
+018,-007
+018,-007
+018,-007
+018,-007
+018,-007
+018,-007
+018,-007
+018,-007
+018,-007
+018,-007
+018,-007
+018,-007
+018,-007
+018,-007
+018,-007
+018,-007
+018,-007
+018,-007
+018,-007
+018,-007
+018,-007
+018,-007
+018,-007
+018,-007
+018,-007
+018,-007
+018,-007
+018,-007
+018,-007
+018,-007
+018,-007
+018,-007
+018,-007
+018,-007
+018,-007
+018,-007
+018,-007
+018,-007
+018,-007
+018,-007
+018,-007
+018,-007
+018,-007
+018,-007
+018,-007
+018,-007
+018,-007
+018,-007
+018,-007
+018,-007
+018,-007
+018,-007
+018,-007
+018,-010
+016,-010
+016,-010
+014,-010
+014,-013
+014,-013
+014,-013
+014,-013
+014,-013
+014,-013
+014,-013
+014,-013
+014,-013
+014,-013
+014,-013
+014,-013
+014,-013
+014,-013
+014,-013
+014,-013
+014,-013
+014,-013
+014,-013
+014,-013
+014,-013
+014,-013
+014,-013
+014,-013
+014,-013
+014,-013
+014,-013
+014,-013
+014,-013
+014,-013
+014,-013
+014,-013
+014,-013
+014,-013
+014,-013
+014,-013
+014,-013
+014,-013
+014,-013
+014,-013
+012,-013
+012,-013
+012,-012
+012,-012
+012,-012
+012,-012
+012,-012
+012,-012
+012,-012
+012,-012
+012,-012
+012,-012
+012,-011
+012,-011
+012,-011
+012,-011
+012,-011
+012,-011
+012,-011
+010,-011
+010,-011
+010,-010
+010,-010
+010,-010
+010,-010
+010,-010
+010,-010
+010,-010
+010,-010
+010,-010
+010,-010
+010,-009
+010,-009
+010,-009
+010,-009
+010,-009
+010,-009
+010,-009
+010,-009
+010,-008
+010,-008
+010,-008
+010,-008
+010,-008
+010,-008
+010,-008
+008,-008
+008,-008
+008,-008
+008,-008
+008,-008
+008,-007
+008,-007
+008,-007
+008,-007
+008,-007
+008,-007
+008,-007
+008,-007
+008,-007
+008,-007
+008,-007
+008,-007
+008,-007
+008,-007
+008,-007
+008,-007
+008,-007
+008,-007
+010,-007
+010,-007
+010,-006
+013,-005
+013,-005
+013,-005
+013,-005
+013,-005
+013,-004
+013,-004
+013,-004
+013,-004
+013,-004
+013,-004
+013,-004
+013,-004
+015,-004
+015,-004
+015,-004
+015,-004
+015,-004
+015,-004
+015,-004
+015,-004
+015,-004
+015,-004
+015,-004
+015,-004
+015,-004
+015,-004
+015,-004
+017,-004
+017,-004
+017,-004
+017,-007
+017,-007
+017,-007
+017,-007
+017,-007
+017,-007
+017,-007
+017,-007
+019,-007
+019,-007
+019,-007
+019,-007
+019,-007
+019,-007
+019,-007
+019,-007
+019,-007
+019,-007
+019,-007
+019,-007
+019,-007
+019,-007
+019,-007
+019,-010
+019,-010
+019,-010
+019,-010
+019,-010
+021,-010
+021,-010
+021,-010
+021,-010
+021,-010
+021,-010
+021,-010
+021,-010
+021,-010
+021,-010
+021,-010
+021,-010
+021,-010
+021,-010
+021,-010
+021,-010
+021,-010
+021,-010
+021,-010
+021,-010
+021,-010
+021,-010
+021,-010
+021,-010
+021,-010
+021,-010
+021,-010
+021,-010
+021,-010
+021,-010
+021,-010
+021,-010
+021,-010
+021,-010
+021,-010
+021,-010
+021,-010
+021,-010
+021,-010
+021,-010
+021,-009
+021,-009
+021,-009
+021,-009
+023,-009
+023,-009
+023,-009
+023,-009
+023,-009
+023,-009
+023,-009
+023,-009
+023,-009
+023,-009
+023,-009
+023,-009
+023,-009
+023,-009
+023,-009
+023,-009
+023,-009
+023,-009
+023,-009
+023,-009
+023,-009
+023,-009
+023,-009
+023,-009
+023,-009
+023,-009
+023,-009
+023,-009
+023,-009
+023,-009
+023,-009
+023,-009
+023,-009
+023,-009
+023,-009
+023,-009
+023,-009
+023,-009
+023,-012
+023,-012
+023,-012
+023,-012
+023,-012
+023,-012
+023,-012
+023,-012
+023,-012
+023,-012
+023,-012
+023,-012
+023,-012
+023,-012
+023,-012
+023,-012
+023,-012
+023,-012
+023,-012
+023,-012
+023,-012
+023,-012
+023,-012
+023,-012
+023,-012
+021,-012
+021,-012
+021,-012
+021,-012
+021,-012
+021,-012
+021,-012
+021,-012
+021,-012
+021,-012
+021,-012
+021,-012
+021,-012
+021,-012
+021,-012
+021,-012
+021,-012
+021,-012
+021,-012
+019,-012
+019,-012
+019,-012
+019,-011
+019,-011
+019,-011
+019,-011
+017,-011
+017,-011
+017,-011
+017,-011
+015,-011
+015,-014
+015,-014
+015,-013
+015,-013
+015,-013
+015,-013
+015,-013
+015,-013
+015,-013
+015,-013
+015,-013
+015,-013
+015,-013
+015,-013
+013,-013
+013,-012
+013,-012
+013,-012
+013,-012
+013,-012
+013,-012
+013,-012
+013,-011
+013,-011
+013,-011
+013,-011
+013,-011
+011,-011
+011,-011
+011,-011
+011,-011
+011,-011
+011,-011
+011,-011
+011,-011
+011,-011
+011,-011
+011,-011
+011,-011
+011,-011
+011,-011
+011,-011
+011,-011
+011,-011
+011,-011
+011,-011
+011,-011
+011,-011
+011,-011
+011,-011
+011,-011
+011,-011
+011,-011
+011,-011
+011,-011
+011,-011
+011,-011
+011,-011
+011,-011
+011,-011
COP Area(S): 000296
COP Area(R): 000714