+000,-000
+000,-000
+000,-000
+000,-000
+000,-000
+000,-000
+000,-000
+000,-000
+000,-000
+000,-000
+000,-000
+000,-000
+000,-000
+000,-000
+000,-000
+000,-000
+000,-000
+000,-000
+000,-000
+000,-000
+000,-000
+000,-000
+000,-000
+000,-000
+000,-000
+000,-000
+000,-000
+000,-000
+000,-000
+000,-000
+000,-000
+000,-000
+000,-000
+000,-000
+000,-000
+000,-000
+000,-000
+000,-000
+000,-000
+000,-000
+000,-000
+000,-000
+000,-003
+000,-003
+000,-003
+000,-003
+000,-003
+000,-003
+000,-003
+000,-003
+000,-003
+000,-006
+000,-006
+000,-006
+000,-006
+000,-006
+000,-006
+000,-006
+000,-006
+000,-006
+000,-006
+000,-006
+000,-006
+000,-006
+000,-006
+000,-006
+000,-009
+000,-009
+000,-009
+000,-009
+000,-009
+000,-009
+000,-009
+000,-009
+000,-009
+000,-009
+000,-009
+000,-009
+000,-009
+000,-009
+000,-009
+000,-009
+000,-009
+000,-009
+000,-009
+000,-012
+000,-012
+000,-012
+000,-012
+000,-012
+000,-012
+000,-012
+000,-012
+000,-012
+002,-012
+002,-012
+002,-015
+002,-015
+002,-015
+002,-015
+004,-015
+004,-015
+004,-015
+004,-015
+004,-015
+004,-015
+004,-015
+006,-015
+006,-015
+006,-015
+006,-015
+006,-015
+006,-015
+006,-018
+006,-018
+006,-018
+006,-018
+006,-018
+006,-018
+006,-018
+006,-018
+006,-018
+006,-018
+006,-018
+006,-018
+006,-018
+006,-018
+006,-018
+006,-018
+006,-018
+006,-018
+008,-018
+008,-018
+008,-018
+008,-018
+008,-018
+008,-018
+008,-018
+008,-018
+008,-018
+008,-018
+008,-018
+008,-018
+008,-018
+008,-018
+008,-021
+008,-021
+008,-021
+008,-021
+008,-021
+008,-021
+008,-021
+008,-021
+008,-021
+008,-021
+010,-021
+010,-021
+010,-021
+010,-021
+010,-021
+010,-021
+010,-021
+010,-021
+010,-021
+010,-021
+010,-021
+010,-021
+010,-021
+010,-021
+010,-021
+010,-021
+010,-020
+010,-020
+010,-020
+010,-020
+010,-020
+010,-020
+010,-020
+010,-020
+010,-020
+010,-020
+012,-020
+012,-020
+012,-020
+012,-020
+012,-019
+012,-019
+012,-019
+012,-019
+012,-019
+012,-019
+012,-019
+012,-019
+012,-019
+012,-019
+012,-019
+012,-019
+012,-019
+012,-019
+012,-019
+012,-019
+012,-019
+012,-019
+012,-019
+012,-022
+012,-022
+012,-022
+012,-022
+014,-022
+014,-022
+014,-022
+014,-022
+014,-022
+014,-022
+014,-022
+014,+024
+014,+024
+014,+024
+014,+024
+014,+024
+014,+024
+014,+024
+014,+024
+014,+024
+014,+024
+016,+024
+016,+024
+016,+026
+016,+026
+016,+026
+016,+026
+016,+026
+016,+026
+016,+026
+016,+026
+016,+026
+016,+026
+016,+026
+016,+026
+016,+026
+016,+026
+016,+026
+016,+026
+018,+026
+018,+026
+018,+026
+018,+026
+018,+026
+018,+026
+018,+026
+018,+026
+018,+024
+018,+024
+018,+024
+018,+024
+018,+024
+018,+024
+018,+024
+018,+024
+018,+024
+018,+023
+016,+023
+016,+023
+016,-022
+016,-022
+016,-021
+016,-021
+016,-021
+016,-020
+016,-020
+014,-020
+014,-020
+014,-019
+014,-019
+014,-018
+014,-018
+012,-018
+012,-018
+012,-018
+012,-017
+012,-017
+010,-016
+010,-016
+010,-016
+010,-015
+010,-014
+008,-014
+008,-014
+008,-013
+008,-013
+008,-012
+008,-011
+006,-010
+006,-010
+006,-009
+006,-008
+006,-008
+006,-008
+006,-007
+004,-007
+004,-007
+004,-006
+004,-006
+004,-006
+004,-005
+004,-005
+004,-005
+004,-005
+004,-005
+002,-004
+002,-004
+002,-004
+002,-004
+002,-004
+002,-003
+002,-003
+002,-003
+002,-003
+002,-002
+002,-002
+002,-002
+002,-002
+002,-002
+002,-002
+002,-002
+002,-002
+002,-002
+002,-002
+002,-002
+002,-002
+002,-002
+002,-001
+002,-001
+002,-001
+002,-001
+002,-001
+000,-001
+000,-001
+000,-000
+000,-000
+000,-000
+000,-000
+000,-000
+000,-000
+000,-000
+002,-000
+002,-000
+002,-000
+002,-000
+002,-000
+002,-000
+002,-000
+002,-000
+002,-000
+002,-000
+002,-000
+002,-000
+002,-000
+002,-000
+002,-000
+004,-000
+004,-000
+004,-000
+006,-000
+006,-000
+006,-000
+008,-000
+008,-000
+008,-000
+008,-000
+008,-000
+010,-000
+010,-000
+010,-000
+010,-000
+010,-000
+012,-000
+012,-000
+012,-000
+014,-000
+014,-000
+014,-000
+014,-000
+014,-000
+016,-000
+016,-000
+016,-000
+016,-000
+016,-000
+016,-000
+016,-001
+016,-001
+016,-001
+016,-001
+016,-002
+016,-002
+016,-002
+016,-002
+016,-002
+016,-002
+016,-002
+014,-003
+014,-003
+014,-003
+014,-003
+014,-003
+014,-004
+014,-004
+012,-004
+012,-004
+012,-004
+012,-004
+012,-004
+012,-004
+012,-005
+012,-005
+010,-005
+010,-005
+010,-005
+010,-005
+010,-005
+010,-005
+010,-005
+010,-005
+010,-005
+010,-005
+010,-005
+010,-005
+008,-005
+008,-005
+008,-005
+008,-005
+008,-005
+008,-005
+008,-005
+008,-005
+008,-005
+008,-005
+006,-005
+006,-005
+006,-005
+006,-005
+006,-005
+006,-005
+006,-005
+004,-005
+004,-005
+002,-002
+002,-002
+002,-002
+002,-002
+002,-002
+000,-002
+000,-002
+000,-002
+000,-002
+000,-002
+000,-002
+000,-002
+000,-002
+000,-002
+000,-003
+000,-003
+000,-003
+000,-003
+002,-003
+002,-004
+002,-004
+002,-005
+002,-005
+002,-005
+002,-005
+002,-005
+002,-005
+002,-006
+002,-007
+002,-007
+002,-008
+002,-009
+002,-010
+002,-010
+002,-011
+002,-011
+002,-011
+002,-011
+002,-011
+002,-011
+002,-012
+002,-012
+002,-012
+002,-012
+002,-012
+002,-012
+002,-012
+002,-012
+002,-012
+002,-012
+002,-012
+002,-012
+002,-012
+002,-012
+002,-012
+002,-012
+002,-012
+002,-012
+002,-012
+002,-012
+005,-008
+005,-008
+005,-008
+005,-008
+005,-008
+005,-008
+005,-008
+005,-008
+005,-008
+005,-008
+005,-008
+005,-008
+005,-008
+005,-008
+005,-008
+005,-008
+006,-008
+006,-008
+006,-008
+006,-008
+006,-008
+006,-008
+006,-008
+006,-008
+006,-008
+006,-008
+006,-008
+006,-008
+006,-008
+006,-008
+006,-008
+006,-008
+006,-008
+006,-008
+004,-008
+004,-008
+004,-005
+004,-006
+004,-006
+004,-006
+004,-006
+004,-006
+004,-006
+004,-006
+004,-006
+004,-006
+002,-006
+002,-006
+002,-006
+000,-007
+000,-008
+002,-008
+002,-009
+002,-009
+002,-009
+002,-009
+002,-009
+004,-009
+004,-009
+004,-009
+004,-009
+004,-009
+004,-009
+004,-009
+004,-010
+004,-010
+004,-010
+006,-010
+006,-010
+006,-010
+006,-010
+006,-010
+006,-010
+006,-010
+006,-010
+006,-010
+006,-010
+006,-010
+006,-010
+006,-010
+008,-007
+008,-007
+008,-007
+008,-007
+008,-007
+008,-007
+008,-007
+008,-007
+008,-007
+008,-007
+008,-007
+008,-007
+008,-007
+008,-007
+008,-007
+008,-007
+008,-007
+010,-007
+010,-007
+010,-004
+010,-004
+010,-004
+010,-004
+010,-004
+010,-004
+010,-004
+010,-004
+010,-004
+010,-004
+010,-004
+010,-004
+010,-004
+010,-004
+010,-004
+010,-004
+010,-004
+010,-004
+010,-004
+008,-004
+008,-004
+008,-004
+008,-004
+008,-004
+008,-004
+008,-004
+008,-004
+008,-004
+008,-004
+008,-004
+008,-004
+008,-004
+008,-004
+008,-004
+008,-004
+008,-004
+008,-004
+008,-004
+008,-004
+008,-004
+008,-004
+008,-004
+010,-004
+010,-004
+010,-001
+010,-001
+010,-001
+010,-001
+010,-001
+010,-001
+010,-001
+010,-001
+010,-001
+010,-001
+010,-001
+010,-001
+010,-002
+010,-002
+008,-002
+008,-002
+008,-005
+008,-005
+008,-005
+008,-005
+008,-005
+008,-005
+008,-005
+008,-005
+008,-005
+008,-008
+010,-008
+010,-008
+010,-008
+010,-008
+010,-008
+010,-008
+010,-008
+010,-011
+010,-011
+010,-011
+010,-011
+010,-011
+010,-011
+010,-011
+012,-011
+012,-011
+012,-011
+012,-014
+012,-014
+012,-014
+012,-014
+012,-014
+012,-014
+012,-014
+014,-014
+014,-014
+014,-014
+014,-014
+014,-014
+014,-014
+014,-017
+014,-017
+014,-017
+014,-017
+014,-017
+014,-017
+014,-017
+014,-017
+014,-017
+014,-017
+014,-020
+014,-020
+014,-020
+014,-020
+014,-020
+014,-020
+014,-020
+014,-020
+014,-020
+014,-020
+014,-020
+014,-020
+014,-020
+014,-020
+014,-020
+014,-020
+014,-020
+014,-020
+014,-020
+014,-020
+014,-020
+014,-020
+014,-020
+014,-020
+014,-020
+014,-020
+014,-020
+014,-020
+014,-020
+014,-020
+014,-020
+014,-020
+014,-020
+014,-020
+014,-020
+014,-020
+014,-020
+014,-020
+014,-020
+014,-020
+014,-020
+016,-020
+016,-020
+016,-020
+016,-019
+016,-019
+016,-019
+016,-019
+016,-019
+016,-019
+018,-019
+018,-019
+018,-019
+018,-019
+018,-019
+018,-019
+018,-019
+018,-019
+018,-019
+018,-019
+018,-019
+018,-019
+018,-019
+018,-019
+018,-019
+018,-019
+018,-019
+018,-019
+018,-019
+018,-019
+018,-019
+018,-019
+018,-019
+018,-019
+018,-019
+018,-019
+018,-019
+018,-019
+018,-019
+018,-019
+018,-019
+018,-019
+018,-019
+018,-019
+018,-019
+018,-019
+018,-019
+016,-022
+016,-021
+016,-021
+016,-021
+016,-021
+016,-021
+016,-021
+016,-021
+016,-021
+016,-021
+016,-021
+016,-021
+016,-021
+016,-021
+016,-021
+016,-021
+016,+023
+016,+023
+016,+023
+016,+023
+016,+023
+016,+023
+016,+023
+016,+023
+016,+023
+016,+023
+016,+023
+016,+023
+016,+023
+016,+023
+016,+023
+016,+023
+016,+023
+016,+023
+016,+023
+016,+023
+016,+023
+016,+023
+016,+023
+016,+023
+016,+025
+016,+025
+016,+025
+016,+025
+016,+025
+016,+025
+016,+025
+016,+025
+016,+025
+014,+025
+014,+025
+014,+025
+014,+025
+014,+025
+014,+025
+014,+025
+014,+025
+014,+025
+014,+025
+012,+025
+012,+025
+012,+025
+012,+025
+012,+025
+012,+025
+012,+023
+012,+023
+010,+023
+010,+023
+010,+023
+010,+023
+010,+023
+010,+023
+010,+023
+010,+023
+010,+023
+010,+023
+010,+023
+010,+023
+008,+023
+008,+023
+008,+023
+008,+023
+008,+023
+008,+023
+008,+023
+008,+023
+008,+023
+008,+023
+008,+023
+008,+023
+008,+023
+008,+023
+008,+023
+008,+023
+008,+023
+008,+023
+008,+023
+008,+023
+008,+023
+008,+023
+008,+023
+008,+023
+008,+023
+008,+023
+008,+023
+008,+023
+008,+023
+008,+023
+008,+023
+008,+023
+008,+023
+008,+023
+008,+025
+008,+025
+008,+025
+008,+025
+008,+025
+008,+025
+008,+025
+006,+025
+006,+025
+006,+025
+006,+025
+006,+025
+006,+025
+006,+025
+006,+025
+006,+025
+006,+025
+006,+025
+006,+025
+006,+025
+006,+025
+006,+025
+006,+025
+006,+025
+006,+025
+006,+025
+006,+025
+006,+025
+006,+025
+006,+025
+006,+025
+006,+025
+006,+025
+006,+025
+006,+025
+006,+025
+006,+025
+006,+025
+006,+025
+006,+025
+006,+025
+006,+025
+006,+025
+006,+025
+006,+025
+006,+025
+006,+025
+006,+025
+006,+025
+006,+025
+006,+025
+006,+025
+008,+025
+008,+025
+008,+025
+008,+025
+008,+025
+008,+025
+008,+025
+008,+025
+008,+025
+008,+025
+008,+025
+008,+025
+008,+025
+008,+025
+008,+025
+008,+025
+008,+025
+008,+025
+008,+025
+008,+025
+008,+025
+008,+025
+008,+025
+008,+025
+008,+025
+008,+025
+008,+025
+008,+025
+008,+025
+008,+025
+008,+023
+008,+023
+008,+023
+008,+023
+008,+023
+008,+023
+008,+023
+010,+023
+010,+023
+010,+023
+010,+023
+010,+023
+010,+023
+010,+023
+010,+023
+010,+023
+010,-022
+010,-022
+010,-022
+010,-022
+010,-021
+010,-021
+010,-021
+012,-021
+012,-021
+012,-021
+012,-021
+012,-021
+012,-021
+012,-021
+012,-020
+012,-020
+012,-020
+014,-020
+014,-020
+014,-020
+014,-020
+014,-020
+014,-020
+014,-020
+014,-020
+014,-020
+014,-020
+014,-020
+014,-020
+014,-020
+014,-020
+014,-020
+014,-020
+014,-020
+014,-019
+014,-019
+014,-019
+014,-019
+014,-019
+014,-019
+014,-019
+014,-019
+014,-019
+014,-019
+014,-019
+014,-019
+014,-019
+014,-019
+014,-019
+014,-019
+014,-019
+014,-019
+014,-019
+014,-019
+014,-019
+014,-019
+014,-019
+014,-019
+014,-019
+014,-019
+014,-019
+014,-019
+014,-019
+014,-019
+014,-019
+014,-019
+014,-019
+014,-019
+014,-019
+014,-019
+014,-019
+014,-019
+014,-019
+014,-018
+014,-018
+014,-018
+014,-018
+014,-017
+014,-017
+014,-017
+014,-017
+014,-017
+014,-017
+014,-017
+014,-016
+014,-016
+014,-016
+014,-016
+014,-016
+014,-016
+014,-016
+014,-016
+014,-016
+014,-016
+014,-015
+014,-015
+014,-015
+014,-015
+014,-015
+014,-015
+014,-015
+014,-015
+014,-015
+014,-015
+014,-014
+014,-014
+012,-014
+012,-014
+012,-014
+012,-014
+012,-014
+012,-013
+012,-013
+012,-013
+012,-013
+012,-013
+012,-013
+012,-013
+012,-013
+012,-013
+012,-012
+012,-012
+012,-012
+012,-012
+012,-012
+012,-012
+012,-012
+012,-012
+012,-012
+012,-012
+012,-012
+012,-012
+012,-012
+012,-012
+012,-012
+012,-012
+012,-012
+012,-012
+012,-012
+012,-012
+012,-012
+012,-012
+012,-012
+012,-012
+012,-012
+012,-012
+012,-012
+012,-012
+012,-012
+012,-012
+012,-012
+012,-015
+012,-015
+012,-015
+012,-015
+012,-015
+012,-015
+012,-015
+012,-015
+012,-015
+012,-015
+012,-015
+012,-015
+012,-015
+012,-015
+012,-015
+014,-015
+014,-015
+014,-015
+014,-018
+014,-017
+014,-017
+014,-017
+014,-017
+014,-017
+014,-017
+014,-017
+014,-017
+014,-017
+014,-017
+014,-017
+014,-017
+014,-017
+014,-017
+014,-017
+014,-017
+014,-017
+014,-017
+014,-017
+014,-017
+014,-017
+014,-017
+014,-017
+014,-017
+014,-017
+014,-017
+014,-017
+014,-017
+014,-016
+014,-016
+014,-016
+014,-016
+014,-016
+014,-016
+014,-016
+014,-016
+014,-016
+014,-016
+014,-016
+014,-016
+014,-016
+014,-016
+014,-016
+014,-016
+014,-016
+014,-016
+014,-015
+014,-015
+014,-015
+014,-015
+014,-015
+014,-015
+014,-015
+014,-015
+014,-015
+014,-015
+014,-015
+014,-014
+012,-014
+012,-014
+012,-014
+012,-014
+012,-014
+012,-013
+012,-013
+012,-013
+012,-013
+012,-013
+012,-013
+012,-013
+012,-013
+012,-013
+012,-013
+012,-012
+012,-012
+012,-012
+012,-012
+012,-012
+012,-012
+012,-012
+012,-012
+012,-012
+012,-011
+012,-011
+012,-011
+010,-011
+010,-011
+010,-010
+010,-010
+010,-010
+010,-010
+010,-010
+010,-010
+010,-010
+010,-009
+010,-009
+010,-009
+010,-009
+010,-009
+010,-009
+010,-009
+010,-008
+010,-007
+010,-007
+012,-006
+012,-006
+012,-005
+012,-005
+012,-005
+012,-005
+012,-005
+012,-005
+012,-005
+012,-004
+012,-004
+012,-004
+012,-004
+012,-004
+012,-004
+012,-004
+012,-004
+012,-003
+012,-003
+012,-003
+012,-003
+012,-003
+012,-003
+012,-003
+012,-002
+012,-002
+012,-001
+012,-001
+012,-001
+012,-001
+012,-001
+012,-001
+012,-001
+012,-000
+012,-000
+012,-000
+012,-001
+012,-001
+012,-001
+012,-001
+012,-002
+010,-002
+010,-002
+010,-002
+010,-002
+010,-002
+010,-003
+010,-003
+010,-003
+010,-003
+010,-003
+010,-003
+010,-003
+010,-003
+010,-003
+008,-003
+008,-003
+008,-003
+008,-003
+008,-003
+008,-003
+006,-003
+004,-003
+004,-000
+002,-000
+002,-000
+002,-000
+002,-000
+002,-000
+002,-000
+002,-001
+002,-001
+000,-001
+000,-001
+000,-001
+000,-001
+000,-001
+000,-001
+000,-001
+000,-001
+000,-001
+002,-001
+002,-001
+002,-001
+002,-001
+002,-001
+002,-001
+002,-001
+002,-001
+002,-001
+002,-001
+002,-002
+002,-001
+002,-001
+002,-001
+002,-001
+002,-001
+002,-001
+002,-001
+002,-001
+002,-001
+002,-001
+002,-001
+002,-001
+002,-001
+002,-001
+002,-001
+002,-001
+002,-001
+000,-001
+000,-001
+000,-001
+000,-001
+000,-001
+000,-001
+000,-001
+000,-001
+000,-001
+000,-004
+000,-004
+000,-004
+000,-004
+000,-004
+000,-004
+000,-004
+000,-004
+000,-004
+000,-007
+000,-007
+000,-007
+000,-007
+000,-007
+000,-007
+000,-007
+000,-007
+000,-007
+000,-007
+000,-010
+000,-010
+000,-010
+000,-010
+000,-010
+000,-010
+000,-010
+000,-010
+000,-010
+000,-010
+000,-010
+000,-010
+000,-010
+000,-010
+000,-010
+000,-010
+000,-010
+000,-010
+000,-010
+000,-010
+000,-010
+000,-010
+000,-010
+000,-010
+000,-010
+000,-010
+000,-013
+000,-013
+000,-013
+000,-013
+000,-013
+000,-013
+000,-013
+000,-013
+000,-013
+000,-013
+000,-013
+000,-013
+000,-013
+000,-013
+000,-013
+000,-016
+000,-015
+002,-015
+002,-015
+002,-015
+002,-015
+002,-015
+002,-015
+002,-015
+002,-015
+002,-015
+002,-015
+002,-015
+002,-015
+002,-015
+002,-015
+002,-015
+002,-015
+002,-015
+002,-015
+002,-015
+002,-015
+002,-015
+002,-015
+002,-015
+002,-015
+002,-015
+002,-015
+002,-015
+004,-015
+004,-015
+004,-015
+004,-015
+004,-015
+004,-015
+004,-015
+004,-015
+006,-015
+006,-015
+006,-015
+006,-015
+006,-015
+006,-015
+006,-015
+008,-015
+008,-015
+008,-015
+008,-015
+008,-015
+008,-018
+010,-018
+010,-018
+010,-018
+010,-018
+010,-018
+010,-018
+010,-018
+010,-018
+010,-018
+010,-018
+010,-018
+012,-018
+012,-018
+012,-018
+012,-018
+012,-018
+012,-018
+012,-018
+012,-018
+012,-017
+012,-017
+012,-017
+012,-016
+012,-016
+012,-016
+012,-015
+012,-015
+012,-015
+012,-014
+012,-014
+012,-014
+012,-014
+012,-014
+012,-014
+010,-013
+010,-013
+010,-013
+010,-013
+010,-012
+010,-012
+010,-012
+010,-012
+010,-012
+010,-012
+010,-012
+010,-011
+010,-011
+010,-011
+010,-011
+010,-011
+010,-011
+010,-010
+010,-010
+010,-010
+010,-010
+010,-010
+010,-010
+010,-010
+010,-010
+010,-010
+010,-009
+010,-009
+010,-009
+008,-009
+008,-009
+008,-009
+008,-009
+008,-009
+008,-009
+008,-009
+008,-009
+008,-009
+010,-009
+010,-009
+010,-009
+010,-009
+010,-009
+010,-009
+010,-009
+012,-008
+012,-007
+012,-007
+012,-007
+014,-006
+014,-006
+014,-006
+014,-006
+014,-006
+014,-006
+014,-006
+014,-006
+014,-006
+014,-006
+014,-006
+016,-006
+016,-006
+016,-006
+016,-006
+016,-006
+016,-006
+016,-006
+016,-006
+016,-006
+016,-006
+016,-006
+016,-006
+016,-006
+016,-006
+018,-006
+018,-006
+018,-006
+018,-006
+018,-006
+018,-006
+018,-006
+018,-006
+018,-006
+018,-006
+018,-006
+018,-005
+018,-005
+018,-005
+018,-005
+018,-005
+018,-005
+018,-004
+018,-004
+018,-004
+018,-003
+018,-003
+018,-003
+018,-003
+018,-003
+018,-003
+018,-003
+018,-002
+018,-002
+018,-002
+018,-002
+018,-002
+018,-002
+018,-002
+018,-002
+018,-002
+018,-002
+018,-002
+018,-002
+018,-002
+018,-002
+018,-002
+018,-002
+018,-002
+018,-002
+018,-002
+018,-002
+018,-002
+018,-002
+018,-002
+018,-002
+018,-002
+018,-002
+018,-002
+018,-005
+018,-005
+018,-005
+018,-005
+018,-005
+018,-005
+018,-005
+018,-005
+018,-005
+018,-005
+020,-005
+020,-005
+020,-005
+020,-005
+020,-005
+020,-005
+020,-005
+020,-005
+020,-005
+022,-005
+022,-005
+022,-005
+022,-005
+022,-005
+022,-005
+022,-005
+022,-005
+022,-005
+022,-005
+022,-005
+022,-005
+022,-005
+022,-005
+022,-005
+022,-005
+022,-005
+022,-005
+022,-005
+022,-005
+022,-005
+022,-005
+022,-005
+022,-005
+022,-005
+022,-005
+022,-005
+022,-005
+022,-005
+020,-005
+020,-005
+020,-005
+020,-005
+020,-005
+020,-005
+020,-005
+020,-005
+020,-005
+020,-005
+020,-005
+020,-005
+018,-005
+018,-005
+018,-005
+018,-005
+018,-005
+018,-005
+018,-005
+018,-005
+018,-005
+018,-005
+018,-005
+018,-005
+018,-005
+018,-005
+018,-005
+018,-005
+018,-005
+018,-005
+018,-005
+018,-005
+018,-005
+018,-005
+018,-004
+018,-004
+018,-004
+018,-004
+018,-003
+018,-003
+018,-003
+018,-002
+018,-002
+018,-002
+018,-002
+018,-002
+018,-002
+018,-002
+018,-002
+018,-002
+018,-002
+018,-002
+018,-002
+018,-002
+018,-002
+018,-002
+018,-002
+018,-002
+018,-002
+018,-002
+016,-002
+016,-002
+016,-002
+016,-002
+016,-002
+016,-002
+016,-002
+016,-002
+016,-002
+016,-002
+016,-002
+014,-002
+014,-002
+014,-005
+014,-005
+014,-004
+014,-004
+014,-004
+012,-004
+010,-007
+010,-007
+010,-007
+010,-007
+010,-007
+010,-007
+010,-007
+010,-007
+010,-007
+010,-007
+008,-007
+008,-010
+008,-009
+008,-009
+008,-009
+008,-009
+008,-009
+008,-009
+008,-009
+008,-009
+008,-009
+008,-009
+008,-009
+008,-009
+008,-009
+008,-009
+008,-009
+008,-009
+008,-009
+008,-009
+008,-009
+006,-009
+006,-009
+006,-009
+006,-009
+006,-009
+006,-009
+006,-009
+006,-009
+006,-009
+006,-009
+006,-009
+006,-009
+006,-009
+006,-009
+006,-009
+006,-009
+006,-009
+006,-009
+006,-009
+006,-009
+006,-009
+006,-009
+006,-009
+006,-009
+006,-009
+006,-009
+006,-009
+004,-009
+004,-009
+004,-009
+004,-009
+004,-009
+004,-009
+004,-009
+004,-009
+004,-009
+004,-009
+004,-009
+004,-009
+004,-009
+004,-009
+004,-009
+004,-009
+004,-009
+004,-009
+004,-009
+004,-009
+004,-009
+006,-009
+006,-009
+006,-009
+006,-009
+006,-009
+006,-009
+006,-009
+006,-009
+006,-009
+006,-009
+006,-009
+006,-009
+006,-009
+006,-009
+006,-009
+006,-009
+006,-009
+006,-012
+006,-012
+006,-012
+006,-012
+006,-012
+006,-012
+006,-012
+006,-012
+006,-012
+006,-012
+006,-012
+006,-012
+006,-012
+008,-012
+008,-012
+008,-012
+008,-012
+008,-012
+008,-012
+008,-012
+008,-012
+008,-012
+008,-012
+008,-012
+008,-012
+008,-012
+008,-012
+008,-012
+008,-012
+008,-012
+008,-012
+008,-012
+008,-012
+008,-012
+008,-012
+008,-012
+008,-012
+008,-012
+008,-012
+008,-012
+008,-012
+008,-012
+008,-012
+008,-012
+008,-012
+008,-012
+008,-012
+008,-012
+008,-012
+008,-012
+008,-012
+006,-012
+006,-012
+006,-012
+006,-012
+006,-012
+006,-012
+006,-012
+006,-012
+006,-012
+006,-012
+006,-012
+006,-012
+006,-012
+006,-012
+006,-012
+006,-012
+006,-012
+006,-012
+006,-012
+006,-012
+006,-012
+006,-012
+006,-012
+006,-012
+006,-012
+008,-012
+008,-012
+008,-012
+008,-012
+008,-012
+008,-012
+008,-012
+008,-012
+008,-012
+008,-015
+008,-014
+008,-014
+008,-014
+008,-014
+008,-014
+008,-014
+008,-014
+008,-014
+008,-014
+008,-014
+008,-014
+008,-014
+008,-014
+008,-014
+008,-014
+008,-014
+008,-017
+008,-016
+008,-016
+008,-016
+008,-016
+008,-016
+008,-016
+008,-016
+008,-016
+008,-016
+008,-016
+010,-016
+010,-016
+010,-016
+010,-016
+010,-016
+010,-016
+010,-016
+010,-016
+010,-016
+010,-016
+010,-016
+010,-016
+010,-016
+012,-016
+012,-016
+012,-016
+012,-016
+012,-016
+012,-016
+012,-016
+012,-016
+012,-016
+012,-016
+012,-016
+012,-016
+012,-016
+012,-016
+012,-016
+012,-016
+012,-016
+014,-016
+014,-016
+014,-016
+014,-016
+014,-016
+014,-016
+014,-016
+014,-016
+014,-016
+014,-016
+014,-016
+014,-016
+014,-016
+014,-016
+014,-016
+014,-016
+014,-016
+014,-016
+014,-016
+014,-016
+014,-016
+014,-016
+014,-016
+014,-016
+014,-015
+014,-015
+014,-015
+014,-015
+014,-015
+014,-015
+014,-015
+014,-015
+014,-015
+014,-015
+014,-015
+014,-015
+014,-015
+014,-015
+014,-015
+014,-015
+014,-015
+014,-015
+014,-015
+014,-015
+014,-015
+014,-015
+014,-015
+014,-015
+014,-015
+014,-015
+014,-015
+014,-015
+014,-015
+014,-015
+014,-015
+014,-015
+014,-015
+014,-015
+014,-015
+014,-015
+014,-015
+014,-015
+014,-015
+014,-015
+014,-015
+014,-015
+014,-015
+014,-015
+014,-015
+014,-015
+014,-015
+014,-015
+014,-015
+014,-015
+014,-015
+014,-015
+014,-015
+014,-015
+014,-015
+014,-015
+014,-015
+014,-015
+014,-015
+014,-015
+014,-015
+014,-015
+014,-015
+014,-015
+014,-015
+014,-015
+014,-015
+014,-015
+014,-015
+014,-015
+014,-015
+014,-015
+014,-015
+014,-015
+014,-015
+014,-015
+014,-015
+014,-015
+014,-015
+014,-015
+014,-015
+014,-018
+014,-017
+014,-017
+014,-017
+014,-017
+014,-017
+014,-017
+014,-017
+014,-017
+014,-017
+014,-017
+014,-017
+014,-017
+014,-017
+014,-017
+014,-017
+014,-017
+014,-017
+014,-017
+014,-017
+014,-017
+014,-017
+014,-017
+014,-017
+014,-017
+014,-017
+016,-017
+016,-017
+016,-017
+016,-017
+016,-017
+016,-017
+016,-017
+016,-017
+016,-017
+016,-017
+016,-017
+016,-017
+016,-017
+016,-017
+016,-017
+016,-017
+016,-017
+016,-017
+016,-017
+016,-017
+016,-017
+016,-017
+016,-017
+016,-016
+014,-016
+014,-016
+014,-016
+014,-016
+014,-016
+014,-015
+014,-015
+014,-015
+014,-015
+014,-015
+014,-015
+014,-015
+014,-015
+014,-015
+014,-014
+014,-014
+014,-014
+014,-014
+014,-014
+014,-014
+014,-014
+014,-013
+014,-013
+014,-013
+014,-013
+014,-013
+014,-013
+014,-013
+014,-013
+014,-013
+014,-013
+014,-013
+014,-013
+012,-013
+012,-013
+012,-013
+012,-012
+012,-012
+012,-012
+012,-012
+012,-012
+012,-012
+012,-012
+012,-012
+012,-012
+012,-012
+012,-012
+012,-012
+012,-012
+012,-012
+012,-012
+012,-012
+012,-012
+012,-012
+012,-012
+012,-012
+012,-012
+012,-012
+012,-012
+012,-012
+010,-012
+010,-012
+010,-012
+010,-012
+010,-012
+010,-012
+010,-012
+010,-012
+010,-012
+010,-012
+010,-012
+010,-012
+010,-012
+010,-012
+010,-012
+010,-012
+010,-012
+010,-012
+010,-012
+010,-012
+010,-012
+010,-012
+010,-012
+010,-012
+010,-012
+010,-012
+010,-012
+010,-012
+010,-012
+010,-012
+010,-012
+010,-012
+010,-012
+010,-012
+010,-012
+010,-012
+010,-012
+010,-012
+010,-012
+010,-012
+010,-012
+010,-012
+010,-012
+010,-012
+010,-012
+012,-012
+012,-012
+012,-012
+012,-012
+012,-012
+012,-012
+012,-012
+012,-012
+012,-012
+012,-012
+012,-012
+012,-012
+012,-012
+012,-012
+012,-012
+012,-012
+012,-012
+012,-011
+012,-011
+012,-011
+012,-011
+012,-011
+012,-011
+012,-011
+012,-011
+012,-011
+012,-011
+012,-011
+012,-011
+012,-011
+012,-011
+012,-011
+012,-011
+012,-011
+012,-011
+012,-011
+012,-011
+012,-011
+012,-011
+012,-011
+012,-011
+012,-011
+012,-011
+012,-011
+012,-011
+012,-011
+012,-011
+012,-011
+012,-011
+012,-011
+012,-011
+012,-011
+012,-011
+012,-011
+014,-011
+014,-010
+014,-010
+016,-010
+016,-010
+016,-010
+016,-010
+016,-010
+016,-010
+018,-010
+018,-010
+018,-010
+018,-010
+018,-010
+018,-010
+018,-010
+018,-010
+018,-010
+018,-010
+018,-010
+018,-010
+018,-010
+018,-010
+018,-010
+018,-010
+018,-010
+018,-010
+018,-010
+018,-010
+018,-010
+018,-010
+018,-010
+018,-010
+018,-010
+018,-010
+018,-010
+018,-010
+018,-010
+018,-010
+018,-010
+018,-010
+018,-010
+018,-010
+018,-010
+018,-010
+018,-010
+018,-010
+018,-010
+018,-010
+018,-010
+018,-010
+018,-010
+018,-010
+018,-010
+018,-010
+018,-010
+018,-010
+018,-010
+015,-014
+015,-014
+015,-014
+015,-014
+015,-014
+015,-014
+015,-014
+015,-014
+015,-014
+015,-014
+015,-014
+015,-014
+015,-014
+015,-014
+015,-014
+015,-014
+015,-014
+015,-014
+015,-014
+015,-014
+015,-014
+015,-014
+015,-014
+015,-014
+015,-014
+015,-014
+015,-014
+015,-014
+015,-014
+015,-014
+015,-014
+015,-014
+017,-014
+017,-013
+019,-012
+019,-012
+019,-012
+019,-012
+019,-012
+019,-012
+019,-012
+019,-012
+019,-012
+019,-012
+019,-012
+019,-012
+019,-012
+021,-012
+021,-012
+021,-012
+021,-012
+021,-012
+021,-012
+021,-012
+021,-012
+021,-012
+021,-012
+021,-012
+021,-012
+021,-012
+021,-012
+021,-012
+021,-012
+021,-012
+021,-012
+021,-012
+021,-012
+021,-012
+023,-012
+023,-012
+023,-012
+023,-012
+023,-012
+023,-012
+023,-012
+023,-012
+021,-012
+021,-012
+021,-015
+021,-015
+019,-015
+019,-015
+019,-015
+019,-015
+019,-015
+019,-015
+017,-015
+017,-015
+017,-015
+017,-015
+017,-015
+017,-015
+017,-015
+015,-015
+015,-015
+015,-015
+015,-015
+015,-015
+015,-015
+015,-015
+015,-015
+015,-015
+015,-015
+013,-014
+013,-014
+013,-014
+013,-014
+013,-014
+013,-013
+013,-013
+013,-013
+013,-013
+013,-013
+011,-013
+011,-013
+011,-013
+011,-013
+011,-013
+011,-013
+011,-013
+011,-013
+011,-013
+011,-013
+011,-013
+011,-013
+011,-013
+011,-013
+011,-013
+011,-013
+011,-013
+011,-013
+013,-013
+013,-016
+013,-016
+013,-016
+013,-016
+013,-016
+013,-016
+013,-016
+013,-016
+013,-016
+013,-016
+013,-016
+013,-016
+013,-016
+013,-016
+013,-019
+013,-018
+015,-018
+015,-018
+015,-018
+015,-018
+015,-018
+015,-018
+015,-018
+015,-018
+015,-018
+015,-018
+015,-018
+015,-018
+015,-018
+015,-018
+015,-018
+015,-018
+015,-018
+015,-018
+015,-017
+015,-017
+015,-017
+015,-017
+015,-017
+015,-016
+013,-016
+013,-016
+013,-016
+013,-016
+013,-016
+013,-016
+013,-016
+013,-016
+013,-016
+013,-015
+013,-015
+011,-015
+011,-015
+011,-015
+011,-015
+011,-015
+011,-014
+011,-014
+011,-014
+011,-013
+011,-013
+011,-013
+011,-013
+011,-013
+011,-013
+011,-013
+011,-013
+011,-013
+011,-013
+011,-013
+011,-013
+011,-013
+011,-013
+011,-013
+011,-013
+011,-013
+011,-013
+011,-013
+011,-013
+011,-013
+011,-013
+011,-013
+011,-013
+011,-013
+011,-016
+011,-016
+011,-015
+011,-015
+011,-015
+011,-015
+011,-015
+011,-015
+011,-015
+011,-015
+011,-015
+011,-015
+011,-015
+011,-015
+011,-015
+011,-015
+011,-015
+011,-015
+011,-015
+011,-015
+011,-015
+011,-015
+011,-015
+011,-015
+011,-015
+011,-015
+011,-015
+011,-015
+009,-015
+009,-015
+009,-015
+009,-015
+009,-015
+009,-015
+009,-015
+009,-015
+009,-015
+009,-015
+009,-014
+009,-014
+009,-014
+009,-014
+009,-014
+009,-014
+009,-014
+009,-014
+009,-014
+007,-014
+007,-014
+007,-013
+007,-013
+007,-013
+007,-013
+007,-013
+007,-013
+007,-012
+007,-012
+007,-012
+007,-012
+007,-012
+007,-012
+007,-012
+007,-012
+007,-012
+007,-011
+007,-011
+007,-011
+007,-011
+007,-011
+007,-011
+007,-011
+007,-011
+007,-011
+007,-011
+007,-011
+007,-011
+007,-011
+007,-011
+007,-011
+007,-011
+005,-011
+005,-010
+005,-010
+005,-010
+005,-010
+005,-010
+005,-010
+005,-010
+005,-010
+005,-010
+005,-010
+005,-010
+005,-010
+005,-010
+005,-009
+005,-009
+005,-009
+005,-009
+005,-009
+005,-009
+005,-009
+005,-009
+005,-009
+005,-009
+005,-009
+005,-009
+005,-009
+005,-009
+005,-009
+005,-009
+005,-009
+005,-009
+005,-009
+005,-009
+005,-009
+005,-008
+005,-008
+005,-008
+005,-008
+005,-008
+005,-008
+005,-008
+005,-008
+005,-008
+005,-008
+005,-008
+005,-008
+005,-008
+005,-008
+005,-008
+005,-008
+005,-008
+005,-008
+005,-008
+005,-008
+005,-008
+005,-008
+005,-008
+005,-008
+005,-008
+005,-008
+005,-008
+005,-008
+005,-008
+005,-008
+005,-008
+005,-008
+005,-008
+005,-008
+005,-008
+005,-008
+005,-008
+005,-008
+005,-008
+005,-008
+005,-008
+005,-008
+005,-008
+005,-008
+005,-008
+005,-008
+005,-008
+005,-008
+005,-008
+005,-008
+005,-008
+005,-008
+005,-008
+005,-008
+005,-007
+005,-007
+005,-007
+005,-007
+005,-007
+005,-007
+007,-007
+007,-007
+007,-007
+007,-007
+007,-007
+007,-007
+007,-007
+007,-007
+007,-007
+007,-007
+007,-007
+007,-007
+007,-007
+007,-007
+007,-007
+009,-007
+009,-007
+009,-007
+009,-007
+009,-007
+009,-007
+009,-007
+009,-010
+011,-009
+011,-009
+011,-009
+011,-009
+011,-009
+013,-008
+013,-007
+013,-007
+015,-007
+015,-007
+015,-007
+015,-007
+015,-007
+015,-007
+015,-007
+015,-007
+015,-007
+015,-007
+017,-007
+017,-007
+017,-007
+017,-007
+017,-007
+017,-007
+017,-007
+017,-007
+017,-007
+017,-007
+017,-007
+017,-007
+017,-007
+017,-007
+017,-007
+017,-007
+019,-007
+019,-007
+019,-007
+019,-007
+019,-007
+019,-007
+019,-007
+019,-007
+019,-010
+019,-010
+019,-010
+019,-010
+019,-010
+019,-010
+019,-010
+019,-010
+019,-010
+019,-010
+019,-010
+019,-010
+019,-010
+019,-010
+019,-010
+019,-010
+019,-010
+019,-010
+021,-010
+021,-010
+021,-010
+021,-010
+021,-010
+021,-010
+021,-010
+021,-010
+021,-010
+021,-013
+021,-013
+021,-013
+021,-013
+023,-013
+023,-013
+023,-013
+023,-013
+023,-013
+023,-013
+023,-013
+023,-013
+023,-013
+023,-013
+023,-013
+025,-013
+025,-013
+025,-013
+025,-013
+025,-013
+025,-013
+025,-013
+025,-013
+025,-013
+025,-013
+025,-013
+025,-013
+025,-013
+025,-013
+025,-013
+025,-013
+025,-013
+025,-013
+025,-013
+025,-013
+025,-013
+025,-013
+025,-013
+025,-013
+025,-013
+025,-016
+025,-016
+025,-016
+025,-016
+025,-016
+025,-016
+025,-016
+025,-016
+025,-016
+025,-016
+025,-016
+025,-016
+025,-016
+025,-016
+025,-016
+025,-016
+025,-016
+025,-016
+025,-016
+025,-016
+025,-016
+025,-016
+023,-016
+023,-016
+023,-016
+023,-016
+023,-016
+023,-016
+023,-019
+023,-019
+023,-018
+021,-018
+021,-018
+021,-018
+021,-018
+021,-018
+019,-018
+019,-018
+019,-018
+019,-018
+019,-018
+019,-018
+019,-018
+019,-018
+019,-018
+019,-018
+017,-018
+017,-018
+017,-018
+017,-018
+017,-018
+017,-018
+017,-018
+017,-018
+017,-018
+017,-018
+017,-018
+017,-018
+017,-018
+017,-018
+017,-018
+017,-018
+017,-018
+017,-018
+017,-018
+017,-018
+017,-018
+017,-018
+017,-018
+019,-018
+019,-018
+019,-018
+019,-018
+019,-018
+019,-018
+019,-018
+019,-018
+019,-018
+019,-018
+019,-018
+019,-018
+019,-018
+021,-017
+021,-016
+023,-016
+023,-015
+023,-015
+023,-015
+023,-015
+023,-015
+023,-015
+023,-015
+023,-014
+023,-014
+023,-014
+023,-014
+023,-014
+023,-014
+023,-014
+021,-014
+021,-014
+021,-014
+021,-014
+021,-013
+019,-013
+019,-013
+019,-013
+017,-016
+017,-016
+017,-015
+017,-015
+017,-015
+017,-015
+017,-015
+015,-015
+015,-015
+015,-015
+015,-015
+015,-015
+015,-015
+015,-015
+015,-015
+015,-015
+015,-015
+015,-015
+015,-014
+015,-014
+015,-014
+015,-014
+015,-014
+015,-014
+013,-014
+013,-014
+013,-014
+013,-014
+013,-014
+013,-014
+013,-014
+013,-013
+013,-013
+013,-013
+013,-013
+013,-013
+013,-013
+013,-013
+013,-013
+013,-013
+013,-013
+013,-013
+013,-012
+013,-012
+013,-012
+013,-012
+013,-012
+013,-012
+013,-011
+013,-011
+013,-011
+013,-011
+013,-010
+015,-010
+015,-010
+015,-009
+015,-009
+015,-008
+015,-008
+015,-008
+015,-008
+015,-008
+015,-008
+015,-008
+015,-008
+015,-008
+015,-008
+015,-008
+015,-007
+015,-007
+015,-007
+015,-007
+015,-007
+015,-007
+015,-007
+015,-007
+015,-007
+015,-007
+015,-007
+015,-007
+015,-006
+015,-006
+015,-006
+015,-006
+015,-006
+015,-006
+015,-006
+015,-006
+015,-005
+015,-005
+015,-005
+015,-005
+015,-005
+015,-005
+015,-004
+015,-004
+015,-004
+013,-004
+013,-003
+013,-003
+013,-003
+013,-003
+013,-002
+013,-002
+013,-002
+013,-002
+013,-002
+013,-001
+013,-001
+013,-001
+013,-001
+013,-001
+013,-000
+013,-000
+013,-000
+013,-000
+013,-000
+013,-000
+013,-000
+013,-000
+013,-000
+013,-000
+013,-000
+013,-000
+011,-001
+011,-001
+011,-001
+011,-001
+011,-001
+011,-001
+011,-001
+011,-001
+011,-001
+011,-001
+011,-002
+011,-002
+011,-002
+011,-002
+011,-002
+011,-002
+009,-002
+009,-003
+009,-003
+009,-003
+009,-003
+009,-003
+009,-003
+009,-003
+009,-003
+009,-003
+009,-003
+009,-003
+009,-003
+009,-003
+009,-003
+009,-003
+007,-003
+007,-003
+007,-003
+007,-000
+007,-000
+005,-000
+005,-000
+005,-003
+005,-002
+005,-002
+005,-002
+005,-002
+005,-002
+003,-002
+003,-002
+003,-002
+003,-002
+003,-002
+003,-002
+003,-002
+003,-002
+003,-002
+003,-002
+003,-002
+003,-005
+003,-005
+003,-005
+003,-005
+003,-005
+003,-005
+003,-005
+003,-005
+003,-005
+003,-005
+003,-005
+005,-005
+005,-005
+005,-005
+005,-005
+005,-005
+005,-005
+005,-005
+005,-005
+005,-005
+007,-005
+007,-005
+007,-008
+007,-008
+007,-008
+007,-008
+007,-008
+007,-008
+009,-008
+009,-008
+009,-008
+011,-008
+011,-008
+011,-008
+011,-008
+011,-008
+014,-008
+014,-008
+014,-008
+014,-008
+014,-008
+014,-008
+014,-008
+014,-008
+014,-008
+014,-008
+016,-008
+016,-008
+016,-011
+016,-011
+016,-010
+016,-010
+016,-010
+016,-010
+016,-010
+014,-010
+014,-013
+014,-013
+014,-013
+014,-013
+014,-013
+014,-013
+014,-013
+014,-013
+014,-013
+014,-013
+014,-013
+014,-013
+014,-013
+014,-013
+014,-013
+014,-013
+014,-013
+014,-013
+014,-013
+014,-013
+014,-013
+014,-013
+014,-013
+014,-013
+014,-013
+014,-013
+014,-013
+014,-013
+014,-013
+014,-013
+014,-013
+014,-013
+014,-013
+014,-013
+014,-013
+014,-013
+014,-013
+012,-013
+012,-013
+012,-013
+012,-013
+012,-013
+012,-013
+012,-013
+012,-013
+012,-013
+012,-013
+012,-013
+012,-013
+012,-013
+012,-013
+012,-013
+012,-013
+012,-013
+012,-013
+014,-013
+014,-013
+014,-013
+014,-013
+014,-013
+014,-013
+014,-013
+014,-013
+014,-013
+014,-013
+014,-013
+014,-013
+014,-016
+014,-016
+014,-016
+014,-016
+014,-016
+014,-016
+014,-016
+014,-016
+014,-016
+014,-016
+014,-016
+014,-016
+014,-016
+014,-016
+014,-016
+016,-016
+016,-016
+016,-016
+016,-016
+016,-016
+016,-016
+016,-016
+016,-016
+016,-016
+016,-016
+016,-016
+016,-019
+016,-019
+016,-019
+016,-018
+016,-018
+016,-018
+016,-018
+016,-018
+016,-018
+016,-018
+016,-018
+016,-018
+016,-018
+016,-018
+016,-018
+016,-018
+016,-018
+016,-018
+016,-018
+016,-018
+016,-018
+016,-018
+016,-018
+016,-018
+016,-018
+016,-018
+016,-018
+016,-018
+016,-018
+016,-018
+016,-018
+016,-018
+016,-018
+016,-018
+016,-018
+016,-018
+016,-017
+016,-017
+016,-017
+016,-017
+016,-017
+016,-017
+016,-017
+016,-017
+016,-017
+016,-017
+016,-017
+016,-017
+016,-017
+016,-017
+016,-017
+016,-017
+016,-017
+016,-017
+016,-017
+016,-017
+016,-017
+016,-017
+016,-017
+016,-017
+016,-017
+016,-017
+016,-017
+016,-017
+016,-017
+016,-017
+016,-017
+016,-017
+016,-017
+016,-017
+016,-017
+016,-017
+016,-017
+016,-017
+016,-017
+016,-017
+016,-017
+016,-017
+016,-017
+016,-017
+016,-017
+016,-017
+016,-017
+016,-017
+016,-017
+016,-017
+016,-017
+016,-020
+016,-019
+016,-019
+016,-019
+016,-019
+016,-019
+016,-019
+016,-019
+016,-019
+018,-019
+018,-019
+018,-019
+018,-019
+018,-019
+018,-019
+018,-019
+018,-019
+018,-019
+018,-019
+018,-019
+018,-019
+018,-019
+020,-019
+020,-019
+020,-019
+020,-019
+020,-019
+020,-019
+020,-019
+020,-019
+020,-022
+020,-022
+020,-022
+020,-022
+020,-022
+022,-022
+022,-022
+022,-022
+022,-022
+022,-022
+022,-022
+022,-022
+022,-022
+022,-022
+022,-022
+022,-022
+022,-022
+022,-022
+022,-022
+022,-022
+022,-022
+022,-022
+022,-022
+022,-022
+022,-022
+022,-022
+022,-022
+022,-022
+022,-022
+020,-022
+020,-022
+020,-022
+020,-022
+020,-022
+020,-022
+020,-022
+020,-022
+020,-022
+020,-022
+020,-021
+020,-021
+020,-021
+020,-021
+020,-021
+020,-021
+020,-021
+020,-021
+018,-021
+018,-021
+018,-020
+018,-020
+018,-020
+018,-020
+018,-020
+018,-020
+018,-020
+018,-020
+018,-020
+018,-019
+018,-019
+018,-019
+018,-019
+018,-019
+018,-019
+018,-019
+018,-019
+018,-019
+018,-019
+018,-019
+018,-019
+018,-019
+018,-019
+018,-019
+018,-019
+018,-019
+018,-019
+018,-019
+018,-019
+018,-019
+018,-019
+018,-019
+018,-019
+018,-019
+018,-019
+020,-019
+020,-019
+020,-019
+020,-019
+020,-019
+020,-019
+020,-019
+020,-019
+020,-019
+020,-019
+020,-019
+020,-019
+020,-019
+020,-019
+020,-019
+020,-019
+020,-019
+020,-019
+020,-019
+020,-019
+020,-019
+020,-019
+020,-019
+018,-019
+018,-019
+018,-019
+018,-019
+018,-019
+018,-019
+018,-019
+018,-019
+018,-019
+018,-019
+018,-019
+018,-018
+018,-018
+018,-018
+018,-018
+018,-017
+016,-017
+016,-017
+016,-017
+016,-017
+016,-017
+016,-016
+016,-016
+016,-016
+016,-016
+014,-015
+014,-015
+014,-015
+014,-015
+014,-014
+014,-014
+014,-013
+014,-013
+012,-013
+012,-012
+012,-012
+012,-012
+012,-012
+012,-011
+010,-011
+010,-011
+010,-011
+010,-010
+010,-010
+010,-010
+010,-009
+008,-009
+008,-009
+008,-009
+008,-009
+008,-009
+008,-009
+008,-008
+008,-008
+008,-008
+008,-008
+008,-008
+008,-008
+008,-008
+008,-008
+006,-008
+006,-008
+006,-008
+006,-008
+006,-008
+006,-007
+006,-007
+006,-007
+006,-007
+006,-007
+006,-007
+006,-007
+006,-007
+006,-007
+006,-007
+006,-006
+004,-006
+004,-006
+004,-006
+004,-006
+004,-005
+004,-005
+004,-005
+004,-005
+004,-005
+004,-004
+002,-004
+002,-004
+002,-004
+002,-004
+002,-003
+002,-003
+002,-003
+002,-003
+002,-003
+002,-002
+000,-002
+000,-002
+000,-001
+000,-001
+000,-001
+000,-001
+000,-000
+000,-000
+000,-000
+000,-000
+000,-000
+000,-000
+000,-000
+000,-000
+000,-000
+000,-000
+000,-000
+000,-000
+000,-000
+000,-000
+000,-000
+000,-000
+000,-000
+000,-000
+000,-000
+000,-000
+000,-000
+000,-000
+000,-000
+002,-000
+002,-000
+002,-000
+002,-000
+002,-000
+002,-000
+002,-000
+002,-000
+002,-000
+002,-000
+002,-000
+004,-000
+004,-000
+004,-000
+006,-000
+006,-000
+006,-000
+006,-000
+008,-000
+008,-000
+008,-003
+008,-003
+008,-003
+008,-003
+008,-006
+008,-006
+008,-006
+008,-009
+008,-009
+010,-009
+010,-009
+010,-009
+010,-009
+010,-009
+012,-012
+012,-012
+012,-012
+012,-012
+012,-012
+014,-015
+014,-015
+014,-015
+014,-015
+014,-015
+016,-015
+016,-015
+016,-015
+016,-015
+016,-018
+016,-018
+018,-018
+018,-018
+018,-018
+018,-018
+018,-018
+018,-018
+018,-018
+018,-018
+018,-021
+018,-021
+018,-021
+018,-021
+018,-021
+018,-021
+020,-021
+020,-021
+020,-021
+020,-021
+020,-021
+020,-021
+020,-021
+020,-021
+020,-021
+020,-021
+020,+023
+020,+023
+020,+023
+020,+023
+022,+023
+022,+023
+022,+023
+022,+023
+022,+023
+022,+023
+022,+023
+022,+025
+022,+025
+022,+025
+022,+025
+022,+025
+022,+025
+022,+025
+022,+025
+024,+025
+024,+025
+024,+027
+024,+027
+024,+027
+024,+027
+024,+027
+024,+027
+024,+027
+024,+029
+024,+029
+024,+029
+024,+029
+024,+029
+024,+029
+022,+029
+022,+029
+022,+029
+022,+029
+022,+029
+022,+029
+022,+029
+022,+029
+022,+029
+022,+029
+020,+029
+020,+029
+020,+029
+020,+029
+020,+031
+020,+031
+020,+031
+020,+031
+020,+031
+020,+031
+020,+031
+020,+031
+020,+031
+018,+031
+018,+031
+018,+031
+018,+033
+018,+033
+018,+033
+018,+033
+018,+033
+018,+033
+018,+033
+018,+033
+018,+033
+018,+033
+018,+033
+018,+033
+018,+033
+018,+033
+018,+033
+018,+033
+018,+033
+018,+033
+018,+033
+018,+031
+018,+031
+018,+031
+018,+031
+018,+031
+016,+031
+016,+031
+016,+029
+016,+029
+016,+029
+016,+029
+016,+029
+016,+029
+016,+029
+016,+027
+016,+027
+014,+027
+014,+027
+014,+025
+014,+025
+014,+025
+014,+023
+014,+023
+014,+023
+014,+023
+012,+023
+012,-022
+012,-021
+012,-021
+012,-021
+012,-020
+010,-020
+010,-020
+010,-019
+010,-019
+010,-018
+010,-018
+010,-018
+010,-017
+008,-017
+008,-017
+008,-017
+008,-017
+008,-017
+008,-017
+006,-017
+006,-017
+006,-016
+006,-016
+006,-016
+006,-016
+006,-016
+004,-016
+004,-016
+004,-016
+004,-016
+004,-016
+004,-015
+004,-015
+002,-014
+002,-014
+002,-014
+002,-014
+002,-013
+002,-013
+002,-013
+002,-013
+002,-012
+000,-012
+000,-012
+000,-012
+000,-012
+000,-012
+000,-012
+000,-012
+000,-012
+000,-012
+000,-012
+000,-012
+000,-012
+000,-012
+000,-012
+000,-012
+002,-012
+002,-012
+002,-012
+002,-012
+002,-012
+002,-015
+002,-015
+002,-015
+002,-015
+002,-015
+002,-015
+002,-015
+002,-015
+002,-015
+002,-015
+002,-018
+002,-018
+002,-018
+002,-018
+002,-018
+002,-018
+002,-018
+002,-018
+002,-018
+002,-018
+002,-021
+002,-021
+000,-021
+000,-021
+000,-021
+000,-021
+000,-021
+000,-021
+000,-021
+000,+023
+000,+023
+000,+023
+000,+023
+000,+023
+000,+025
COP Area(S): 000579
COP Area(R): 000914