+000,+000
+000,-001
+000,+000
+000,+000
+000,+000
+000,+000
+000,+000
+000,+000
+000,+000
+002,+000
+002,+000
+002,+000
+002,+000
+002,+000
+002,+000
+002,+000
+002,+000
+002,+000
+002,+000
+002,+000
+002,+000
+002,+000
+004,+000
+004,+000
+004,+000
+004,+000
+004,+000
+004,+000
+004,+000
+004,+000
+004,-001
+004,-001
+004,-001
+004,-001
+004,-001
+004,-001
+004,-001
+004,-002
+004,-002
+004,-002
+004,-002
+002,-002
+002,-002
+002,-002
+002,-002
+002,-002
+002,-003
+002,-003
+002,-003
+002,-003
+002,-003
+002,-003
+002,-003
+002,-003
+000,-003
+000,-003
+000,-003
+000,-003
+000,-003
+000,-003
+000,-003
+000,-003
+000,-003
+000,-003
+000,-003
+000,+000
+000,+000
+002,+000
+002,+000
+002,+000
+002,+000
+002,+000
+002,+000
+002,+000
+002,+000
+002,+000
+002,+000
+002,+000
+002,+000
+002,+000
+002,+002
+002,+002
+002,+002
+002,+002
+002,+002
+002,+002
+002,+002
+002,+002
+002,+002
+002,+002
+002,+002
+002,+002
+002,+004
+000,+004
+000,+004
+000,+004
+000,+004
+000,+004
+000,+004
+002,+004
+002,+004
+002,+004
+002,+004
+002,+004
+002,+004
+002,+004
+004,+004
+004,+004
+004,+004
+004,+004
+004,+004
+006,+004
+006,+004
+006,+004
+006,+004
+006,+004
+006,+004
+006,+004
+008,+004
+008,+004
+008,+006
+008,+006
+008,+006
+008,+006
+008,+006
+008,+006
+008,+006
+010,+004
+010,+004
+010,+004
+010,+004
+010,+004
+010,+004
+010,+002
+010,+002
+010,+002
+010,+002
+010,+000
+010,+000
+010,+000
+010,+000
+010,-001
+010,-001
+010,-001
+010,-002
+010,-002
+010,-003
+010,-004
+010,-004
+008,-004
+008,-005
+008,-006
+008,-006
+008,-006
+008,-007
+008,-007
+008,-008
+008,-009
+008,-009
+006,-009
+006,-010
+006,-011
+006,-011
+006,-012
+004,-012
+004,-012
+004,-012
+004,-013
+004,-013
+004,-013
+004,-013
+004,-013
+002,-013
+002,-013
+002,-013
+002,-013
+002,-013
+002,-013
+002,-013
+002,-013
+002,-013
+002,-013
+000,-013
+000,-013
+000,-013
+000,-013
+000,-013
+000,-013
+002,-013
+002,-013
+002,-013
+002,-013
+002,-013
+002,-013
+002,-013
+002,-013
+002,-013
+002,-013
+002,-013
+002,-013
+002,-013
+002,-013
+002,-013
+002,-013
+002,-014
+002,-014
+002,-014
+002,-014
+002,-014
+002,-014
+002,-014
+002,-014
+002,-014
+002,-014
+002,-015
+002,-015
+002,-015
+002,-015
+002,-015
+002,-015
+002,-015
+002,-015
+002,-015
+002,-015
+002,-015
+002,-015
+002,-015
+002,-015
+002,-015
+002,-015
+002,-015
+002,-015
+004,-015
+004,-015
+004,-015
+004,-015
+004,-015
+004,-015
+004,-015
+004,-015
+004,-015
+004,-015
+004,-015
+004,-015
+004,-015
-005,-015
-005,-015
-005,-015
-005,-015
-005,-015
-005,-015
-005,-016
-005,-016
-005,-016
-005,-016
-005,-016
-005,-016
-005,-017
-005,-017
-005,-017
-005,-017
-005,-017
-005,-017
-005,-017
-005,-017
-005,-017
-005,-017
-005,-018
-005,-018
-005,-018
-005,-018
-005,-018
-005,-018
-005,-018
-005,-018
-005,-018
-005,-018
-005,-018
-005,-019
-005,-019
-005,-019
-005,-019
-005,-019
-005,-019
-005,-019
-005,-019
-005,-019
-005,-019
-005,-020
-005,-020
-005,-020
-005,-020
-005,-020
-005,-020
-005,-020
-006,-020
-006,-020
-006,-020
-006,-020
-006,-020
-006,-020
-006,-021
-007,-021
-007,-021
-007,-021
-007,-021
-007,-021
-007,-021
-007,-021
-008,-021
-008,-021
-008,-021
-008,-021
-008,-021
-008,-022
-008,-022
-009,-022
-009,-022
-009,-022
-010,-022
-010,-022
-010,-022
-010,-022
-010,-022
-011,-023
-011,-023
-011,-023
-011,-024
-011,-024
-012,-024
-012,-024
-012,-024
-012,-024
-012,-024
-012,-025
-012,-025
-012,-025
-012,-025
-012,-025
-013,-025
-013,-025
-013,-026
-013,-026
-013,-026
-013,-026
-013,-026
-013,-026
-013,-026
-013,-026
-013,-026
-013,-026
-013,-026
-013,-026
-013,-026
-010,-026
-010,-026
-011,-026
-011,-026
-011,-026
-011,-026
-011,-026
-011,-026
-011,-026
-011,-026
-008,-026
-008,-026
-008,-026
-008,-027
-008,-027
-008,-027
-008,-027
-008,-028
-008,-028
-008,-028
-008,-028
-008,-029
-008,-029
-008,-029
-008,-030
-008,-030
-008,-030
-005,-030
-006,-031
-006,-031
-006,-031
-006,-032
-006,-032
-006,-032
-006,-032
-006,-032
-006,-033
-006,-033
-006,-033
-006,-034
-006,-034
-006,-034
-006,-035
-006,-035
-006,-035
-006,-036
-006,-036
-006,-036
-006,-037
-006,-037
-006,-038
-006,-038
-007,-038
-007,-038
-007,-038
-007,-038
-007,-038
-007,-039
-007,-039
-007,-039
-007,-039
-007,-039
-007,-039
-007,-039
-007,-039
-007,-039
-007,-039
-008,-039
-008,-039
-008,-039
-009,-039
-009,-039
-009,-039
-009,-039
-010,-039
-010,-039
-010,-039
-010,-040
-010,-040
-010,-040
-010,-040
-010,-040
-010,-040
-010,-040
-010,-041
-010,-041
-010,-041
-010,-041
-010,-041
-010,-041
-010,-041
-010,-041
-010,-041
-010,-041
-010,-041
-010,-041
-010,-041
-010,-041
-010,-041
-010,-041
-010,-041
-010,-041
-010,-041
-010,-041
-010,-041
-010,-041
-010,-041
-007,-041
-008,-041
-008,-041
-008,-042
-008,-042
-008,-042
-008,-042
-008,-042
-008,-042
-008,-042
-005,-042
-006,-042
-006,-042
-006,-042
-006,-042
-006,-042
-006,-042
-006,-042
-006,-042
-006,-042
-006,-042
-006,-042
-006,-042
-006,-042
-006,-042
-006,-039
-006,-040
-006,-040
-006,-040
-006,-040
-006,-040
-006,-040
-006,-040
-006,-040
-006,-040
-006,-040
+004,-040
+004,-040
+004,-040
+004,-040
+004,-040
+004,-040
+004,-040
+004,-040
+004,-040
+004,-040
+004,-040
+002,-040
+002,-040
+002,-040
+002,-040
+002,-040
+002,-040
+002,-040
+002,-037
+002,-037
+000,-037
+000,-037
+000,-037
+000,-037
+000,-037
+000,-034
+000,-035
+002,-035
+002,-035
+002,-035
+002,-035
+002,-035
+002,-035
+004,-035
+004,-035
+004,-035
+004,-035
+004,-032
+004,-032
+004,-032
+004,-032
+004,-032
+006,-032
+006,-032
+006,-032
+006,-032
+006,-032
+006,-032
+006,-032
+006,-032
+006,-032
+006,-032
+006,-032
+006,-032
+006,-032
+006,-032
+006,-029
+006,-030
+006,-030
+006,-030
+006,-030
+006,-030
+006,-030
+006,-030
+006,-030
+006,-027
+006,-027
+006,-027
+006,-027
+006,-027
+006,-027
+006,-027
+006,-027
+006,-027
+006,-027
+006,-027
+006,-027
+006,-027
+006,-027
+006,-024
+006,-025
+006,-025
+006,-025
+006,-025
+006,-025
+006,-025
+006,-025
+006,-025
+006,-025
+006,-025
+008,-025
+008,-025
+008,-025
+008,-022
+008,-022
+008,-022
+008,-022
+008,-022
+008,-022
+008,-022
+008,-022
+008,-022
+008,-022
+008,-022
+008,-022
+008,-022
+008,-022
+008,-022
+008,-022
+008,-022
+008,-022
+008,-022
+008,-022
+008,-022
+008,-022
+008,-022
+008,-022
+008,-023
+008,-023
+008,-023
+008,-023
+006,-023
+006,-023
+006,-023
+006,-024
+006,-024
+006,-024
+006,-024
+006,-024
+006,-024
+006,-024
+006,-024
+006,-024
+004,-024
+004,-024
+004,-024
+004,-024
+004,-024
+004,-024
+004,-024
+004,-024
+002,-024
+002,-024
+002,-024
+002,-024
+002,-024
+002,-024
+002,-024
+002,-024
+002,-024
+002,-024
+002,-024
+002,-024
+002,-024
+002,-024
+002,-024
+002,-024
+002,-024
+002,-024
+002,-024
+002,-024
+002,-024
+002,-024
+002,-024
+002,-024
+002,-024
+002,-024
+002,-024
+002,-024
+002,-024
+002,-024
+002,-024
+002,-024
+002,-024
+002,-024
+002,-024
+002,-024
+002,-025
+002,-025
+002,-025
+004,-025
+004,-025
+004,-025
+004,-025
+004,-025
+004,-025
+004,-025
+004,-026
+004,-026
+004,-026
+004,-026
+004,-026
+004,-026
+004,-026
+004,-026
+004,-026
+004,-026
+004,-026
+004,-026
+002,-026
+002,-026
+002,-026
+002,-026
+002,-026
+002,-026
+002,-026
+002,-026
+002,-026
+002,-026
+002,-026
+002,-026
+002,-026
+002,-023
+002,-024
+002,-024
+002,-024
+002,-024
+002,-024
+002,-024
+002,-024
+002,-024
+002,-024
+002,-024
+002,-024
+002,-024
+002,-024
+000,-024
+000,-024
+000,-024
+000,-024
+000,-024
+000,-024
+000,-024
+000,-024
+000,-024
+000,-024
+000,-024
+000,-024
+000,-024
+000,-024
+000,-024
+000,-024
+000,-024
+000,-024
+000,-024
+000,-021
+000,-021
+000,-021
+000,-021
+002,-021
+002,-021
+002,-021
+002,-021
+002,-021
+002,-021
+002,-021
+002,-021
+002,-021
+002,-021
+002,-021
+002,-021
+002,-021
+002,-021
+002,-021
+002,-022
+002,-022
+002,-022
+002,-022
+002,-022
+002,-022
+002,-022
+002,-022
+002,-022
+004,-023
+004,-023
+004,-023
+004,-023
+004,-023
+004,-023
+004,-023
+004,-023
+004,-023
+004,-023
+004,-023
+004,-023
+004,-023
+004,-023
+004,-023
+004,-023
+004,-023
+004,-023
+004,-024
+004,-024
+004,-024
+004,-024
+004,-024
-005,-024
-005,-024
-005,-024
-005,-024
-005,-024
-005,-024
-005,-024
-005,-024
-005,-024
-006,-024
-006,-024
-006,-024
-006,-024
-006,-024
-006,-024
-006,-024
-006,-024
-006,-024
-006,-024
-006,-024
-006,-024
-006,-024
-006,-024
-006,-024
-006,-024
-006,-024
-006,-024
-006,-024
-006,-024
-006,-024
-006,-024
-006,-025
-006,-025
-006,-025
-006,-025
-006,-025
-006,-025
-006,-025
-006,-026
-006,-026
-006,-026
-006,-026
-006,-026
-006,-026
-006,-026
-006,-026
-007,-026
-007,-027
-007,-027
-007,-027
-007,-027
-007,-028
-007,-028
-007,-028
-007,-028
-007,-028
-008,-028
-008,-028
-008,-029
-008,-029
-008,-029
-008,-029
-008,-029
-009,-029
-009,-029
-009,-029
-009,-029
-009,-029
-009,-030
-009,-030
-010,-030
-010,-030
-010,-030
-011,-030
-011,-030
-011,-031
-012,-031
-012,-031
-012,-032
-012,-032
-013,-032
-013,-032
-013,-032
-013,-032
-013,-032
-013,-033
-013,-033
-013,-033
-013,-033
-014,-033
-014,-033
-014,-034
-014,-034
-014,-034
-014,-034
-014,-034
-015,-034
-015,-034
-015,-034
-015,-034
-015,-034
-015,-035
-016,-035
-016,-035
-016,-035
-016,-035
-017,-035
-017,-035
-017,-035
-017,-035
-017,-035
-017,-036
-017,-036
-017,-036
-017,-036
-017,-036
-018,-036
-018,-036
-018,-036
-018,-036
-018,-036
-018,-037
-018,-037
-018,-037
-018,-037
-018,-037
-018,-037
-018,-037
-018,-037
-019,-037
-019,-037
-019,-037
-019,-037
-019,-037
-019,-037
-019,-037
-019,-037
-019,-037
-019,-037
-019,-037
-019,-037
-019,-037
-019,-037
-019,-037
-019,-037
-019,-037
-019,-037
-019,-037
-019,-037
-019,-037
-019,-037
-019,-037
-019,-037
-019,-037
-019,-037
-019,-037
-019,-034
-019,-034
-019,-034
-019,-034
-019,-034
-019,-034
-019,-034
-019,-034
-019,-034
-019,-034
-019,-034
-019,-034
-019,-034
-019,-034
-019,-034
-019,-034
-019,-034
-019,-034
-019,-034
-019,-034
-019,-034
-019,-034
-019,-034
-019,-034
-019,-034
-019,-034
-019,-034
-019,-034
-019,-034
-019,-034
-019,-034
-019,-034
-019,-034
-019,-034
-019,-034
-019,-034
-019,-034
-019,-034
-019,-034
-019,-034
-019,-034
-019,-034
-019,-034
-020,-034
-020,-034
-020,-034
-020,-034
-020,-034
-020,-034
-020,-034
-020,-031
-020,-031
-020,-032
-021,-032
-021,-032
-021,-032
-021,-032
-021,-032
-021,-032
-021,-032
-021,-032
-021,-032
-021,-032
-021,-032
-021,-032
-021,-032
-021,-032
-021,-032
-021,-032
-021,-032
-021,-029
-021,-029
-021,-030
-021,-030
-021,-030
-021,-030
-021,-030
-021,-030
-021,-030
-021,-030
-021,-030
-021,-027
-021,-028
-021,-028
-021,-028
-021,-028
-021,-028
-021,-028
-021,-028
-021,-028
-021,-028
-021,-028
-021,-028
-021,-028
-021,-028
-021,-028
-021,-028
-021,-028
-021,-028
-021,-028
-021,-028
-021,-028
-021,-025
-021,-025
-021,-025
-021,-025
-021,-025
-021,-025
-021,-025
-021,-025
-021,-025
-021,-025
-021,-025
-021,-025
-021,-022
-018,-022
-018,-022
-018,-022
-018,-022
-018,-022
-018,-022
-018,-022
-018,-022
-018,-019
-018,-019
-018,-019
-018,-019
-018,-019
-018,-019
-018,-019
-018,-019
-018,-019
-015,-019
-016,-019
-016,-019
-016,-019
-016,-019
-016,-019
-016,-019
-016,-019
-016,-019
-016,-019
-016,-019
-016,-019
-016,-019
-016,-019
-016,-019
-016,-019
-016,-019
-016,-019
-016,-019
-016,-019
-016,-019
-016,-019
-016,-019
-016,-019
-016,-019
-016,-019
-016,-019
-016,-019
-016,-019
-016,-019
-016,-019
-016,-019
-016,-019
-016,-019
-016,-019
-016,-019
-016,-019
-016,-019
-016,-019
-016,-019
-016,-019
-016,-019
-016,-019
-016,-019
-016,-019
-016,-019
-016,-019
-016,-019
-016,-019
-016,-019
-016,-020
-016,-020
-016,-020
-016,-020
-016,-020
-016,-020
-017,-020
-017,-021
-017,-021
-018,-021
-018,-022
-018,-022
-018,-022
-018,-023
-019,-024
-019,-024
-019,-025
-019,-025
-019,-025
-019,-025
-019,-026
-019,-026
-019,-026
-019,-026
-019,-026
-019,-026
-019,-026
-019,-026
-019,-026
-019,-026
-019,-026
-019,-026
-019,-026
-019,-026
-019,-026
-019,-026
-019,-026
-016,-026
-016,-026
-016,-026
-016,-026
-016,-026
-016,-026
-016,-026
-016,-026
-016,-026
-016,-026
-016,-026
-016,-026
-016,-026
-016,-026
-016,-026
-016,-023
-016,-024
-013,-024
-013,-024
-013,-024
-013,-024
-013,-024
-013,-024
-013,-024
-013,-024
-013,-024
-013,-024
-013,-024
-013,-024
-013,-024
-013,-024
-013,-024
-013,-024
-013,-024
-013,-024
-013,-024
-010,-024
-010,-024
-010,-024
-010,-024
-010,-025
-010,-025
-010,-025
-010,-026
-010,-026
-010,-026
-010,-026
-010,-026
-010,-026
-007,-026
-007,-026
-007,-026
-007,-026
-007,-026
-007,-026
-007,-026
-007,-026
-007,-026
-007,-026
-007,-026
+004,-026
+004,-026
+004,-026
+004,-026
+004,-027
+004,-027
+004,-027
+004,-027
+002,-027
+002,-027
+002,-027
+002,-027
+000,-027
+000,-028
+000,-028
+002,-028
+002,-028
+002,-028
+002,-028
+002,-028
+002,-028
+002,-028
+002,-028
+002,-028
+002,-028
+002,-028
+002,-028
+002,-028
+002,-028
+004,-028
+004,-028
+004,-028
+004,-028
+004,-028
+004,-028
+004,-028
+004,-028
+004,-028
+004,-028
+004,-028
+004,-028
+004,-028
+004,-028
+004,-029
+004,-029
+004,-029
+004,-029
+004,-029
+004,-029
+004,-029
+004,-029
+004,-029
+004,-029
+004,-029
+004,-029
+004,-029
+004,-029
+004,-029
+004,-029
+004,-030
+004,-030
+004,-030
+004,-030
+004,-030
+004,-030
+004,-030
+004,-031
+004,-031
+004,-031
+004,-031
+004,-031
+004,-031
+004,-031
+004,-031
+004,-031
+004,-031
+004,-031
+004,-031
+004,-031
+004,-031
+004,-031
+004,-031
+004,-031
+004,-031
+004,-031
+002,-031
+002,-031
+002,-031
+002,-031
+002,-031
+002,-031
+002,-031
+002,-031
+002,-031
+002,-031
+002,-031
+002,-031
+002,-031
+002,-031
+002,-031
+002,-031
+000,-031
+000,-031
+000,-031
+000,-031
+000,-031
+000,-031
+000,-031
+000,-031
+000,-031
+000,-031
+000,-031
+000,-031
+000,-031
+000,-031
+000,-031
+000,-031
+000,-031
+000,-031
+000,-031
+000,-031
+000,-031
+000,-031
+000,-031
+000,-031
+000,-028
+000,-029
+000,-029
+000,-029
+000,-029
+000,-029
+000,-029
+000,-026
+000,-027
+000,-027
+000,-027
+000,-027
+000,-027
+000,-027
+000,-027
+000,-027
+000,-027
+000,-027
+000,-027
+000,-027
+000,-027
+000,-027
+000,-027
+000,-027
+000,-027
+000,-027
+000,-027
+000,-027
+000,-027
+000,-027
+002,-027
+002,-027
+002,-027
+002,-027
+002,-027
+002,-027
+002,-027
+002,-027
+002,-027
+002,-027
+002,-027
+002,-027
+002,-027
+002,-027
+002,-027
+004,-027
+004,-027
+004,-027
+004,-027
+004,-027
+004,-027
+004,-027
+004,-027
+004,-027
+004,-027
+004,-027
+004,-027
+004,-027
+004,-027
+004,-027
+004,-027
+004,-027
+004,-027
+004,-027
+004,-027
+004,-027
+004,-027
+004,-027
+004,-027
+004,-027
+004,-027
+004,-027
+004,-027
+004,-027
+004,-027
+004,-027
+004,-027
+004,-027
+004,-027
+004,-027
+004,-027
+004,-027
+004,-027
+004,-027
+004,-027
+004,-027
+004,-027
+004,-027
+004,-027
+004,-027
-005,-027
-005,-027
-005,-027
-005,-027
-005,-027
-005,-027
-005,-027
-005,-027
-005,-027
-005,-027
-005,-027
-005,-027
-005,-027
-005,-027
-005,-027
-005,-027
-005,-027
-005,-027
-005,-027
-005,-027
-005,-027
-005,-027
-005,-027
-005,-027
-005,-027
-005,-027
-005,-027
-005,-027
-005,-027
-005,-027
-005,-027
-005,-027
-005,-027
-005,-027
-005,-027
-005,-027
-005,-027
-005,-027
-005,-027
-005,-027
-005,-027
-005,-027
-005,-027
-005,-027
-005,-027
-005,-027
-005,-027
-005,-027
-005,-027
-005,-027
-005,-024
-005,-025
-005,-025
-005,-025
-005,-025
-005,-025
-005,-025
-005,-025
-005,-025
-005,-025
-005,-025
-005,-025
-005,-025
-005,-025
-005,-025
-005,-025
-005,-025
-005,-025
-005,-025
-005,-025
-005,-025
-005,-025
-005,-025
-005,-025
-005,-025
-005,-025
-005,-025
-005,-025
-005,-025
-005,-025
-005,-025
-005,-025
-005,-025
-005,-025
-005,-025
-005,-025
-005,-025
-005,-025
-005,-025
-005,-025
-005,-025
-005,-025
-005,-025
-006,-025
-006,-026
-006,-026
-007,-026
-007,-026
-007,-026
-007,-026
-007,-026
-007,-027
-008,-027
-008,-027
-008,-027
-009,-028
-010,-028
-010,-028
-010,-028
-010,-028
-011,-029
-011,-030
-011,-031
-012,-031
-012,-031
-012,-032
-012,-032
-013,-032
-013,-032
-013,-032
-013,-032
-013,-032
-013,-033
-013,-033
-013,-033
-013,-033
-013,-033
-014,-033
-014,-033
-014,-033
-014,-033
-014,-033
-014,-033
-014,-033
-014,-033
-014,-033
-014,-033
-014,-033
-014,-033
-014,-033
-015,-033
-015,-033
-015,-033
-015,-033
-015,-033
-015,-033
-015,-033
-015,-033
-015,-033
-015,-034
-015,-034
-015,-034
-015,-034
-016,-034
-016,-035
-016,-035
-016,-035
-016,-035
-016,-036
-016,-036
-016,-036
-016,-037
-016,-037
-017,-037
-017,-037
-017,-037
-017,-037
-017,-037
-017,-038
-017,-038
-017,-038
-017,-039
-017,-039
-017,-039
-017,-039
-017,-039
-017,-039
-017,-039
-017,-040
-017,-040
-017,-040
-017,-040
-017,-040
-017,-040
-017,-040
-017,-040
-017,-040
-017,-040
-017,-041
-017,-041
-017,-041
-017,-041
-017,-041
-017,-041
-017,-041
-017,-041
-017,-041
-017,-041
-014,-041
-014,-041
-015,-041
-015,-041
-015,-041
-015,-041
-015,-041
-015,-041
-015,-041
-015,-041
-012,-041
-012,-041
-012,-041
-012,-041
-012,-041
-012,-041
-012,-041
-012,-041
-012,-041
-012,-041
-012,-041
-012,-041
-012,-041
-012,-041
-012,-041
-012,-041
-012,-041
-009,-041
-009,-041
-009,-041
-009,-041
-009,-041
-009,-041
-009,-041
-009,-041
-009,-041
-009,-041
-009,-041
-009,-041
-009,-041
-009,-041
-009,-041
-009,-041
-009,-041
-009,-041
-009,-041
-009,-041
-009,-041
-009,-041
-009,-041
-009,-041
-009,-041
-009,-041
-009,-041
-009,-041
-009,-041
-009,-041
-009,-041
-009,-041
-009,-041
-009,-041
-009,-041
-009,-038
-009,-039
-009,-039
-009,-039
-009,-039
-009,-039
-009,-039
-009,-039
-009,-039
-009,-039
-009,-039
-009,-039
-009,-039
-009,-039
-006,-039
-007,-039
-007,-039
-007,-039
-007,-039
-007,-039
-007,-039
-007,-039
-007,-039
-007,-039
-007,-036
-007,-037
-007,-037
-007,-037
-007,-037
-007,-037
-007,-037
-007,-037
-007,-037
-007,-037
-007,-037
-007,-037
-007,-037
-007,-037
-007,-037
-007,-037
-007,-037
-007,-037
-007,-037
-007,-037
-007,-037
-007,-037
-007,-037
-007,-037
-007,-037
-007,-037
-007,-037
-007,-037
-007,-037
-007,-037
-007,-037
-007,-037
-007,-037
-007,-037
-007,-037
-007,-037
-007,-037
-007,-037
-007,-037
-007,-037
-007,-037
-007,-037
-007,-037
-007,-037
-007,-037
-007,-037
-007,-037
-007,-037
-007,-037
-007,-037
-007,-037
-007,-037
-007,-037
-007,-037
-007,-038
-007,-038
-007,-039
-007,-040
-007,-040
-007,-040
-007,-040
+004,-041
+004,-041
+004,-041
+004,-042
+004,-042
+004,-042
+004,-042
+004,-042
+004,-042
+004,-042
+004,-043
+004,-043
+004,-043
+004,-044
+004,-044
+004,-044
+004,-044
+004,-045
+004,-045
+004,-045
+004,-046
+004,-046
+004,-046
+002,-046
+002,-047
+002,-047
+002,-047
+002,-047
+002,-047
+002,-047
+002,-048
+002,-048
+002,-048
+002,-048
+002,-048
+002,-048
+002,-048
+002,-048
+002,-048
+002,-048
+002,-048
+002,-048
+002,-048
+002,-048
+002,-048
+002,-048
+002,-048
+002,-048
+002,-045
+002,-045
+002,-045
+002,-045
+002,-045
+002,-045
+002,-045
+002,-045
+002,-045
+002,-045
+002,-042
+002,-042
+002,-042
+004,-042
+004,-042
+004,-042
+004,-042
+004,-042
+004,-042
+004,-042
+004,-039
+004,-040
+004,-040
+004,-040
+004,-040
+004,-040
+004,-040
-005,-040
-005,-040
-005,-040
-006,-037
-006,-038
-006,-038
-006,-038
-006,-038
-006,-038
-007,-038
-007,-038
-007,-038
-007,-038
-007,-038
-007,-038
-007,-038
-008,-038
-008,-038
-008,-038
-008,-038
-009,-038
-009,-038
-009,-038
-009,-035
-009,-035
-009,-036
-009,-036
-009,-036
-009,-036
-009,-036
-009,-036
-009,-036
-009,-036
-009,-036
-009,-036
-009,-036
-009,-036
-009,-036
-009,-036
-009,-036
-009,-036
-009,-036
-009,-036
-009,-036
-009,-036
-009,-036
-009,-036
-009,-036
-009,-036
-009,-036
-009,-036
-009,-036
-009,-036
-009,-036
-009,-036
-009,-036
-009,-036
-009,-036
-009,-036
-009,-036
-009,-036
-009,-036
-009,-036
-009,-036
-009,-036
-009,-036
-009,-036
-009,-033
-009,-034
-009,-034
-009,-034
-009,-034
-006,-034
-007,-034
-007,-034
-007,-034
-007,-034
-007,-034
-007,-034
-007,-034
-007,-034
-007,-034
-007,-034
-007,-034
-007,-034
-007,-034
-007,-034
-007,-034
+004,-034
+004,-034
-005,-034
-005,-034
-005,-034
-005,-034
-005,-034
-005,-034
-005,-034
-005,-034
-005,-034
-005,-034
-005,-034
+003,-034
+003,-034
+003,-034
+003,-034
+003,-034
+003,-034
+003,-034
+003,-034
+003,-034
+003,-034
+003,-034
+003,-034
+003,-034
+003,-034
+003,-034
+003,-034
+003,-034
+003,-034
+003,-031
+003,-031
+003,-031
+003,-031
+003,-031
+003,-031
+003,-031
+003,-031
+004,-031
+004,-031
+004,-031
+004,-031
+004,-031
+004,-031
+004,-031
+004,-031
+004,-031
+004,-031
+004,-031
+004,-031
+004,-031
+004,-031
-005,-031
-005,-031
-005,-031
-005,-031
-005,-031
-005,-031
-005,-031
-005,-031
-006,-031
-006,-031
-006,-031
-006,-031
-006,-031
-006,-031
-006,-031
-006,-031
-006,-031
-006,-031
-007,-031
-007,-031
-007,-031
-007,-031
-007,-031
-007,-031
-007,-031
-007,-031
-007,-031
-008,-031
-008,-031
-008,-031
-008,-031
-008,-031
-008,-031
-008,-031
-008,-031
-008,-031
-008,-031
-008,-031
-008,-031
-008,-031
-008,-031
-008,-031
-008,-031
-008,-031
-008,-031
-008,-031
-005,-031
-005,-031
-005,-031
-005,-031
-005,-031
-005,-031
-005,-031
-005,-031
-005,-032
-005,-032
-005,-032
+003,-032
+003,-032
+003,-032
+003,-032
+003,-032
+003,-032
+003,-032
+003,-032
+003,-032
+003,-032
+003,-032
+003,-032
+003,-032
+003,-032
+003,-033
+003,-033
+003,-033
+001,-033
+001,-033
+001,-033
+001,-033
+001,-034
+001,-034
+001,-034
+001,-034
+001,-034
+001,-034
+001,-034
+001,-034
+001,-034
+001,-034
+001,-034
+001,-034
+001,-034
+001,-034
+001,-034
+001,-034
+001,-034
+001,-034
+001,-034
+001,-034
+001,-034
+001,-034
+001,-034
+001,-034
+001,-034
+001,-034
+001,-034
+001,-034
+001,-031
+001,-032
+001,-032
+001,-032
+001,-032
+001,-032
+001,-032
+001,-032
+001,-032
+001,-032
+001,-032
+001,-032
+001,-032
+001,-032
+001,-032
+001,-032
+001,-032
+001,-032
+001,-032
+003,-032
+003,-032
+003,-032
+003,-032
+003,-032
+003,-032
+003,-032
+004,-032
+004,-032
+004,-032
+004,-032
+004,-032
+004,-032
+004,-032
+004,-032
+004,-032
-005,-032
-005,-032
-005,-032
-005,-032
-005,-032
-005,-032
-005,-032
-005,-032
-006,-032
-006,-032
-006,-032
-006,-032
-006,-032
-006,-032
-006,-032
-006,-032
-006,-032
-006,-032
-006,-032
-006,-032
-006,-032
-006,-032
-006,-032
-006,-032
-006,-032
-007,-032
-007,-032
-007,-032
-007,-032
-007,-032
-007,-033
-007,-033
-007,-033
-007,-033
-007,-033
-007,-033
-007,-033
-007,-033
-007,-033
-007,-033
-007,-033
-007,-033
-007,-033
-007,-033
-007,-033
-007,-033
-007,-033
-007,-033
-007,-033
-007,-033
-007,-033
-007,-033
-007,-033
-007,-033
-007,-033
-007,-030
-008,-030
-008,-030
-008,-030
-008,-030
-008,-030
-009,-030
-009,-030
-009,-030
-009,-030
-009,-030
-009,-030
-009,-030
-009,-030
-009,-030
-009,-030
-009,-030
-009,-027
-009,-027
-010,-027
-010,-028
-010,-028
-010,-028
-010,-028
-010,-028
-010,-028
-010,-028
-010,-028
-010,-028
-010,-028
-010,-028
-010,-028
-010,-028
-010,-028
-010,-028
-010,-028
-010,-028
-010,-028
-011,-028
-011,-028
-011,-028
-011,-028
-011,-028
-011,-028
-011,-028
-011,-028
-011,-028
-011,-028
-011,-028
-011,-028
-011,-029
-011,-029
-011,-029
-011,-029
-011,-029
-011,-029
-011,-029
-011,-029
-011,-029
-011,-029
-011,-029
-011,-029
-011,-030
-011,-030
-011,-030
-011,-030
-011,-030
-011,-030
-011,-030
-011,-030
-011,-030
-011,-030
-011,-030
-011,-030
-011,-030
-011,-031
-011,-031
-011,-031
-011,-031
-011,-031
-011,-031
-011,-032
-011,-032
-011,-032
-011,-032
-011,-032
-012,-032
-012,-032
-012,-033
-012,-033
-012,-033
-012,-033
-012,-033
-013,-033
-013,-033
-013,-033
-014,-033
-014,-033
-014,-034
-014,-034
-015,-034
-015,-034
-015,-034
-015,-034
-015,-034
-015,-034
-015,-034
-015,-034
-016,-034
-016,-034
-016,-034
-016,-034
-016,-034
-017,-034
-017,-034
-017,-034
-017,-034
-017,-034
-018,-034
-018,-034
-018,-034
-018,-034
-018,-034
-018,-034
-018,-034
-018,-034
-019,-034
-019,-034
-019,-034
-020,-034
-020,-031
-020,-032
-020,-032
-021,-032
-021,-032
-021,-032
-021,-032
-021,-032
-021,-032
-021,-032
-021,-032
-021,-032
-021,-032
-021,-032
-022,-032
-022,-032
-022,-032
-022,-032
-022,-032
-022,-032
-022,-032
-022,-032
-022,-032
-022,-032
-022,-032
-022,-032
-022,-032
-022,-032
-022,-032
-022,-032
-022,-032
-022,-032
-022,-032
-022,-032
-022,-032
-022,-032
-022,-032
-022,-032
-022,-032
-022,-032
-022,-032
-022,-032
-022,-032
-022,-032
-022,-032
-022,-032
-022,-032
-022,-032
-022,-032
-022,-032
-022,-032
-022,-032
-022,-032
-022,-032
-019,-032
-019,-033
-019,-033
-019,-033
-019,-033
-019,-033
-019,-033
-019,-033
-019,-033
-019,-033
-019,-033
-019,-033
-019,-033
-019,-033
-019,-033
-019,-033
-019,-033
-019,-033
-019,-033
-019,-033
-019,-033
-019,-033
-016,-033
-016,-033
-016,-033
-016,-033
-016,-033
-016,-034
-016,-034
-016,-034
-016,-034
-016,-034
-016,-034
-016,-034
-013,-035
-014,-035
-014,-035
-014,-035
-014,-035
-014,-035
-014,-035
-014,-036
-014,-036
-014,-036
-011,-036
-011,-036
-011,-036
-011,-036
-011,-037
-011,-037
-011,-037
-011,-038
-011,-038
-011,-038
-011,-038
-011,-038
-011,-038
-011,-038
-011,-039
-011,-039
-011,-039
-011,-039
-011,-039
-011,-039
-011,-039
-011,-040
-011,-040
-011,-040
-011,-040
-008,-040
-009,-040
-009,-040
-009,-040
-009,-040
-009,-040
-009,-040
-009,-040
-009,-040
-009,-040
-009,-040
-009,-040
-009,-040
-009,-040
-009,-040
-009,-040
-009,-040
-009,-037
-006,-038
-006,-038
-007,-038
-007,-038
-007,-038
-007,-038
-007,-038
-007,-038
-007,-038
-007,-038
-007,-038
-007,-038
-007,-038
-007,-038
-007,-038
-007,-038
-007,-038
-007,-038
-007,-038
-007,-038
-007,-038
-007,-038
-007,-038
-007,-038
-007,-038
-007,-038
-007,-038
-007,-038
-007,-038
-007,-038
-007,-038
-007,-038
-007,-035
-007,-035
-007,-036
-007,-036
-007,-036
-007,-036
-007,-036
-007,-036
-007,-036
-007,-036
-007,-036
-007,-036
-007,-036
-007,-036
-007,-036
-007,-036
-007,-036
-007,-036
-007,-036
-007,-036
-007,-036
-007,-036
-007,-036
-007,-036
-007,-036
-007,-036
-007,-036
-007,-033
-007,-034
-007,-034
-007,-034
-007,-034
-007,-034
-007,-034
-007,-034
-007,-034
-007,-034
-007,-034
-007,-034
-007,-034
-007,-034
-007,-034
+004,-034
-005,-034
-005,-034
-005,-034
-005,-034
-005,-034
-005,-034
-005,-034
-005,-034
-005,-034
-005,-034
-005,-035
-005,-035
-005,-035
-005,-035
-005,-035
-005,-036
-005,-036
-005,-036
-005,-036
-005,-036
-005,-036
-005,-036
-005,-036
-005,-036
-005,-036
-005,-036
-005,-036
-005,-036
-005,-037
-005,-037
-005,-037
-005,-037
-005,-038
-005,-038
-005,-038
-005,-038
-005,-038
-005,-038
-005,-038
-005,-039
-005,-039
-005,-039
+003,-040
+003,-040
+003,-040
+003,-040
+003,-040
+003,-040
+003,-040
+003,-040
+003,-040
+004,-040
+004,-040
+004,-040
+004,-040
+004,-040
+004,-040
+004,-040
+004,-040
+004,-040
+004,-040
+004,-040
+004,-040
+004,-040
-005,-040
-005,-040
-005,-040
-005,-040
-005,-040
-005,-040
-006,-040
-006,-040
-006,-040
-006,-040
-006,-037
-006,-038
-006,-038
-006,-038
-006,-038
-006,-038
-006,-038
-006,-038
-007,-038
-007,-038
-007,-038
-007,-038
-007,-038
-007,-038
-007,-038
-007,-038
-007,-038
-007,-038
-007,-038
-007,-038
-007,-038
-007,-038
-007,-038
-007,-038
-007,-038
-007,-038
-007,-038
-007,-038
-007,-038
-007,-038
-008,-038
-008,-038
-008,-038
-008,-038
-008,-038
-008,-038
-008,-038
-008,-038
-008,-038
-008,-038
-008,-038
-008,-038
-008,-038
-008,-038
-008,-038
-008,-038
-008,-038
-008,-038
-008,-038
-008,-038
-008,-038
-008,-038
-008,-038
-008,-038
-008,-038
-008,-038
-008,-038
-008,-038
-008,-038
-008,-038
-008,-038
-008,-038
-008,-038
-008,-035
-008,-036
-008,-036
-008,-036
-008,-036
-008,-036
-008,-036
-008,-036
-008,-036
-008,-036
-008,-036
-008,-036
-008,-036
-008,-036
-008,-036
-008,-036
-008,-036
-009,-036
-009,-036
-009,-036
-009,-036
-009,-036
-009,-036
-009,-036
-009,-036
-009,-036
-009,-036
-009,-036
-009,-036
-009,-036
-009,-036
-009,-036
-009,-036
-009,-036
-009,-036
-009,-036
-009,-036
-009,-033
-009,-034
-009,-034
-009,-034
-009,-034
-009,-034
-009,-034
-009,-034
-009,-034
-009,-034
-009,-034
-009,-034
-009,-034
-010,-034
-010,-034
-010,-034
-010,-034
-010,-034
-010,-034
-010,-034
-010,-034
-010,-034
-010,-034
-010,-034
-010,-034
-010,-034
-010,-034
-010,-034
-010,-034
-011,-034
-011,-034
-011,-034
-011,-034
-011,-034
-011,-034
-011,-034
-011,-034
-011,-034
-012,-034
-012,-034
-012,-034
-012,-034
-012,-034
-012,-034
-012,-034
-012,-034
-013,-034
-013,-034
-013,-034
-013,-034
-014,-034
-014,-034
-014,-034
-014,-034
-014,-034
-014,-034
-014,-034
-014,-034
-014,-034
-014,-034
-015,-034
-015,-034
-015,-034
-015,-034
-015,-034
-015,-034
-015,-034
-015,-034
-015,-034
-015,-034
-015,-034
-015,-034
-016,-034
-016,-034
-016,-034
-016,-034
-016,-034
-016,-034
-016,-034
-016,-034
-016,-031
-016,-031
-016,-031
-016,-031
-016,-031
-016,-031
-016,-031
-016,-031
-016,-031
-016,-031
-016,-031
-016,-031
-016,-031
-016,-031
-016,-031
-016,-031
-016,-028
-016,-028
-016,-029
-016,-029
-016,-029
-016,-029
-016,-029
-016,-029
-016,-029
-016,-029
-016,-029
-016,-029
-016,-029
-016,-029
-016,-029
-016,-029
-016,-029
-016,-029
-016,-029
-016,-029
-016,-029
-016,-029
-016,-029
-016,-029
-016,-029
-016,-029
-016,-029
-016,-029
-016,-029
-016,-029
-016,-029
-016,-029
-016,-029
-016,-029
-016,-029
-016,-029
-016,-029
-016,-029
-016,-029
-016,-029
-016,-029
-016,-029
-016,-029
-016,-029
-016,-029
-016,-029
-016,-029
-016,-029
-016,-029
-016,-029
-016,-029
-016,-029
-016,-029
-016,-029
-016,-029
-016,-029
-016,-029
-016,-029
-016,-029
-013,-029
-014,-029
-014,-029
-014,-029
-014,-026
-014,-026
-014,-027
-014,-027
-014,-027
-014,-027
-014,-027
-014,-027
-014,-027
-014,-027
-014,-027
-014,-027
-014,-027
-014,-027
-014,-027
-014,-027
-014,-024
-014,-024
-014,-024
-015,-024
-015,-024
-015,-024
-015,-024
-015,-024
-015,-024
-015,-024
-015,-024
-015,-024
-015,-024
-015,-024
-015,-024
-015,-024
-015,-024
-015,-024
-015,-024
-015,-024
-015,-024
-015,-024
-015,-024
-015,-024
-015,-021
-015,-021
-015,-021
-015,-021
-015,-021
-015,-021
-015,-021
-015,-021
-015,-021
-015,-021
-015,-021
-015,-021
-015,-021
-015,-021
-015,-018
-015,-019
-015,-019
-015,-019
-015,-019
-015,-019
-015,-019
-015,-019
-015,-019
-015,-019
-015,-016
-015,-016
-012,-016
-013,-016
-013,-016
-013,-016
-013,-016
-013,-016
-013,-016
-013,-016
-013,-016
-013,-016
-013,-016
-013,-016
-013,-016
-013,-016
-013,-016
-013,-016
-010,-016
-010,-016
-010,-016
-010,-016
-010,-016
-010,-016
-010,-016
-010,-016
-010,-016
-010,-016
-007,-016
-007,-016
-008,-013
-008,-013
-008,-013
-008,-013
-008,-013
-008,-013
-005,-013
-005,-010
-005,-010
-005,-010
-005,-010
-005,-010
-005,-010
-005,-007
-005,-007
+003,-007
+003,-007
+003,-007
+003,-007
+003,-007
+003,-004
+001,-004
+001,-004
+001,-004
+001,-004
+001,-004
+001,-004
+001,-004
+001,-004
+001,-004
+001,-001
+001,-001
+001,-001
+001,-001
+001,-001
+001,-001
+001,-001
+001,-001
+001,-001
+001,-001
+001,-001
+001,+001
+001,+001
+001,+001
+001,+001
+003,+001
+003,+001
+003,+003
+003,+003
+003,+003
+003,+003
+001,+003
+001,+003
+001,+003
+001,+003
+001,+003
+001,+005
+001,+005
+001,+005
+004,+008
+004,+008
+004,+008
+004,+008
+004,+008
+004,+008
-005,+008
-005,+008
-005,+008
-005,+008
-005,+008
-006,+008
-006,+008
-006,+008
-007,+008
-008,+008
-008,+006
-008,+006
-009,+006
-010,+006
-010,+006
-010,+006
-011,+006
-011,+006
-011,+004
-012,+004
-012,+004
-012,+004
-013,+004
-013,+004
-013,+004
-013,+004
-013,+004
-014,+002
-014,+002
-014,+002
-014,+002
-015,+002
-015,+002
-015,+002
-015,+002
-016,+002
-016,+002
-016,+002
-016,+002
-017,+002
-017,+002
-017,+002
-017,+002
-017,+002
-017,+002
-017,+002
-017,+002
-017,+002
-017,+002
-018,+002
-018,+002
-018,+002
-018,+002
-018,+002
-018,+002
-018,+002
-018,+002
-018,+002
-018,+002
-019,+002
-019,+002
-019,+002
-019,+004
-019,+004
-019,+004
-019,+004
-019,+004
-019,+004
-019,+004
-019,+004
-019,+004
-019,+004
-019,+004
-019,+004
-019,+004
-019,+004
-019,+004
-019,+004
-020,+004
-020,+004
-020,+004
-020,+004
-020,+004
-020,+004
-020,+004
-020,+004
-020,+004
-020,+004
-020,+004
-020,+004
-020,+004
-020,+004
-020,+004
-020,+004
-020,+004
-020,+004
-020,+004
-020,+004
-020,+004
-020,+004
-020,+004
-020,+004
-020,+004
-020,+004
-020,+004
-020,+004
-020,+004
-020,+004
-020,+004
-020,+004
-020,+004
-020,+004
-020,+004
-020,+004
-020,+004
-020,+004
-020,+004
-020,+004
-020,+004
-020,+004
-020,+004
-020,+004
-020,+004
-020,+004
-020,+004
-020,+004
-020,+004
-020,+004
-020,+004
-020,+004
-020,+004
-020,+004
-020,+004
-020,+004
-020,+002
-020,+002
-020,+002
-020,+002
-020,+002
-020,+002
-020,+002
-020,+002
-020,+002
-020,+002
-020,+002
-020,+002
-020,+000
-020,+000
-020,+000
-021,+000
-021,+000
-021,+000
-021,+000
-021,+000
-021,+000
-022,+000
-022,+000
-022,-001
-022,-001
-023,-001
-023,-002
-023,-002
-023,-002
-024,-003
-024,-003
-024,-003
-025,-004
-025,-004
-025,-004
-025,-004
-026,-005
-026,-005
-026,-005
-026,-006
-026,-007
-027,-007
-027,-007
-027,-007
-027,-007
-028,-007
-028,-008
-028,-008
-028,-008
-028,-008
-028,-008
-028,-008
-028,-008
-028,-009
-028,-009
-028,-009
-028,-010
-028,-010
-028,-010
-028,-010
-028,-010
-028,-010
-028,-010
-028,-010
-028,-010
-028,-010
-028,-010
-028,-010
-028,-010
-028,-010
-028,-010
-028,-010
-028,-010
-028,-010
-028,-010
-028,-010
-028,-010
-028,-010
-028,-010
-028,-010
-028,-010
-028,-010
-028,-010
-028,-011
-028,-011
-028,-011
-025,-011
-025,-011
-026,-011
-026,-011
-026,-011
-026,-011
-026,-011
-026,-011
-023,-012
-023,-012
-023,-012
-023,-013
-019,-014
-019,-015
-019,-015
-019,-015
-019,-015
-019,-016
-016,-016
-016,-016
-016,-016
-016,-017
-016,-017
-016,-017
-016,-017
-016,-017
-016,-017
-013,-017
-014,-017
-014,-017
-014,-017
-014,-017
-014,-017
-014,-017
-014,-017
-014,-017
-014,-017
-014,-017
-014,-017
-011,-017
-011,-017
-011,-017
-011,-014
-011,-015
-011,-015
-011,-015
-011,-015
-011,-015
-011,-015
-011,-015
-008,-015
-008,-015
-008,-015
-008,-015
-008,-015
-008,-015
-008,-015
-008,-016
-008,-016
-008,-016
-008,-016
-008,-016
-008,-016
-008,-016
-008,-016
-008,-016
-005,-016
-005,-017
-005,-017
-005,-017
-005,-017
-005,-017
-005,-017
-005,-017
-005,-017
-005,-017
-005,-017
-005,-017
-005,-017
-005,-017
+003,-017
+003,-017
+003,-017
+003,-017
+003,-017
+003,-017
+003,-017
+003,-017
+003,-017
+003,-017
+003,-017
+003,-017
+003,-017
+003,-017
+003,-017
+003,-017
+003,-017
+003,-017
+003,-017
+003,-017
+003,-017
+003,-017
+003,-017
+003,-017
+003,-017
+003,-017
+003,-017
+003,-017
+003,-017
+004,-017
+004,-017
+004,-017
+004,-017
+004,-017
+004,-017
+004,-017
+004,-017
+004,-017
+004,-017
-005,-017
-005,-017
-005,-017
-005,-017
-005,-017
-006,-017
-006,-017
-006,-017
-006,-017
-006,-017
-006,-017
-006,-017
-006,-017
-007,-017
-007,-017
-007,-017
-007,-017
-007,-017
-007,-017
-007,-017
-008,-017
-008,-017
-008,-017
-009,-017
-009,-017
-009,-017
-009,-017
-009,-017
-009,-017
-009,-017
-009,-017
-009,-017
-009,-017
-009,-017
-009,-017
-009,-017
-009,-017
-009,-017
-009,-017
-009,-017
-009,-017
-009,-017
-009,-017
-009,-017
-009,-017
-009,-018
-009,-018
-009,-018
-009,-018
-009,-018
-009,-018
-009,-018
-009,-018
-009,-018
-009,-018
-009,-018
-009,-018
-009,-018
-009,-019
-009,-019
-009,-019
-009,-019
-009,-019
-009,-019
-009,-019
-009,-020
-009,-020
-009,-020
-009,-020
-009,-020
-009,-020
-009,-021
-009,-021
-009,-021
-009,-021
-009,-021
-009,-021
-009,-021
-009,-022
-009,-022
-009,-022
-009,-022
-009,-022
-009,-022
-009,-022
-009,-022
-009,-022
-009,-022
-009,-022
-009,-022
-009,-022
-009,-022
-009,-022
-009,-022
-009,-022
-009,-022
-009,-022
-009,-022
-009,-022
-009,-022
-009,-022
-009,-022
-009,-022
-009,-022
-009,-022
-009,-022
-009,-022
-009,-019
-009,-019
-009,-019
-009,-019
-009,-019
-009,-019
-009,-019
-009,-019
-009,-019
-009,-019
-009,-019
-009,-019
-009,-019
-009,-019
-009,-019
-006,-019
-007,-019
-007,-019
-007,-019
-007,-019
-007,-019
-007,-019
-007,-019
-007,-019
-007,-019
+004,-019
-005,-016
-005,-017
-005,-017
-005,-017
-005,-017
-005,-017
-005,-017
-005,-017
-005,-017
-005,-017
-005,-017
-005,-017
+003,-018
+003,-018
+003,-018
+003,-018
+003,-018
+003,-018
+003,-019
+003,-019
+003,-019
+003,-019
+003,-020
+003,-020
+003,-020
+003,-020
+003,-020
+003,-020
+003,-020
+003,-020
+003,-020
+003,-020
+003,-021
+003,-021
+003,-021
+003,-021
+003,-021
+003,-021
+001,-021
+001,-021
+001,-021
+001,-021
+001,-021
+001,-021
+001,-021
+001,-021
+001,-021
+001,-021
+001,-022
+001,-022
+001,-022
+001,-022
+001,-022
+001,-022
+001,-022
+001,-022
+001,-022
+001,-022
+001,-022
+001,-022
+001,-022
+001,-022
+001,-022
+001,-022
+001,-022
+001,-022
+001,-022
+001,-022
+001,-022
+001,-022
+001,-022
+001,-022
+001,-022
+001,-019
+001,-019
+001,-020
+001,-020
+001,-020
+001,-020
+001,-020
+001,-020
+001,-020
+001,-020
+001,-017
+001,-017
+001,-017
+001,-017
+001,-017
+001,-017
+001,-017
+001,-017
+001,-017
+001,-017
+001,-017
+001,-017
+001,-017
+001,-017
+001,-017
+001,-017
+001,-017
+001,-017
+001,-017
+001,-017
+001,-017
+001,-017
+001,-017
+001,-017
+001,-014
+001,-014
+001,-014
+001,-014
+001,-014
+001,-014
+001,-014
+001,-014
+001,-014
+001,-014
+001,-014
+001,-014
+001,-014
+001,-011
+001,-011
+001,-011
+001,-011
+001,-011
+001,-011
+001,-011
+001,-011
+001,-011
+003,-011
+003,-011
+003,-011
+003,-011
+003,-011
+003,-011
+003,-011
+003,-011
+003,-011
+003,-011
+003,-011
+003,-011
+003,-011
+003,-011
+003,-011
+003,-011
+003,-011
+003,-011
+003,-011
+003,-011
+003,-011
+003,-011
+003,-011
+003,-011
+003,-011
+003,-011
+003,-011
+003,-011
+003,-011
+003,-011
+003,-011
+003,-011
+003,-011
+003,-011
+003,-011
+003,-011
+003,-011
+003,-011
+003,-011
+003,-011
+003,-011
+003,-011
+003,-011
+003,-011
+003,-011
+003,-011
+003,-011
+003,-011
+003,-011
+003,-011
+003,-011
+003,-011
+001,-011
+001,-011
+001,-011
+001,-011
+001,-011
+001,-011
+001,-011
+001,-011
+001,-011
+001,-011
+001,-011
+001,-011
+001,-011
+001,-011
+001,-011
+001,-011
+001,-011
+001,-011
+001,-011
+001,-011
+001,-011
+001,-011
+001,-011
+001,-011
+001,-011
+001,-011
+001,-011
+001,-011
+001,-011
+001,-011
+001,-011
+001,-011
+001,-011
+001,-012
+001,-012
+001,-012
+001,-012
+003,-013
+003,-013
+003,-013
+003,-013
+003,-013
+003,-013
+003,-013
+003,-013
+003,-014
+003,-014
+003,-014
+003,-014
+003,-014
+003,-014
+003,-015
+003,-015
+003,-015
+003,-015
+003,-015
+003,-015
+003,-016
+003,-016
+003,-016
+003,-016
+005,-016
+005,-017
+005,-017
+005,-017
+005,-017
+005,-017
+005,-017
+005,-017
+003,-017
+003,-017
+003,-017
+003,-017
+003,-017
+003,-017
+003,-017
+003,-017
+003,-017
+003,-017
+003,-017
+003,-017
+003,-017
+003,-017
+003,-017
+003,-017
+003,-017
+003,-017
+003,-017
+003,-017
+003,-017
+003,-017
+003,-017
+003,-014
+003,-015
+003,-015
+003,-015
+003,-015
+003,-015
+003,-015
+003,-015
+003,-015
+003,-015
+003,-015
+003,-015
+003,-015
+003,-015
+003,-015
+003,-015
+003,-015
+003,-012
+003,-013
+003,-013
+001,-013
+001,-013
+001,-013
+001,-013
+001,-010
+001,-011
+001,-011
+001,-011
+001,-011
+001,-011
+001,-011
+001,-011
+001,-011
+001,-011
+001,-011
+001,-011
+001,-011
+001,-011
+001,-011
+003,-011
+003,-008
+003,-008
+003,-009
+003,-009
+004,-009
+004,-009
+004,-009
-005,-009
-005,-009
-005,-009
-006,-009
-006,-009
-006,-009
-006,-009
-006,-009
-006,-009
-007,-009
-007,-009
-007,-009
-007,-009
-007,-009
-007,-009
-007,-009
-007,-009
-007,-009
-007,-010
-007,-010
-007,-010
-007,-010
-007,-011
-007,-011
-007,-011
-007,-011
-007,-011
-007,-011
-007,-012
-007,-012
-007,-012
-007,-012
-007,-013
-007,-013
-007,-013
-007,-013
-007,-013
-007,-013
-007,-013
-007,-013
-007,-013
-007,-013
-007,-013
-007,-013
-007,-013
-007,-013
-007,-013
-007,-013
-007,-013
-007,-013
-007,-013
-007,-013
-007,-013
-007,-013
-007,-013
-007,-013
-007,-013
-007,-013
-007,-013
-007,-013
-007,-013
-007,-013
-007,-014
-007,-014
-007,-014
+004,-014
-005,-014
-005,-014
-005,-014
-005,-014
-005,-014
-005,-014
-005,-014
-005,-014
-005,-014
-005,-014
-005,-014
-005,-014
-005,-014
-005,-014
-005,-014
-005,-014
-005,-014
-005,-014
-005,-014
-005,-014
-005,-014
-005,-014
-005,-015
+003,-015
+003,-015
+003,-015
+003,-015
+003,-015
+003,-015
+003,-016
+003,-016
+003,-016
+003,-016
+003,-016
+003,-016
+003,-016
+003,-016
+003,-016
+004,-016
+004,-017
+004,-017
+004,-017
+004,-017
+004,-017
+004,-017
+004,-017
+004,-017
+004,-017
+004,-017
+004,-017
+004,-017
+004,-017
+004,-017
+004,-017
+004,-017
+004,-017
+004,-017
+004,-017
+004,-017
+004,-018
+004,-018
+004,-018
+004,-018
+004,-018
+004,-018
+004,-018
+004,-018
+004,-018
+004,-018
+004,-018
+004,-018
-005,-018
-005,-018
-005,-018
-005,-018
-005,-018
-005,-019
-005,-019
-006,-019
-006,-019
-006,-019
-006,-019
-006,-019
-006,-019
-007,-019
-007,-019
-007,-019
-007,-019
-008,-019
-008,-019
-008,-019
-008,-019
-008,-019
-008,-019
-009,-019
-009,-019
-009,-019
-009,-019
-009,-019
-010,-019
-010,-019
-010,-019
-010,-019
-010,-019
COP Area(S): 000848
COP Area(R): 002176