-000,+000
-000,+001
-000,+001
-000,+001
-000,+001
-000,+001
-000,+001
-000,+001
-000,+001
-000,+001
-000,+001
-000,+001
-000,+001
-000,+001
-000,+001
-000,+001
-000,+001
-000,+001
-000,+001
-000,+001
-000,+003
-000,+003
-000,+003
-000,+003
-000,+003
-000,+003
-000,+003
-000,+003
-000,+003
-000,+003
-000,+003
-000,+003
-000,+003
-000,+003
-000,+003
-000,+003
-000,+003
-000,+003
-000,+005
-000,+005
-000,+005
-000,+005
-000,+005
-000,+005
-000,+005
-000,+005
-000,+005
-000,+005
-000,+005
-000,+005
-000,+005
-000,+005
-000,+007
-000,+007
-000,+007
-000,+007
-000,+007
-000,+007
-000,+007
-000,+007
-000,+007
-001,+007
-001,+007
-001,+007
-001,+007
-001,+007
-001,+009
-001,+009
-001,+009
-001,+009
-001,+009
-001,+009
-001,+009
-001,+009
-001,+009
-001,+009
-001,+009
-001,+009
-001,+009
-001,+011
-001,+011
-001,+011
-001,+011
-001,+011
-001,+011
-001,+011
-001,+011
-001,+011
-001,+011
-001,+011
-001,+011
-001,+011
-001,+011
-001,+011
-001,+011
-001,+011
-001,+011
-001,+011
-001,+013
-001,+013
-001,+013
-001,+013
-001,+013
-001,+013
-001,+013
-001,+013
-001,+013
-001,+013
-001,+013
-001,+013
-001,+013
-001,+015
-001,+015
-001,+015
-001,+015
-001,+015
-001,+015
-001,+015
-002,+015
-001,+015
-001,+015
-001,+015
-001,+017
-001,+017
-001,+017
-001,+017
-001,+017
-004,+017
-004,+017
-004,+017
-004,+017
-004,+017
-004,+017
-004,+015
-004,+015
-004,+015
-004,+015
-004,+015
-004,+015
-004,+015
-007,+015
-007,+015
-007,+015
-007,+013
-007,+013
-007,+013
-007,+013
-007,+013
-007,+013
-007,+013
-007,+013
-007,+013
-007,+013
-007,+013
-007,+013
-007,+013
-007,+013
-007,+013
-007,+013
-007,+013
-007,+013
-007,+011
-007,+011
-007,+011
-007,+011
-007,+011
-007,+011
-007,+011
-007,+011
-007,+011
-007,+011
-007,+011
-007,+011
-007,+011
-007,+011
-007,+011
-007,+011
-007,+011
-007,+011
-007,+009
-007,+009
-007,+009
-007,+009
-007,+009
-007,+009
-007,+009
-007,+009
-007,+009
-007,+009
-007,+009
-007,+009
-007,+009
-007,+009
-007,+009
-007,+009
-007,+009
-007,+009
-007,+009
-007,+009
-007,+009
-007,+009
-007,+009
-007,+009
-007,+009
-007,+009
-010,+009
-010,+009
-010,+009
-010,+009
-010,+009
-010,+009
-010,+009
-010,+009
-010,+009
-010,+009
-010,+009
-010,+009
-010,+009
-010,+009
-010,+009
-010,+009
-010,+009
-010,+009
-010,+009
-010,+009
-010,+009
-010,+009
-010,+009
-010,+009
-010,+009
-010,+009
-010,+009
-010,+009
-010,+009
-010,+009
-010,+009
-010,+009
-010,+009
-010,+009
-010,+009
-010,+009
-010,+009
-010,+009
-010,+009
-010,+009
-010,+009
-010,+009
-010,+009
-010,+009
-013,+009
-013,+009
-013,+009
-013,+009
-013,+009
-013,+009
-013,+009
-013,+009
-013,+009
-013,+009
-013,+009
-013,+009
-013,+009
-013,+009
-013,+009
-013,+009
-013,+009
-016,+009
-016,+009
-016,+009
-016,+009
-016,+009
-016,+009
-016,+009
-016,+009
-016,+009
-016,+009
-016,+009
-016,+009
-016,+009
-016,+009
-019,+009
-019,+009
-019,+009
-019,+009
-019,+009
-019,+009
-019,+009
-019,+009
-019,+009
-019,+009
-019,+009
-019,+007
+021,+007
+021,+007
+021,+007
+021,+007
+021,+007
+021,+007
+021,+007
+021,+007
+023,+007
+023,+005
+023,+005
+023,+005
+023,+005
+023,+005
+023,+005
+023,+005
+023,+005
+023,+005
+023,+005
+023,+003
+023,+003
+023,+003
+023,+003
+025,+003
+025,+003
+025,+003
+025,+003
+025,+003
+025,+003
+025,+003
+025,+003
+025,+003
+025,+003
+025,+003
+025,+003
+025,+003
+025,+003
+025,+005
+025,+005
+025,+005
+025,+005
+025,+005
+025,+005
+025,+005
+025,+005
+023,+005
+023,+005
+023,+005
+023,+005
+023,+005
+023,+005
+021,+003
+021,+003
+021,+003
+021,+003
+021,+003
+021,+003
+020,+003
+020,+003
+020,+003
-019,+003
-019,+003
-018,+003
-018,+003
-017,+003
-017,+003
-017,+003
-016,+003
-016,+003
-016,+003
-015,+003
-015,+003
-014,+003
-014,+005
-013,+005
-013,+005
-012,+005
-012,+005
-011,+007
-011,+007
-010,+007
-010,+007
-009,+007
-008,+009
-008,+009
-008,+009
-007,+009
-006,+009
-006,+009
-006,+009
-005,+009
-005,+009
-005,+009
-005,+009
-005,+011
-005,+011
-005,+011
-005,+011
-005,+011
-005,+009
-005,+009
-005,+009
-005,+009
-005,+009
-005,+009
-005,+009
-005,+009
-005,+009
-005,+007
-005,+007
-005,+007
-005,+007
-005,+007
-005,+007
-005,+007
-005,+007
-005,+007
-005,+007
-005,+005
-005,+005
-005,+005
-005,+005
-005,+005
-005,+005
-005,+005
-005,+005
-005,+005
-005,+005
-005,+003
-005,+003
-005,+003
-005,+003
-005,+003
-005,+003
-005,+003
-005,+003
-005,+003
-008,+003
-008,+003
-008,+001
-008,+001
-008,+001
-008,+001
-008,+001
-008,+001
-008,+001
-008,+001
-008,+001
-008,+001
-008,+001
-008,+001
-008,+001
-008,+001
-008,+001
-008,+001
-008,+001
-011,+001
-010,+001
-010,+001
-010,+001
-010,+001
-010,+001
-010,+001
-010,+001
-010,+001
-010,+001
-010,+001
-009,+001
-009,+001
-009,+001
-009,+001
-009,+001
-009,+001
-009,+001
-009,+001
-008,+001
-008,+001
-007,+001
-007,+001
-007,+001
-007,+001
-007,+001
-007,+001
-007,+001
-006,+001
-006,+001
-006,+001
-006,+001
-005,+001
-005,+001
-005,+001
-005,+001
-005,+001
-005,+001
-004,+001
-004,+001
-004,+001
-004,+001
-004,+001
-004,+001
-003,+001
-003,+001
-003,+001
-003,+001
-003,+003
-003,+003
-003,+003
-003,+003
-002,+003
-002,+003
-002,+003
-002,+003
-002,+003
-001,+003
-001,+003
-001,+003
-001,+003
-001,+003
-001,+003
-001,+003
-000,+003
-000,+003
-000,+003
-000,+003
-000,+003
-001,+003
-001,+003
-001,+003
-001,+003
-001,+003
-001,+003
-001,+003
-001,+003
-001,+003
-001,+003
-001,+003
-001,+003
-002,+003
-002,+003
-002,+003
-002,+003
-002,+003
-002,+003
-002,+003
-003,+003
-003,+003
-003,+003
-003,+003
-003,+003
-003,+003
-003,+003
-003,+003
-003,+003
-003,+003
-003,+003
-003,+003
-003,+003
-003,+003
-003,+001
-003,+001
-003,+001
-003,+001
-003,+001
-003,+001
-004,+001
-004,+001
-004,+001
-004,+001
-004,+001
-004,+001
-004,+001
-004,+001
-004,+001
-004,+001
-004,+001
-004,+001
-004,+001
-004,+001
-004,+001
-004,+001
-004,+001
-004,+001
-004,+001
-004,+001
-004,+001
-004,-002
-004,-002
-004,-002
-005,-002
-005,-003
-005,-003
-005,-003
-005,-003
-005,-003
-005,-003
-005,-004
-005,-004
-005,-004
-006,-004
-006,-004
-006,-004
-006,-004
-006,-004
-006,-004
-006,-004
-007,-005
-007,-005
-007,-005
-007,-005
-007,-005
-007,-006
-007,-006
-008,-006
-008,-006
-008,-006
-008,-006
-008,-006
-008,-006
-008,-006
-008,-007
-009,-007
-009,-007
-009,-007
-009,-007
-009,-007
-009,-007
-009,-007
-009,-007
-009,-007
-009,-008
-009,-008
-009,-008
-009,-008
-009,-008
-009,-008
-009,-008
-009,-008
-009,-008
-009,-008
-009,-008
-009,-008
-009,-008
-009,-008
-009,-008
-009,-008
-009,-008
-009,-008
-009,-008
-009,-008
-009,-008
-009,-008
-009,-008
-009,-008
-009,-008
-009,-008
-009,-008
-009,-008
-009,-008
-009,-008
-009,-008
-009,-008
-009,-008
-009,-008
-009,-008
-009,-008
-009,-008
-009,-008
-009,-008
-009,-008
-009,-008
-009,-008
-009,-008
-009,-008
-009,-008
-006,-008
-006,-008
-006,-008
-006,-008
-006,-008
-006,-008
-006,-008
-006,-008
-006,-008
-006,-008
-006,-008
-006,-008
-006,-008
-006,-008
-006,-008
-006,-008
-006,-008
-006,-008
-006,-009
-006,-009
-006,-009
-006,-009
-006,-009
-006,-009
-006,-010
-006,-010
-006,-010
-006,-010
-006,-010
-006,-010
-006,-010
-006,-011
-006,-011
-006,-011
-006,-011
-006,-011
-006,-011
-007,-011
-007,-012
-007,-012
-008,-012
-008,-013
-009,-013
-009,-013
-009,-013
-010,-013
-010,-013
-010,-013
-010,-013
-011,-013
-011,-013
-011,-013
-011,-013
-012,-013
-012,-013
-012,-013
-013,-013
-014,-013
-014,-013
-014,-013
-015,-013
-015,-013
-015,-013
-015,-013
-015,-013
-016,-013
-016,-013
-016,-013
-016,-013
-017,-013
-017,-010
-017,-010
-017,-011
-018,-011
-018,-011
-018,-011
-018,-011
-018,-011
-018,-011
-018,-011
-018,-011
-018,-011
-018,-011
-018,-008
-018,-008
-018,-009
-018,-009
-018,-009
-018,-009
-018,-009
-018,-009
-018,-009
-018,-009
-018,-009
-018,-009
-018,-009
-018,-009
-018,-009
-015,-009
-015,-006
-015,-006
-015,-007
-015,-007
-015,-007
-015,-007
-015,-007
-015,-007
-015,-007
-015,-007
-015,-004
-012,-004
-012,-004
-012,-004
-012,-004
-012,-004
-012,-004
-012,-004
-012,-004
-009,-004
-009,-004
-009,-004
-009,-004
-009,-004
-009,-004
-009,-004
-009,-004
-009,-004
-009,+001
-009,+001
-009,+001
-009,+001
-009,+001
-009,+001
-009,+001
-009,+001
-009,+001
-009,+001
-009,+001
-009,+001
-009,+001
-009,+001
-009,+001
-009,+001
-009,+001
-009,+001
-009,+001
-009,+001
-009,+001
-009,+001
-010,+001
-010,+001
-010,+001
-010,+001
-011,+001
-011,+001
-011,+001
-011,+001
-012,+001
-012,+001
-012,+001
-013,+001
-013,+001
-013,+001
-013,+001
-014,+001
-014,+001
-015,+003
-015,+003
-015,+003
-015,+003
-015,+003
-015,+003
-016,+003
-016,+003
-016,+003
-016,+003
-017,+003
-017,+003
-017,+003
-017,+003
-017,+003
-017,+003
-017,+003
-018,+003
-018,+003
-018,+003
-018,+003
-018,+003
-018,+003
-018,+003
-018,+003
-018,+003
-018,+003
-018,+003
-018,+003
-018,+003
-018,+003
-018,+003
-018,+003
-018,+003
-018,+003
-018,+003
-018,+003
-018,+003
-018,+003
-018,+003
-018,+003
-015,+003
-015,+003
-015,+003
-015,+003
-015,+003
-015,+003
-015,+003
-015,+003
-015,+003
-015,+003
-015,+003
-015,+003
-015,+003
-015,+003
-015,+003
-015,+003
-015,+003
-015,+003
-015,+003
-015,+003
-015,+003
-015,+003
-015,+003
-015,+003
-012,+003
-012,+003
-013,+003
-013,+003
-013,+001
-013,+001
-013,+001
-013,+001
-013,+001
-013,+001
-013,+001
-013,+001
-013,+001
-013,+001
-013,+001
-013,+001
-013,+001
-013,+001
-013,+001
-013,+001
-013,+001
-013,+001
-013,+001
-013,+001
-013,+001
-013,+001
-010,+001
-011,+001
-011,+001
-011,+001
-011,+001
-011,+001
-011,+001
-011,+001
-011,+001
-011,+001
-011,+001
-011,+001
-011,+001
-011,+001
-011,+001
-011,+001
-011,+003
-011,+003
-011,+003
-011,+003
-011,+003
-011,+003
-011,+003
-011,+003
-011,+003
-011,+003
-011,+003
-011,+003
-011,+003
-011,+005
-011,+005
-011,+005
-011,+005
-011,+005
-011,+005
-011,+005
-011,+005
-011,+005
-011,+005
-011,+005
-011,+005
-011,+005
-008,+007
-009,+007
-009,+007
-009,+007
-009,+007
-009,+007
-009,+007
-009,+007
-009,+007
-009,+007
-009,+007
-009,+007
-009,+007
-009,+009
-009,+009
-009,+009
-009,+009
-009,+009
-009,+009
-009,+009
-009,+009
-009,+011
-009,+011
-009,+011
-009,+011
-009,+011
-009,+011
-009,+011
-009,+011
-009,+011
-009,+011
-009,+011
-009,+011
-009,+011
-009,+011
-009,+011
-009,+011
-009,+013
-009,+013
-009,+013
-009,+013
-009,+013
-009,+013
-009,+013
-009,+013
-009,+013
-009,+013
-009,+013
-009,+013
-009,+013
-009,+013
-009,+013
-009,+013
-009,+013
-009,+013
-009,+015
-009,+015
-009,+015
-009,+015
-009,+015
-009,+015
-009,+015
-009,+015
-009,+015
-009,+015
-009,+015
-009,+015
-009,+015
-009,+015
-009,+015
-009,+015
-006,+015
-006,+015
-006,+015
-006,+015
-006,+015
-006,+015
-006,+015
-006,+015
-006,+015
-006,+015
-006,+015
-006,+015
-006,+015
-006,+015
-006,+015
-006,+015
-003,+015
-003,+015
-003,+013
-003,+013
-003,+013
-003,+013
-003,+013
-003,+013
-003,+013
-003,+013
-003,+013
-003,+013
-000,+013
-000,+013
-000,+013
-000,+013
-000,+011
-000,+011
-000,+011
-000,+011
-000,+011
-003,+011
-003,+011
-003,+011
-003,+011
-003,+011
-003,+011
-003,+011
-003,+011
-006,+011
-006,+011
-006,+011
-006,+011
-006,+011
-006,+011
-006,+011
-006,+011
-006,+011
-006,+011
-006,+011
-006,+011
-006,+011
-006,+011
-006,+011
-006,+013
-006,+013
-006,+013
-006,+013
-006,+013
-006,+013
-006,+013
-006,+013
-006,+013
-006,+013
-006,+013
-006,+013
-006,+013
-006,+013
-006,+013
-006,+013
-006,+013
-006,+013
-006,+013
-006,+013
-006,+013
-006,+011
-006,+011
-006,+011
-006,+011
-006,+011
-006,+011
-006,+011
-006,+011
-006,+011
-006,+011
-006,+011
-006,+011
-006,+013
-006,+013
-006,+013
-006,+013
-006,+013
-006,+013
-006,+013
-006,+013
-006,+013
-006,+013
-005,+015
-005,+015
-005,+015
-005,+015
-005,+015
-005,+015
-005,+015
-004,+015
-004,+015
-004,+015
-004,+015
-003,+015
-003,+015
-003,+017
-002,+017
-002,+017
-002,+017
-002,+017
-002,+017
-002,+017
-001,+017
-001,+017
-001,+017
-000,+017
-000,+017
-000,+017
-001,+017
-001,+017
-001,+017
-001,+017
-002,+017
-002,+017
-002,+017
-002,+017
-002,+017
-002,+017
-002,+017
-003,+017
-003,+015
-003,+015
-003,+015
-003,+015
-003,+015
-003,+015
-003,+013
-003,+013
-003,+013
-003,+013
-003,+013
-003,+013
-004,+011
-004,+011
-004,+011
-004,+011
-004,+011
-004,+011
-004,+011
-004,+011
-004,+009
-004,+009
-004,+009
-004,+009
-004,+009
-005,+009
-005,+009
-005,+009
-005,+009
-005,+009
-005,+007
-005,+007
-006,+007
-006,+007
-006,+007
-006,+007
-006,+007
-006,+007
-006,+007
-006,+007
-006,+007
-006,+007
-006,+007
-006,+007
-006,+007
-006,+007
-006,+007
-006,+005
-006,+005
-006,+005
-006,+005
-006,+005
-006,+005
-006,+005
-006,+005
-006,+005
-006,+005
-006,+005
-006,+005
-006,+005
-006,+007
-006,+007
-006,+007
-006,+007
-006,+007
-006,+007
-006,+007
-003,+007
-003,+007
-003,+007
-003,+007
-003,+007
-003,+007
-003,+007
-003,+007
-003,+007
-003,+007
-003,+007
-003,+007
-003,+007
-003,+007
-000,+007
-000,+007
-000,+007
-000,+007
-000,+007
-000,+007
-000,+007
-000,+007
-000,+007
-000,+007
-000,+007
-000,+007
-000,+007
-000,+005
-000,+005
-003,+005
-003,+005
-003,+005
-003,+005
-003,+005
-003,+005
-003,+005
-003,+005
-003,+005
-003,+005
-003,+005
-006,+003
-006,+003
-006,+003
-006,+003
-006,+003
-006,+003
-006,+003
-006,+003
-006,+003
-006,+003
-006,+003
-006,+003
-006,+003
-006,+003
-006,+003
-006,+003
-009,+003
-008,+003
-008,+003
-008,+003
-008,+003
-008,+003
-008,+003
-008,+003
-008,+003
-008,+003
-008,+003
-008,+003
-008,+003
-008,+005
-008,+005
-008,+005
-008,+005
-008,+005
-008,+005
-008,+005
-008,+005
-008,+005
-008,+005
-008,+005
-008,+005
-008,+005
-008,+005
-008,+005
-008,+005
-008,+005
-008,+005
-008,+005
-008,+005
-008,+005
-008,+005
-007,+005
-007,+005
-007,+005
-007,+005
-007,+005
-007,+005
-007,+005
-006,+005
-006,+005
-006,+005
-006,+005
-006,+007
-006,+007
-006,+007
-005,+007
-005,+007
-005,+007
-005,+007
-005,+007
-005,+007
-004,+009
-004,+009
-004,+009
-004,+009
-004,+009
-004,+009
-004,+011
-003,+011
-003,+011
-003,+011
-003,+011
-003,+013
-003,+013
-003,+013
-003,+013
-003,+013
-003,+013
-002,+013
-002,+013
-002,+013
-002,+013
-002,+013
-002,+013
-002,+013
-002,+013
-002,+013
-002,+013
-002,+013
-002,+013
-002,+013
-002,+013
-002,+013
-002,+013
-002,+013
-002,+013
-002,+013
-002,+013
-002,+015
-002,+015
-002,+015
-002,+015
-002,+015
-005,+015
-005,+015
-005,+015
-005,+015
-005,+015
-005,+015
-005,+015
-005,+015
-005,+015
-005,+015
-005,+015
-005,+015
-005,+015
-005,+015
-005,+015
-005,+017
-008,+017
-008,+017
-008,+017
-008,+017
-008,+017
-008,+017
-008,+017
-008,+017
-008,+017
-011,+017
-011,+017
-011,+017
-011,+017
-011,+017
-011,+017
-011,+017
-011,+017
-014,+017
-014,+017
-014,+017
-014,+017
-014,+017
-014,+017
-014,+017
-014,+017
-014,+017
-014,+017
-014,+017
-017,+017
-016,+017
-016,+017
-016,+017
-016,+015
-016,+015
-016,+015
-016,+015
-016,+015
-016,+013
-016,+013
-016,+013
-016,+013
-016,+013
-016,+011
-016,+011
-016,+011
-016,+011
-016,+011
-016,+011
-016,+009
-016,+009
-016,+009
-015,+009
-015,+009
-015,+009
-014,+009
-014,+007
-014,+007
-014,+007
-014,+007
-014,+007
-014,+007
-013,+007
-013,+007
-013,+007
-012,+007
-012,+007
-012,+007
-012,+007
-012,+007
-011,+007
-011,+007
-011,+007
-011,+007
-010,+009
-010,+009
-010,+009
-010,+009
-010,+009
-010,+009
-009,+009
-009,+009
-009,+009
-009,+009
-008,+009
-008,+009
-008,+009
-008,+009
-008,+009
-008,+009
-008,+009
-007,+009
-007,+009
-007,+009
-007,+009
-007,+009
-007,+007
-007,+007
-007,+007
-007,+007
-007,+007
-006,+007
-006,+007
-006,+007
-006,+007
-006,+007
-006,+007
-006,+007
-006,+007
-006,+007
-006,+007
-006,+007
-006,+007
-006,+007
-006,+007
-006,+007
-006,+007
-006,+007
-006,+007
-006,+007
-006,+007
-006,+007
-006,+007
-006,+007
-006,+007
-006,+007
-006,+007
-006,+007
-006,+007
-006,+007
-006,+007
-006,+007
-006,+007
-006,+007
-006,+007
-006,+007
-006,+007
-006,+007
-006,+007
-006,+007
-006,+007
-006,+007
-006,+007
-006,+007
-005,+007
-005,+007
-005,+007
-005,+007
-005,+007
-005,+007
-005,+007
-005,+007
-005,+007
-005,+007
-005,+007
-005,+007
-005,+007
-005,+007
-005,+007
-005,+007
-005,+007
-005,+009
-005,+009
-005,+009
-005,+009
-005,+009
-005,+009
-005,+009
-005,+009
-005,+009
-005,+009
-005,+009
-005,+009
-005,+009
-005,+009
-005,+009
-005,+009
-005,+009
-005,+009
-005,+009
-005,+009
-005,+009
-005,+009
-005,+009
-005,+009
-005,+009
-005,+009
-008,+009
-007,+009
-007,+009
-007,+011
-007,+011
-007,+011
-007,+011
-007,+011
-007,+011
-007,+011
-007,+011
-007,+011
-007,+011
-007,+011
-007,+011
-007,+011
-007,+011
-007,+013
-007,+013
-007,+013
-007,+013
-007,+013
-007,+013
-007,+013
-007,+013
-007,+013
-007,+013
-007,+013
-007,+013
-007,+013
-007,+013
-007,+011
-007,+011
-007,+011
-007,+011
-007,+011
-007,+011
-006,+011
-006,+011
-006,+011
-006,+011
-006,+011
-006,+011
-006,+011
-006,+011
-006,+009
-006,+009
-006,+009
-006,+009
-006,+009
-006,+009
-006,+009
-006,+009
-006,+009
-006,+009
-006,+009
-006,+009
-005,+009
-005,+009
-005,+009
-005,+009
-005,+009
-005,+009
-005,+009
-005,+009
-005,+009
-005,+009
-005,+009
-005,+009
-005,+009
-005,+009
-005,+009
-005,+009
-005,+011
-005,+011
-005,+011
-005,+011
-005,+011
-005,+011
-005,+011
-005,+011
-005,+011
-005,+011
-005,+011
-005,+011
-005,+011
-004,+011
-004,+011
-004,+011
-004,+011
-004,+011
-004,+011
-004,+013
-004,+013
-004,+013
-004,+013
-004,+013
-004,+013
-004,+013
-004,+013
-004,+013
-004,+013
-004,+015
-004,+015
-004,+015
-004,+015
-004,+015
-004,+015
-004,+015
-004,+015
-004,+015
-004,+015
-004,+015
-004,+017
-004,+017
-004,+017
-004,+017
-004,+017
-004,+017
-004,+017
-004,+017
-004,+017
-004,+017
-004,+017
-004,+017
-007,+017
-006,+017
-006,+017
-006,+017
-006,+017
-006,+017
-006,+017
-006,+017
-006,+017
-006,+017
-006,+017
-006,+017
-006,+017
-006,+017
-006,+017
-006,+017
-006,+017
-009,+017
-008,+017
-008,+017
-008,+017
-008,+017
-008,+015
-008,+015
-008,+015
-008,+015
-008,+015
-008,+015
-008,+015
-008,+015
-008,+015
-008,+015
-008,+015
-008,+015
-008,+015
-008,+015
-008,+015
-008,+015
-008,+015
-008,+015
-011,+015
-010,+015
-010,+015
-010,+015
-010,+015
-010,+015
-010,+015
-010,+015
-010,+015
-010,+015
-010,+015
-010,+015
-010,+015
-010,+015
-010,+015
-010,+015
-010,+015
-010,+015
-010,+015
-010,+015
-010,+015
-010,+015
-010,+015
-013,+015
-013,+015
-013,+015
-013,+015
-013,+015
-013,+015
-013,+015
-013,+015
-013,+015
-013,+015
-013,+015
-013,+015
-013,+015
-013,+015
-013,+015
-013,+015
-016,+017
-016,+017
-016,+017
-016,+017
-016,+017
-016,+017
-016,+017
-016,+017
-019,+017
-019,+017
-019,+017
-019,+017
-019,+019
-019,+019
-019,+019
+021,+019
+021,+019
+021,+019
+021,+019
+023,+019
+023,+019
+023,+019
+023,+019
+025,+019
+025,+019
+025,+019
+027,+019
+027,+019
+027,+019
+027,+019
+027,+019
+027,+019
+027,+019
+027,+019
+029,+019
+029,+019
+029,+019
+029,+019
+029,+019
+029,+019
+029,+019
+031,+019
+031,+019
+031,+019
+031,+019
+031,+019
+031,+019
+031,+019
+031,+019
+031,+019
+031,+019
+031,+019
+031,+019
+031,+019
+031,+019
+029,+019
+029,+019
+029,+019
+029,+019
+029,+019
+029,+019
+029,+019
+027,+019
+027,+019
+027,+019
+027,+019
+027,+019
+027,+019
+025,+019
+025,+019
+025,+019
+023,+019
+023,+019
+023,+021
+023,+021
+021,+021
+021,+021
+021,+021
+021,+021
+020,+021
+020,+021
+020,+021
+020,+021
-019,+021
-019,+021
-018,+021
-018,+021
-017,+021
-017,+021
-017,+021
-016,+021
-016,+021
-015,+021
-015,+021
-014,+021
-014,+021
-014,+021
-013,+023
-013,+023
-013,+023
-012,+023
-012,+023
-012,+023
-011,+023
-011,+023
-011,+023
-011,+023
-011,+025
-010,+025
-010,+025
-010,+025
-010,+025
-010,+025
-010,+025
-010,+025
-010,+025
-009,+027
-009,+027
-009,+027
-009,+027
-009,+027
-009,+027
-009,+027
-009,+027
-009,+027
-009,+027
-009,+029
-009,+029
-009,+029
-009,+029
-009,+029
-009,+029
-009,+029
-009,+029
-009,+029
-009,+029
-009,+029
-009,+029
-009,+029
-009,+029
-008,+029
-008,+029
-008,+029
-008,+029
-008,+029
-008,+029
-008,+029
-008,+029
-008,+029
-008,+029
-008,+029
-008,+029
-008,+029
-008,+029
-008,+029
-008,+029
-008,+031
-008,+031
-008,+031
-008,+031
-008,+031
-008,+031
-008,+031
-008,+031
-008,+031
-008,+031
-008,+031
-008,+031
-008,+031
-008,+031
-008,+031
-008,+031
-008,+031
-008,+031
-008,+031
-011,+031
-011,+031
-011,+031
-011,+031
-011,+029
-011,+029
-011,+029
-011,+029
-011,+029
-011,+029
-011,+029
-011,+029
-011,+029
-011,+029
-011,+029
-011,+029
-011,+029
-011,+029
-014,+029
-014,+029
-014,+029
-014,+029
-014,+029
-014,+029
-014,+029
-014,+029
-014,+029
-017,+029
-017,+029
-017,+027
-017,+027
-017,+027
-017,+027
-017,+027
-017,+027
+020,+025
+020,+025
+020,+025
+020,+025
+020,+025
+020,+025
+022,+025
+022,+025
+022,+025
+022,+023
+022,+023
+024,+023
+024,+023
+024,+023
+024,+023
+024,+023
+024,+023
+024,+021
+026,+021
+026,+021
+026,+021
+026,+021
+026,+021
+026,+021
+026,+021
+026,+021
+026,+021
+026,+021
+026,+021
+026,+021
+026,+021
+026,+019
+026,+019
+026,+019
+026,+019
+026,+019
+026,+019
+026,+019
+026,+019
+024,+019
+024,+019
+024,+017
+024,+017
+024,+017
+024,+017
+024,+017
+022,+017
+022,+017
+022,+017
+022,+017
+022,+017
+022,+017
+022,+017
+020,+017
+020,+017
+020,+017
+020,+017
+020,+017
+020,+017
+020,+017
-019,+017
-019,+017
-019,+017
-019,+017
-018,+017
-018,+017
-017,+017
-017,+017
-017,+017
-016,+017
-016,+017
-016,+017
-015,+017
-015,+017
-014,+017
-014,+017
-013,+017
-013,+017
-013,+017
-012,+017
-012,+017
-012,+017
-012,+017
-011,+017
-011,+017
-011,+017
-010,+017
-010,+017
-010,+017
-010,+017
-009,+017
-009,+017
-009,+017
-008,+017
-008,+017
-008,+017
-008,+017
-008,+017
-008,+017
-008,+017
-007,+015
-007,+015
-007,+015
-007,+015
-007,+015
-006,+015
-006,+015
-006,+015
-006,+015
-006,+015
-006,+015
-006,+015
-005,+015
-005,+015
-005,+015
-005,+015
-005,+015
-005,+015
-005,+015
-005,+015
-005,+015
-005,+015
-005,+015
-005,+015
-005,+015
-005,+015
-005,+015
-005,+015
-005,+015
-005,+015
-005,+015
-008,+015
-008,+015
-008,+015
-008,+015
-008,+015
-008,+015
-008,+015
-008,+015
-008,+015
-008,+015
-008,+015
-008,+015
-008,+015
-008,+015
-008,+015
-008,+015
-011,+015
-011,+015
-011,+015
-011,+015
-011,+015
-011,+015
-011,+015
-011,+015
-011,+015
-011,+013
-011,+013
-014,+013
-014,+013
-014,+013
-014,+013
-014,+013
-014,+013
-017,+013
-017,+013
-017,+013
-017,+013
-017,+013
+020,+013
+020,+011
+020,+011
+020,+011
+020,+011
+020,+011
+022,+011
+022,+011
+022,+011
+022,+011
+024,+011
+024,+011
+024,+011
+024,+011
+024,+011
+024,+011
+024,+011
+024,+011
+024,+011
+026,+011
+026,+011
+026,+011
+026,+011
+026,+011
+026,+013
+026,+013
+026,+013
+026,+013
+026,+013
+026,+013
+026,+013
+026,+015
+026,+015
+026,+015
+026,+015
+028,+015
+028,+015
+028,+017
+028,+017
+028,+017
+028,+017
+028,+017
+028,+017
+028,+017
+028,+017
+028,+017
+028,+017
+028,+017
+028,+017
+028,+017
+028,+017
+028,+019
+028,+019
+028,+019
+028,+019
+028,+019
+028,+019
+028,+019
+028,+019
+028,+019
+028,+019
+028,+019
+028,+019
+028,+019
+028,+019
+028,+019
+028,+019
+028,+019
+028,+019
+028,+019
+028,+019
+028,+019
+028,+019
+028,+021
+028,+021
+028,+021
+028,+021
+028,+021
+028,+021
+030,+021
+030,+021
+030,+021
+030,+021
+030,+021
+030,+023
+030,+023
+030,+023
+030,+023
+030,+023
+030,+023
+030,+023
+030,+023
+030,+023
+030,+025
+030,+025
+030,+025
+030,+025
+032,+025
+032,+025
+032,+025
+032,+025
+032,+025
+032,+025
+032,+025
+032,+027
+032,+027
+032,+027
+032,+027
+032,+027
+032,+027
+032,+027
+032,+027
+032,+027
+032,+027
+032,+027
+030,+027
+030,+027
+030,+027
+030,+027
+030,+027
+030,+027
+030,+029
+030,+029
+030,+029
+030,+029
+028,+029
+028,+029
+028,+029
+028,+029
+028,+029
+028,+029
+028,+029
+028,+029
+028,+029
+028,+029
+028,+029
+028,+029
+028,+029
+028,+029
+028,+029
+028,+029
+028,+029
+028,+029
+026,+029
+026,+029
+026,+027
+026,+027
+026,+027
+026,+027
+026,+027
+026,+027
+026,+025
+024,+025
+024,+025
+024,+025
+024,+025
+024,+023
+024,+023
+022,+023
+022,+021
+022,+021
+022,+021
+022,+019
+022,+019
+020,+019
+020,+017
+020,+017
+020,+017
+020,+015
+020,+015
+020,+015
+020,+015
+020,+015
+020,+013
+020,+013
+020,+013
+020,+013
+020,+013
+020,+013
+020,+013
+020,+011
+020,+011
+020,+011
+020,+011
+020,+011
+020,+011
+020,+009
+020,+009
+022,+009
+022,+009
+022,+009
+022,+009
+022,+009
+024,+009
+024,+009
+024,+007
+024,+007
+024,+007
+024,+007
+024,+007
+024,+007
+024,+007
+024,+007
+024,+007
+024,+007
+024,+007
+024,+007
+024,+007
+024,+007
+026,+007
+026,+007
+026,+007
+026,+007
+026,+007
+026,+007
+026,+007
+026,+007
+026,+007
+026,+007
+026,+007
+026,+007
+026,+007
+026,+007
+026,+007
+026,+007
+026,+007
+028,+007
+028,+007
+028,+007
+028,+007
+028,+007
+028,+007
+028,+007
+028,+007
+028,+007
+028,+007
+028,+007
+028,+007
+028,+007
+028,+007
+028,+007
+028,+007
+028,+007
+028,+007
+028,+007
+028,+007
+028,+007
+028,+007
+028,+007
+028,+007
+028,+007
+028,+007
+028,+007
+028,+007
+028,+007
+028,+007
+028,+007
+028,+007
+028,+007
+028,+007
+028,+007
+028,+007
+028,+007
+028,+007
+028,+007
+028,+007
+028,+007
+028,+007
+028,+007
+028,+007
+028,+007
+028,+007
+028,+009
+028,+009
+028,+009
+028,+009
+028,+009
+028,+009
+028,+009
+028,+009
+028,+011
+028,+011
+028,+011
+028,+011
+028,+011
+028,+011
+028,+011
+026,+011
+026,+013
+026,+013
+026,+013
+026,+013
+026,+013
+026,+013
+026,+013
+026,+013
+026,+013
+026,+013
+026,+015
+026,+015
+026,+015
+026,+015
+026,+015
+026,+015
+026,+015
+026,+015
+026,+015
+026,+015
+026,+015
+026,+017
+026,+017
+026,+017
+026,+017
+026,+017
+026,+017
+026,+017
+026,+017
+026,+017
+026,+017
+026,+017
+024,+017
+024,+017
+024,+017
+024,+017
+024,+019
+024,+019
+024,+019
+024,+019
+024,+019
+024,+019
+024,+019
+024,+019
+024,+019
+024,+019
+024,+019
+024,+019
+024,+019
+024,+019
+024,+019
+024,+019
+024,+019
+024,+019
+024,+019
+024,+019
+024,+019
+024,+019
+024,+019
+024,+019
+024,+017
+024,+017
+024,+017
+024,+017
+024,+017
+024,+017
+024,+017
+024,+017
+024,+017
+024,+017
+024,+017
+024,+017
+024,+017
+026,+017
+026,+015
+026,+015
+026,+015
+026,+015
+026,+015
+026,+015
+026,+015
+026,+015
+026,+015
+026,+015
+028,+013
+028,+013
+028,+013
+028,+013
+028,+013
+028,+013
+028,+013
+030,+011
+030,+011
+030,+011
+030,+011
+030,+011
+030,+011
+032,+009
+032,+009
+032,+009
+032,+009
+032,+009
+032,+009
+032,+009
+032,+009
+032,+009
+032,+007
+032,+007
+032,+007
+032,+007
+032,+007
+032,+007
+032,+007
+032,+007
+032,+007
+032,+007
+032,+007
+032,+007
+032,+005
+032,+005
+032,+005
+032,+005
+032,+005
+032,+005
+032,+005
+032,+005
+032,+005
+032,+005
+032,+005
+032,+005
+032,+005
+032,+005
+032,+005
+030,+005
+030,+005
+030,+005
+030,+005
+030,+005
+030,+005
+030,+005
+030,+005
+030,+005
+030,+005
+030,+005
+030,+005
+030,+005
+030,+005
+030,+005
+030,+005
+030,+005
+028,+005
+028,+005
+028,+007
+028,+007
+028,+007
+028,+007
+028,+007
+028,+007
+028,+007
+026,+007
+026,+007
+026,+007
+026,+009
+026,+009
+026,+009
+024,+009
+024,+009
+024,+009
+024,+009
+022,+011
+022,+011
+022,+011
+022,+011
+022,+011
+020,+011
+020,+011
+020,+011
+020,+011
+020,+011
+020,+011
+020,+011
+020,+011
+020,+011
+020,+011
+020,+011
-019,+011
-019,+011
-019,+011
-019,+011
-019,+011
-019,+011
-019,+011
-019,+011
-019,+011
-018,+009
-018,+009
-018,+009
-018,+009
-018,+009
-018,+009
-018,+009
-018,+009
-018,+009
-018,+009
-018,+007
-018,+007
-017,+007
-017,+007
-017,+007
-017,+007
-017,+007
-017,+005
-017,+005
-017,+005
-017,+005
-017,+005
-016,+005
-016,+003
-016,+003
-016,+003
-016,+003
-016,+003
-016,+003
-016,+003
-016,+003
-016,+003
-015,+003
-015,+003
-015,+001
-015,+001
-015,+001
-015,+001
-015,+001
-014,+001
-014,+001
-014,+001
-014,+001
-014,+001
-014,+001
-014,+003
-013,+003
-013,+003
-013,+003
-013,+003
-013,+003
-013,+005
-013,+005
-012,+005
-012,+005
-012,+005
-011,+007
-011,+007
-011,+007
-011,+007
-011,+007
-011,+007
-010,+007
-010,+007
-010,+007
-010,+007
-010,+007
-010,+007
-010,+007
-010,+007
-010,+007
-010,+007
-010,+009
-010,+009
-010,+009
-010,+009
-010,+009
-010,+009
-010,+009
-010,+009
-010,+009
-010,+009
-010,+009
-010,+009
-010,+009
-010,+009
-010,+009
-010,+007
-010,+007
-010,+007
-010,+007
-010,+007
-010,+007
-010,+007
-010,+007
-010,+007
-010,+007
-010,+007
-010,+007
-010,+007
-010,+007
-010,+007
-010,+007
-010,+007
-010,+005
-010,+005
-010,+005
-010,+005
-010,+005
-010,+005
-010,+003
-010,+003
-010,+003
-010,+003
-010,+003
-010,+003
-010,+003
-010,+003
-010,+001
-010,+001
-010,+001
-010,+001
-010,+001
-010,+001
-010,+001
-010,+001
-010,+001
-010,+001
-010,-002
-013,-002
-013,-003
-013,-003
-013,-003
-013,-003
-013,-004
-013,-004
-013,-005
-013,-005
-013,-006
-013,-006
-016,-007
-015,-008
-015,-008
-015,-009
-015,-009
-015,-010
-015,-010
-015,-010
-015,-010
-015,-010
-015,-011
-015,-011
-015,-011
-015,-011
-015,-011
-015,-011
-015,-011
-015,-011
-015,-011
-015,-011
-015,-011
-015,-011
-015,-011
-015,-011
-015,-008
-015,-008
-015,-008
-015,-008
-015,-008
-015,-005
-015,-005
-015,-005
-015,-005
-015,-005
-015,-005
-015,-002
-015,-002
-015,-002
-015,-002
-015,-002
-015,-002
-014,-002
-014,+000
-014,+000
-013,+000
-013,+000
-013,+000
-013,+000
-012,+000
-012,+002
-012,+002
-012,+002
-012,+002
-012,+002
-012,+002
-012,+002
-012,+002
-012,+002
-012,+002
-012,+002
-012,+002
-012,+002
-012,+002
-012,+002
-012,+002
-012,+002
-012,+002
-012,+002
-012,+002
-012,+002
-012,+002
-012,+002
-012,+002
-012,+002
-011,+002
-011,+002
-011,+002
-011,+002
-011,+002
-011,+002
-011,+002
-010,+002
-010,+002
-010,+002
-010,+002
-010,+002
-010,+002
-010,+002
-009,+002
-009,+002
-009,+002
-009,+002
-008,+002
-008,+000
-008,+000
-008,+000
-008,+000
-008,+000
-008,+000
-008,+000
-007,+000
-007,+000
-007,+000
-007,+000
-007,+000
-006,+000
-006,+000
-006,+000
-006,+000
-006,+000
-005,+000
-005,+000
-005,+000
-005,+000
-004,+000
-004,+000
-004,+000
-004,+000
-004,+000
-004,+000
-004,+000
-004,+000
-004,+000
-004,+000
-004,+000
-004,+000
-004,+000
-004,+000
-004,+000
-004,+000
-004,+000
-004,+000
-004,+000
-004,+000
-004,+000
-004,+000
-004,+000
-004,+000
-004,+000
-004,+000
-004,+000
-004,+000
-004,+000
-007,+000
-007,+000
-007,+000
-007,+000
-007,+000
-007,+000
-007,+000
-007,+000
-007,+000
-007,+000
-007,+000
-007,+000
-007,+000
-007,+000
-007,+000
-007,+000
-007,+000
-007,+000
-007,+000
-010,+000
-010,+000
-010,+001
-010,+001
-010,+001
-010,+001
-010,+001
-010,+001
-010,-002
-010,-002
-010,-002
-010,-002
-010,-002
-010,-003
-013,-003
-013,-003
-013,-003
-013,-003
-013,-003
-013,-003
-013,-003
-013,-003
-013,-003
-013,-003
-013,-003
-013,-003
-013,-003
-013,-003
-013,-003
-013,-003
-013,-003
-013,-003
-013,-003
-013,-003
-013,-003
-013,-003
-013,-003
-013,-003
-013,-003
-013,-003
-013,+001
-013,+001
-013,+001
-016,+001
-015,+001
-015,+001
-015,+001
-015,+001
-015,+001
-015,+001
-015,+001
-015,+001
-015,+001
-015,+001
-015,+001
-015,+001
-015,+001
-015,+001
-015,+001
-015,+001
-015,+001
-015,+001
-018,+001
-018,+001
-017,+001
-017,+001
-017,+001
-017,+001
-017,+001
-017,+001
-017,+001
-017,+001
-017,+001
-017,+001
-017,+001
-017,+001
-017,+001
-017,+001
-017,+001
-017,+001
-017,+001
-017,+001
-017,+001
-017,+001
-017,+001
+020,+001
-019,+001
-019,+001
-019,+001
-019,+001
-019,+001
-019,+001
-019,+001
-019,+001
-019,+001
-019,+001
-019,+001
-019,+001
-019,+001
-019,+001
-019,+003
+021,+003
+021,+003
+021,+003
+021,+003
+021,+003
+021,+003
+021,+005
+021,+005
+021,+005
+021,+005
+021,+005
+021,+005
+021,+005
+021,+005
+021,+005
+021,+005
+021,+007
+021,+007
+023,+007
+023,+007
+023,+007
+023,+007
+023,+007
+023,+007
+023,+007
+023,+009
+023,+009
+023,+009
+023,+009
+023,+009
+023,+009
+023,+009
+023,+009
+023,+009
+023,+009
+023,+009
+023,+009
+023,+009
+023,+009
+023,+009
+023,+009
+023,+009
+023,+009
+023,+009
+023,+009
+023,+009
+023,+009
+023,+009
+023,+009
+023,+009
+023,+009
+023,+009
+023,+009
+023,+009
+023,+009
+023,+009
+023,+009
+023,+009
+023,+009
+023,+009
+023,+009
+023,+009
+023,+009
+023,+009
+023,+009
+023,+009
+023,+009
+023,+009
+023,+009
+023,+009
+023,+009
+023,+009
+021,+009
+021,+009
+021,+009
+021,+009
+021,+009
+021,+009
+021,+009
+021,+009
+020,+009
+020,+009
+020,+009
-019,+009
-019,+009
-019,+009
-019,+009
-018,+009
-018,+009
-018,+009
-018,+009
-018,+009
-017,+009
-017,+009
-017,+009
-017,+009
-016,+009
-016,+007
-016,+007
-015,+007
-015,+007
-015,+007
-015,+007
-015,+007
-015,+007
-015,+007
-015,+007
-015,+007
-015,+007
-015,+007
-015,+007
-015,+007
-015,+007
-015,+007
-015,+005
-015,+005
-014,+005
-014,+005
-014,+005
-014,+005
-014,+005
-014,+005
-014,+005
-013,+005
-013,+003
-013,+003
-013,+003
-013,+003
-013,+003
-013,+003
-013,+003
-013,+003
-013,+003
-013,+003
-013,+003
-013,+003
-013,+003
-013,+003
-013,+003
-013,+003
-013,+003
-013,+003
-013,+003
-013,+003
-013,+003
-013,+003
-013,+003
-013,+003
-013,+003
-013,+003
-013,+003
-013,+003
-013,+003
-013,+003
-013,+003
-013,+003
-013,+003
-013,+003
-013,+003
-013,+003
-013,+003
-013,+003
-013,+003
-013,+003
-016,+003
-016,+003
-016,+003
-016,+003
-016,+003
-016,+003
-016,+003
-016,+003
-016,+003
-016,+003
-016,+003
-016,+003
-016,+003
-016,+003
-016,+003
-016,+003
-016,+003
-016,+003
-016,+003
-016,+003
-016,+003
-016,+003
-016,+003
-016,+003
-016,+003
-016,+003
-016,+003
-016,+003
-016,+003
-016,+003
-016,+003
-016,+003
-016,+003
-016,+003
-016,+003
-016,+003
-016,+003
-016,+003
-016,+003
-016,+003
-016,+003
-016,+003
-016,+003
-016,+003
-016,+003
-016,+003
-016,+003
-016,+003
-016,+003
-016,+003
-016,+003
-016,+003
-015,+003
-015,+003
-015,+003
-015,+003
-015,+003
-015,+003
-015,+003
-014,+003
-014,+003
-014,+003
-014,+003
-014,+003
-014,+003
-014,+003
-013,+005
-013,+005
-013,+005
-013,+005
-013,+005
-013,+005
-013,+005
-013,+005
-013,+005
-013,+005
-012,+005
-012,+005
-012,+005
-012,+005
-012,+005
-011,+005
-011,+005
-011,+005
-011,+005
-011,+005
-010,+005
-010,+007
-010,+007
-010,+007
-010,+007
-010,+007
-010,+007
-009,+007
-009,+007
-008,+007
-008,+007
-008,+007
-008,+007
-008,+007
-008,+007
-007,+007
-007,+007
-007,+007
-007,+007
-007,+009
-006,+009
-006,+009
-006,+009
-006,+009
-006,+009
-005,+009
-005,+009
-005,+009
-005,+009
-005,+011
-005,+011
-004,+011
-004,+011
-004,+011
-004,+011
-004,+011
-003,+011
-003,+011
-003,+011
-003,+011
-003,+011
-003,+011
-002,+011
-002,+011
-002,+011
-002,+011
-002,+011
-002,+011
-002,+011
-002,+011
-002,+011
-002,+011
-002,+011
-002,+011
-002,+011
-002,+011
-002,+011
-002,+011
-002,+011
-002,+011
-002,+011
-002,+011
-002,+011
-002,+011
-002,+011
-002,+011
-002,+011
-002,+011
-002,+011
-002,+011
-002,+011
-002,+011
-002,+011
-002,+011
-002,+011
-002,+011
-002,+011
-002,+011
-002,+011
-002,+011
-002,+011
-002,+011
-002,+011
-005,+011
-005,+011
-005,+011
-005,+011
-005,+011
-005,+011
-005,+011
-005,+011
-005,+011
-005,+011
-005,+011
-005,+011
-005,+011
-005,+011
-005,+011
-005,+011
-005,+011
-005,+011
-005,+011
-005,+011
-005,+011
-005,+011
-005,+011
-005,+011
-005,+011
-005,+011
-005,+011
-005,+011
-005,+011
-005,+013
-005,+013
-005,+013
-005,+013
-005,+013
-005,+013
-005,+013
-005,+013
-005,+013
-005,+013
-005,+013
-005,+013
-005,+013
-005,+013
-005,+013
-005,+013
-005,+013
-005,+013
-005,+013
-005,+013
-005,+013
-005,+013
-005,+013
-005,+013
-005,+013
-005,+013
-005,+013
-005,+013
-005,+013
-005,+013
-005,+013
-005,+013
-005,+013
-005,+013
-005,+013
-005,+013
-005,+013
-005,+013
-005,+013
-005,+013
-004,+013
-004,+013
-004,+013
-004,+011
-004,+011
-004,+011
-004,+011
-004,+011
-004,+011
-004,+011
-004,+011
-004,+011
-004,+011
-004,+011
-004,+011
-004,+011
-004,+011
-004,+011
-003,+011
-003,+011
-003,+011
-003,+011
-003,+011
-003,+011
-003,+011
-003,+011
-003,+011
-003,+011
-003,+011
-003,+011
-003,+011
-003,+011
-003,+011
-003,+011
-003,+011
-003,+011
-003,+011
-003,+011
-003,+011
-003,+011
-003,+011
-003,+011
-003,+011
-003,+011
-003,+011
-003,+011
-003,+011
-003,+009
-003,+009
-003,+009
-003,+009
-003,+009
-003,+009
-003,+009
-003,+009
-003,+009
-003,+009
-003,+009
-003,+009
-003,+009
-003,+009
-003,+009
-003,+009
-003,+009
-003,+009
-003,+009
-003,+009
-003,+009
-003,+009
-003,+009
-003,+009
-003,+009
-003,+009
-003,+009
-003,+009
-003,+009
-003,+007
-003,+007
-003,+007
-003,+007
-003,+007
-003,+007
-003,+007
-003,+007
-003,+007
-003,+007
-003,+007
-003,+007
-003,+007
-003,+007
-003,+007
-003,+007
-003,+007
-003,+007
-003,+007
-003,+007
-003,+007
-003,+007
-003,+007
-003,+007
-003,+007
-003,+007
-006,+007
-006,+007
-006,+007
-006,+007
-006,+007
-006,+007
-006,+007
-006,+007
-006,+005
-006,+005
-006,+005
-006,+005
-006,+005
-006,+005
-006,+005
-006,+005
-006,+005
-006,+005
-006,+005
-006,+005
-006,+005
-006,+005
-009,+005
-009,+005
-009,+005
-008,+005
-008,+005
-008,+005
-008,+005
-008,+005
-008,+005
-008,+005
-008,+005
-008,+005
-008,+005
-008,+005
-008,+005
-008,+005
-008,+005
-008,+005
-008,+005
-008,+005
-008,+005
-008,+005
-008,+005
-008,+005
-008,+005
-008,+005
-008,+005
-008,+005
-008,+005
-008,+005
-008,+005
-008,+005
-008,+003
-008,+003
-008,+003
-008,+003
-008,+003
-008,+003
-008,+003
-008,+003
-008,+003
-011,+003
-011,+003
-011,+003
-011,+003
-011,+003
-011,+003
-011,+003
-011,+003
-011,+003
-011,+003
-011,+003
-011,+001
-011,+001
-011,+001
-011,+001
-011,+001
-011,+001
-011,+001
-011,+001
-011,+001
-011,+001
-011,+001
-011,+001
-011,+001
-011,+001
-011,+001
-011,+001
-011,+001
-011,+001
-011,+001
-011,+001
-011,+001
-011,+001
-011,+001
-011,+001
-011,+001
-011,+001
-011,-002
-011,-002
-011,-002
-011,-002
-011,-002
-011,-002
-011,-002
-011,-002
-011,-002
-011,-002
-011,-002
-011,-002
-011,-002
-011,-002
-011,-002
-011,-002
-011,-002
-011,-002
-011,-002
-011,-002
-011,-002
-014,-002
-013,-002
-013,-002
-013,-002
-013,-002
-013,-002
-013,-002
-013,+000
-013,+000
-013,+000
-013,+000
-013,+000
-013,+000
-013,+000
-013,+000
-013,+000
-013,+000
-013,+000
-013,+000
-013,+000
-013,+000
-013,+000
-013,+002
-013,+002
-013,+002
-013,+002
-013,+002
-013,+002
-013,+002
-013,+002
-013,+002
-013,+002
-013,+002
-013,+002
-013,+004
-013,+004
-013,+004
-013,+004
-013,+004
-013,+004
-013,+004
-013,+004
-013,+004
-013,+004
-013,+004
-012,+004
-012,+004
-012,+004
-012,+004
-012,+004
-012,+002
-011,+002
-011,+002
-011,+002
-011,+002
-011,+002
-011,+002
-011,+002
-010,+002
-010,+002
-010,+002
-010,+002
-009,+002
-009,+002
-009,+002
-009,+002
-009,+002
-009,+002
-008,+002
-008,+002
-008,+002
-008,+002
-008,+002
-007,+002
-007,+002
-007,+002
-007,+002
-007,+002
-007,+002
-007,+002
-006,+002
-006,+002
-006,+002
-006,+002
-006,+000
-006,+000
-006,+000
-006,+000
-006,+000
-006,+000
-006,+000
-006,+000
-006,+000
-006,+001
-005,+001
-005,+001
-005,+001
-005,+001
-005,-002
-005,-002
-005,-002
-005,-002
-005,-003
-005,-003
-005,-003
-005,-003
-005,-003
-005,-003
-005,-003
-005,-003
-005,-003
-005,-003
-005,-003
-005,-004
-005,-004
-005,-004
-008,-004
-008,-004
-007,-004
-007,-004
-007,-005
-007,-005
-007,-005
-007,-005
-007,-005
-007,-005
-007,-005
-007,-005
-007,-005
-010,-005
-010,-005
-010,-005
-010,-005
-010,-005
-010,-005
-010,-005
-010,-005
-010,-005
-010,-005
-010,-005
-010,-005
-010,-005
-013,-005
-013,-005
-013,-005
-013,-005
-013,-005
-013,-005
-013,-005
-013,-005
-013,-005
-013,-005
-013,-005
-013,-005
-013,-005
-013,-005
-016,-005
-016,-005
-016,-002
-016,-003
-016,-003
-016,-003
-016,-003
-016,-003
-016,-003
-016,-003
-016,-003
-016,-003
-016,-003
-016,-003
-016,-003
-016,+001
-016,+001
-016,+001
-016,+001
-016,+001
-019,+001
-019,+001
-018,+001
-018,+001
-018,+001
-018,+001
-018,+001
-018,+001
-018,+001
-018,+001
-018,+001
-018,+001
-018,+001
-018,+001
-018,+001
-018,+001
-018,+001
-018,+001
-018,+001
-018,+001
-018,+001
-018,+001
-018,+001
-018,+001
-018,+001
-018,+001
-018,+001
-018,+001
-018,+001
-018,+001
-018,+001
-018,+001
-018,+001
-018,+001
-018,+001
-018,+001
-018,+001
-018,+001
-018,+001
-018,+001
-018,+001
-018,+001
-018,+001
-018,+001
-018,+001
-018,+001
-018,+001
-018,+001
-018,+001
-018,+001
-018,+001
-018,+001
-018,+001
-018,+001
-018,+001
-018,+001
-018,+001
-018,+001
-018,+001
-018,+001
-018,+001
-018,+001
-018,+001
-018,+001
-018,+001
-018,+001
-018,+001
-018,+001
-018,+001
+020,+001
+020,+001
+020,+001
+020,+003
+020,+003
+020,+003
+020,+003
+020,+003
+020,+003
+020,+003
+020,+003
+020,+003
+020,+003
+022,+005
+022,+005
+022,+005
+022,+005
+022,+005
+022,+005
+022,+005
+022,+005
+022,+005
+022,+007
+022,+007
+022,+007
+022,+007
+022,+007
+024,+007
+024,+007
+024,+007
+024,+007
+024,+007
+024,+007
+024,+007
+024,+007
+024,+007
+024,+007
+026,+009
+026,+009
+026,+009
+026,+009
+026,+009
+026,+009
+026,+009
+026,+009
+026,+009
+026,+009
+026,+009
+026,+009
+026,+011
+026,+011
+026,+011
+026,+011
+026,+011
+026,+011
+026,+011
+026,+011
+028,+011
+028,+011
+028,+011
+028,+011
+028,+011
+028,+011
COP Area(S): 000445
COP Area(R): 000730