+000,-000
+000,-000
+000,-000
+000,-000
+000,-000
+000,-000
+000,-000
+000,-000
+000,-000
+000,-000
+000,-000
+000,-000
+000,-000
+000,-000
+000,-000
+000,-000
+000,-000
+000,-000
+002,-003
+002,-002
+002,-002
+002,-002
+002,-002
+002,-002
+002,-002
+002,-002
+002,-002
+002,-002
+002,-002
+002,-002
+002,-002
+002,-002
+002,-002
+004,-002
+004,-002
+004,-002
+004,-001
+004,-001
+004,-001
+004,-001
+004,-001
+004,-001
+004,-001
+004,-001
+004,-001
+004,-001
+004,-001
+004,-001
+004,-001
+004,-001
+004,-001
+004,-001
+004,-001
+004,-001
+004,-001
+004,-001
+004,-001
+004,-001
+004,-001
+004,-001
+004,-001
+004,-001
+004,-001
+004,-001
+004,-001
+004,-001
+004,-001
+004,-001
+004,-001
+004,-001
+004,-001
+004,-001
+004,-001
+004,-001
+004,-001
+004,-001
+004,-001
+004,-004
+004,-004
+004,-004
+004,-004
+004,-004
+004,-004
+004,-004
+004,-004
+004,-004
+004,-004
+004,-004
+004,-004
+004,-004
+004,-004
+004,-004
+004,-004
+004,-004
+004,-004
+004,-004
+004,-004
+002,-004
+002,-004
+002,-004
+002,-004
+002,-004
+002,-004
+002,-004
+002,-004
+002,-004
+002,-004
+002,-004
+002,-004
+002,-004
+002,-004
+002,-004
+002,-004
+002,-004
+002,-004
+000,-004
+000,-004
+000,-004
+000,-004
+000,-004
+000,-004
+000,-004
+000,-004
+000,-004
+000,-004
+000,-004
+000,-004
+000,-004
+000,-004
+000,-004
+000,-004
+000,-007
+000,-007
+000,-007
+002,-007
+002,-007
+002,-007
+002,-007
+002,-007
+002,-007
+002,-007
+002,-007
+002,-007
+002,-007
+002,-007
+002,-007
+002,-007
+002,-007
+002,-007
+002,-007
+002,-007
+002,-010
+002,-010
+002,-010
+002,-010
+002,-010
+002,-010
+002,-010
+002,-010
+002,-010
+002,-010
+002,-010
+002,-010
+002,-010
+002,-010
+002,-010
+002,-010
+002,-010
+002,-010
+002,-010
+002,-010
+002,-010
+002,-010
+002,-010
+002,-010
+002,-010
+002,-010
+002,-010
+002,-010
+002,-010
+002,-010
+002,-013
+002,-013
+002,-013
+003,-013
+003,-013
+003,-013
+003,-013
+003,-013
+003,-013
+003,-013
+003,-013
+003,-013
+003,-013
-004,-013
-004,-013
-004,-013
-004,-013
-004,-013
-004,-013
-004,-013
-004,-013
-004,-013
-004,-016
-004,-016
-004,-016
-004,-016
-004,-016
-004,-016
-004,-016
-004,-016
-005,-016
-005,-016
-005,-016
-005,-016
-005,-016
-005,-016
-005,-016
-005,-016
-005,-016
-005,-016
-005,-016
-005,-016
-005,-016
-005,-016
-005,-016
-005,-016
-005,-016
-005,-016
-005,-016
-005,-016
-005,-016
-005,-016
-005,-016
-005,-016
-005,-016
-005,-016
-005,-016
-005,-016
-005,-016
-005,-016
-005,-016
-005,-016
-005,-016
-005,-016
-005,-016
-005,-016
-005,-016
-005,-016
-005,-016
-005,-016
-005,-016
-005,-016
-005,-016
-005,-016
-005,-016
-005,-016
-005,-016
-005,-016
-005,-016
-005,-016
-005,-016
-005,-016
-005,-016
-005,-016
-005,-016
-005,-016
-005,-016
-005,-016
-005,-016
-005,-016
-005,-016
-005,-016
-005,-016
-005,-016
-005,-016
-005,-016
-005,-016
-005,-016
-005,-016
-005,-016
-005,-016
-005,-016
-005,-016
-005,-016
-005,-016
-005,-016
-005,-016
-005,-016
-005,-016
-005,-016
-005,-016
-005,-016
-005,-016
-005,-016
-005,-016
-005,-016
-005,-016
-005,-016
-005,-016
-005,-016
-005,-016
-005,-016
-005,-016
-005,-016
+003,-016
+003,-016
+003,-016
+003,-016
+003,-016
+003,-016
+003,-016
+003,-016
+003,-016
+003,-016
+003,-016
+003,-016
+003,-016
+003,-016
+003,-016
+003,-016
+003,-016
+003,-016
+003,-016
+003,-016
+003,-016
+003,-016
+003,-016
+003,-016
+003,-015
+003,-015
+003,-015
+003,-015
+003,-015
+003,-015
+003,-015
+003,-015
+003,-015
+003,-015
+003,-015
+003,-015
-004,-015
-004,-014
-004,-014
-004,-014
-004,-014
-004,-014
-004,-014
-004,-014
-004,-014
-004,-014
-004,-014
-004,-014
-004,-014
-004,-014
-004,-014
-004,-014
-004,-014
-004,-014
-004,-014
-004,-014
-004,-014
-004,-014
-004,-014
-004,-014
-004,-014
-004,-014
-004,-014
-004,-014
-004,-014
-004,-014
-004,-014
-004,-014
-004,-014
-004,-014
-004,-014
-004,-014
-004,-014
-004,-014
-004,-014
-004,-014
-004,-014
-004,-014
-004,-014
-004,-014
-004,-014
-004,-014
-004,-014
-004,-014
-004,-014
-004,-014
-004,-014
-004,-014
-004,-014
-004,-014
-004,-014
-004,-014
-004,-014
-004,-014
-004,-014
-004,-014
-004,-014
-004,-014
-004,-014
-004,-014
-004,-014
-004,-014
-004,-014
-004,-014
-004,-014
-004,-014
-004,-014
+002,-014
+002,-014
+002,-014
+002,-014
+002,-014
+002,-014
+002,-014
+002,-014
+002,-014
+002,-014
+002,-014
+002,-014
+002,-014
+002,-014
+002,-014
+002,-014
+002,-014
+002,-014
+002,-014
+002,-014
+002,-014
+002,-014
+002,-014
+002,-014
+002,-014
+002,-014
+002,-014
+002,-014
+002,-014
+002,-014
+002,-014
+002,-014
+002,-014
+002,-014
+002,-014
+002,-014
+002,-014
+002,-014
+002,-014
+002,-014
+002,-014
+002,-014
+002,-014
+002,-014
+002,-014
+002,-014
+002,-017
+002,-017
+002,-017
+002,-017
+002,-017
+002,-017
+002,-017
+002,-017
+002,-017
+002,-017
+002,-017
+002,-017
+002,-017
+002,-017
+002,-017
+002,-017
+002,-017
+002,-017
+002,-017
+002,-017
+002,-017
+002,-017
+002,-017
+002,-017
+002,-017
+002,-017
+002,-017
+002,-017
+002,-017
+002,-017
+002,-017
+002,-017
+002,-017
+002,-017
+002,-017
+002,-017
+002,-017
+002,-017
+002,-017
+002,-017
+002,-017
+002,-017
+002,-017
+002,-017
+002,-017
+002,-017
+002,-017
+002,-017
+002,-017
+002,-017
+002,-017
+002,-017
+002,-017
+002,-017
+002,-017
+002,-017
+002,-017
+002,-017
+002,-017
+003,-017
+003,-017
+003,-017
+003,-017
+003,-017
+003,-017
+003,-017
+003,-017
+003,-016
+003,-016
+003,-016
+003,-016
+003,-016
+003,-016
+003,-016
+003,-016
+003,-016
+003,-016
+003,-016
+003,-016
+003,-016
+003,-016
+003,-016
+003,-016
+003,-016
+003,-016
+003,-016
+003,-016
+003,-016
+003,-016
+001,-016
+001,-016
+001,-016
+001,-016
+001,-016
+001,-016
+001,-016
+001,-016
+001,-016
+001,-016
+001,-016
+001,-016
+001,-016
+001,-016
+001,-016
+003,-016
+003,-016
+003,-016
+003,-016
+003,-016
+003,-019
+003,-019
+003,-019
+005,-019
+005,-019
+005,-019
+005,-019
+005,-019
+005,-019
+005,-019
+005,-019
+005,-019
+005,-019
+005,-019
+005,-019
+005,-019
+005,-019
+005,-019
+005,-019
+005,-019
+005,-019
+005,-019
+005,-019
+005,-019
+005,-019
+005,-019
+005,-019
+005,-019
+005,-019
+005,-019
+005,-019
+005,-019
+005,-019
+005,-019
+005,-019
+005,-019
+005,-019
+005,-019
+005,-019
+005,-019
+003,-019
+003,-019
+003,-019
+003,-019
+003,-019
+003,-019
+003,-019
+003,-019
+003,-019
+003,-019
+003,-019
+003,-019
+003,-019
+003,-019
+001,-019
+001,-019
+001,-019
+001,-019
+001,-019
+001,-019
+001,-019
+001,-019
+001,-019
+001,-019
+001,-019
+001,-019
+001,-019
+001,-019
+001,-019
+001,-019
+001,-019
+001,-019
+001,-019
+001,-019
+001,-019
+001,-019
+001,-019
+001,-019
+001,-019
+001,-019
+001,-019
+003,-019
+003,-019
+003,-019
+003,-019
+003,-019
+003,-018
+003,-018
+003,-018
+003,-018
-004,-018
-004,-018
-004,-018
-004,-018
-005,-018
-005,-017
-005,-017
-005,-017
-006,-017
-006,-017
-006,-017
-006,-017
-006,-017
-006,-017
-006,-017
-006,-017
-006,-017
-006,-017
-006,-017
-006,-017
-006,-017
-006,-017
-006,-017
-006,-017
-007,-017
-007,-017
-007,-017
-007,-017
-007,-017
-007,-017
-007,-017
-007,-017
-007,-017
-007,-017
-007,-017
-007,-017
-007,-017
-007,-017
-007,-017
-007,-017
-007,-017
-007,-017
-007,-017
-007,-017
-007,-017
-007,-017
-007,-017
-007,-017
-007,-020
-007,-019
-007,-019
-007,-019
-007,-019
-007,-019
-007,-019
-007,-019
-007,-019
-007,-019
-007,-019
-007,-019
-007,-019
-007,-022
-004,-021
-004,-021
-004,-021
-004,-021
-004,-021
-004,-021
-004,-021
-004,-021
-004,-021
-004,-021
-004,-021
-004,-021
-004,-021
-004,-021
-004,-021
-004,-021
-004,-021
-004,-021
-004,-021
-004,+024
-004,-023
+002,-023
+002,-023
+002,-023
+002,-023
+002,-023
+002,-023
+002,-023
+002,-023
+002,-023
+002,-023
+002,-023
+002,-023
+002,-023
+002,-023
+002,-023
+002,-023
+002,-023
+000,-023
+000,-023
+000,-023
+000,-023
+000,-023
+000,-023
+000,-023
+000,-023
+000,-023
+000,+025
+000,+025
+000,+025
+000,+025
+000,+025
+000,+025
+000,+025
+000,+025
+000,+025
+000,+025
+000,+025
+000,+025
+000,+025
+000,+025
+002,+025
+002,+025
+002,+024
+002,+024
+002,+024
+002,+024
+002,+024
+002,+024
+002,+024
+002,+024
+002,+024
+003,+024
+003,+024
+003,+024
-004,+024
-004,+024
-004,+024
-004,+024
-004,+024
-004,+024
-004,+024
-004,+024
-004,+024
-004,+024
-005,+024
-005,+024
-005,+024
-005,+024
-005,+024
-005,+024
-005,+024
-006,+024
-006,+024
-006,+024
-006,+024
-006,+024
-006,+024
-006,+024
-006,+024
-006,+024
-006,+024
-007,+024
-007,+024
-007,+024
-007,+024
-007,+024
-007,+024
-007,+024
-007,+024
-007,+024
-007,+024
-007,+024
-007,+024
-007,+024
-007,+024
-007,+024
-007,+024
-007,+024
-007,+024
-007,+024
-007,+024
-007,+024
-007,+024
-007,+024
-007,+024
-007,+024
-004,+024
-004,+024
-004,+024
-004,+024
-004,+024
-004,+024
-004,+024
-004,+024
-004,+024
-004,+024
-004,+024
-004,+024
-004,+024
-004,+024
-004,+024
-004,+024
-004,+024
-004,+024
-004,+024
-004,+024
-004,+024
-004,+026
-004,+026
-004,+026
-004,+026
-004,+026
-004,+026
-004,+026
-004,+026
-004,+026
-004,+026
-004,+026
-004,+026
-004,+026
+002,+026
+002,+026
+002,+026
+002,+026
+002,+026
+002,+026
+002,+026
+002,+026
+002,+026
+002,+026
+002,+026
+002,+026
+002,+026
+002,+026
+002,+026
+002,+026
+002,+026
+002,+026
+002,+026
+002,+026
+002,+026
+002,+026
+002,+026
+002,+026
+002,+026
+002,+026
+002,+026
+002,+026
+002,+026
+002,+026
+002,+026
+002,+026
+002,+026
+002,+026
+002,+026
+002,+026
+002,+026
+002,+026
+002,+026
+002,+026
+002,+026
+002,+026
+002,+026
+002,+026
+002,+026
+002,+026
+002,+026
+002,+026
+002,+026
+002,+026
+002,+026
+002,+026
+002,+026
+002,+026
+002,+026
+002,+026
+002,+026
+002,+026
+002,+028
+002,+028
+002,+028
+002,+028
+002,+028
+002,+028
+002,+028
+002,+028
+002,+028
+002,+028
+002,+028
+002,+028
+002,+028
+002,+028
+002,+028
+002,+028
+002,+028
+002,+028
+002,+028
+002,+028
+002,+028
+002,+028
+002,+028
+002,+028
+002,+028
+002,+028
+002,+028
+002,+028
+002,+028
+002,+028
+002,+028
+002,+028
+002,+028
+002,+028
+002,+028
+002,+028
+003,+028
+003,+028
+003,+028
+003,+028
+003,+028
+003,+028
+003,+028
+003,+028
+003,+028
+003,+028
+003,+028
+003,+028
+003,+028
+003,+028
+003,+028
+003,+028
+003,+028
+003,+028
+003,+028
+003,+028
+003,+028
+003,+028
-004,+028
-004,+028
-004,+028
-004,+028
-004,+028
-004,+028
-004,+028
-004,+028
-004,+028
-004,+028
-004,+028
-004,+028
-004,+028
-004,+028
-004,+028
-004,+028
-004,+028
-004,+028
-004,+028
-005,+028
-005,+028
-005,+028
-005,+028
-005,+028
-005,+028
-005,+030
-005,+030
-005,+030
-005,+030
-005,+030
-005,+030
-005,+030
-005,+030
-005,+030
-006,+030
-006,+030
-006,+030
-006,+030
-006,+030
-006,+030
-006,+030
-006,+030
-006,+030
-006,+030
-006,+030
-006,+030
-006,+030
-006,+030
-006,+030
-006,+030
-006,+030
-006,+030
-006,+030
-006,+030
-006,+030
-006,+030
-006,+030
-006,+030
-006,+030
-006,+030
-006,+030
-006,+030
-006,+032
-006,+032
-006,+032
-006,+032
-006,+032
-006,+032
-006,+032
-006,+032
-006,+032
-006,+032
-006,+032
-006,+032
-006,+032
-006,+032
-006,+032
-006,+032
-006,+032
-006,+032
-006,+032
-006,+032
-006,+032
-006,+032
-006,+032
-006,+032
-006,+032
-006,+032
-006,+032
-006,+032
+003,+032
+003,+032
+003,+032
+003,+032
+003,+032
+003,+032
+003,+032
+003,+032
+003,+032
+003,+032
+003,+032
+003,+032
+003,+032
+003,+032
+003,+032
+003,+032
+003,+032
+003,+032
+003,+032
+003,+032
+003,+032
+003,+030
+003,+030
+003,+030
+003,+030
+001,+030
+001,+030
+001,+030
+001,+030
+001,+030
+001,+030
+001,+030
+001,+030
+001,+030
+001,+030
+001,+030
+001,+030
+001,+030
+001,+030
+001,+030
+001,+030
+001,+030
+001,+030
+001,+030
+001,+030
+001,+030
+001,+030
+001,+030
+001,+030
+001,+030
+001,+030
+001,+030
+001,+030
+001,+030
+001,+030
+001,+030
+001,+030
+001,+030
+001,+030
+001,+030
+001,+028
+001,+028
+001,+028
+001,+028
+001,+028
+001,+028
+001,+028
+001,+028
+001,+028
+001,+028
+001,+028
+001,+028
+001,+028
+001,+028
+001,+028
+001,+028
+001,+028
+001,+028
+001,+028
+001,+028
+001,+028
+001,+028
+001,+028
+001,+028
+001,+028
+001,+028
+001,+028
+001,+028
+001,+028
+001,+028
+001,+028
+001,+028
+001,+028
+001,+028
+001,+028
+001,+028
+001,+028
+001,+028
+001,+028
+001,+028
+001,+028
+001,+028
+001,+028
+001,+028
+001,+028
+001,+028
+001,+028
+001,+028
+001,+028
+001,+028
+001,+028
+001,+028
+001,+028
+001,+028
+001,+028
+001,+028
+001,+028
+001,+028
+001,+028
+001,+028
+001,+028
+001,+028
+001,+028
+001,+028
+001,+028
+001,+028
+001,+028
+001,+028
+001,+028
+001,+028
+001,+028
+001,+028
+003,+028
+003,+030
+003,+030
+003,+030
+003,+030
+003,+030
+003,+030
+003,+030
+003,+030
+003,+030
+003,+030
+003,+030
+003,+030
-004,+030
-004,+030
-004,+030
-004,+030
-004,+030
-004,+030
-004,+030
-004,+030
-004,+030
-004,+030
-005,+030
-005,+030
-005,+030
-005,+032
-005,+032
-005,+032
-006,+032
-006,+032
-006,+032
-006,+032
-007,+032
-007,+032
-007,+032
-007,+032
-008,+032
-008,+032
-008,+032
-008,+032
-008,+032
-008,+032
-008,+032
-008,+032
-009,+032
-009,+032
-009,+032
-009,+032
-009,+032
-009,+032
-009,+032
-009,+032
-009,+032
-009,+032
-009,+032
-009,+032
-009,+032
-009,+032
-009,+032
-009,+032
-009,+032
-009,+032
-009,+032
-009,+032
-009,+032
-009,+032
-009,+032
-009,+032
-009,+032
-009,+032
-009,+032
-009,+032
-009,+032
-009,+032
-006,+032
-007,+032
-007,+032
-007,+032
-007,+032
-007,+032
-007,+032
-007,+032
-007,+032
-007,+032
-007,+032
-007,+032
-007,+032
-007,+032
-007,+032
-007,+032
-007,+032
-007,+032
-007,+032
-007,+032
-004,+032
-005,+032
-005,+032
-005,+032
-005,+032
-005,+032
-005,+030
-005,+030
-005,+030
-005,+030
-005,+030
-005,+030
-005,+030
-005,+030
-005,+030
-005,+030
-005,+030
-005,+030
-005,+030
-005,+030
-005,+030
-005,+030
-005,+030
-005,+030
-005,+030
-005,+030
-005,+030
-005,+030
-005,+030
-005,+030
-005,+030
-005,+030
-005,+030
+003,+030
+003,+030
+003,+030
+003,+030
+003,+030
+003,+030
+003,+030
+003,+030
+003,+030
+003,+030
+003,+030
+003,+030
+003,+030
+003,+030
+003,+030
+003,+030
+003,+030
+003,+030
+003,+030
+003,+030
+003,+030
+003,+030
+003,+030
+003,+030
+003,+030
+003,+030
+003,+030
+003,+030
+003,+030
+003,+028
+003,+028
+003,+028
+003,+028
+003,+028
+003,+028
+003,+028
-004,+028
-004,+028
-004,+028
-004,+028
-004,+028
-004,+028
-004,+028
-004,+028
-004,+028
-004,+028
-004,+028
-004,+028
-004,+028
-004,+028
-004,+028
-004,+028
-004,+028
-004,+028
-004,+028
-004,+028
-004,+028
-004,+028
-004,+028
-004,+028
-004,+028
-004,+028
-004,+028
-004,+028
-004,+028
-004,+030
-004,+030
-004,+030
-004,+030
-004,+030
-004,+030
-004,+030
-004,+030
-004,+030
-004,+030
-004,+030
-004,+030
-004,+030
-004,+030
-004,+030
-004,+030
-004,+030
-004,+030
-004,+030
-004,+030
-004,+030
-004,+030
-004,+030
-004,+030
-004,+030
-004,+030
-004,+030
-004,+030
-004,+030
-004,+030
-004,+030
-004,+030
-004,+030
-005,+030
-005,+030
-005,+030
-005,+030
-005,+030
-005,+030
-005,+030
-005,+030
-005,+030
-005,+028
-005,+028
-005,+028
-005,+028
-005,+028
-005,+028
-005,+028
-005,+028
-005,+028
-005,+028
-005,+028
-005,+028
-005,+028
-005,+028
-005,+028
-005,+028
-005,+028
-005,+028
-005,+028
-005,+028
-005,+028
-005,+028
-005,+028
-005,+028
-005,+028
-005,+028
-005,+028
-005,+028
-005,+030
-005,+030
-005,+030
-005,+030
-005,+030
-005,+030
-005,+030
-005,+030
-005,+030
-005,+030
-005,+030
-005,+030
-005,+030
-005,+030
-005,+030
-005,+030
-005,+030
-005,+030
-005,+030
-005,+030
-006,+030
-006,+030
-006,+030
-006,+030
-006,+030
-006,+030
-006,+030
-006,+030
-006,+030
-006,+030
-006,+030
-006,+030
-006,+030
-006,+030
-006,+030
-006,+030
-006,+030
-006,+030
-006,+030
-006,+030
-006,+030
-006,+030
-006,+030
-006,+030
-006,+030
-006,+030
-006,+030
-006,+030
-006,+030
-006,+030
-006,+030
-006,+030
-006,+030
-006,+030
-006,+030
-006,+030
-006,+030
-006,+030
-006,+030
-006,+030
-006,+030
-006,+030
-006,+030
-006,+030
-006,+030
-006,+030
-006,+030
-006,+030
-006,+030
-006,+030
-006,+030
-006,+030
-006,+030
-006,+030
-006,+030
-006,+030
-006,+030
-006,+030
-006,+030
-006,+030
-006,+030
-006,+030
-006,+030
-006,+032
-006,+032
-006,+032
-006,+032
-006,+032
-006,+032
-006,+032
-006,+032
-006,+032
-006,+032
-006,+032
-006,+032
-006,+032
-006,+032
-006,+032
-006,+032
-006,+032
-006,+032
-006,+032
-006,+032
-006,+032
-006,+032
-006,+032
-006,+032
-006,+032
-006,+032
-006,+032
-006,+032
-006,+032
-006,+032
-006,+034
-006,+034
-006,+034
-006,+034
-006,+034
-006,+034
-006,+034
-006,+034
-006,+034
-006,+034
-006,+034
-006,+034
+003,+034
+003,+034
+003,+034
+003,+034
+003,+034
+003,+034
+003,+034
+003,+034
+003,+034
+003,+034
+003,+034
+003,+034
+003,+034
+003,+034
+003,+034
+003,+034
+003,+034
+003,+034
+003,+034
+003,+034
+003,+034
+003,+034
+003,+034
+003,+034
+003,+034
+003,+034
+003,+034
+003,+034
-004,+034
-004,+034
-004,+032
-004,+032
-004,+032
-004,+032
-004,+032
-005,+032
-005,+032
-005,+032
-005,+032
-005,+032
-005,+030
-005,+030
-005,+030
-005,+030
-005,+030
-005,+030
-005,+030
-005,+030
-006,+030
-006,+030
-006,+028
-006,+028
-006,+028
-006,+028
-006,+028
-007,+028
-007,+028
-007,+028
-007,+028
-007,+028
-007,+028
-007,+028
-008,+028
-008,+028
-008,+028
-008,+028
-008,+028
-008,+028
-008,+028
-008,+028
-008,+028
-008,+028
-009,+028
-009,+028
-009,+028
-009,+028
-009,+028
-009,+028
-009,+028
-009,+028
-009,+028
-009,+028
-009,+028
-009,+028
-009,+028
-009,+028
-009,+028
-009,+028
-009,+028
-009,+028
-009,+028
-009,+028
-009,+028
-009,+028
-009,+028
-009,+028
-010,+028
-010,+028
-010,+028
-010,+028
-010,+028
-010,+028
-010,+028
-010,+028
-010,+028
-010,+028
-010,+028
-010,+028
-010,+028
-010,+028
-010,+028
-010,+028
-010,+028
-010,+028
-010,+028
-010,+028
-010,+028
-010,+028
-010,+028
-010,+028
-010,+028
-010,+028
-010,+030
-010,+030
-010,+030
-010,+030
-010,+030
-010,+030
-010,+030
-010,+030
-010,+030
-010,+030
-010,+030
-010,+030
-010,+030
-010,+030
-010,+030
-010,+030
-010,+030
-010,+030
-010,+030
-010,+030
-010,+030
-010,+030
-010,+030
-010,+030
-010,+030
-010,+030
-010,+030
-010,+030
-010,+030
-010,+030
-010,+030
-010,+030
-010,+030
-010,+030
-010,+030
-010,+030
-010,+030
-010,+030
-010,+030
-010,+030
-010,+030
-010,+030
-010,+030
-011,+030
-011,+030
-011,+030
-011,+030
-011,+030
-011,+030
-011,+030
-011,+030
-011,+030
-011,+030
-011,+030
-011,+030
-011,+030
-011,+030
-011,+030
-011,+030
-011,+030
-011,+030
-011,+030
-011,+030
-012,+030
-012,+030
-012,+030
-012,+030
-012,+030
-012,+030
-012,+030
-012,+030
-012,+030
-012,+030
-012,+030
-012,+030
-012,+030
-012,+030
-012,+030
-012,+030
-012,+030
-012,+030
-012,+030
-012,+030
-012,+032
-012,+032
-012,+032
-012,+032
-012,+032
-012,+032
-009,+032
-009,+032
-009,+032
-009,+032
-009,+032
-009,+032
-009,+032
-009,+032
-009,+032
-009,+032
-009,+032
-009,+032
-009,+032
-009,+032
-009,+032
-009,+032
-009,+032
-009,+032
-009,+032
-009,+032
-009,+032
-009,+032
-009,+032
-006,+032
-006,+032
-006,+032
-006,+032
-006,+032
-006,+032
-006,+032
-006,+032
-006,+032
-006,+032
-006,+032
-006,+032
-006,+032
-006,+032
-006,+032
-006,+032
-006,+032
-006,+032
-006,+032
-006,+032
-006,+032
-006,+032
-006,+032
-006,+032
-006,+032
-006,+032
-006,+032
-006,+032
-006,+032
-006,+032
-006,+030
-006,+030
-006,+030
-006,+030
-006,+030
-006,+030
-006,+030
-006,+030
-006,+030
-006,+030
-006,+030
-006,+030
-006,+030
-006,+030
-006,+030
-006,+030
-006,+030
-006,+030
-006,+030
-006,+030
-006,+030
-006,+030
-006,+030
-006,+030
-006,+030
-006,+030
-006,+030
-006,+030
-006,+030
-006,+030
-006,+030
-006,+030
-006,+030
-006,+030
-006,+030
-006,+030
-006,+030
-006,+030
-006,+030
-006,+030
-006,+030
-006,+030
-006,+030
-006,+030
-006,+030
-006,+030
-006,+030
-006,+030
-006,+030
-006,+030
-006,+030
-006,+030
-006,+030
-006,+030
-006,+030
-006,+030
-006,+030
-006,+030
-006,+030
-006,+030
-006,+030
-006,+030
-006,+030
-006,+030
-006,+030
-006,+030
-006,+030
-006,+030
-006,+030
-006,+030
-006,+030
-006,+030
-006,+030
-006,+030
-006,+030
-006,+030
-006,+030
-006,+030
-006,+030
-006,+030
-006,+030
-006,+030
-006,+030
-006,+030
-006,+030
-006,+030
-006,+030
-006,+030
-007,+030
-007,+030
-007,+030
-007,+030
-007,+030
-007,+030
-007,+030
-007,+030
-007,+030
-007,+030
-007,+032
-007,+032
-007,+032
-007,+032
-007,+032
-007,+032
-007,+032
-007,+032
-007,+032
-007,+032
-007,+032
-007,+032
-007,+032
-007,+032
-007,+032
-007,+032
-007,+032
-007,+032
-007,+032
-007,+032
-007,+032
-007,+032
-007,+032
-007,+032
-007,+032
-007,+032
-007,+032
-007,+032
-007,+032
-007,+032
-007,+032
-007,+032
-007,+032
-007,+032
-007,+032
-007,+032
-007,+034
-007,+034
-007,+034
-007,+034
-007,+034
-007,+034
-007,+034
-007,+034
-007,+034
-007,+034
-007,+034
-007,+034
-007,+034
-007,+034
-007,+034
-007,+034
-007,+034
-007,+034
-007,+034
-007,+034
-007,+034
-007,+034
-007,+034
-007,+034
-007,+034
-007,+034
-007,+034
-007,+034
-007,+034
-004,+034
-004,+034
-004,+034
-004,+034
-004,+034
-004,+034
-004,+034
-004,+034
-004,+034
-004,+034
-004,+034
-004,+034
-004,+034
-004,+034
-004,+034
-004,+034
-004,+034
-004,+034
-004,+034
-004,+034
-004,+034
-004,+034
-004,+034
-004,+034
-004,+034
-004,+034
-004,+034
-004,+034
-004,+034
-004,+034
-004,+034
-004,+034
-004,+034
-004,+034
-004,+034
-004,+034
-004,+034
-004,+034
-004,+034
-004,+034
-004,+034
-004,+034
-004,+034
-004,+034
-004,+034
-004,+034
-004,+034
-004,+034
-004,+034
-004,+034
-004,+034
-004,+034
-004,+034
-004,+034
-004,+034
-004,+034
-004,+034
-004,+034
-004,+034
-004,+034
-004,+034
-004,+034
-004,+034
-004,+034
-004,+034
-004,+034
-004,+034
-004,+034
-004,+034
-004,+034
-004,+034
-004,+034
-004,+034
-004,+034
-004,+034
-004,+034
-004,+034
-004,+034
-004,+034
-004,+034
-004,+034
-004,+034
-004,+034
-004,+034
-004,+034
-004,+034
-004,+034
-004,+034
-004,+034
-004,+034
-004,+034
-004,+034
-004,+034
-004,+034
-004,+034
-004,+034
-004,+034
-004,+034
-004,+034
-004,+034
-004,+034
-004,+034
-004,+034
-004,+034
-004,+034
-004,+034
-004,+034
-004,+034
-004,+034
-004,+034
-004,+034
-004,+034
-004,+034
-004,+034
-004,+034
-004,+034
-004,+034
-004,+034
-004,+034
-004,+034
-004,+034
-004,+034
-004,+034
-004,+034
-004,+034
-004,+034
-004,+034
-004,+034
-005,+034
-005,+034
-005,+034
-005,+034
-005,+034
-005,+034
-005,+034
-005,+034
-005,+034
-005,+034
-005,+034
-005,+034
-005,+034
-005,+034
-005,+034
-005,+034
-005,+034
-005,+034
-005,+034
-005,+034
-005,+034
-005,+034
-005,+034
-005,+034
-005,+034
-005,+034
-005,+034
-005,+034
-005,+034
-005,+034
-005,+034
-005,+034
-005,+034
-005,+034
-005,+034
-005,+034
-005,+034
-005,+034
-005,+034
-005,+034
-005,+034
-005,+034
-005,+034
-005,+034
-005,+034
-005,+034
-005,+034
-005,+034
-005,+034
-005,+034
-005,+034
-005,+034
-005,+034
-005,+034
-005,+034
-005,+034
-005,+034
-005,+034
-005,+034
-005,+034
-005,+034
-005,+034
-005,+034
-005,+034
-005,+034
-005,+034
-005,+034
-005,+034
-005,+034
-005,+034
-005,+034
-005,+034
-005,+034
-005,+034
-005,+034
-005,+034
-005,+034
-005,+034
-005,+034
-005,+034
-005,+034
-005,+034
-005,+034
-005,+036
-005,+036
-005,+036
-005,+036
-005,+036
-005,+036
-005,+036
-005,+036
-005,+036
-005,+036
-005,+036
-005,+036
-005,+036
-005,+036
-005,+036
+003,+036
+003,+036
+003,+036
+003,+036
+003,+036
+003,+036
+003,+036
+003,+036
+003,+036
+003,+036
+003,+036
+003,+036
+003,+036
+003,+036
+003,+036
-004,+036
-004,+036
-004,+036
-004,+036
-004,+036
-004,+036
-004,+036
-004,+038
-004,+038
-004,+038
-004,+038
-005,+038
-005,+038
-005,+038
-005,+038
-005,+038
-005,+038
-005,+038
-006,+036
-006,+036
-006,+036
-006,+036
-006,+036
-006,+036
-006,+036
-006,+036
-006,+036
-006,+036
-006,+036
-006,+036
-006,+036
-006,+036
-006,+036
-006,+036
-006,+036
-006,+036
-006,+036
-006,+036
-006,+036
-006,+036
-007,+036
-007,+036
-007,+036
-007,+036
-007,+036
-007,+036
-007,+036
-007,+036
-007,+036
-007,+036
-008,+036
-008,+036
-008,+036
-008,+036
-008,+036
-008,+036
-008,+036
-009,+036
-009,+036
-009,+036
-009,+036
-009,+036
-009,+036
-009,+036
-009,+036
-009,+036
-009,+036
-009,+036
-009,+036
-009,+036
-009,+036
-009,+036
-009,+036
-009,+036
-009,+036
-009,+036
-009,+036
-010,+036
-010,+036
-010,+036
-010,+038
-010,+038
-010,+038
-010,+038
-010,+038
-010,+038
-010,+038
-010,+038
-010,+038
-010,+038
-010,+038
-010,+038
-010,+038
-010,+038
-010,+038
-010,+038
-010,+038
-010,+038
-010,+038
-010,+038
-010,+038
-010,+038
-010,+038
-010,+038
-010,+038
-010,+038
-010,+038
-010,+038
-010,+038
-010,+038
-010,+038
-010,+038
-010,+038
-010,+038
-010,+038
-010,+038
-010,+038
-010,+038
-010,+038
-010,+038
-010,+038
-010,+038
-010,+038
-010,+038
-010,+038
-010,+038
-010,+038
-010,+038
-010,+038
-010,+038
-010,+038
-010,+038
-010,+038
-010,+038
-010,+038
-010,+038
-007,+038
-008,+038
-008,+038
-008,+038
-008,+038
-008,+038
-008,+038
-008,+038
-008,+038
-008,+038
-008,+038
-008,+038
-008,+038
-008,+038
-008,+038
-008,+038
-008,+038
-008,+038
-008,+038
-008,+038
-008,+038
-008,+038
-005,+038
-005,+038
-005,+038
-005,+038
-005,+038
-005,+038
-005,+038
-005,+038
-005,+038
-005,+038
-005,+038
-005,+038
-005,+038
-005,+038
-005,+038
-005,+038
-005,+038
-005,+038
-005,+038
-005,+038
-005,+038
-005,+038
-005,+038
-005,+038
-005,+038
-005,+038
-005,+038
-005,+038
-005,+038
-005,+038
-005,+038
-005,+038
-005,+038
-005,+038
-005,+038
-005,+038
-005,+038
-005,+038
-005,+038
-005,+038
-005,+038
-005,+038
-005,+038
-005,+038
+003,+038
+003,+038
+003,+038
+003,+038
+003,+038
+003,+038
+003,+038
+003,+038
+003,+038
+003,+038
+003,+038
+003,+038
+003,+038
+003,+038
+003,+038
+003,+038
+003,+038
+003,+038
+003,+038
+003,+038
+003,+038
+003,+038
+003,+038
+003,+038
+003,+038
+003,+038
+003,+038
+003,+038
+003,+038
+003,+038
+003,+038
+003,+038
+003,+038
+003,+036
+003,+036
+003,+036
+003,+036
+003,+036
+003,+036
+003,+036
+003,+036
+003,+036
+003,+036
+003,+036
+003,+036
+003,+036
+003,+036
+003,+036
+003,+036
+003,+036
+001,+036
+001,+036
+001,+036
+001,+036
+001,+036
+001,+036
+001,+036
+001,+036
+001,+036
+001,+036
+001,+036
+001,+036
+001,+036
+001,+036
+001,+036
+001,+036
+001,+036
+001,+036
+001,+036
+001,+036
+001,+036
+001,+036
+001,+036
+001,+036
+001,+036
+001,+036
+001,+036
+001,+036
+001,+036
+001,+036
+001,+036
+001,+036
+001,+036
+001,+036
+001,+036
+001,+036
+001,+036
+001,+036
+001,+036
+001,+036
+001,+036
+001,+036
+001,+036
+001,+036
+001,+036
+001,+036
+001,+036
+001,+036
+001,+036
+001,+036
+001,+036
+001,+036
+001,+036
+001,+036
+001,+036
+001,+036
+001,+036
+001,+036
+001,+036
+001,+036
+001,+036
+001,+036
+003,+036
+003,+036
+003,+036
+003,+036
+003,+036
+003,+036
+003,+036
+003,+036
+003,+036
+003,+036
+003,+036
+003,+036
+003,+036
+003,+036
+003,+036
+003,+036
+003,+036
+003,+036
+003,+036
+003,+036
+003,+036
+003,+036
+003,+036
+003,+036
+003,+036
+003,+036
+003,+036
+003,+036
+003,+036
+003,+036
+003,+036
+003,+036
+003,+036
+003,+036
+003,+036
+003,+036
+003,+036
+003,+036
+003,+036
+003,+036
+003,+036
+003,+036
-004,+036
-004,+036
-004,+036
-004,+036
-004,+036
-004,+036
-004,+036
-004,+036
-004,+036
-004,+036
-004,+036
-005,+036
-005,+036
-005,+036
-005,+036
-005,+036
-005,+036
-005,+036
-005,+036
-005,+036
-006,+036
-006,+036
-006,+036
-006,+036
-006,+036
-006,+036
-006,+036
-006,+036
-006,+036
-006,+034
-006,+034
-007,+034
-007,+034
-007,+034
-007,+034
-007,+034
-007,+034
-007,+034
-007,+034
-007,+034
-007,+034
-007,+034
-007,+034
-007,+034
-007,+034
-007,+034
-007,+034
-007,+034
-007,+034
-007,+034
-007,+034
-007,+034
-007,+034
-007,+034
-007,+034
-007,+034
-007,+034
-007,+034
-007,+034
-007,+034
-007,+034
-007,+034
-007,+034
-007,+034
-007,+036
-007,+036
-007,+036
-007,+036
-007,+036
-007,+036
-007,+036
-007,+036
-007,+036
-007,+036
-007,+036
-007,+036
-007,+036
-007,+036
-007,+036
-004,+036
-004,+036
-004,+036
-004,+036
-004,+036
-004,+036
-004,+036
-004,+036
-004,+036
-004,+036
-004,+036
-004,+036
-004,+036
-004,+036
-004,+036
-004,+036
-004,+036
-004,+036
-004,+036
-004,+036
-004,+036
-004,+036
-004,+036
-004,+036
-004,+036
-004,+036
-004,+036
-004,+036
-004,+036
-004,+036
-004,+036
-004,+036
-004,+036
-004,+036
-004,+036
-004,+036
-004,+036
-004,+036
-004,+036
-004,+036
-004,+036
-004,+036
-004,+036
-004,+036
-004,+036
-004,+036
+002,+036
+002,+036
+002,+036
+002,+036
+002,+036
+002,+036
+002,+036
+002,+036
+002,+036
+002,+036
+002,+036
+002,+036
+002,+036
+002,+036
+002,+036
+002,+036
+002,+036
+002,+036
+002,+036
+002,+036
+002,+036
+002,+036
+002,+036
+002,+036
+002,+036
+002,+036
+002,+036
+002,+036
+002,+036
+002,+036
+002,+036
+002,+036
+002,+036
+003,+036
+003,+036
+003,+036
+003,+036
+003,+036
+003,+036
+003,+036
+003,+036
+003,+036
+003,+036
+003,+036
+003,+036
+003,+036
+003,+036
+003,+036
+003,+036
-004,+036
-004,+036
-004,+036
-004,+036
-004,+036
-004,+036
-004,+036
-004,+036
-004,+036
-004,+036
-004,+036
-004,+036
-004,+036
-004,+036
-004,+036
-004,+034
-004,+034
-004,+034
-004,+034
-004,+034
-004,+034
-004,+034
-004,+034
-005,+034
-005,+034
-005,+034
-005,+034
-005,+034
-005,+034
-005,+034
-005,+034
-005,+034
-005,+034
-005,+034
-005,+034
-005,+034
-005,+034
-005,+034
-005,+034
-005,+034
-005,+034
-005,+034
-005,+034
-005,+034
-005,+034
-005,+034
-005,+034
-005,+034
-005,+034
-005,+034
-005,+034
-005,+034
-005,+034
-005,+034
-005,+034
-005,+034
-005,+034
-005,+034
-005,+034
-005,+034
-005,+034
-005,+034
-005,+034
-005,+036
-006,+036
-006,+036
-006,+036
-006,+036
-006,+036
-006,+036
-006,+036
-006,+036
-006,+036
-006,+036
-006,+036
-006,+036
-006,+036
-006,+036
-006,+036
-006,+036
-006,+036
-006,+036
-006,+036
-006,+036
-006,+036
-006,+036
-006,+036
-006,+036
-006,+036
-006,+036
-006,+036
-006,+036
-006,+036
-006,+036
-006,+036
-006,+036
-006,+036
-006,+036
-006,+036
-006,+036
-006,+036
-006,+036
-006,+036
-006,+036
-006,+036
-006,+036
-006,+036
-006,+036
-006,+036
-006,+036
-006,+036
-006,+036
-006,+036
-006,+036
-006,+036
-006,+036
-006,+036
-006,+036
-006,+036
-006,+036
-006,+036
-006,+036
-006,+036
-006,+036
-006,+036
-006,+036
-006,+036
-006,+036
-006,+036
-006,+036
-006,+036
-006,+036
+003,+036
-004,+036
-004,+036
-004,+036
-004,+036
-004,+036
-004,+036
-004,+036
-004,+036
-004,+036
-004,+036
-004,+036
-004,+036
-004,+036
-004,+036
-004,+036
-004,+036
-004,+036
-004,+036
-004,+036
-004,+036
-004,+036
-004,+036
-004,+036
-004,+036
-004,+036
-004,+036
-004,+036
-004,+036
-004,+036
-004,+036
-004,+036
-004,+036
-004,+036
-004,+036
-004,+036
-004,+036
-004,+036
-004,+036
-004,+036
-004,+036
-004,+036
-004,+036
-004,+036
-004,+036
-004,+036
-004,+036
-004,+036
-004,+036
-004,+036
-004,+036
-004,+036
-004,+036
-004,+036
-004,+036
-005,+036
-005,+036
-005,+036
-005,+036
-005,+036
-005,+036
-005,+036
-005,+036
-005,+036
-005,+036
-005,+036
-005,+036
-005,+036
-005,+036
-005,+038
-005,+038
-005,+038
-005,+038
-005,+038
-005,+038
-005,+038
-005,+038
-005,+038
-005,+038
-005,+038
-005,+038
-005,+038
-005,+038
-005,+038
-005,+038
-005,+038
-005,+038
-005,+038
-005,+038
-005,+038
-005,+038
-005,+038
-005,+038
-005,+038
-005,+038
-005,+038
-005,+038
-005,+038
-005,+038
-005,+038
-005,+038
-005,+038
-005,+038
-005,+038
-005,+038
-005,+038
-005,+038
-005,+038
-005,+038
-006,+038
-006,+038
-006,+038
-006,+038
-006,+038
-006,+038
-006,+038
-006,+038
-006,+038
-006,+038
-006,+038
-006,+038
-006,+038
-006,+038
-006,+038
-006,+038
-006,+038
-006,+038
-006,+038
-006,+038
-006,+038
-006,+038
-006,+038
-006,+038
-006,+038
-006,+038
-006,+038
-006,+038
-006,+038
-006,+038
-006,+038
-006,+038
-006,+038
-006,+038
-006,+038
-006,+038
-006,+038
-006,+038
-006,+038
-006,+038
-006,+038
-006,+038
-006,+038
-006,+038
-006,+038
-006,+038
-006,+038
-006,+038
-006,+038
-006,+038
-006,+038
-006,+038
-006,+038
-006,+038
-006,+038
-006,+038
-006,+038
-006,+038
-006,+038
-006,+038
-006,+038
-006,+038
-006,+038
-006,+038
-006,+038
-006,+038
-006,+038
-006,+038
-006,+038
-006,+038
-006,+038
-006,+038
-006,+038
-006,+038
-006,+038
-006,+038
-006,+038
-006,+038
+003,+038
+003,+038
+003,+038
+003,+038
+003,+038
+003,+038
+003,+038
+003,+038
+003,+038
+003,+038
+003,+038
+003,+038
+003,+038
+003,+038
+003,+038
+003,+038
+003,+038
+003,+038
+003,+038
+003,+038
+003,+038
+003,+038
+003,+038
+003,+038
+003,+038
+003,+038
+003,+038
+003,+038
+003,+038
+003,+038
+003,+038
+003,+038
+003,+038
+003,+038
+003,+038
+003,+038
+003,+038
+003,+038
+003,+038
+003,+038
+003,+038
+003,+038
+003,+038
+003,+038
+003,+038
+003,+038
+003,+038
+003,+038
-004,+038
-004,+038
-004,+038
-004,+038
-004,+038
-005,+038
-005,+038
-005,+038
-005,+038
-005,+038
-005,+038
-005,+038
-005,+038
-006,+038
-006,+038
-006,+038
-006,+038
-007,+038
-007,+038
-007,+038
-007,+038
-007,+038
-007,+038
-008,+038
-008,+038
-008,+038
-008,+038
-008,+038
-008,+038
-008,+038
-009,+040
-009,+040
-009,+040
-009,+040
-009,+040
-009,+040
-009,+040
-009,+040
-009,+040
-010,+040
-010,+040
-010,+040
-010,+040
-010,+040
-010,+040
-010,+040
-010,+040
-010,+040
-010,+040
-010,+040
-010,+040
-010,+040
-010,+040
-010,+040
-010,+040
-010,+040
-010,+040
-010,+042
-010,+042
-010,+042
-010,+042
-010,+042
-010,+042
-010,+042
-010,+042
-010,+042
-010,+042
-010,+042
-010,+042
-010,+042
-010,+042
-010,+042
-010,+042
-010,+042
-010,+042
-010,+042
-010,+042
-010,+042
-010,+042
-010,+042
-010,+042
-010,+042
-010,+042
-010,+044
-010,+044
-010,+044
-010,+044
-010,+044
-010,+044
-010,+044
-010,+044
-010,+044
-010,+044
-010,+044
-010,+044
-010,+044
-010,+044
-010,+044
-007,+044
-007,+044
-007,+044
-007,+044
-007,+044
-007,+044
-007,+044
-007,+044
-007,+044
-007,+044
-007,+044
-007,+044
-007,+044
-007,+044
-007,+044
-007,+044
-007,+044
-007,+044
-007,+044
-007,+044
-007,+044
-007,+044
-007,+044
-007,+044
-007,+044
-007,+044
-007,+042
-007,+042
-007,+042
-007,+042
-007,+042
-007,+042
-007,+042
-007,+042
-007,+042
-007,+042
-007,+042
-007,+042
-007,+042
-007,+042
-007,+042
-007,+042
-007,+042
-007,+042
-007,+042
-007,+042
-007,+042
-007,+042
-007,+042
-007,+042
-007,+042
-007,+042
-007,+042
-007,+040
-007,+040
-007,+040
-007,+040
-007,+040
-007,+040
-007,+040
-007,+040
-007,+040
-007,+040
-007,+040
-007,+040
-007,+040
-007,+040
-007,+040
-007,+040
-007,+040
-007,+040
-007,+040
-007,+040
-007,+040
-007,+040
-007,+040
-007,+040
-007,+040
-007,+040
-007,+040
-007,+040
-007,+040
-007,+040
-007,+040
-007,+040
-007,+040
-008,+040
-008,+040
-008,+040
-008,+040
-008,+040
-008,+040
-008,+040
-008,+040
-008,+040
-008,+040
-008,+040
-008,+040
-008,+040
-008,+040
-008,+040
-008,+038
-008,+038
-008,+038
-008,+038
-008,+038
-008,+038
-008,+038
-008,+038
-008,+038
-008,+038
-008,+038
-008,+038
-008,+038
-008,+038
-009,+038
-009,+038
-009,+038
-009,+038
-009,+038
-009,+038
-009,+038
-009,+038
-009,+038
-009,+038
-009,+038
-009,+038
-009,+038
-009,+038
-009,+038
-009,+038
-009,+038
-010,+038
-010,+038
-010,+038
-010,+038
-010,+038
-010,+038
-010,+038
-010,+038
-010,+038
-010,+038
-010,+038
-010,+038
-010,+038
-010,+038
-010,+038
-010,+038
-010,+038
-010,+038
-010,+038
-010,+038
-010,+038
-010,+038
-010,+038
-010,+038
-010,+038
-010,+038
-010,+038
-010,+038
-010,+038
-010,+038
-010,+038
-010,+038
-010,+038
-010,+038
-010,+038
-010,+038
-010,+038
-010,+038
-010,+038
-010,+038
-010,+038
-010,+038
-010,+038
-010,+038
-010,+038
-010,+038
-010,+038
-010,+038
-010,+038
-010,+038
-010,+038
-010,+038
-010,+038
-010,+038
-010,+038
-010,+038
-010,+036
-010,+036
-010,+036
-010,+036
-010,+036
-010,+036
-007,+036
-008,+036
-008,+036
-008,+036
-008,+036
-008,+036
-008,+036
-008,+036
-008,+036
-008,+036
-008,+036
-008,+036
-008,+036
-008,+036
-008,+036
-008,+036
-008,+036
-008,+036
-008,+036
-008,+034
-008,+034
-008,+034
-008,+034
-008,+034
-008,+034
-008,+034
-008,+034
-008,+034
-008,+034
-008,+034
-008,+034
-008,+034
-008,+034
-008,+034
-008,+034
-008,+034
-005,+034
-005,+034
-006,+034
-006,+034
-006,+034
-006,+034
-006,+034
-006,+034
-006,+034
-006,+034
-006,+034
-006,+034
-006,+034
-006,+032
-006,+032
-006,+032
-006,+032
-006,+032
-006,+032
-006,+032
-006,+032
-006,+032
-006,+032
-006,+032
-006,+032
-006,+032
-006,+032
-006,+032
-006,+032
-006,+032
-006,+032
-006,+032
-006,+032
-006,+032
-006,+032
-006,+032
-006,+032
-006,+032
-006,+034
-006,+034
-006,+034
-006,+034
-006,+034
-006,+034
-006,+034
-006,+034
-006,+034
-006,+034
-006,+034
-006,+034
-006,+034
-006,+034
-006,+034
-006,+034
-006,+034
-006,+034
-006,+034
-006,+034
-006,+034
-006,+036
-006,+036
-006,+036
-006,+036
-006,+036
-006,+036
-006,+036
-006,+036
-006,+036
-006,+036
-006,+036
-006,+036
-006,+036
-006,+036
-006,+036
-006,+036
-006,+036
-006,+036
-006,+036
-006,+036
-007,+036
-007,+036
-007,+036
-007,+036
-007,+036
-007,+036
-007,+036
-007,+036
-007,+036
-007,+036
-007,+036
-007,+036
-007,+036
-007,+036
-007,+036
-007,+036
-008,+036
-008,+036
-008,+036
-008,+036
-008,+036
-008,+036
-008,+036
-008,+036
-008,+036
-008,+036
-008,+036
-008,+036
-008,+036
-008,+036
-008,+036
-008,+036
-008,+036
-008,+036
-008,+036
-008,+036
-008,+036
-008,+036
-008,+036
-008,+036
-008,+036
-008,+036
-008,+036
-008,+036
-008,+036
-008,+036
-008,+036
-008,+036
-008,+036
-008,+034
-008,+034
-008,+034
-008,+034
-008,+034
-008,+034
-008,+034
-008,+034
-008,+034
-008,+034
-008,+034
-008,+034
-008,+034
-008,+034
-008,+034
-008,+034
-008,+034
-008,+034
-008,+034
-008,+034
-008,+034
-008,+034
-008,+034
-008,+034
-008,+034
-008,+034
-008,+034
-008,+034
-008,+034
-008,+034
-008,+034
-008,+034
-008,+034
-008,+034
-008,+034
-008,+034
-008,+034
-008,+034
-008,+034
-008,+034
-008,+034
-008,+034
-008,+034
-008,+034
-008,+034
-008,+034
-008,+034
-008,+034
-008,+034
-008,+034
-008,+034
-008,+034
-008,+034
-008,+034
-008,+034
-008,+034
-008,+034
-008,+034
-008,+034
-008,+034
-008,+034
-008,+034
-008,+034
-008,+034
-008,+034
-008,+034
-008,+034
-008,+034
-008,+034
-008,+034
-008,+034
-008,+034
-005,+034
-005,+034
-005,+034
-005,+034
-005,+034
-005,+034
-005,+034
-005,+034
-005,+034
-005,+034
-005,+034
-005,+034
-005,+034
-005,+034
-005,+034
-005,+034
-005,+034
-005,+034
-005,+034
-005,+034
-005,+034
-005,+034
-005,+034
-005,+034
-005,+032
-005,+032
-005,+032
-005,+032
-005,+032
-005,+032
-005,+032
-005,+032
-005,+032
-005,+032
-005,+032
-005,+032
-005,+032
-005,+032
-005,+032
-005,+032
-005,+032
-005,+032
-005,+032
-005,+032
-005,+032
-005,+032
-005,+032
-005,+032
-005,+032
-005,+032
-005,+032
-005,+032
-005,+032
-005,+032
-005,+032
-005,+032
-005,+032
-005,+032
-005,+032
-005,+032
-005,+032
-005,+032
-005,+032
-005,+032
-005,+032
-005,+032
-005,+032
-005,+032
-005,+032
-005,+032
-005,+032
-005,+032
-005,+032
-005,+032
-005,+032
-005,+032
-005,+032
-005,+032
-005,+032
-005,+032
-005,+032
-005,+032
-005,+032
-005,+032
-005,+032
-005,+032
-005,+032
-005,+032
-005,+032
-005,+032
-005,+032
-005,+032
-005,+032
-005,+032
+003,+032
+003,+032
+003,+032
+003,+032
+003,+032
+003,+032
+003,+032
+003,+032
+003,+032
+003,+032
+003,+032
+003,+032
+003,+032
+003,+032
+003,+032
+003,+032
+003,+032
+003,+032
+003,+032
+003,+032
+003,+032
+003,+032
+003,+032
+003,+030
+003,+030
+003,+030
+003,+030
+003,+030
+003,+030
+003,+030
+003,+030
+003,+030
+003,+030
+003,+030
+003,+030
+003,+030
+003,+030
+003,+030
+003,+030
+003,+030
+003,+030
+003,+030
+003,+030
+003,+030
+003,+030
+003,+030
+003,+030
+003,+030
+003,+030
+003,+030
+003,+030
+003,+030
+003,+030
+003,+030
+003,+030
+003,+030
+003,+030
+003,+030
+003,+030
+003,+030
+003,+030
+003,+032
+003,+032
+003,+032
+003,+032
+003,+032
+003,+032
+003,+032
+003,+032
+003,+032
+003,+032
+003,+032
+003,+032
+003,+032
+003,+032
+003,+032
+003,+032
+003,+032
+003,+032
+003,+032
+003,+032
+003,+032
+003,+032
+003,+032
+003,+032
+003,+032
+003,+032
+003,+032
+003,+032
+003,+032
+003,+032
+003,+032
+003,+032
+003,+032
+003,+032
+003,+032
+003,+032
+003,+032
+003,+032
+003,+032
+003,+032
+003,+032
+003,+032
+003,+032
+003,+032
+003,+032
+003,+032
+003,+032
+003,+032
+003,+032
+003,+032
+003,+032
+003,+032
+003,+032
+003,+030
+003,+030
+003,+030
+003,+030
+003,+030
+003,+030
+003,+030
+003,+030
+003,+030
+003,+030
+003,+030
+003,+030
+003,+030
+003,+030
+003,+030
+003,+030
+003,+030
-004,+030
-004,+030
-004,+030
-004,+030
-004,+030
-004,+030
-004,+030
-004,+030
-004,+030
-004,+030
-004,+030
-004,+030
-005,+030
-005,+030
-005,+030
-005,+030
-005,+030
-005,+030
-005,+030
-005,+030
-005,+030
-005,+030
-005,+030
-005,+030
-006,+030
-006,+030
-006,+030
-006,+030
-006,+030
-006,+030
-006,+030
-006,+030
-006,+030
-006,+030
-006,+030
-006,+030
-006,+030
-006,+030
-006,+030
-006,+030
-006,+030
-006,+030
-006,+030
-006,+030
-006,+030
-006,+030
-006,+030
-006,+030
-006,+030
-006,+030
-006,+030
-006,+030
-006,+030
-006,+030
-006,+030
-006,+030
-006,+030
-006,+030
-006,+030
-006,+030
-006,+030
-006,+030
-006,+030
-006,+030
-006,+030
-006,+030
-006,+030
-006,+030
-006,+030
-006,+030
-006,+030
-006,+030
-006,+030
-006,+030
-006,+030
-006,+030
COP Area(S): 000595
COP Area(R): 002821