+000,-000
+001,-000
+001,-000
+001,-000
+001,-000
+001,-000
+001,-000
+001,-000
+001,-000
+001,-000
+001,-000
+001,-000
+001,-000
+001,-000
+001,-000
+001,-000
+001,-000
+001,-000
+001,-000
+001,-000
+001,-000
+001,-000
+001,-000
+001,-000
+001,-000
+001,-000
+001,-000
+001,-000
+001,-000
+001,-000
+001,-000
+001,-000
+001,-000
+001,-000
+001,-000
+001,-000
+001,-000
+001,-000
+001,-000
+001,-000
+001,-000
+001,-000
+001,-000
+001,-000
+001,-000
+001,-000
+001,-000
+001,-000
+001,-000
+001,-000
+001,-000
+001,-000
+001,-000
+003,-000
+003,-000
+003,-003
+003,-003
+003,-003
+003,-003
+003,-003
+005,-003
+005,-003
+005,-003
+005,-003
+005,-003
+005,-003
+005,-003
+005,-002
+005,-002
+005,-002
+005,-002
+005,-002
+005,-002
+005,-002
+005,-002
+005,-002
+005,-002
+005,-002
+005,-002
+005,-002
+005,-002
+005,-002
+005,-002
+005,-002
+005,-002
+005,-002
+005,-002
+005,-002
+005,-002
+005,-002
+005,-002
+005,-002
+005,-002
+005,-005
+005,-005
+005,-005
+005,-005
+003,-005
+003,-005
+003,-005
+003,-005
+003,-005
+003,-005
+003,-005
+003,-005
+003,-005
+003,-005
+001,-005
+001,-005
+001,-005
+001,-005
+001,-005
+001,-005
+001,-005
+001,-005
+001,-005
+001,-005
+001,-005
+001,-005
+001,-005
+001,-005
+001,-005
+001,-005
+001,-005
+001,-005
+001,-005
+001,-005
+001,-005
+001,-005
+001,-005
+001,-005
+001,-004
+001,-004
+001,-004
+001,-004
+001,-004
+001,-004
+001,-004
+003,-004
+003,-004
+003,-004
+003,-004
+003,-004
+003,-004
+005,-004
+005,-004
+005,-004
+005,-004
+005,-004
+005,-004
+007,-004
+007,-004
+007,-004
+007,-003
+007,-003
+007,-003
+007,-003
+009,-003
+009,-003
+009,-003
+009,-003
+009,-003
+009,-003
+011,-003
+011,-003
+011,-003
+011,-003
+011,-003
+011,-003
+011,-003
+011,-003
+011,-003
+013,-003
+013,-003
+013,-003
+013,-003
+013,-003
+013,-002
+013,-002
+013,-002
+013,-002
+013,-002
+013,-002
+013,-002
+013,-001
+013,-001
+013,-001
+013,-001
+013,-001
+013,-001
+013,-001
+013,-001
+013,-001
+013,-001
+013,-000
+013,-000
+013,-000
+013,-000
+013,-000
+013,-000
+013,-000
+013,-000
+013,-000
+013,-000
+013,-000
+011,-000
+011,-000
+011,-000
+011,-000
+011,-000
+011,-000
+011,-000
+011,-000
+011,-000
+011,-000
+011,-000
+011,-000
+009,-000
+009,-000
+009,-000
+009,-000
+009,-000
+009,-000
+009,-000
+009,-000
+009,-000
+009,-000
+007,-000
+007,-000
+007,-003
+007,-002
+007,-002
+007,-002
+007,-002
+007,-002
+007,-002
+007,-002
+005,-002
+005,-002
+005,-002
+005,-002
+005,-002
+005,-002
+005,-002
+005,-002
+005,-002
+005,-002
+005,-002
+005,-002
+005,-002
+005,-002
+005,-002
+005,-002
+005,-002
+005,-002
+005,-002
+005,-002
+005,-002
+005,-002
+005,-002
+005,-002
+005,-002
+005,-002
+005,-002
+005,-002
+007,-002
+007,-002
+007,-002
+007,-005
+007,-005
+007,-005
+007,-005
+007,-005
+007,-005
+007,-005
+007,-005
+007,-005
+007,-005
+007,-005
+007,-005
+007,-005
+007,-005
+007,-005
+007,-005
+007,-005
+007,-008
+007,-008
+005,-008
+005,-008
+005,-008
+005,-008
+005,-008
+005,-008
+005,-008
+005,-008
+005,-008
+005,-008
+005,-008
+005,-008
+005,-008
+005,-008
+005,-008
+005,-008
+005,-008
+005,-008
+005,-008
+005,-008
+005,-008
+005,-008
+005,-011
+005,-011
+005,-010
+005,-010
+005,-010
+005,-010
+005,-010
+005,-010
+005,-010
+005,-010
+005,-010
+005,-010
+005,-010
+005,-010
+005,-010
+005,-010
+005,-010
+005,-010
+005,-010
+005,-010
+005,-010
+005,-010
+005,-010
+005,-010
+005,-010
+005,-010
+005,-010
+005,-010
+005,-010
+005,-010
+005,-010
+005,-010
+005,-010
+005,-010
+005,-010
+005,-010
+005,-010
+005,-010
+005,-010
+005,-010
+005,-010
+005,-010
+005,-010
+005,-010
+005,-010
+005,-010
+005,-010
+005,-010
+005,-010
+005,-010
+005,-010
+005,-010
+005,-010
+005,-010
+005,-010
+005,-010
+005,-010
+005,-010
+005,-010
+005,-010
+005,-010
+003,-010
+003,-010
+003,-010
+003,-010
+003,-010
+003,-010
+003,-010
+003,-010
+003,-010
+003,-010
+003,-010
+003,-010
+003,-010
+003,-010
+001,-010
+001,-010
+001,-010
+001,-010
+001,-010
+001,-010
+001,-010
+001,-010
+001,-013
+001,-012
+001,-012
+001,-012
+001,-012
+001,-012
+001,-012
+001,-012
+001,-012
+001,-012
+001,-012
+003,-012
+003,-012
+003,-015
+003,-015
+003,-015
+003,-015
+003,-015
+003,-015
+003,-015
+003,-015
+003,-015
+003,-015
+003,-015
+003,-015
+003,-015
+003,-015
+003,-015
+003,-014
+003,-014
+003,-014
+003,-014
+005,-014
+005,-014
+005,-014
+005,-014
+005,-014
+005,-014
+005,-014
+005,-014
+005,-014
+005,-014
+005,-014
+005,-014
+005,-014
+005,-014
+005,-014
+005,-014
+005,-014
+005,-014
+005,-014
+005,-014
+005,-014
+005,-014
+005,-014
+005,-014
+005,-014
+005,-014
+005,-014
+005,-014
+005,-014
+005,-014
+005,-014
+005,-014
+005,-014
+005,-014
+005,-014
+005,-014
+005,-014
+005,-014
+005,-014
+005,-014
+005,-014
+005,-014
+005,-014
+005,-014
+005,-014
+005,-014
+005,-014
+005,-014
+005,-014
+005,-014
+007,-014
+007,-014
+007,-014
+007,-014
+007,-014
+007,-014
+007,-014
+007,-014
+007,-014
+007,-014
+007,-014
+007,-014
+007,-014
+007,-014
+007,-014
+007,-014
+009,-014
+009,-014
+009,-014
+009,-014
+009,-014
+009,-014
+009,-014
+011,-014
+011,-014
+011,-014
+011,-014
+011,-014
+011,-014
+011,-014
+011,-014
+011,-014
+011,-014
+013,-014
+013,-014
+013,-014
+013,-014
+013,-014
+013,-014
+013,-014
+013,-014
+013,-014
+013,-014
+013,-014
+015,-014
+015,-014
+015,-014
+015,-014
+015,-013
+015,-013
+015,-013
+015,-013
+015,-013
+015,-013
+015,-013
+015,-013
+015,-013
+015,-013
+015,-013
+015,-013
+015,-013
+015,-013
+015,-013
+015,-013
+015,-013
+015,-013
+015,-013
+015,-013
+015,-013
+015,-013
+015,-012
+015,-012
+015,-012
+015,-012
+015,-012
+015,-012
+017,-012
+017,-012
+017,-012
+017,-012
+017,-012
+017,-012
+017,-012
+017,-012
+017,-012
+017,-012
+017,-012
+017,-012
+017,-012
+017,-012
+017,-012
+017,-012
+017,-012
+017,-012
+017,-012
+017,-012
+017,-012
+017,-012
+017,-012
+017,-012
+017,-012
+015,-012
+015,-012
+015,-012
+015,-012
+015,-012
+015,-012
+015,-012
+015,-012
+015,-012
+015,-012
+015,-012
+013,-012
+013,-012
+013,-012
+013,-012
+013,-012
+011,-012
+011,-015
+011,-015
+011,-015
+009,-015
+009,-015
+009,-015
+009,-015
+007,-015
+007,-018
+007,-018
+007,-018
+007,-018
+005,-018
+005,-018
+005,-018
+005,-018
+005,-018
+003,-018
+003,-018
+003,-018
+003,-018
+003,-018
+003,-018
+003,-018
+003,+020
+003,+020
+003,+020
+001,+020
+001,+020
+001,+020
+001,+020
+001,+020
+001,+020
+001,+020
+001,+020
+001,+020
+001,+020
+001,+020
+001,+020
+001,+020
+001,+022
+001,+022
+001,+022
+001,+022
+001,+022
+001,+022
+001,+022
+001,+022
+001,+022
+001,+022
+001,+022
+001,+022
+001,+022
+001,+022
+001,+022
+001,+022
+001,+022
+001,+022
+001,+022
+001,+022
+001,+022
+001,+022
+001,+022
+001,+022
+001,+022
+001,+022
+001,+022
+001,+022
+001,+022
+001,+022
+001,+022
+001,+022
+001,+022
+001,+022
+001,+022
+001,+022
+001,+022
+001,+022
+001,+022
+001,+022
+001,+022
+001,+022
+003,+022
+003,+022
+003,+022
+003,+022
+003,+022
+003,+022
+003,+022
+003,+022
+003,+022
+003,+022
+003,+022
+003,+022
+003,+022
+005,+022
+005,+022
+005,+022
+005,+022
+005,+022
+005,+022
+005,+022
+005,+022
+005,+022
+005,+022
+005,+022
+005,+022
+005,+020
+005,+020
+005,+020
+005,+020
+005,+020
+005,+020
+005,+020
+005,+020
+005,+020
+005,+020
+005,+020
+007,+020
+007,+020
+007,+020
+007,+020
+007,-019
+007,-019
+007,-019
+007,-019
+007,-019
+007,-019
+007,-019
+007,-019
+007,-019
+007,-019
+007,-018
+007,-018
+007,-018
+007,-018
+007,-018
+005,-018
+005,-018
+005,-018
+005,-018
+005,-018
+005,-018
+003,-018
+003,-018
+003,-018
+003,-018
+003,-018
+003,-018
+001,-018
+001,-018
+001,-018
+001,-018
+001,-018
+001,-018
+001,-018
+001,-018
+001,-018
+001,-018
+001,-018
+003,-018
+003,-018
+003,-018
+003,-018
+003,-018
+003,-017
+003,-017
+003,-017
+003,-017
+003,-017
+003,-017
+003,-016
+003,-016
+003,-016
+003,-016
+003,-016
+005,-016
+005,-016
+005,-016
+005,-016
+005,-016
+005,-016
+005,-016
+005,-016
+005,-016
+005,-016
+005,-016
+005,-016
+005,-016
+007,-016
+007,-016
+007,-016
+007,-016
+007,-016
+007,-016
+007,-016
+007,-016
+007,-016
+007,-016
+007,-016
+007,-019
+007,-019
+007,-018
+007,-018
+007,-018
+005,-018
+005,-018
+005,-018
+005,-018
+005,-018
+005,-018
+005,-018
+005,-018
+005,-018
+005,-018
+003,-018
+003,-018
+003,-018
+003,-018
+003,-018
+003,-018
+003,-018
+001,-018
+001,-018
+001,-018
+001,-018
+001,-018
+001,-018
+001,-018
+001,-018
+001,-018
+001,-018
+001,-018
+001,-018
+003,-018
+003,-018
+003,-018
+003,-018
+003,-018
+003,-018
+003,-018
+003,-018
+003,-018
+003,-018
+003,-018
+003,-018
+003,-018
+003,-018
+003,-018
+003,-018
+003,-018
+003,-018
+003,-018
+003,-018
+003,-018
+003,-018
+003,-018
+003,-018
+003,-018
+003,-018
+003,-018
+003,-018
+003,-018
+003,-018
+003,-018
+003,-018
+003,-018
+003,-018
+003,-018
+003,-018
+003,-018
+003,-018
+003,-018
+001,-018
+001,-018
+001,-018
+001,-018
+001,-018
+001,-018
+001,-018
+001,-018
+001,-018
+001,-018
+001,-018
+001,-018
+001,-018
+001,-018
+001,-018
+001,-018
+001,-018
+001,+020
+001,+020
+001,+020
+001,+020
+003,+020
+003,+020
+003,+020
+003,+020
+003,+020
+003,+020
+003,+020
+003,+020
+003,+020
+003,+020
+003,+020
+003,+020
+005,+020
+005,+022
+005,+022
+005,+022
+005,+022
+005,+022
+005,+022
+007,+024
+007,+024
+007,+024
+007,+024
+007,+024
+007,+024
+007,+024
+007,+024
+007,+024
+007,+024
+007,+024
+007,+024
+007,+024
+007,+024
+007,+026
+007,+026
+007,+026
+007,+026
+007,+026
+007,+026
+007,+026
+007,+026
+007,+026
+007,+026
+007,+026
+007,+026
+007,+026
+007,+026
+007,+026
+007,+026
+007,+026
+007,+026
+007,+026
+007,+026
+007,+026
+007,+026
+007,+026
+007,+026
+007,+024
+005,+024
+005,+022
+005,+022
+005,+022
+005,+022
+005,+022
+003,+022
+003,+022
+003,+022
+003,+022
+003,+022
+003,+022
+003,+022
+003,+022
+003,+022
+003,+022
+001,+020
+001,+020
+001,+020
+001,+020
+001,+020
+001,+020
+001,+020
+001,+020
+001,+020
+001,-019
+001,-019
+001,-019
+001,-019
+001,-019
+001,-019
+001,-019
+001,-018
+001,-018
+001,-018
+001,-018
+001,-018
+001,-017
+001,-017
+001,-017
+001,-017
+001,-017
+001,-017
+001,-017
+001,-017
+001,-016
+001,-016
+001,-016
+001,-016
+001,-016
+001,-016
+001,-016
+001,-016
+001,-016
+001,-016
+001,-016
+001,-015
+001,-015
+001,-015
+001,-015
+001,-015
+001,-015
+001,-015
+001,-015
+001,-015
+001,-015
+001,-015
+001,-015
+001,-015
+001,-015
+001,-015
+001,-015
+001,-015
+001,-015
+001,-015
+001,-015
+001,-015
+001,-015
+001,-015
+001,-015
+001,-015
+001,-015
+001,-015
+001,-015
+001,-015
+001,-015
+001,-015
+001,-015
+001,-015
+001,-015
+003,-015
+003,-015
+003,-015
+003,-015
+003,-015
+003,-015
+003,-015
+003,-015
+003,-015
+003,-015
+003,-015
+003,-015
+003,-015
+003,-015
+003,-015
+003,-015
+003,-015
+003,-015
+005,-015
+005,-015
+005,-015
+005,-015
+005,-014
+005,-014
+005,-014
+005,-014
+005,-014
+005,-014
+005,-014
+005,-014
+005,-013
+005,-013
+005,-013
+005,-013
+005,-013
+005,-013
+005,-013
+005,-012
+005,-012
+005,-012
+007,-012
+007,-012
+007,-012
+007,-012
+007,-012
+007,-012
+007,-012
+007,-012
+007,-012
+007,-012
+007,-012
+007,-012
+007,-012
+007,-011
+007,-011
+007,-011
+007,-011
+007,-011
+007,-011
+007,-011
+007,-011
+007,-011
+007,-011
+007,-011
+007,-010
+007,-010
+005,-010
+005,-010
+005,-010
+005,-010
+005,-010
+005,-010
+005,-010
+005,-010
+005,-010
+005,-010
+005,-010
+005,-010
+005,-010
+005,-010
+005,-010
+005,-010
+005,-010
+003,-010
+003,-010
+003,-010
+003,-010
+003,-010
+003,-010
+003,-010
+003,-010
+003,-010
+003,-010
+003,-010
+003,-010
+003,-010
+003,-010
+003,-010
+003,-010
+003,-010
+003,-010
+003,-010
+003,-010
+003,-010
+003,-010
+003,-010
+003,-010
+003,-010
+003,-010
+003,-010
+003,-010
+003,-010
+003,-010
+003,-010
+003,-010
+003,-010
+003,-010
+003,-010
+003,-010
+003,-010
+001,-010
+001,-010
+001,-010
+001,-010
+001,-010
+001,-010
+001,-010
+001,-010
+001,-010
+001,-010
+001,-010
+001,-010
+001,-010
+001,-010
+001,-010
+001,-010
+001,-010
+001,-010
+001,-010
+001,-010
+001,-010
+001,-010
+001,-010
+001,-009
+001,-009
+001,-009
+001,-009
+001,-009
+003,-009
+003,-009
+003,-009
+003,-009
+003,-009
+003,-009
+003,-009
+003,-009
+003,-009
+003,-009
+003,-009
+003,-009
+003,-009
+003,-009
+003,-009
+003,-009
+003,-009
+003,-009
+003,-009
+003,-009
+003,-009
+003,-009
+003,-009
+003,-009
+003,-009
+003,-009
+003,-009
+003,-009
+003,-009
+003,-009
+003,-009
+003,-009
+003,-009
+003,-009
+003,-009
+003,-009
+003,-012
+003,-012
+003,-012
+003,-011
+003,-011
+003,-011
+003,-011
+003,-011
+003,-011
+003,-011
+003,-011
+003,-011
+003,-011
+003,-011
+003,-011
+003,-011
+003,-011
+003,-011
+003,-014
+003,-013
+003,-013
+003,-013
+003,-013
+003,-013
+003,-013
+003,-013
+003,-013
+003,-013
+003,-013
+003,-013
+003,-013
+003,-013
+003,-013
+003,-013
+003,-013
+003,-013
+003,-013
+003,-016
+003,-016
+001,-016
+001,-016
+001,-016
+001,-016
+001,-016
+001,-016
+001,-016
+001,-016
+001,-016
+001,-016
+001,-016
+001,-016
+001,-016
+001,-015
+001,-015
+001,-015
+001,-015
+001,-015
+001,-015
+001,-015
+001,-015
+001,-015
+001,-015
+001,-015
+001,-015
+001,-015
+001,-015
+001,-015
+001,-015
+001,-015
+001,-015
+001,-015
+001,-015
+001,-015
+001,-015
+001,-015
+001,-015
+001,-015
+001,-015
+001,-015
+001,-015
+001,-015
+001,-015
+001,-015
+001,-015
+001,-015
+001,-015
+001,-015
+001,-015
+001,-015
+001,-015
+001,-015
+001,-015
+001,-015
+001,-015
+001,-015
+001,-015
+001,-014
+001,-014
+003,-014
+003,-014
+003,-014
+003,-014
+003,-014
+003,-014
+003,-014
+003,-014
+003,-014
+003,-014
+003,-014
+003,-014
+003,-014
+003,-014
+003,-014
+003,-014
+003,-014
+003,-014
+003,-014
+003,-014
+005,-014
+005,-014
+005,-014
+005,-014
+005,-014
+005,-014
+005,-014
+005,-014
+005,-014
+005,-014
+005,-014
+005,-014
+005,-013
+005,-013
+005,-013
+005,-013
+005,-013
+005,-013
+005,-013
+005,-013
+005,-013
+005,-012
+005,-012
+005,-012
+005,-012
+005,-012
+005,-012
+005,-011
+005,-011
+005,-011
+005,-011
+005,-011
+005,-011
+005,-011
+005,-010
+005,-010
+005,-010
+005,-010
+005,-010
+005,-010
+005,-010
+005,-010
+005,-010
+005,-010
+005,-010
+005,-009
+005,-009
+005,-009
+005,-009
+005,-009
+005,-009
+005,-008
+005,-008
+005,-008
+005,-008
+005,-008
+005,-008
+005,-008
+005,-007
+005,-007
+005,-007
+005,-007
+005,-007
+005,-007
+005,-007
+005,-007
+005,-007
+005,-007
+005,-007
+005,-007
+005,-007
+003,-007
+003,-007
+003,-007
+003,-007
+003,-007
+003,-007
+003,-007
+003,-007
+003,-007
+003,-007
+003,-007
+003,-007
+003,-007
+003,-007
+003,-007
+003,-007
+003,-007
+003,-007
+003,-007
+003,-007
+003,-007
+003,-007
+003,-007
+003,-007
+003,-007
+003,-007
+003,-007
+003,-007
+003,-007
+003,-007
+003,-007
+003,-007
+003,-007
+003,-007
+003,-007
+003,-007
+003,-007
+003,-007
+003,-007
+003,-007
+003,-007
+003,-007
+003,-007
+003,-007
+003,-007
+003,-007
+003,-007
+003,-007
+003,-007
+003,-007
+003,-007
+003,-007
+003,-007
+003,-007
+003,-007
+003,-007
+003,-007
+003,-007
+003,-007
+003,-007
+003,-007
+003,-007
+003,-007
+003,-007
+003,-007
+005,-007
+005,-007
+005,-007
+005,-007
+005,-007
+005,-007
+005,-007
+005,-007
+005,-007
+005,-007
+005,-007
+005,-007
+005,-007
+005,-007
+005,-007
+005,-007
+005,-007
+005,-007
+005,-007
+005,-010
+005,-010
+005,-010
+005,-010
+005,-010
+005,-010
+005,-010
+005,-010
+005,-010
+005,-010
+005,-010
+005,-010
+005,-010
+005,-010
+005,-010
+005,-010
+005,-010
+005,-010
+005,-010
+005,-010
+005,-010
+005,-010
+005,-010
+005,-010
+005,-010
+005,-010
+005,-010
+005,-010
+005,-010
+005,-010
+005,-010
+005,-013
+005,-013
+005,-013
+005,-013
+005,-013
+005,-013
+005,-013
+005,-013
+005,-013
+005,-013
+005,-013
+005,-013
+005,-013
+005,-013
+005,-013
+005,-013
+005,-013
+005,-013
+005,-013
+005,-013
+005,-016
+005,-016
+005,-015
+005,-015
+005,-015
+005,-015
+005,-015
+005,-015
+005,-015
+005,-015
+005,-015
+005,-015
+005,-015
+005,-015
+005,-015
+005,-015
+005,-015
+005,-015
+005,-015
+005,-015
+005,-015
+005,-015
+005,-015
+005,-015
+005,-018
+005,-017
+005,-017
+005,-017
+005,-017
+005,-017
+005,-017
+005,-017
+005,-017
+005,-017
+005,-017
+005,-017
+005,-017
+005,-017
+005,-017
+005,-017
+005,-017
+005,-017
+005,-017
+005,-017
+005,-017
+005,-017
+005,-017
+005,-017
+005,-017
+005,-017
+005,-017
+005,-017
+005,-017
+005,-017
+005,-017
+005,-017
+005,-017
+005,-017
+005,-017
+005,-017
+005,-017
+005,-017
+005,-017
+005,-017
+005,-017
+005,-017
+005,-017
+005,-017
+005,-017
+005,-017
+005,-017
+005,-017
+005,-017
+005,-017
+005,-017
+005,-017
+005,-017
+005,-017
+005,-017
+005,-017
+005,-017
+005,-017
+005,-017
+005,-017
+005,-017
+005,-017
+005,-017
+005,-017
+005,-017
+005,-017
+005,-017
+005,-017
+005,-017
+005,-017
+005,-017
+005,-017
+005,-017
+005,-017
+005,-017
+005,-017
+005,-017
+005,-017
+005,-017
+005,-017
+005,-017
+005,-017
+005,-017
+005,-017
+005,-017
+005,-017
+005,-017
+005,-017
+005,-017
+005,-017
+005,-017
+005,-017
+005,-017
+005,-017
+005,-017
+005,-017
+005,-017
+005,-017
+005,-017
+005,-017
+005,-016
+005,-016
+005,-016
+005,-016
+005,-016
+005,-015
+005,-015
+005,-015
+005,-015
+005,-015
+005,-015
+005,-015
+005,-015
+005,-015
+005,-015
+005,-014
+005,-014
+005,-014
+005,-014
+005,-014
+005,-014
+005,-014
+005,-014
+005,-014
+005,-014
+005,-013
+005,-013
+005,-013
+005,-013
+005,-013
+005,-013
+005,-012
+005,-012
+005,-012
+005,-012
+005,-012
+005,-012
+005,-012
+005,-011
+005,-011
+005,-011
+005,-011
+005,-011
+005,-011
+005,-011
+005,-010
+005,-010
+005,-010
+005,-010
+005,-010
+005,-010
+005,-010
+005,-010
+005,-010
+005,-010
+005,-010
+005,-010
+005,-010
+005,-010
+005,-010
+005,-010
+005,-010
+005,-010
+005,-010
+005,-010
+005,-010
+005,-010
+005,-010
+005,-010
+005,-010
+005,-010
+005,-010
+005,-010
+005,-010
+005,-010
+005,-010
+005,-010
+005,-009
+005,-009
+005,-009
+005,-009
+005,-009
+005,-009
+005,-009
+005,-009
+005,-009
+005,-009
+005,-009
+005,-009
+005,-009
+005,-009
+005,-009
+005,-009
+005,-009
+005,-009
+005,-009
+005,-009
+005,-009
+005,-009
+005,-009
+005,-009
+005,-009
+005,-009
+005,-009
+005,-009
+005,-009
+005,-009
+005,-009
+005,-009
+005,-009
+005,-009
+005,-009
+005,-009
+005,-009
+005,-009
+005,-009
+005,-009
+005,-009
+005,-009
+005,-009
+005,-009
+005,-009
+005,-009
+005,-009
+005,-009
+005,-009
+005,-009
+005,-009
+005,-009
+005,-009
+005,-009
+005,-009
+005,-009
+005,-009
+005,-009
+005,-009
+005,-009
+005,-009
+005,-009
+005,-009
+005,-009
+005,-009
+005,-009
+005,-009
+005,-009
+005,-008
+007,-008
+007,-008
+007,-008
+007,-008
+007,-008
+007,-008
+007,-008
+007,-008
+007,-008
+007,-008
+007,-008
+007,-008
+007,-008
+007,-008
+007,-008
+007,-008
+007,-008
+007,-008
+007,-008
+007,-008
+007,-008
+007,-008
+007,-008
+007,-008
+007,-008
+007,-008
+007,-008
+007,-008
+007,-008
+007,-008
+007,-008
+007,-008
+007,-008
+007,-008
+007,-008
+007,-008
+007,-008
+007,-008
+007,-008
+007,-008
+007,-008
+007,-008
+007,-008
+007,-008
+007,-008
+007,-008
+007,-008
+007,-008
+007,-008
+007,-008
+007,-008
+007,-008
+007,-008
+007,-008
+007,-008
+007,-008
+007,-008
+007,-008
+007,-008
+007,-008
+007,-008
+007,-008
+007,-008
+007,-008
+007,-008
+007,-008
+007,-008
+007,-008
+007,-008
+007,-008
+007,-008
+007,-008
+007,-008
+007,-008
+007,-008
+007,-008
+007,-008
+007,-008
+007,-008
+007,-008
+007,-008
+007,-008
+007,-008
+007,-008
+007,-008
+007,-008
+007,-008
+007,-008
+007,-008
+007,-008
+007,-008
+007,-008
+007,-008
+007,-008
+007,-008
+007,-008
+007,-008
+007,-008
+007,-008
+007,-008
+007,-008
+007,-008
+007,-008
+007,-008
+007,-008
+007,-008
+007,-008
+007,-008
+007,-008
+007,-008
+007,-008
+007,-008
+005,-008
+005,-008
+005,-008
+005,-008
+005,-008
+005,-008
+005,-008
+005,-008
+005,-008
+005,-008
+005,-008
+005,-008
+005,-008
+005,-008
+005,-008
+005,-008
+005,-008
+005,-008
+005,-008
+005,-008
+005,-008
+005,-008
+005,-008
+005,-008
+005,-008
+005,-008
+005,-008
+005,-008
+005,-008
+005,-008
+005,-008
+005,-008
+005,-008
+005,-008
+005,-008
+005,-008
+005,-008
+005,-008
+005,-008
+005,-008
+005,-008
+005,-008
+005,-008
+005,-008
+005,-008
+005,-008
+005,-008
+005,-008
+005,-008
+005,-008
+003,-008
+003,-008
+003,-008
+003,-008
+003,-008
+003,-008
+003,-008
+003,-008
+003,-008
+003,-008
+003,-008
+003,-008
+003,-008
+003,-008
+003,-008
+003,-008
+003,-008
+003,-008
+003,-008
+003,-008
+003,-008
+003,-008
+003,-008
+003,-008
+003,-008
+003,-008
+003,-008
+003,-008
+003,-008
+003,-008
+003,-008
+003,-008
+003,-008
+003,-008
+003,-008
+003,-008
+003,-008
+003,-008
+003,-008
+003,-008
+003,-008
+003,-008
+003,-008
+003,-008
+003,-007
+003,-007
+003,-007
+003,-007
+003,-007
+003,-007
+003,-007
+003,-007
+003,-007
+003,-007
+003,-007
+003,-007
+003,-007
+003,-007
+003,-007
+003,-007
+003,-007
+003,-007
+003,-007
+003,-007
+003,-007
+003,-007
+003,-007
+003,-007
+003,-007
+003,-007
+003,-007
+003,-007
+003,-007
+003,-007
+003,-007
+003,-007
+003,-007
+003,-007
+003,-007
+003,-007
+003,-007
+003,-007
+003,-007
+003,-007
+001,-007
+001,-007
+001,-007
+001,-007
+001,-007
+001,-007
+001,-007
+001,-007
+001,-007
+001,-007
+001,-007
+001,-007
+001,-007
+001,-007
+001,-007
+001,-007
+001,-007
+001,-007
+001,-007
+001,-007
+001,-007
+001,-007
+001,-007
+001,-007
+001,-007
+001,-007
+003,-007
+003,-007
+003,-007
+003,-007
+003,-007
+003,-007
+003,-007
+003,-006
+003,-006
+003,-006
+005,-006
+005,-006
+005,-006
+005,-006
+005,-006
+005,-006
+005,-005
+005,-005
+005,-005
+005,-005
+007,-004
+007,-004
+007,-004
+007,-004
+007,-004
+007,-004
+007,-004
+007,-004
+007,-004
+007,-003
+007,-003
+007,-003
+007,-003
+007,-003
+007,-003
+007,-002
+007,-002
+007,-002
+007,-002
+007,-002
+007,-002
+007,-002
+007,-002
+007,-002
+007,-002
+007,-002
+007,-002
+007,-002
+007,-002
+007,-002
+007,-002
+007,-002
+007,-002
+007,-002
+007,-002
+007,-002
+005,-002
+005,-002
+005,-002
+005,-002
+005,-002
+005,-002
+005,-002
+005,-002
+005,-002
+005,-002
+005,-002
+005,-002
+003,-002
+003,-002
+003,-002
+003,-002
+003,-002
+003,-002
+003,-005
+003,-005
+003,-005
+003,-005
+003,-005
+003,-005
+003,-005
+003,-005
+003,-005
+003,-005
+003,-005
+003,-005
+003,-005
+003,-005
+003,-005
+003,-005
+003,-005
+003,-005
+003,-005
+003,-005
+003,-005
+003,-005
+003,-005
+003,-005
+003,-005
+003,-005
+003,-005
+003,-005
+003,-005
+003,-005
+003,-005
+003,-005
+003,-005
+003,-005
+003,-005
+003,-005
+005,-005
+005,-005
+005,-005
+005,-005
+005,-005
+005,-005
+005,-005
+005,-005
+005,-005
+005,-005
+007,-005
+007,-005
+007,-005
+007,-005
+007,-005
+007,-005
+007,-005
+007,-005
+007,-005
+007,-005
+007,-005
+007,-005
+007,-005
+007,-005
+007,-005
+007,-005
+007,-005
+009,-005
+009,-005
+009,-005
+009,-005
+009,-005
+009,-005
+009,-005
+009,-005
+009,-005
+009,-005
+009,-005
+009,-005
+009,-005
+009,-005
+009,-005
+009,-005
+009,-005
+009,-005
+009,-005
+009,-005
+009,-005
+009,-005
+009,-005
+009,-005
+009,-005
+009,-005
+009,-005
+009,-005
+009,-005
+009,-005
+009,-005
+009,-005
+009,-005
+007,-005
+007,-005
+007,-005
+007,-005
+007,-005
+007,-005
+007,-005
+007,-005
+007,-005
+007,-005
+007,-005
+005,-005
+005,-005
+005,-005
+005,-005
+005,-005
+005,-005
+005,-005
+005,-005
+003,-005
+003,-005
+003,-005
+003,-005
+003,-005
+003,-005
+003,-005
+001,-005
+001,-005
+001,-005
+001,-005
+001,-008
+001,-008
+001,-008
+001,-008
+001,-008
+001,-008
+001,-008
+001,-008
+001,-008
+001,-008
+001,-008
+001,-008
+001,-008
+001,-008
+001,-008
+001,-008
+001,-008
+001,-008
+001,-008
+001,-008
+001,-008
+001,-008
+001,-008
+001,-008
+001,-008
+001,-008
+001,-008
+001,-008
+001,-008
+001,-008
+003,-008
+003,-008
+003,-011
+003,-011
+003,-011
+003,-011
+003,-011
+003,-011
+003,-011
+003,-011
+003,-011
+003,-011
+003,-011
+003,-011
+003,-011
+003,-011
+003,-011
+003,-011
+003,-011
+003,-011
+003,-011
+003,-011
+003,-011
+003,-011
+003,-011
+003,-011
+003,-014
+003,-013
+003,-013
+003,-013
+003,-013
+003,-013
+003,-013
+003,-013
+003,-013
+003,-013
+003,-013
+003,-013
+003,-013
+001,-013
+001,-013
+001,-013
+001,-013
+001,-013
+001,-013
+001,-016
+001,-016
+001,-016
+001,-016
+001,-016
+001,-016
+001,-016
+003,-016
+003,-016
+003,-016
+003,-016
+003,-016
+003,-016
+003,-016
+003,-016
+003,-016
+003,-016
+005,-016
+005,-016
+005,-016
+005,-016
+005,-016
+005,-016
+005,-016
+005,-016
+005,-016
+005,-016
+005,-016
+005,-016
+005,-016
+005,-016
+005,-016
+005,-016
+005,-016
+005,-016
+005,-016
+005,-016
+005,-016
+005,-016
+005,-016
+005,-016
+005,-016
+005,-016
+005,-016
+005,-016
+005,-016
+005,-016
+005,-016
+005,-016
+005,-019
+005,-018
+005,-018
+005,-018
+005,-018
+005,-018
+005,-018
+005,-018
+005,-018
+005,-018
+005,-018
+005,-018
+003,-018
+003,-018
+003,-018
+003,-018
+003,-018
+003,-018
+003,-018
+003,-018
+003,-018
+003,-018
+003,-018
+003,-018
+003,-018
+003,-018
+001,-017
+001,-017
+001,-017
+001,-017
+001,-017
+001,-017
+001,-017
+001,-017
+001,-017
+001,-016
+001,-016
+001,-016
+001,-016
+001,-016
+001,-016
+001,-016
+001,-016
+001,-016
+001,-016
+001,-016
+001,-016
+001,-016
+001,-016
+001,-016
+001,-016
+001,-016
+001,-016
+001,-016
+001,-016
+001,-016
+001,-016
+001,-015
+001,-015
+001,-015
+001,-015
+001,-015
+001,-015
+001,-015
+001,-015
+001,-015
+001,-015
+001,-015
+001,-015
+001,-015
+001,-015
+001,-015
+001,-015
+001,-015
+001,-015
+001,-015
+001,-015
+001,-015
+003,-015
+003,-015
+003,-015
+003,-015
+003,-015
+003,-014
+003,-014
+003,-014
+003,-014
+003,-014
+005,-014
+005,-014
+005,-014
+005,-014
+005,-014
+005,-014
+005,-014
+005,-014
+005,-013
+005,-013
+005,-013
+005,-013
+005,-013
+005,-013
+005,-013
+005,-013
+005,-013
+005,-013
+005,-012
+005,-012
+005,-012
+005,-012
+005,-012
+007,-012
+007,-012
+007,-012
+007,-012
+007,-012
+007,-012
+007,-012
+007,-012
+007,-012
+007,-012
+007,-012
+007,-012
+007,-012
+007,-012
+007,-012
+007,-012
+007,-011
+007,-011
+007,-011
+007,-011
+007,-011
+007,-011
+007,-011
+007,-011
+007,-011
+007,-011
+007,-010
+007,-010
+005,-010
+005,-010
+005,-010
+005,-010
+005,-010
+005,-010
+005,-010
+005,-010
+005,-010
+005,-010
+005,-010
+005,-010
+005,-010
+005,-010
+005,-009
+005,-009
+005,-009
+005,-009
+005,-009
+005,-009
+003,-009
+003,-009
+003,-009
+003,-009
+003,-008
+003,-008
+003,-008
+003,-008
+003,-008
+003,-008
+003,-008
+003,-008
+003,-008
+003,-008
+003,-007
+003,-007
+003,-007
+001,-007
+001,-007
+001,-007
+001,-007
+001,-007
+001,-007
+001,-007
+001,-007
+001,-007
+001,-007
+001,-007
+001,-007
+001,-007
+001,-007
+001,-007
+001,-007
+001,-007
+001,-007
+001,-007
+001,-007
+001,-007
+001,-007
+001,-007
+001,-007
+001,-007
+001,-007
+001,-007
+001,-006
+001,-006
+001,-006
+001,-006
+001,-006
+001,-006
+001,-006
+001,-006
+001,-006
+003,-006
+003,-006
+003,-006
+003,-006
+003,-006
+003,-006
+003,-006
+003,-006
+003,-006
+003,-006
+003,-006
+003,-006
+003,-009
+005,-009
+005,-009
+005,-008
+005,-008
+005,-008
+005,-008
+005,-008
+005,-008
+005,-008
+005,-008
+005,-008
+005,-008
+005,-008
+005,-008
+005,-008
+005,-008
+005,-008
+005,-008
+005,-008
+007,-008
+007,-008
+007,-007
+007,-007
+007,-007
+007,-007
+007,-007
+007,-007
+007,-007
+007,-007
+007,-007
+007,-007
+007,-007
+007,-007
+007,-007
+007,-007
+007,-007
+007,-007
+007,-007
+007,-007
+007,-007
+007,-007
+007,-007
+007,-007
+007,-007
+007,-007
+007,-007
+007,-010
+007,-009
+007,-009
+009,-009
+009,-009
+009,-009
+009,-009
+009,-009
+009,-009
+009,-009
+009,-009
+009,-009
+009,-009
+009,-009
+009,-009
+009,-009
+009,-009
+009,-009
+009,-009
+011,-009
+011,-009
+011,-009
+011,-009
+011,-009
+011,-009
+011,-009
+011,-009
+011,-009
+011,-009
+011,-009
+011,-009
+011,-009
+011,-009
+013,-009
+013,-009
+013,-009
+013,-009
+013,-009
+013,-009
+013,-009
+013,-009
+013,-009
+013,-009
+013,-009
+013,-009
+013,-009
+013,-009
+013,-009
+013,-009
+013,-009
+013,-009
+013,-009
+013,-009
+013,-009
+013,-009
+013,-009
+013,-009
+013,-009
+013,-009
+013,-009
+013,-009
+013,-009
+011,-009
+011,-009
+011,-009
+011,-009
+011,-009
+011,-009
+011,-009
+011,-009
+011,-009
+011,-009
+011,-009
+011,-009
+011,-009
+011,-009
+011,-009
+011,-009
+011,-009
+011,-009
+011,-009
+011,-009
+011,-009
+011,-009
+011,-009
+009,-009
+009,-009
+009,-009
+009,-009
+009,-009
+009,-009
+009,-009
+009,-009
+009,-009
+009,-009
+009,-008
+009,-008
+009,-008
+009,-008
+009,-008
+009,-008
+009,-008
+009,-007
+009,-007
+009,-007
+007,-007
+007,-007
+007,-007
+007,-007
+007,-007
+007,-007
+007,-007
+007,-007
+007,-007
+007,-007
+007,-007
+007,-007
+007,-007
+007,-007
+007,-007
+007,-007
+007,-007
+007,-007
+007,-007
+007,-007
+007,-007
+007,-007
+007,-007
+007,-007
+007,-007
+007,-007
+007,-007
+007,-007
+007,-007
+007,-007
+007,-007
+007,-007
+007,-007
+007,-007
+007,-007
+007,-007
+007,-007
+007,-007
+007,-007
+007,-007
+007,-007
+007,-010
+007,-010
+007,-010
+007,-010
+007,-010
+007,-010
+007,-010
+007,-010
+007,-010
+007,-010
+007,-010
+007,-010
+007,-010
+007,-010
+007,-010
+007,-010
+007,-010
+007,-010
+007,-010
+007,-010
+007,-010
+007,-013
+007,-012
+007,-012
+007,-012
+007,-012
+007,-012
+007,-012
+007,-012
+007,-012
+007,-012
+007,-012
+007,-012
+007,-012
+007,-012
+007,-012
+005,-012
+005,-012
+005,-012
+005,-012
+005,-012
+005,-012
+005,-012
+005,-012
+005,-012
+005,-012
+005,-012
+005,-012
+005,-012
+005,-012
+005,-012
+005,-012
+005,-012
+005,-012
+005,-012
+005,-012
+005,-012
+005,-012
+005,-012
+005,-012
+005,-012
+005,-012
+005,-012
+005,-012
+007,-012
+007,-012
+007,-012
+007,-012
+007,-015
+007,-014
+007,-014
+007,-014
+007,-014
+007,-014
+009,-014
+009,-014
+009,-014
+009,-014
+009,-014
+009,-014
+009,-014
+009,-014
+009,-014
+009,-014
+009,-014
+009,-014
+009,-014
+009,-013
+009,-013
+011,-013
+011,-013
+011,-013
+011,-013
+011,-013
+011,-013
+011,-013
+011,-013
+011,-013
+011,-013
+011,-013
+011,-013
+013,-013
+013,-013
+013,-013
+013,-013
+013,-013
+013,-013
+013,-013
+013,-012
+013,-012
+013,-012
+013,-012
+013,-012
+013,-012
+013,-012
+013,-012
+013,-012
+013,-012
+013,-012
+013,-012
+013,-012
+013,-012
+013,-012
+013,-012
+013,-012
+013,-012
+013,-012
+013,-012
+013,-012
+013,-012
+013,-012
+013,-012
+013,-012
+013,-012
+013,-012
+013,-012
+013,-012
+015,-015
+015,-015
+015,-015
+017,-015
+017,-015
+017,-015
+017,-015
+017,-018
+017,-017
+017,-017
+017,-017
+017,-017
+017,-017
+017,-017
+017,-017
+017,-017
+017,-017
+017,-017
+017,-017
+017,-017
+017,-017
+017,-017
+017,-017
+017,-017
+017,-017
+017,-017
+017,-017
+017,-017
+017,-017
+017,-017
+017,-017
+017,-016
+017,-016
+017,-016
+017,-016
+017,-016
+017,-016
+017,-015
+017,-015
+017,-015
+017,-015
+017,-014
+017,-014
+017,-014
+017,-014
+017,-014
+015,-013
+015,-013
+015,-013
+015,-013
+015,-013
+015,-013
+015,-013
+015,-013
+015,-013
+015,-013
+013,-013
+013,-013
+013,-013
+013,-013
+013,-013
+013,-013
+013,-013
+013,-013
+013,-013
+013,-013
+013,-013
+013,-013
+013,-013
+013,-013
+013,-013
+013,-013
+011,-013
+011,-013
+011,-013
+011,-013
+011,-012
+011,-012
+011,-012
+011,-012
+011,-012
+011,-012
+011,-012
+011,-012
+011,-012
+011,-012
+011,-012
+011,-012
+011,-012
+011,-012
+011,-012
+011,-012
+011,-012
+011,-012
+011,-012
+011,-012
+011,-012
+011,-012
+013,-012
+013,-012
+013,-012
+013,-012
+013,-012
+013,-012
+013,-012
+013,-012
+013,-012
+013,-012
+013,-012
+013,-012
+013,-012
+013,-012
+013,-012
+013,-011
+015,-011
+015,-011
+015,-011
+015,-011
+015,-011
+015,-011
+015,-011
+017,-011
+017,-011
+017,-011
+019,-011
+019,-011
+019,-014
+019,-014
+019,-014
+019,-014
+021,-014
+021,-014
+021,-014
+021,-014
+021,-014
+021,-014
+021,-013
+021,-013
+021,-013
+021,-013
+021,-013
+023,-013
+023,-013
+023,-013
+023,-013
+023,-013
+023,-013
+023,-013
+023,-013
+023,-013
+023,-013
+023,-013
+023,-013
+023,-013
+023,-013
+023,-013
+023,-013
+023,-013
+025,-013
+025,-013
+025,-013
+025,-013
+025,-013
+025,-013
+025,-013
+025,-013
+025,-013
+025,-013
+025,-013
+025,-013
+025,-013
+025,-013
+025,-013
+025,-013
+025,-013
+025,-013
+025,-013
+025,-013
+025,-013
+025,-013
+025,-013
+025,-013
+025,-013
+025,-013
+025,-013
+025,-013
+025,-013
+025,-013
+025,-013
+023,-013
+023,-013
+023,-013
+023,-013
+023,-013
+023,-016
+023,-016
+023,-015
+023,-015
+023,-015
+021,-015
+021,-015
+021,-015
+021,-015
+021,-015
+021,-015
+021,-015
+019,-015
+019,-015
+019,-015
+019,-015
+019,-015
+019,-015
+019,-015
+019,-015
+019,-015
+019,-015
+019,-015
+019,-015
+019,-015
+019,-015
+017,-014
+017,-013
+017,-012
+015,-012
+015,-012
+015,-012
+015,-012
+015,-012
+015,-012
+015,-012
+015,-012
+015,-012
+015,-012
+015,-012
+015,-012
+015,-012
+015,-012
+015,-012
+015,-012
+017,-012
+017,-015
+019,-015
+019,-015
+019,-015
+019,-015
+019,-015
+019,-015
+019,-015
+019,-015
+019,-015
+019,-015
+019,-015
+019,-015
+019,-015
+019,-015
+019,-015
+019,-015
+019,-015
+019,-015
+019,-014
+019,-014
+021,-014
+021,-014
+021,-014
+021,-014
+021,-014
+021,-014
+021,-014
+021,-014
+021,-014
+021,-014
+021,-014
+021,-014
+021,-014
+023,-014
+023,-014
+023,-014
+023,-014
+023,-014
+023,-014
+023,-014
+023,-014
+023,-014
+023,-014
+023,-014
+023,-013
+023,-013
+023,-013
+023,-013
+023,-013
+023,-013
+023,-013
+023,-013
+023,-013
+023,-013
+023,-013
+023,-013
+023,-013
+023,-013
+023,-013
+023,-013
+023,-013
+023,-013
+023,-013
+023,-013
+023,-013
+023,-013
+023,-013
+023,-013
+023,-013
+023,-013
+023,-013
+023,-013
+023,-013
+023,-013
+023,-013
+023,-013
+023,-013
+023,-013
+023,-013
+023,-013
+023,-013
+023,-013
+023,-013
+023,-013
+023,-016
+023,-016
+023,-016
+023,-016
+023,-016
+023,-016
+023,-016
+023,-016
+023,-016
+023,-016
+023,-016
+023,-016
+023,-016
+023,-016
+023,-016
+023,-016
+023,-016
+023,-016
+023,-016
+023,-016
+023,-016
+023,-016
+025,-019
+025,-019
+025,-018
+025,-018
+025,-018
+025,-018
+025,-018
+025,-018
+025,-018
+025,-018
+025,-018
+025,-018
+025,-018
+027,-018
+027,-018
+027,-018
+027,-018
+027,-018
+027,-018
+027,-018
+027,-018
+027,-018
+027,-018
+027,-018
+027,-018
+027,-018
+027,-018
+027,-018
+027,-018
+029,-017
+029,-017
+029,-017
+029,-017
+029,-017
+029,-017
+029,-017
+029,-017
+029,-017
+029,-017
+029,-017
+029,-017
+029,-017
+029,-017
+029,-017
+029,-017
+029,-017
+029,-017
+029,-017
+029,-017
+029,-017
+029,-017
+029,-017
+029,-017
+029,-017
+029,-017
+029,-017
+029,-017
+029,-017
+029,-017
+029,-017
+029,-017
+029,-017
+027,-017
+027,-017
+027,-017
+027,-017
+027,-017
+027,-017
+027,-017
+027,-017
+025,-017
+025,-017
+025,-017
+025,-017
+025,+020
+025,+020
+025,-019
+025,-019
+025,-019
+023,-019
+023,-019
+023,-019
+023,-019
+023,-019
+023,-019
+023,-019
+023,-019
+023,-019
+023,-019
+023,-019
+023,-019
+023,-019
+023,-019
+023,-019
+023,-019
+023,-019
+023,-019
+023,-019
+023,-019
+023,-019
+025,-019
+025,-019
+025,-019
+025,-019
+025,-019
+025,-019
+025,-019
+025,-019
+027,-019
+027,-019
+027,-019
+027,-019
+027,-019
+027,-019
+027,-019
+029,-019
+029,-019
+029,-019
+029,-019
+029,-019
+029,-019
+029,-019
+031,-019
+031,-019
+031,-019
+031,-019
+031,-019
+033,-019
+033,-019
+033,-019
+033,-019
+033,-019
+033,-019
+033,-019
+033,-019
+033,-019
+033,-019
+033,-019
+033,-019
+033,-019
+033,-019
+033,-019
+033,-019
+033,-019
+033,-019
+033,-019
+033,-019
+033,-019
+033,-019
+033,-019
+033,-019
+033,-019
+033,-019
+033,-019
+033,-019
+033,-019
+033,-019
+033,-019
+033,-019
+033,-019
+033,-019
+033,-019
+033,-019
+033,-019
+033,-019
+033,-019
+033,-019
+033,-019
+033,-019
+031,-019
+031,-019
+031,-019
+031,-019
+031,-019
+031,-019
+031,-019
+031,-019
+031,-019
+031,-019
+031,-019
+031,-019
+031,-019
+031,-019
+031,-019
+031,-019
+031,-019
+031,-018
+031,-018
+031,-018
+029,-018
+029,-018
+029,-018
+029,-017
+029,-017
+029,-017
+029,-017
+029,-017
+029,-017
+029,-017
+029,-017
+029,-017
+029,-017
+029,-016
+029,-016
+029,-016
+029,-016
+029,-016
+029,-016
+029,-016
+029,-016
+029,-016
+029,-016
+029,-016
+029,-016
+029,-016
+029,-016
+029,-016
+029,-016
+029,-016
+029,-015
+029,-015
+029,-015
+027,-015
+027,-015
+027,-015
+027,-015
+027,-015
+027,-015
+027,-015
+027,-015
+027,-015
+027,-015
+027,-015
+027,-015
+027,-015
+027,-015
+027,-015
+025,-015
+025,-015
+025,-015
+025,-015
+025,-015
+025,-015
+025,-015
+025,-015
+025,-015
+025,-015
+025,-015
+025,-015
+025,-015
+025,-015
+025,-015
+025,-015
+025,-015
+025,-015
+025,-015
+025,-015
+025,-015
+025,-015
+025,-015
+025,-015
+025,-015
+025,-015
+025,-015
+025,-015
+025,-015
+025,-015
+025,-015
+025,-015
+025,-015
+025,-015
+025,-015
+025,-015
+025,-015
+025,-015
+025,-015
+025,-015
+025,-015
+025,-015
+025,-015
+025,-015
+025,-015
+025,-015
+025,-015
+027,-015
+027,-015
+027,-015
+027,-015
+027,-015
+027,-015
+027,-015
+027,-015
+027,-015
+027,-015
+027,-015
+027,-015
+027,-015
+027,-015
+027,-015
+027,-015
+027,-015
+029,-015
+029,-015
+029,-015
+029,-015
+029,-015
+029,-015
+029,-015
+029,-015
+029,-015
+029,-015
+029,-015
+029,-015
+029,-015
+029,-015
+029,-015
+029,-015
+029,-015
+029,-015
+029,-015
+029,-015
+029,-015
+027,-015
+027,-015
+027,-015
+027,-015
+027,-015
+027,-015
+027,-015
+027,-015
+027,-015
+027,-015
+027,-014
+027,-014
+027,-014
+027,-014
+027,-014
+027,-014
+027,-014
+027,-013
+027,-013
+027,-013
+027,-013
+027,-013
+027,-013
+027,-013
+027,-013
+027,-013
+027,-013
+027,-013
+027,-013
+027,-013
+027,-013
+027,-013
+027,-013
+027,-013
+027,-013
+027,-013
+027,-013
+027,-013
+027,-013
+027,-013
+027,-013
+025,-013
+025,-013
+025,-013
+025,-013
+025,-013
+025,-013
+025,-013
+025,-013
+025,-013
+025,-013
+025,-013
+025,-013
+025,-013
+025,-013
+025,-013
+025,-013
+025,-013
+025,-013
+025,-013
+025,-013
+025,-013
+025,-016
+025,-016
+025,-016
+025,-016
+025,-016
+025,-016
+025,-016
+025,-016
+025,-016
+025,-016
+025,-016
+025,-016
+025,-016
+025,-016
+025,-016
+025,-016
+025,-019
+025,-019
+025,-019
+025,-019
+025,-019
+025,-019
+027,-019
+027,-019
+027,-019
+027,-019
+027,-019
+027,-019
+027,-019
+027,-019
+027,-019
+027,-019
+029,-019
+029,-019
+029,-019
+029,-019
+029,-019
+029,-019
+029,-019
+029,-019
+029,+021
+029,+021
+029,+021
+029,+021
+029,+021
+029,+021
+029,+021
+029,+021
+031,+021
+031,+021
+031,+021
+031,+021
+031,+021
+031,+021
+031,+021
+031,+021
+031,+021
+033,+021
+033,+021
+033,+021
+033,+021
+033,+021
+033,+021
+033,+021
+033,+021
+033,+021
+033,+021
+033,+021
+033,+021
+033,+021
+033,+021
+033,+020
+033,+020
+033,+020
+033,+020
+033,+020
+033,+020
+033,+020
+033,+020
+033,+020
+033,+020
+031,+020
+031,-019
+031,-019
+031,-019
+031,-019
+031,-019
+031,-019
+031,-019
+031,-019
+031,-019
+031,-019
+031,-019
+031,-019
+029,-019
+029,-019
+029,-019
+029,-019
+029,-018
+029,-018
+029,-018
+029,-018
+029,-018
+029,-018
+029,-018
+029,-018
+027,-018
+027,-018
+027,-018
+027,-018
+027,-018
+027,-018
+027,-018
+027,-018
+027,-018
+027,-018
+027,-018
+027,-018
+025,-018
+025,-018
+025,-018
+025,-018
+025,-018
+025,-018
+025,-018
+025,-018
+025,-018
+025,-018
+025,-018
+025,-018
+025,-018
+025,-018
+025,-018
+025,-018
+025,-018
+025,-018
+025,-018
+025,-018
+025,-018
+025,-018
+025,-018
+025,-018
+025,-018
+025,-018
+025,-018
+025,-018
+025,-018
+025,-018
+025,-018
+025,-018
+027,-018
+027,-018
+027,-018
+027,-018
+027,-018
+027,-017
+027,-017
+027,-017
+027,-017
+027,-017
+027,-017
+027,-017
+027,-017
+027,-017
+027,-017
+027,-016
+027,-016
+027,-016
+027,-016
+027,-016
+027,-016
+027,-016
+027,-015
+027,-015
+027,-015
+027,-015
+027,-015
+027,-015
+027,-015
+027,-015
+027,-015
+027,-015
+027,-015
+027,-015
+027,-015
+027,-015
+027,-015
+027,-015
+027,-015
+027,-015
+027,-015
+025,-015
+025,-015
+025,-015
+025,-015
+025,-015
+025,-015
+025,-015
+025,-015
+025,-015
+025,-015
+025,-015
+025,-015
+025,-015
+025,-015
+023,-015
+023,-015
+023,-015
+023,-015
+023,-015
+023,-015
+023,-015
+023,-015
+023,-015
+023,-015
+023,-015
+023,-015
+021,-015
+021,-015
+021,-015
+021,-015
+021,-015
+021,-015
+021,-015
+021,-015
+021,-015
+021,-015
+021,-015
+021,-015
+021,-015
+021,-015
+021,-015
+021,-015
+021,-015
+021,-015
+021,-015
+021,-015
+021,-015
+021,-015
+021,-015
+021,-015
+021,-015
+019,-015
+019,-015
+019,-015
+019,-015
+019,-015
+019,-015
+019,-015
+019,-015
+019,-015
+019,-015
+019,-015
+019,-015
+019,-015
+019,-015
+019,-015
+019,-015
+019,-015
+019,-015
+019,-015
+019,-015
+019,-015
+019,-015
+019,-015
+019,-015
+019,-018
+019,-018
+019,-018
+019,-018
+019,-018
+019,-018
+019,-018
+019,-018
+019,-018
+019,-018
+019,-018
+019,-018
+019,-018
+019,-018
+019,-018
+019,-018
+019,-018
+019,-018
+019,-018
+019,-018
+019,-018
+019,-018
+019,-018
+019,-018
+019,-018
+019,-018
+019,-018
+021,-018
+021,-018
+021,-018
+021,-018
+021,-018
+021,-018
+021,-018
+021,-018
+021,-018
+021,-018
+021,-018
+023,-018
+023,-018
+023,-018
COP Area(S): 000489
COP Area(R): 000784