-000,-000
-000,-000
-000,-000
-000,-000
-000,-000
-000,-000
-000,-000
-001,-000
-001,-000
-001,-000
-001,-000
-001,-000
-001,-000
-001,-003
-001,-003
-001,-003
-001,-003
-001,-003
-001,-003
-001,-003
-002,-003
-002,-003
-002,-003
-002,-003
-002,-003
-002,-003
-002,-003
-002,-003
-002,-003
-002,-003
-002,-003
-002,-003
-002,-003
-002,-003
-002,-003
-002,-003
-002,-003
-002,-003
-002,-003
-002,-003
-002,-003
-002,-003
-002,-003
-002,-003
-002,-006
-002,-005
-002,-005
-002,-005
-002,-005
-002,-005
-002,-005
-002,-005
-002,-005
-002,-005
-002,-005
-002,-005
-002,-005
-002,-005
-002,-005
-002,-005
-002,-005
-002,-005
-002,-005
-002,-005
-002,-005
-002,-005
-002,-005
-002,-005
-002,-005
-002,-005
-002,-005
-002,-005
-002,-005
-002,-005
-002,-005
-002,-005
-002,-005
-002,-008
-002,-007
-002,-007
-002,-007
-002,-007
-002,-007
-002,-007
-002,-007
-002,-007
-002,-007
-002,-007
-002,-007
-002,-007
-002,-007
-002,-007
-002,-007
-002,-007
-002,-007
-002,-007
-002,-007
-002,-007
-002,-007
-002,-007
-002,-007
-002,-007
-001,-007
-001,-007
-001,-007
-001,-007
-001,-007
-001,-007
-001,-007
-001,-007
-001,-007
-001,-007
-001,-007
-001,-007
-001,-007
-001,-007
-001,-007
-001,-007
-001,-007
-001,-007
-001,-007
-001,-007
-000,-007
-000,-007
-000,-007
-000,-007
-000,-007
-000,-007
-000,-007
-000,-007
-000,-007
-000,-007
-000,-007
-000,-007
-000,-007
-000,-007
-000,-007
-001,-007
-001,-007
-001,-007
-001,-007
-001,-007
-001,-007
-001,-007
-001,-007
-001,-007
-001,-007
-001,-007
-001,-007
-001,-007
-002,-007
-002,-007
-002,-007
-002,-007
-003,-007
-003,-007
-003,-007
-003,-007
-003,-007
-003,-007
-003,-007
-003,-007
-003,-007
-003,-007
-003,-007
-003,-007
-003,-007
-003,-007
-004,-007
-004,-007
-004,-007
-004,-007
-004,-007
-004,-007
-004,-007
-004,-007
-004,-007
-004,-010
-004,-010
-004,-010
-004,-010
-004,-010
-004,-010
-004,-010
-004,-010
-004,-010
-004,-010
-004,-010
-004,-010
-004,-010
-004,-010
-004,-010
-004,-010
-004,-010
-004,-010
-004,-010
-004,-010
-004,-010
-004,-010
-004,-010
-004,-010
-004,-010
-004,-010
-004,-010
-005,-010
-005,-010
-005,-010
-005,-010
-005,-010
-005,-010
-005,-010
-005,-013
-005,-012
-005,-012
-005,-012
-005,-012
-005,-012
-005,-012
-005,-012
-005,-012
-006,-012
-006,-012
-006,-012
-006,-012
-006,-012
-006,-012
-006,-012
-006,-012
-006,-012
-006,-012
-006,-012
-006,-012
-006,-012
-006,-012
-006,-012
-006,-012
-006,-012
-006,-012
-006,-012
-006,-012
-006,-012
-007,-012
-007,-012
-007,-012
-007,-012
-007,-012
-007,-012
-007,-012
-007,-012
-007,-012
-007,-012
-007,-012
-007,-012
-007,-012
-007,-015
-007,-014
-007,-014
-007,-014
-007,-014
-007,-014
-007,-014
-007,-014
-007,-014
-007,-014
-007,-014
-007,-014
-007,-014
-007,-014
-007,-014
-007,-014
-007,-014
-007,-014
-007,-014
-007,-014
-007,-014
-007,-014
-007,-014
-007,-014
-007,-014
-007,-014
-007,-014
-007,-014
-007,-014
-007,-014
-007,-014
-007,-014
-007,-014
-007,-014
-007,-014
-007,-013
-007,-013
-007,-013
-007,-013
-007,-013
-007,-013
-007,-013
-007,-013
-007,-013
-004,-013
-004,-013
-004,-013
-004,-013
-004,-013
-004,-013
-004,-013
-004,-013
-004,-013
-004,-013
-004,-013
-004,-012
-004,-012
-004,-012
-004,-012
-004,-012
-004,-012
-004,-012
-004,-012
-004,-012
-004,-012
-004,-011
-004,-011
-004,-011
-004,-011
-004,-011
-004,-011
-004,-011
-004,-011
-004,-011
-004,-011
-004,-011
-004,-011
-004,-011
-004,-011
-004,-011
-004,-011
-004,-011
-004,-011
-004,-011
-004,-011
-004,-011
-004,-011
-004,-011
-004,-011
-004,-011
-004,-011
-004,-011
-004,-011
-004,-014
-004,-013
-004,-013
-004,-013
-004,-013
-004,-013
-004,-013
-004,-013
-004,-013
-004,-013
-004,-013
-004,-013
-004,-013
-004,-013
-004,-013
-004,-013
-004,-013
-004,-016
-004,-016
-001,-016
-001,-016
-001,-016
-001,-016
-001,-016
-001,-016
-001,-016
-001,-016
-001,-016
-001,-016
-001,-016
-001,-016
-001,-016
-001,-016
-001,-016
-001,-016
-001,-016
-001,-016
-001,-016
-001,-016
-001,-016
-001,-016
-001,-016
-001,-016
-001,-016
-001,-016
-001,-016
-001,-016
-001,-016
-001,-016
-001,-016
-001,-016
-001,-016
-001,-016
-001,-016
-001,-016
-001,-016
-001,-016
-001,-016
-001,-016
-001,-016
-001,-016
-001,-016
-001,-016
-001,-016
-001,-016
-001,-016
-001,-016
-001,-016
-001,-016
-001,-016
-001,-016
-001,-016
-001,-016
-001,-016
-001,-016
-001,-016
-001,-016
-001,-016
-001,-016
-001,-016
-001,-016
+002,-016
+002,-016
+002,-016
+002,-016
+002,-016
+002,-016
+002,-016
+002,-016
+002,-016
+002,-016
+002,-015
+002,-015
+002,-015
+002,-015
+002,-015
+002,-015
+002,-015
+002,-015
+002,-015
+002,-015
+002,-015
+002,-015
+002,-015
+002,-015
+002,-015
+002,-015
+002,-015
+002,-015
+002,-015
+002,-015
+002,-015
+002,-015
+002,-015
+002,-015
+002,-015
+002,-015
+002,-015
+002,-015
+002,-015
+002,-015
+002,-015
+002,-015
+002,-015
+002,-015
+002,-015
+002,-015
-001,-015
-001,-015
-001,-015
-001,-015
-001,-015
-001,-015
-001,-015
-001,-015
-001,-015
-001,-015
-001,-018
-001,-018
-001,-018
-000,-018
-000,-018
-000,-018
-000,-018
-000,-018
-000,-018
-000,-018
-000,-018
-000,-018
-000,-018
-000,-018
-000,-018
-000,-018
-000,-018
-000,-018
-000,-018
-000,-018
-000,-018
-000,-018
-000,-018
-000,-018
-000,-018
-000,-018
-000,-018
-000,-018
-000,-018
-000,-018
-000,-018
-000,-018
-000,-018
-000,-018
-000,-018
-000,-018
-000,-018
-000,-018
-000,-018
-000,-018
-000,-018
-000,-018
-000,-018
-000,-018
-000,-018
-000,-018
-000,-018
-000,-018
-000,-018
-000,-018
-000,-018
-000,-018
-000,-018
-000,-018
-000,-018
-000,-018
-000,-018
-000,-018
-000,-018
-000,-018
-000,-018
-000,-018
-000,-018
-000,-018
-000,-018
-000,-018
-000,-018
-000,-018
-000,-018
-000,-018
-000,-018
-000,-018
-000,-018
-000,-018
-000,-018
+002,-018
+002,-018
+002,-018
+002,-018
+002,-018
+002,-018
+002,-018
+002,-018
+002,-018
+002,-018
+002,-018
+002,-018
+002,-018
+002,-018
+002,-018
+002,-018
+002,-018
+002,-018
+002,-018
+002,-018
+002,-017
+002,-017
+002,-017
+002,-017
+002,-017
+002,-017
+002,-017
+002,-017
+002,-017
+002,-017
+002,-017
+002,-017
+002,-017
+002,-017
+002,-017
+002,-017
+002,-017
+002,-017
+002,-017
+002,-017
+002,-017
+002,-017
+002,-017
+002,-017
+002,-016
+002,-016
+002,-016
+002,-016
+002,-016
+002,-016
+002,-016
+002,-016
+002,-016
+002,-016
+002,-016
+002,-016
+002,-016
+002,-016
+002,-016
+002,-016
+002,-016
+002,-016
-001,-016
-001,-016
-001,-016
-001,-016
-001,-016
-001,-016
-001,-016
-001,-016
-001,-016
-001,-016
-001,-016
-001,-016
-001,-016
-000,-016
-000,-016
-000,-016
-000,-016
-000,-016
-000,-016
-000,-016
-000,-016
-000,-016
-000,-016
-000,-016
-000,-016
-000,-016
-001,-016
-001,-016
-001,-016
-001,-016
-001,-016
-001,-019
-001,-019
-001,-019
-001,-019
-001,-019
-001,-019
-001,-019
-001,-019
-001,-019
-001,-019
-001,-019
-001,-019
-001,-019
-001,-019
-001,-019
-001,-019
-001,-019
-001,-019
-001,-019
-002,-019
-002,-019
-002,-019
-002,-019
-002,-019
-002,-019
-002,-019
-002,-019
-002,-019
-002,-019
-002,-019
-002,-019
-002,-019
-002,-019
-002,-019
-002,-019
-002,-019
-002,-019
-002,-019
-002,-019
-002,-019
-002,-019
-002,-019
-002,-019
-002,-019
-002,-019
-002,-019
-002,-019
-002,-019
-002,-019
-002,-019
-002,-019
-002,-019
-002,-019
-002,-019
-002,-019
-002,-019
-002,-019
-002,-019
-002,-019
-002,-019
-002,-018
-002,-018
-002,-018
-002,-018
-002,-018
-002,-018
-002,-018
-002,-018
-002,-018
-002,-018
-002,-018
-002,-018
-002,-018
-002,-018
-002,-018
-002,-018
-002,-018
-002,-018
-003,-018
-003,-018
-003,-018
-003,-018
-003,-018
-003,-017
-003,-017
-003,-017
-003,-017
-003,-017
-003,-017
-003,-017
-003,-017
-003,-017
-004,-017
-004,-017
-004,-017
-004,-017
-004,-017
-004,-016
-004,-016
-004,-016
-004,-016
-004,-016
-004,-016
-004,-016
-005,-016
-005,-016
-005,-016
-005,-016
-005,-016
-005,-016
-005,-016
-005,-016
-005,-016
-005,-016
-006,-016
-006,-016
-006,-016
-006,-016
-006,-016
-006,-016
-006,-016
-006,-016
-006,-016
-006,-016
-006,-016
-006,-016
-006,-016
-006,-016
-007,-016
-007,-016
-007,-016
-007,-016
-007,-016
-007,-016
-007,-016
-007,-016
-007,-016
-007,-016
-007,-016
-007,-016
-007,-016
-007,-016
-007,-016
-007,-016
-007,-016
-007,-016
-007,-016
-007,-016
-007,-016
-007,-016
-007,-016
-007,-016
-007,-016
-007,-016
-007,-016
-007,-016
-007,-016
-007,-016
-007,-016
-007,-016
-007,-016
-007,-016
-007,-016
-007,-016
-007,-016
-007,-016
-007,-016
-007,-016
-007,-016
-007,-016
-007,-016
-007,-016
-007,-019
-007,-018
-007,-018
-007,-018
-007,-018
-007,-018
-007,-018
-007,-018
-007,-018
-007,-018
-007,-018
-007,-018
-007,-018
-007,-018
-007,-018
-007,-018
-007,-018
-007,-018
-007,-018
-007,-018
-007,-018
-007,-018
-007,-018
-007,-018
-007,-018
-007,-018
-007,-018
-007,-018
-007,-018
-007,-018
-007,-018
-007,-018
-007,-018
-007,-018
-007,-018
-007,-018
-007,-018
-007,-018
-007,-018
-007,-018
-007,-018
-007,-018
-007,-018
-007,-018
-007,-018
-007,-018
-007,-018
-007,-018
-007,-018
-007,-018
-007,-018
-007,-018
-007,-018
-007,-018
-007,-018
-007,-018
-007,-018
-007,-018
-007,-018
-007,-018
-007,-018
-007,-018
-007,-018
-007,-018
-007,-018
-007,-018
-007,-018
-007,-018
-007,-018
-007,-018
-007,-018
-007,-018
-007,-018
-007,-018
-007,-018
-007,-017
-007,-017
-007,-017
-007,-017
-007,-017
-007,-017
-007,-017
-007,-017
-007,-017
-007,-017
-007,-017
-007,-017
-007,-017
-007,-016
-007,-016
-007,-016
-007,-016
-007,-016
-007,-016
-007,-016
-007,-015
-007,-015
-007,-015
-007,-015
-007,-015
-007,-015
-007,-015
-007,-015
-007,-015
-007,-015
-007,-015
-007,-015
-007,-015
-007,-014
-007,-014
-007,-014
-007,-014
-007,-014
-007,-014
-007,-014
-007,-014
-007,-014
-007,-014
-007,-014
-007,-014
-007,-014
-007,-014
-007,-014
-007,-014
-007,-014
-007,-014
-007,-014
-007,-014
-007,-014
-007,-014
-007,-014
-007,-014
-007,-014
-007,-014
-007,-014
-007,-014
-007,-014
-007,-014
-007,-014
-007,-014
-007,-014
-007,-014
-007,-014
-007,-014
-007,-014
-007,-014
-007,-014
-007,-014
-007,-014
-007,-014
-007,-014
-007,-014
-007,-014
-007,-014
-007,-014
-007,-014
-007,-014
-007,-017
-007,-017
-007,-017
-007,-017
-007,-017
-007,-017
-007,-017
-007,-017
-007,-017
-007,-017
-007,-017
-007,-017
-007,-017
-007,-017
-007,-017
-007,-017
-007,-017
-007,-017
-007,-017
-007,-017
-007,-017
-007,-017
-007,-020
-007,-020
-007,-020
-007,-020
-007,-020
-007,-020
-007,-020
-007,-020
-007,-020
-007,-020
-007,-020
-007,-020
-004,-020
-004,-020
-005,-020
-005,-020
-005,-020
-005,-020
-005,-020
-005,-020
-005,-020
-005,-020
-005,-020
-005,-020
-005,-020
-005,-020
-005,-020
-005,-020
-005,-020
-005,-020
-005,-023
-005,-023
-005,-022
-005,-022
-005,-022
-005,-022
-005,-022
-005,-022
-005,-022
-005,-022
-005,-022
-005,-022
-005,-022
-005,-022
-005,-022
-005,-022
-005,-022
-005,-022
-005,-022
-002,-022
-003,-022
-003,-022
-003,-022
-003,-022
-003,-022
-003,-022
-003,-022
-003,-022
-003,-022
-003,-022
-003,-022
-003,-022
-003,-022
-003,-022
-003,-022
-003,-022
-003,-022
-003,-022
-003,-022
-003,-022
-003,-022
-003,-022
-003,-022
-003,-022
-003,-022
-003,-022
-003,-022
-003,-022
-003,-022
-003,-022
-003,-022
-003,-022
-003,-022
-003,-022
-003,-022
-003,-022
-003,-022
-003,-022
-003,-022
-003,-022
-003,-022
-003,-022
-003,-022
-003,-022
-003,-022
-003,-022
-003,-022
-003,-022
-003,-022
-003,-022
-003,-022
-003,-022
-003,-022
-003,-022
-003,-022
-003,-022
-003,-022
-003,-022
-003,-022
-004,-022
-004,-022
-004,-022
-004,-022
-004,-022
-004,-022
-004,-022
-004,-022
-004,-022
-004,-022
-004,-022
-004,-022
-004,-022
-004,-022
-004,-022
-004,-022
-004,-022
-004,-022
-004,-022
-004,-022
-004,-022
-004,-022
-004,-022
-004,-022
-004,-022
-004,-022
-004,-022
-004,-022
-004,-022
-004,-022
-004,-022
-004,-022
-004,-022
-004,-022
-004,-022
-004,-022
-004,-022
-004,-022
-004,-022
-004,-022
-004,-022
-004,-022
-004,-022
-004,-022
-004,-022
-004,-022
-004,-022
-004,-022
-004,-022
-004,-022
-004,-022
-004,-022
-004,-022
-004,-022
-004,-022
-004,-022
-004,-022
-004,-022
-004,-022
-004,-022
-004,-022
-004,-022
-004,-022
-004,-022
-004,-022
-004,-022
-004,-022
-004,-022
-004,-022
-004,-022
-004,-022
-004,-022
-004,-022
-004,-022
-004,-022
-004,-022
-004,-022
-004,-021
-004,-021
-004,-021
-004,-021
-004,-021
-004,-021
-004,-021
-004,-021
-004,-021
-004,-021
-004,-021
-004,-021
-004,-021
-004,-021
-004,-021
-004,-021
-004,-021
-004,-021
-004,-021
-004,-021
-004,-021
-004,-021
-004,-021
-004,-021
-004,-021
-004,-021
-004,-021
-004,-021
-004,-021
-004,-021
-004,-021
-004,-021
-004,-021
-004,-021
-004,-021
-004,-021
-004,-021
-004,-021
-004,-021
-004,-021
-004,-021
-004,-021
-004,-021
-004,-021
-004,-021
-004,-021
-004,-021
-004,-021
-004,-021
-004,-024
-004,-023
-004,-023
-004,-023
-004,-023
-004,-023
-004,-023
-004,-023
-004,-023
-004,-023
-004,-023
-004,-023
-004,-023
-004,-023
-004,-023
-004,-026
-004,-026
-004,-026
-004,-026
-004,-026
-004,-026
-004,-026
-004,-026
-004,-026
-004,-026
-004,-026
-004,-026
-004,-026
-004,-026
-004,-026
-004,-026
-004,-026
-004,-026
-004,-026
-004,-026
-004,-026
-004,-026
-004,-026
-004,-026
-004,-026
-004,-026
-004,-026
-004,-026
-004,-026
-004,-026
-004,-026
-004,-026
-004,-026
-004,-026
-004,-026
-004,-026
-004,-026
-004,-026
-004,-026
-004,-026
-004,-026
-004,-026
-004,-026
-004,-026
-004,-026
-004,-026
-004,-026
-004,-026
-004,-026
-004,-026
-004,-026
-004,-026
-004,-026
-004,-026
-004,-026
-004,-026
-004,-026
-004,-026
-004,-026
-004,-026
-004,-026
-004,-026
-004,-026
-004,-026
-004,-026
-004,-026
-004,-026
-004,-026
-004,-026
-004,-026
-004,-026
-004,-026
-004,-026
-004,-026
-004,-026
-004,-026
-004,-026
-004,-026
-004,-026
-004,-026
-004,-026
-004,-026
-004,-026
-004,-026
-004,-026
-004,-026
-004,-026
-004,-026
-004,-026
-004,-026
-004,-026
-004,-026
-004,-026
-004,-026
-004,-026
-004,-026
-004,-026
-004,-026
-004,-026
-004,-026
-004,-026
-004,-026
-004,-026
-004,-026
-004,-026
-004,-026
-004,-026
-004,-026
-004,-026
-004,-026
-004,-026
-004,-026
-004,-026
-004,-026
-004,-026
-004,-026
-004,-026
-004,-026
-004,-026
-004,-026
-004,-026
-004,-026
-004,-025
-004,-025
-004,-025
-004,-025
-004,-025
-004,-025
-004,-025
-004,-025
-004,-025
-004,-025
-004,-025
-004,-025
-004,-025
-004,-025
-004,-025
-004,-025
-004,-025
-004,-024
-004,-024
-004,-024
-004,-024
-004,-024
-004,-024
-004,-024
-004,-024
-004,-024
-004,-024
-004,-024
-004,-024
-004,-024
-004,-023
-004,-023
-004,-023
-004,-023
-004,-023
-004,-023
-004,-023
-004,-023
-004,-023
-004,-023
-004,-022
-004,-022
-004,-022
-004,-022
-004,-022
-004,-022
-004,-022
-004,-022
-004,-022
-004,-022
-004,-021
-004,-021
-004,-021
-004,-021
-004,-021
-004,-021
-004,-021
-004,-021
-004,-021
-004,-021
-004,-021
-004,-021
-004,-021
-004,-021
-004,-020
-004,-020
-004,-020
-004,-020
-004,-020
-004,-020
-004,-020
-004,-020
-004,-020
-004,-020
-004,-020
-004,-020
-004,-020
-004,-020
-004,-020
-004,-020
-004,-020
-004,-020
-004,-020
-004,-020
-004,-020
-004,-020
-004,-020
-004,-020
-004,-020
-005,-020
-005,-020
-005,-020
-005,-020
-005,-020
-005,-020
-005,-020
-005,-020
-005,-020
-005,-020
-005,-020
-005,-020
-005,-020
-005,-020
-005,-020
-005,-020
-005,-020
-005,-020
-005,-020
-005,-020
-005,-020
-005,-020
-005,-020
-005,-020
-005,-020
-005,-020
-005,-020
-005,-020
-005,-020
-005,-020
-005,-020
-005,-020
-005,-020
-005,-020
-005,-020
-005,-020
-005,-020
-005,-020
-005,-020
-005,-020
-005,-020
-005,-020
-005,-020
-005,-020
-005,-020
-005,-019
-005,-019
-005,-019
-005,-019
-005,-019
-005,-019
-005,-019
-005,-019
-005,-019
-005,-019
-005,-019
-005,-019
-005,-019
-005,-019
-005,-019
-005,-019
-005,-019
-005,-019
-005,-019
-005,-019
-005,-019
-005,-019
-005,-019
-005,-019
-005,-019
-005,-019
-005,-019
-005,-019
-005,-019
-005,-019
-005,-019
-005,-019
-005,-019
-005,-019
-005,-019
-005,-019
-005,-019
-005,-019
-005,-019
-005,-019
-005,-019
-005,-019
-005,-019
-005,-019
-005,-019
-005,-019
-005,-019
-005,-019
-005,-019
-005,-019
-005,-019
-005,-019
-005,-019
-005,-019
-005,-019
-005,-019
-005,-019
-005,-019
-005,-019
-005,-019
-005,-018
-005,-018
-005,-018
-005,-018
-005,-018
-005,-018
-005,-018
-005,-018
-005,-018
-005,-018
-005,-018
-005,-018
-005,-018
-005,-018
-005,-018
-005,-018
-005,-017
-005,-017
-005,-017
-005,-017
-005,-017
-005,-017
-005,-017
-005,-017
-005,-017
-005,-017
-005,-016
-005,-016
-005,-016
-005,-016
-005,-016
-005,-016
-005,-016
-005,-016
-005,-016
-005,-016
-005,-015
-005,-015
-005,-015
-005,-015
-005,-015
-005,-015
-005,-015
-005,-014
-005,-014
-006,-014
-006,-014
-006,-013
-006,-013
-006,-013
-006,-013
-006,-013
-006,-012
-006,-012
-006,-012
-006,-012
-006,-012
-006,-011
-006,-011
-006,-011
-006,-011
-006,-011
-006,-011
-006,-010
-006,-010
-006,-010
-006,-010
-006,-010
-006,-010
-006,-010
-006,-010
-006,-010
-006,-010
-006,-009
-006,-009
-006,-009
-006,-009
-006,-009
-006,-009
-006,-009
-006,-009
-006,-009
-006,-009
-006,-009
-006,-009
-006,-009
-006,-009
-006,-009
-006,-009
-006,-009
-006,-009
-006,-009
-006,-009
-006,-009
-006,-009
-006,-009
-006,-009
-006,-009
-006,-009
-006,-009
-006,-009
-006,-009
-006,-009
-006,-009
-006,-009
-006,-009
-006,-009
-006,-009
-006,-009
-006,-009
-006,-009
-006,-009
-006,-009
-006,-009
-006,-009
-006,-009
-006,-009
-006,-009
-006,-009
-006,-009
-006,-009
-006,-009
-006,-009
-006,-009
-006,-009
-006,-009
-006,-009
-006,-009
-006,-009
-006,-009
-006,-009
-006,-012
-006,-012
-006,-012
-006,-012
-006,-012
-006,-012
-006,-012
-006,-012
-006,-012
-006,-012
-006,-012
-006,-012
-006,-012
-006,-012
-006,-012
-006,-012
-006,-012
-006,-012
-006,-015
-006,-015
-006,-015
-006,-015
-006,-015
-006,-015
-006,-015
-006,-015
-006,-015
-006,-015
-006,-015
-006,-015
-006,-015
-006,-015
-006,-015
-006,-015
-006,-015
-006,-015
-006,-015
-006,-015
-006,-015
-006,-015
-006,-015
-006,-015
-006,-015
-006,-015
-006,-015
-006,-015
-006,-015
-006,-015
-006,-015
-006,-015
-006,-015
-006,-018
-006,-017
-006,-017
-006,-017
-006,-017
-006,-017
-006,-017
-006,-017
-006,-017
-006,-017
-006,-017
-006,-017
-006,-017
-006,-017
-006,-017
-006,-017
-006,-017
-006,-017
-006,-017
-006,-017
-006,-017
-006,-017
-006,-017
-006,-017
-006,-017
-006,-017
-006,-017
-006,-017
-006,-017
-006,-017
-006,-017
-006,-017
-006,-017
-006,-017
-006,-017
-006,-017
-006,-017
-006,-017
-006,-017
-006,-017
-006,-017
-006,-017
-006,-017
-006,-017
-006,-017
-006,-017
-006,-017
-006,-017
-006,-017
-006,-017
-006,-017
-006,-017
-006,-016
-006,-016
-006,-016
-006,-016
-006,-016
-006,-016
-006,-016
-006,-016
-006,-016
-006,-016
-006,-016
-006,-016
-006,-016
-006,-016
-006,-016
-006,-016
-006,-016
-006,-016
-006,-016
-006,-015
-006,-015
-006,-015
-006,-015
-006,-015
-006,-015
-006,-015
-006,-015
-006,-015
-006,-015
-006,-014
-006,-014
-006,-014
-006,-014
-006,-014
-006,-014
-006,-014
-006,-013
-006,-013
-006,-013
-006,-013
-006,-013
-006,-013
-006,-013
-006,-013
-006,-013
-006,-013
-006,-013
-006,-013
-006,-013
-003,-013
-003,-013
-003,-013
-003,-013
-004,-013
-004,-013
-004,-013
-004,-013
-004,-013
-004,-013
-004,-013
-004,-013
-004,-013
-004,-013
-004,-013
-004,-013
-004,-013
-004,-013
-004,-013
-004,-013
-004,-013
-004,-013
-004,-013
-004,-013
-004,-013
-004,-013
-004,-013
-004,-013
-004,-013
-004,-013
-004,-013
-004,-013
-004,-013
-004,-013
-004,-013
-004,-013
-004,-013
-004,-013
-004,-013
-004,-013
-004,-013
-004,-013
-004,-013
-004,-013
-004,-012
-004,-012
-004,-012
-004,-012
-004,-012
-004,-012
-004,-012
-004,-012
-004,-012
-004,-012
-004,-012
-004,-012
-004,-012
-004,-011
-004,-011
-004,-011
-004,-011
-004,-011
-004,-011
-004,-011
-004,-011
-004,-011
-004,-011
-004,-011
-004,-011
-004,-011
-004,-011
-004,-011
-004,-011
-004,-011
-004,-010
-004,-010
-004,-010
-004,-010
-004,-010
-004,-010
-004,-010
-004,-010
-004,-010
-004,-010
-004,-010
-004,-010
-004,-010
-004,-010
-004,-010
-004,-010
-004,-010
-004,-010
-004,-010
-004,-010
-004,-009
-004,-009
-004,-009
-004,-009
-004,-009
-004,-009
-004,-009
-004,-009
-004,-009
-004,-009
-004,-009
-004,-009
-004,-009
-004,-009
-004,-009
-004,-009
-004,-009
-004,-009
-004,-009
-004,-009
-004,-009
-004,-009
-004,-009
-004,-009
-004,-009
-004,-009
-004,-009
-004,-009
-004,-009
-004,-009
-001,-009
-002,-009
-002,-009
-002,-009
-002,-009
-002,-009
-002,-009
-002,-009
-002,-009
-002,-009
-002,-009
-002,-009
-002,-009
-002,-009
-002,-009
-002,-009
-002,-009
-002,-009
-002,-009
-002,-009
-002,-009
-002,-009
-002,-009
-002,-009
-002,-009
-002,-009
-002,-009
-002,-009
-002,-009
-002,-009
-002,-009
-002,-009
-002,-009
-002,-009
-002,-009
-002,-009
-002,-009
-002,-009
-002,-009
-002,-009
-002,-009
-002,-009
-002,-009
-002,-009
-002,-009
-002,-009
-002,-009
-002,-009
-002,-009
-002,-009
-002,-009
-002,-009
-002,-009
-002,-009
-002,-009
-002,-009
-002,-009
-002,-009
-002,-009
-002,-009
-001,-008
-000,-008
-000,-008
-000,-008
-000,-008
-000,-008
-000,-008
-000,-008
-000,-008
-000,-008
-000,-008
-000,-008
-000,-008
-000,-008
-000,-008
-000,-008
-000,-008
-000,-008
-000,-008
-000,-008
-000,-008
-000,-008
-000,-008
-000,-008
-000,-008
-000,-008
-000,-008
-000,-008
-000,-008
-000,-008
-000,-008
-000,-008
-000,-008
-000,-008
-000,-008
-000,-011
-000,-011
-000,-011
-000,-011
-000,-011
-000,-011
-000,-011
-000,-011
-000,-011
-000,-011
-000,-011
-000,-011
-000,-014
-000,-014
-000,-014
-000,-014
-000,-014
-000,-014
-000,-014
-000,-014
-000,-014
-000,-014
-000,-014
-000,-017
-000,-017
-000,-017
-000,-017
-000,-017
-000,-017
-000,-017
-000,-017
-000,-017
-000,-017
-000,-017
-001,-017
-001,-017
-001,-017
-001,-017
-001,-017
-001,-017
-001,-017
-001,-017
-001,-017
-001,-017
-001,-017
-001,-017
-001,-020
-001,-020
-001,-020
-001,-020
-001,-020
-001,-020
-001,-020
-001,-020
-001,-020
-001,-020
-001,-020
-001,-020
-001,-020
-001,-020
-001,-020
-001,-020
-001,-020
-001,-020
-001,-020
-001,-020
-001,-020
-001,-020
-001,-020
-001,-020
-001,-020
-001,-020
-001,-020
-001,-020
-001,-020
-001,-020
-001,-020
-001,-020
-001,-020
-001,-020
-001,-020
-001,-020
-001,-020
-001,-020
-001,-020
-001,-020
-001,-020
-001,-020
-001,-020
-001,-020
-001,-020
-001,-020
-001,-020
-001,-020
-001,-020
-001,-020
-001,-020
-001,-020
-001,-020
-001,-020
-001,-020
-001,-020
-001,-020
-001,-020
-001,-020
-001,-020
-001,-019
-001,-019
-001,-019
-001,-019
-001,-019
-001,-019
-001,-019
-001,-019
-001,-019
-001,-018
-001,-018
+002,-018
-001,-018
-001,-018
-001,-018
-001,-018
-001,-017
-001,-017
-001,-017
-001,-017
-001,-017
-001,-017
-001,-017
-001,-017
-001,-017
-001,-016
-001,-016
-001,-016
-001,-016
-001,-016
-001,-016
-001,-016
-001,-016
-001,-016
-001,-016
-001,-016
-001,-016
-001,-016
-001,-016
-001,-016
-001,-016
-001,-016
-001,-016
-001,-016
-001,-016
-001,-016
-001,-016
-001,-016
-001,-016
-001,-016
-001,-016
-001,-016
-001,-016
-001,-016
-001,-016
-001,-016
-001,-016
-001,-016
-001,-016
-001,-016
-001,-016
-001,-016
-001,-016
-000,-016
-000,-019
-000,-019
-000,-019
-000,-019
-000,-019
-000,-019
-000,-019
-000,-019
-000,-019
-000,-019
-000,-019
-000,-019
-000,-019
-000,-019
-000,-019
-000,-019
-000,-019
-000,-019
-000,-019
-000,-019
-001,-019
-001,-019
-001,-019
-001,-019
-001,-022
-001,-022
-001,-021
-001,-021
-001,-021
-001,-021
-001,-021
-001,-021
-001,-021
-001,-021
-001,-021
-001,-021
-001,-021
-001,-021
-001,-021
-001,-021
-001,-021
-001,-021
-001,-021
-001,-021
-001,-021
-001,-021
-001,-021
-001,-021
-001,-021
-001,-021
-001,-021
-001,-021
-001,-021
-001,-021
-001,-021
-001,-021
-001,-021
-001,-021
-001,-021
-001,-021
-001,-021
-001,-021
-001,-021
-001,-021
-001,-021
-001,-021
-001,-021
-001,-021
-001,-021
-001,-021
-001,-021
-001,-021
-001,-021
-001,-021
-001,-021
-001,-021
-001,-021
-001,-021
-001,-021
-001,-021
-001,-024
-001,-024
-001,-024
-001,-024
-001,-024
-001,-024
-001,-024
-001,-024
-001,-024
-001,-024
-001,-024
-001,-024
-001,-024
-001,-024
-001,-024
-001,-024
-001,-024
-001,-024
-001,-024
-001,-024
-001,-024
-001,-024
-001,-024
-001,-024
-001,-024
-001,-024
-001,-024
-001,-024
-001,-024
-001,-024
-001,-024
-001,-024
-001,-027
-001,-026
-001,-026
-001,-026
-001,-026
-001,-026
-001,-026
-001,-026
-001,-026
-001,-026
-001,-026
-001,-026
-001,-026
-001,-026
-001,-026
-001,-026
-001,-026
-001,-026
-001,-026
-001,-026
-001,-026
-001,-026
-001,-026
-001,-026
-001,-026
-001,-026
-001,-026
-001,-026
-001,-026
-001,-026
-002,-026
-002,-026
-002,-026
-002,-026
-002,-026
-002,-026
-002,-026
-002,-026
-002,-026
-002,-026
-002,-026
-002,-026
-002,-026
-002,-026
-002,-026
-002,-026
-002,-026
-002,-026
-002,-026
-002,-026
-002,-026
-002,-026
-002,-026
-002,-026
-002,-026
-002,-026
-003,-026
-003,-026
-003,-026
-003,-026
-003,-026
-003,-026
-003,-026
-003,-026
-003,-026
-003,-026
-003,-026
-003,-026
-003,-026
-003,-026
-003,-026
-003,-026
-003,-026
-003,-026
-003,-026
-003,-026
-003,-026
-003,-026
-003,-026
-004,-026
-004,-026
-004,-026
-004,-026
-004,-026
-004,-026
-004,-026
-004,-026
-004,-026
-005,-029
-005,-028
-005,-028
-005,-028
-005,-028
-005,-028
-005,-028
-005,-028
-005,-028
-005,-028
-006,-028
-006,-028
-006,-028
-006,-028
-006,-028
-006,-028
-006,-028
-006,-028
-006,-027
-006,-027
-006,-027
-006,-027
-006,-027
-006,-027
-006,-027
-006,-027
-006,-027
-006,-027
-006,-027
-006,-027
-006,-027
-006,-027
-006,-027
-006,-027
-006,-027
-006,-027
-006,-027
-006,-027
-006,-026
-006,-026
-006,-026
-006,-026
-006,-026
-006,-026
-006,-026
-006,-026
-006,-026
-006,-026
-006,-026
-006,-026
-006,-026
-006,-026
-006,-026
-006,-026
-006,-026
-006,-026
-006,-025
-006,-025
-006,-025
-006,-025
-006,-025
-006,-025
-006,-025
-006,-025
-006,-025
-006,-025
-006,-025
-006,-025
-006,-025
-006,-025
-006,-025
-006,-024
-006,-024
-006,-024
-006,-024
-006,-024
-006,-024
-006,-024
-006,-024
-006,-024
-006,-024
-006,-024
-006,-024
-006,-024
-006,-024
-006,-024
-006,-024
-006,-024
-006,-024
-006,-024
-006,-024
-006,-024
-006,-024
-006,-024
-006,-024
-006,-024
-006,-024
-006,-024
-006,-024
-006,-024
-006,-024
-006,-024
-006,-024
-006,-024
-006,-024
-006,-024
-006,-024
-006,-024
-006,-024
-006,-024
-006,-024
-006,-024
-006,-024
-006,-024
-006,-024
-006,-024
-006,-024
-006,-024
-006,-024
-006,-024
-006,-024
-006,-024
-006,-024
-006,-024
-006,-024
-006,-024
-006,-024
-006,-024
-006,-024
-006,-024
-006,-024
-006,-024
-006,-024
-006,-024
-006,-024
-006,-024
-006,-024
-006,-024
-006,-024
-006,-024
-006,-024
-006,-024
-006,-024
-006,-024
-006,-024
-006,-024
-006,-024
-006,-024
-006,-024
-006,-024
-006,-024
-006,-024
-006,-024
-006,-024
-006,-024
-006,-024
-006,-024
-006,-024
-006,-024
-006,-024
-006,-027
-006,-026
-006,-026
-006,-026
-006,-026
-006,-026
-006,-026
-007,-026
-007,-026
-007,-026
-007,-026
-007,-026
-007,-026
-007,-029
-007,-027
-007,-027
-007,-027
-007,-027
-007,-027
-007,-027
-007,-027
-007,-027
-007,-027
-007,-027
-007,-027
-007,-027
-007,-027
-007,-027
-007,-026
-007,-026
-007,-026
-007,-026
-007,-026
-007,-026
-007,-026
-007,-026
-007,-026
-007,-026
-007,-026
-007,-026
-007,-026
-007,-026
-007,-026
-007,-026
-007,-026
-007,-026
-007,-026
-007,-026
-007,-026
-007,-026
-007,-026
-007,-026
-007,-026
-007,-026
-007,-026
-007,-026
-007,-026
-007,-026
-007,-026
-007,-026
-007,-026
-007,-026
-007,-026
-007,-026
-007,-026
-007,-026
-007,-026
-007,-026
-007,-026
-007,-025
-007,-025
-007,-025
-007,-025
-007,-025
-007,-025
-007,-025
-007,-025
-007,-025
-007,-025
-007,-025
-007,-025
-007,-025
-007,-025
-007,-025
-007,-025
-007,-025
-007,-025
-007,-025
-007,-025
-007,-025
-007,-025
-007,-025
-007,-025
-007,-025
-007,-025
-007,-025
-007,-025
-007,-025
-007,-025
-004,-025
-004,-025
-004,-025
-004,-025
-004,-025
-004,-025
-004,-025
-004,-025
-004,-025
-004,-025
-004,-025
-004,-025
-004,-025
-004,-025
-004,-025
-004,-025
-004,-025
-004,-025
-004,-025
-004,-025
-004,-025
-004,-025
-004,-025
-004,-025
-004,-025
-004,-025
-004,-025
-004,-025
-004,-025
-004,-025
-004,-025
-004,-025
-004,-025
-004,-025
-004,-025
-004,-025
-004,-025
-004,-025
-004,-024
-004,-024
-004,-024
-004,-024
-004,-024
-004,-024
-004,-024
-004,-024
-004,-024
-004,-024
-004,-024
-004,-024
-004,-024
-004,-024
-004,-024
-004,-024
-004,-024
-004,-023
-004,-023
-004,-023
-004,-023
-004,-023
-004,-023
-004,-023
-004,-023
-004,-023
-004,-023
-001,-023
-001,-023
-001,-023
-001,-023
-001,-022
-001,-022
-001,-022
-001,-022
-001,-022
-001,-022
-001,-022
-001,-022
-001,-022
-001,-022
-001,-022
-001,-022
-001,-022
-001,-021
-001,-021
-001,-021
-001,-021
-001,-021
-001,-021
-001,-021
-001,-021
-001,-021
-001,-021
-001,-021
-001,-021
-001,-021
-001,-021
-001,-021
-001,-021
-001,-021
-001,-021
-001,-021
-001,-021
-001,-021
-001,-021
-001,-021
-001,-021
-001,-021
-001,-021
-001,-021
-001,-021
-001,-021
-001,-021
-001,-021
-001,-021
-001,-021
-001,-021
-001,-021
-001,-021
-001,-021
-001,-021
-001,-021
-001,-021
-001,-021
-001,-021
-001,-021
-001,-021
-001,-021
-001,-021
-001,-021
-001,-021
-001,-021
-001,-021
-001,-021
-001,-021
-001,-021
-001,-021
-001,-021
-001,-021
-001,-021
-001,-020
-001,-020
-001,-020
-001,-020
-001,-020
-001,-020
-001,-020
-001,-020
-001,-020
-001,-020
-001,-019
-001,-019
-001,-019
-001,-019
-001,-019
-001,-019
-001,-018
-001,-018
-001,-018
-001,-018
-001,-018
-001,-018
-001,-018
-001,-018
-001,-018
-001,-018
-001,-018
-001,-017
-001,-017
-001,-017
-001,-017
-001,-017
-001,-017
-001,-017
-001,-017
-001,-017
-001,-017
-001,-016
-001,-016
-001,-016
-001,-016
-001,-016
-001,-016
-001,-016
-001,-016
-001,-016
-001,-016
-001,-016
-001,-016
-001,-016
-001,-016
-001,-016
-001,-016
-001,-016
-001,-016
-001,-016
-001,-016
-001,-016
-001,-016
-001,-016
-001,-016
-001,-016
-001,-016
-001,-016
-001,-016
-001,-016
-001,-016
-001,-016
-001,-016
-001,-016
-001,-016
-001,-016
-001,-016
-001,-016
-001,-016
-001,-016
-001,-016
-001,-016
-001,-016
-001,-016
-001,-016
-001,-016
-001,-016
-001,-016
-001,-016
-001,-019
-001,-018
-001,-018
-001,-018
-001,-018
-001,-018
-001,-018
-001,-018
-001,-018
-001,-018
-001,-018
-001,-018
-001,-018
-001,-018
-001,-018
-001,-018
-001,-018
-001,-018
-001,-018
-001,-018
-001,-018
-001,-018
-001,-018
-001,-018
-001,-018
-001,-018
-001,-018
-001,-018
-001,-018
+002,-018
+002,-018
+002,-018
-001,-018
-001,-018
-001,-018
-001,-018
-001,-018
-001,-018
-001,-018
-001,-018
-001,-018
-001,-021
-001,-020
-001,-020
-001,-020
-001,-020
-001,-020
-001,-020
-001,-020
-001,-020
-001,-020
-001,-020
-001,-020
-001,-020
-001,-020
-001,-020
-001,-020
-001,-020
-001,-020
-001,-020
-001,-023
-001,-023
-001,-023
-001,-023
-001,-023
-001,-023
-001,-023
-001,-023
-001,-023
-001,-023
-001,-023
-001,-023
-001,-023
-001,-023
-001,-023
-001,-023
-001,-023
-001,-023
-001,-023
-001,-023
-001,-023
-001,-023
-001,-023
-001,-023
-001,-023
-001,-023
-001,-023
-001,-023
-001,-023
-001,-023
-001,-023
-001,-023
-001,-023
-001,-023
-001,-023
-001,-023
-001,-023
-001,-023
-001,-023
-001,-023
-001,-023
-001,-023
-001,-023
-001,-023
-001,-023
-001,-023
-001,-023
-001,-023
-001,-023
-001,-023
-001,-023
-001,-023
-001,-023
-001,-023
-001,-023
-001,-023
-001,-023
-001,-023
-001,-023
-001,-023
-001,-023
-001,-023
-001,-023
-001,-023
-001,-023
-001,-023
-001,-023
-001,-023
-001,-023
-001,-023
-001,-023
-001,-023
-001,-023
-001,-023
-001,-023
-001,-023
-001,-023
-001,-023
-001,-023
-001,-023
-001,-023
-001,-023
-001,-023
-001,-023
-001,-023
-001,-023
-001,-023
-001,-023
-001,-023
-001,-023
-001,-023
-001,-023
-001,-023
-001,-023
-001,-023
-001,-023
-001,-023
-001,-023
-001,-023
-001,-023
-001,-023
-001,-023
-001,-023
-001,-023
-001,-023
-001,-023
-001,-023
-001,-023
-001,-023
-001,-023
-001,-023
-001,-023
-001,-023
-001,-023
-001,-023
-001,-023
-001,-023
-001,-023
-001,-023
-001,-023
-001,-023
-001,-023
-001,-023
-001,-023
-001,-023
-001,-023
-001,-023
-001,-023
-001,-023
-001,-023
-001,-023
-001,-023
-001,-023
-001,-023
-001,-023
-001,-023
-001,-023
-001,-023
-001,-023
-001,-023
-001,-026
-001,-026
-001,-026
-001,-026
-001,-026
-001,-026
-001,-026
-001,-026
-001,-026
-001,-026
-001,-026
-001,-026
-001,-026
-001,-026
-001,-026
-001,-026
-001,-026
-001,-026
-001,-026
-001,-026
-001,-026
-001,-026
-001,-026
-001,-026
-001,-026
-001,-026
-001,-026
-001,-026
-001,-026
-001,-026
-001,-026
-001,-026
-001,-026
-001,-026
-001,-026
-001,-029
-001,-029
-001,-029
-001,-029
-001,-029
-001,-029
-001,-029
-001,-029
-001,-029
-001,-029
-001,-029
-001,-029
-001,-029
-001,-029
-001,-029
-001,-029
-001,-029
-001,-029
-001,-029
-001,-029
-001,-029
-001,-029
-001,-029
-001,-029
-001,-029
-001,-029
-001,-029
-001,-029
-001,-029
-001,-029
-001,-029
-001,-029
-001,-029
-001,-029
-001,-029
-001,-029
-001,-029
-001,-029
-001,-029
-001,-029
-001,-029
-001,-029
-001,-029
-001,-029
-001,-029
-001,-029
-001,-029
-001,-029
-001,-029
-001,-029
-001,-029
-001,-029
-001,-029
-001,-029
-001,-029
-001,-029
-001,-029
-001,-029
-001,-029
-001,-029
-001,-029
-001,-029
-001,-029
-001,-029
-001,-029
-001,-029
-001,-029
-001,-029
-001,-029
-001,-029
-001,-029
-001,-029
-001,-029
-001,-029
-001,-029
-001,-029
-001,-029
-001,-029
-001,-029
-001,-029
-001,-029
-001,-029
-001,-029
-001,-029
-001,-029
-001,-029
-001,-029
-001,-029
-000,-029
-000,-029
-000,-029
-000,-029
-000,-029
-000,-029
-000,-029
-000,-029
-000,-029
-000,-029
-000,-029
-000,-029
-000,-029
-000,-029
-000,-029
-000,-029
-000,-029
-000,-029
-000,-029
-000,-029
-000,-029
-000,-029
-000,-029
-000,-029
-000,-029
-000,-029
-000,-029
-000,-029
-000,-029
-000,-029
-000,-029
-000,-029
-000,-029
-000,-029
-000,-029
-000,-029
-000,-029
-000,-029
-000,-029
-000,-029
-000,-029
-000,-029
-000,-029
-000,-029
-000,-029
-000,-029
-000,-029
-000,-029
-000,-029
-000,-029
-000,-032
-000,-031
-000,-031
-000,-031
-000,-031
-000,-031
-000,-031
-000,-031
-000,-031
-000,-031
-000,-031
-001,-034
-001,-033
-001,-032
-001,-032
-001,-032
-001,-032
-001,-032
-002,-035
-002,-033
-002,-033
-002,-033
-002,-033
-002,-033
-002,-033
-002,-033
-002,-033
-002,-033
-002,-033
-002,-033
-002,-033
-003,-036
-003,-035
-003,-035
-003,-035
-003,-035
-003,-035
-003,-035
-003,-035
-003,-035
-003,-035
-003,-035
-003,-035
-003,-035
-003,-035
-003,-035
-003,-035
-003,-035
-003,-035
-003,-035
-003,-035
-003,-035
-003,-035
-003,-035
-003,-035
-003,-035
-003,-035
-003,-035
-003,-035
-003,-035
-003,-035
-003,-035
-003,-035
-003,-035
-003,-035
-003,-035
-003,-035
-003,-035
-003,-035
-003,-035
-003,-035
-003,-035
-003,-035
-003,-035
-004,-035
-004,-035
-004,-035
-004,-035
-004,-035
-004,-035
-004,-035
-004,-035
-004,-035
-004,-035
-004,-035
-004,-035
-004,-035
-004,-035
-004,-035
-004,-035
-004,-035
-004,-035
-004,-035
-004,-035
-004,-035
-004,-035
-004,-035
-004,-035
-004,-035
-004,-035
-004,-035
-004,-035
-004,-035
-004,-035
-004,-035
-004,-034
-004,-034
-004,-034
-004,-034
-004,-034
-004,-034
-004,-034
-004,-034
-004,-033
-004,-033
-004,-033
-004,-031
-004,-031
-004,-031
-004,-031
-004,-030
-004,-030
-004,-030
-004,-030
-004,-030
-004,-030
-004,-030
-004,-030
-004,-030
-004,-030
-004,-029
-004,-029
-004,-029
-004,-029
-004,-029
-004,-029
-004,-029
-004,-029
-004,-029
-004,-029
-004,-029
-004,-029
-004,-029
-004,-029
-004,-029
-004,-029
-004,-029
-004,-029
-004,-029
-004,-029
-004,-029
-004,-029
-004,-029
-004,-029
-004,-029
-004,-029
-004,-029
-004,-029
-004,-029
-004,-029
-004,-029
-004,-028
-004,-028
-004,-028
-004,-028
-004,-028
-004,-028
-004,-028
-004,-028
-004,-028
-004,-028
-004,-028
-004,-028
-004,-028
-004,-028
-004,-028
-004,-028
-004,-028
-004,-028
-004,-028
-004,-028
-004,-028
-004,-028
-004,-028
-004,-028
-004,-028
-004,-028
-004,-028
-004,-028
-004,-028
-004,-028
-004,-028
-004,-028
-004,-028
-004,-028
-004,-028
-004,-028
-004,-028
-004,-028
-004,-028
-004,-028
-004,-028
-004,-028
-004,-028
-004,-028
-004,-028
-004,-028
-004,-028
-004,-028
-004,-028
-004,-028
-004,-028
-004,-028
-004,-028
-004,-028
-004,-028
-004,-028
-004,-028
-004,-028
-004,-028
-004,-028
-004,-028
-004,-028
-004,-028
-004,-028
-004,-028
-004,-028
-004,-028
-004,-028
-004,-028
-004,-028
-004,-028
-004,-028
-004,-028
-004,-028
-004,-028
-004,-028
-004,-028
-005,-028
-005,-028
-005,-028
-006,-028
-006,-028
-006,-028
-006,-028
-006,-028
-006,-028
-006,-028
-006,-031
-006,-029
-006,-029
-006,-029
-006,-029
-006,-028
-006,-031
-006,-031
-006,-028
-006,-028
-006,-031
-006,-029
-006,-029
-006,-029
-006,-029
-006,-029
-006,-029
-006,-029
-006,-029
-006,-029
-006,-029
-006,-029
-006,-029
-006,-029
-006,-029
-006,-029
-006,-029
-006,-029
-006,-029
-006,-029
-006,-029
-006,-029
-006,-029
-006,-029
-006,-029
-006,-029
-006,-029
-006,-029
-006,-029
-006,-029
-007,-029
-007,-029
-007,-029
-007,-029
-007,-029
-007,-029
-007,-029
-007,-029
-004,-029
-006,-029
-006,-029
-006,-029
-006,-029
-006,-029
-006,-029
-006,-028
-006,-028
-006,-028
-006,-028
-006,-028
-006,-028
-006,-028
-006,-028
-006,-028
-006,-028
-006,-028
-006,-028
-006,-028
-006,-028
-006,-028
-006,-028
-003,-028
-004,-028
-004,-028
-004,-028
-004,-028
-004,-027
-004,-027
-004,-027
-004,-027
-004,-027
-004,-027
-004,-027
-004,-027
-004,-027
-004,-027
-004,-027
-004,-027
-004,-027
-004,-027
-004,-027
-004,-027
-004,-027
-004,-027
-004,-027
-004,-027
-004,-027
-004,-027
-004,-027
-004,-027
-004,-027
-004,-027
-004,-027
-004,-027
-004,-027
-004,-027
-004,-027
-004,-027
-004,-027
-004,-027
-004,-027
-004,-027
-004,-027
-004,-027
-004,-027
-004,-027
-004,-027
-004,-027
-004,-027
-004,-027
-004,-027
-004,-027
-004,-027
-004,-027
-004,-027
-004,-027
-004,-027
-004,-027
-004,-030
-001,-030
-002,-030
-002,-030
-002,-030
-002,-030
-002,-030
-002,-030
-002,-030
-002,-030
-002,-030
-002,-030
-002,-030
-002,-030
-002,-030
-002,-030
-002,-030
-002,-030
-003,-030
-003,-030
-003,-030
-003,-030
-003,-033
-003,-031
-003,-030
-003,-033
-003,-031
-003,-030
-003,-030
-003,-030
-003,-030
-003,-030
-003,-033
-003,-031
-003,-030
-003,-030
-003,-030
-003,-030
-003,-030
-003,-030
-003,-030
-003,-030
-003,-030
-003,-030
-003,-030
-003,-030
-003,-030
-003,-030
-003,-030
-003,-030
-003,-030
-003,-030
-003,-030
-003,-030
-003,-030
-003,-030
-003,-030
-003,-030
-003,-030
-003,-030
-003,-030
-003,-030
-003,-029
-003,-029
-003,-029
-003,-029
-003,-029
-003,-029
-003,-029
-003,-029
-003,-029
-003,-029
-003,-029
-003,-029
-003,-029
-003,-029
-003,-029
-003,-029
-003,-029
-003,-029
-003,-029
-003,-029
-003,-029
-003,-029
-003,-029
-003,-029
-003,-029
-003,-029
-000,-029
-001,-029
-001,-029
-001,-029
-001,-029
-001,-029
-001,-029
-001,-029
-001,-029
-001,-029
-001,-029
-001,-029
-001,-029
-001,-029
-001,-028
-001,-028
-001,-028
-001,-028
-001,-028
-001,-028
-001,-028
-001,-028
-001,-028
-001,-028
-001,-028
-001,-028
-001,-028
-001,-028
-001,-028
-001,-028
-001,-028
-001,-028
-001,-028
-001,-028
-001,-028
-001,-028
-001,-028
-001,-028
-001,-028
-001,-028
-001,-027
-001,-027
-001,-027
-001,-027
-001,-027
-001,-027
-001,-027
-001,-027
-001,-027
-001,-027
-001,-027
-001,-027
-001,-026
-001,-026
-001,-026
-001,-026
-001,-026
-001,-026
-001,-026
-001,-026
-001,-026
-001,-026
-001,-026
-001,-026
-001,-025
-001,-025
-001,-025
-001,-025
-001,-025
-001,-025
-001,-025
-001,-025
-001,-025
-001,-025
-001,-025
-001,-025
-001,-025
-001,-025
-001,-025
-001,-025
-001,-025
-001,-025
-001,-025
-001,-025
-001,-025
-001,-025
-001,-025
-001,-025
-001,-025
-001,-024
-001,-024
-001,-024
-001,-024
-001,-024
-001,-024
-001,-024
-001,-024
-001,-024
-001,-024
-001,-024
-001,-024
-001,-024
-001,-024
-001,-024
-001,-024
-001,-024
-001,-023
-001,-023
-001,-023
-001,-023
-001,-023
-001,-023
-001,-023
-001,-023
-001,-023
-001,-022
-001,-022
-001,-022
-001,-022
-001,-022
-001,-022
-001,-022
-001,-022
-001,-022
-001,-022
-001,-022
-001,-022
-001,-022
-001,-022
-001,-022
-001,-022
-001,-022
-001,-022
-001,-022
-001,-022
-001,-021
-001,-021
-001,-021
-001,-021
-001,-021
-001,-021
-001,-021
-001,-021
-001,-021
-001,-021
-001,-021
+002,-021
-001,-021
-001,-021
-001,-021
-001,-021
-001,-021
-001,-021
-001,-021
-001,-021
-001,-021
-001,-021
-001,-021
-001,-021
-001,-021
-001,-021
-001,-021
-001,-021
-001,-021
-001,-021
-001,-021
-001,-021
-001,-021
-001,-021
+003,-021
+003,-021
+003,-021
+003,-021
+003,-021
+003,-021
+003,-021
+003,-021
+003,-021
+003,-021
+003,-021
+003,-021
+003,-021
+003,-021
+003,-021
+003,-021
+003,-021
+005,-021
+005,-021
+005,-021
+005,-021
+005,-021
+005,-021
+005,-021
+005,-021
+005,-021
+005,-021
+005,-021
+005,-021
+005,-021
+005,-021
+005,-021
+005,-021
+005,-021
+005,-021
+005,-021
+005,-021
+005,-021
+005,-021
+005,-021
+005,-021
+005,-021
+005,-021
+005,-021
+005,-021
+005,-021
+005,-021
+005,-021
+005,-021
+005,-021
+005,-020
+005,-020
+005,-020
+005,-020
+005,-020
+005,-020
+005,-020
+005,-020
+005,-020
+005,-020
+005,-020
+005,-020
+005,-020
+005,-020
+005,-020
+005,-020
+005,-020
+005,-019
+005,-019
+005,-019
COP Area(S): 000265
COP Area(R): 001300