+000,-000
+000,-000
+000,-000
+000,-000
+000,-000
+000,-000
+000,-000
+000,-000
+000,-000
+000,-001
+000,-001
+000,-001
+000,-001
+000,-001
+000,-001
+000,-001
+000,-001
+000,-001
+000,-001
+000,-001
+000,-001
+000,-001
+000,-001
+000,-001
+000,-001
+000,-001
+000,-001
+000,-001
+000,-002
+000,-002
+000,-002
+000,-002
+000,-002
+000,-002
+000,-002
+000,-002
+000,-002
+000,-002
+000,-002
+000,-002
+000,-002
+000,-002
+002,-002
+002,-002
+002,-002
+002,-002
+002,-002
+002,-002
+002,-002
+002,-002
+002,-002
+002,-002
+002,-002
+002,-002
+002,-002
+002,-002
+002,-001
+002,-000
+002,-000
+002,-000
+002,-000
+002,-000
+002,-000
+002,-000
+002,-000
+002,-000
+002,-000
+002,-000
+002,-000
+002,-000
+002,-000
+002,-000
+002,-000
+002,-000
+004,-000
+004,-000
+004,-000
+004,-000
+004,-001
+004,-001
+004,-001
+004,-001
+004,-001
+004,-001
+004,-001
+004,-001
+004,-001
+004,-001
+004,-002
+004,-002
+004,-002
+004,-002
+004,-002
+004,-002
+004,-002
+004,-003
+004,-003
+004,-003
+004,-003
+004,-003
+004,-003
+004,-004
+004,-004
+004,-004
+004,-004
+004,-005
+004,-005
+004,-005
+004,-005
+004,-005
+004,-005
+004,-006
+004,-006
+004,-006
+004,-006
+004,-006
+004,-006
+004,-006
+004,-007
+004,-007
+004,-007
+004,-007
+004,-007
+004,-007
+004,-007
+004,-008
+004,-008
+004,-008
+004,-008
+004,-008
+004,-008
+004,-009
+004,-009
+004,-009
+004,-009
+004,-009
+004,-009
+004,-009
+004,-009
+004,-009
+004,-009
+004,-010
+004,-010
+004,-010
+004,-010
+004,-010
+004,-010
+004,-010
+004,-011
+004,-011
+004,-011
+004,-011
+004,-011
+004,-011
+004,-011
+004,-011
+004,-011
+004,-011
+004,-012
+004,-012
+004,-012
+004,-012
+004,-012
+004,-012
+004,-012
+004,-012
+004,-012
+004,-012
+004,-013
+004,-013
+004,-013
+004,-013
+004,-013
+004,-013
+004,-013
+004,-013
+004,-013
+004,-013
+004,-014
+004,-014
+004,-014
+004,-014
+004,-014
+004,-014
+004,-014
+004,-014
+004,-014
+004,-014
+004,-014
+004,-014
+004,-014
+004,-014
+004,-014
+004,-014
+004,-014
+004,-014
+004,-014
+004,-014
+004,-014
+004,-014
+004,-014
+004,-014
+004,-011
+004,-011
+004,-011
+004,-011
+004,-011
+004,-011
+004,-011
+004,-011
+004,-011
+004,-011
+004,-011
+004,-008
+004,-008
+004,-008
+004,-008
+004,-008
+004,-008
+004,-008
+004,-008
+004,-008
+004,-008
+004,-005
+004,-005
+004,-005
+004,-005
+004,-005
+004,-005
+004,-005
+004,-005
+004,-005
+004,-005
+004,-005
+004,-005
+004,-005
+004,-005
+004,-005
+004,-005
+004,-005
+004,-005
+004,-005
+004,-005
+004,-005
+004,-005
+004,-005
+004,-002
+004,-003
+004,-003
+004,-003
+004,-003
+004,-003
+004,-003
+004,-003
+004,-003
+004,-003
+004,-004
+004,-004
+004,-004
+004,-004
+004,-004
+004,-004
+004,-004
+004,-004
+004,-004
+004,-004
+005,-004
+005,-004
+005,-004
+005,-004
+005,-004
+005,-004
+005,-004
+005,-004
+005,-004
+005,-004
+005,-004
+005,-004
+005,-004
+005,-004
+005,-004
+005,-004
+005,-004
+005,-004
+005,-004
+005,-004
+005,-004
+005,-004
+005,-004
+005,-004
+005,-004
+005,-004
+005,-004
+005,-004
+005,-004
+005,-004
+005,-004
+005,-004
+005,-004
+005,-004
+005,-004
+005,-004
+005,-004
+005,-004
+005,-004
+005,-004
+005,-004
+005,-004
+005,-004
+005,-004
+005,-004
+005,-004
+005,-004
+005,-004
+005,-004
+005,-004
+005,-004
+005,-004
+005,-004
+005,-004
+005,-004
+005,-004
+005,-004
+005,-004
+005,-004
+005,-004
+005,-004
+005,-004
+005,-004
+005,-004
+005,-004
+005,-004
+005,-004
+005,-004
+005,-004
+005,-004
+005,-004
+005,-004
+005,-004
+005,-004
+005,-004
+005,-004
+005,-004
+005,-004
+005,-004
+005,-004
+005,-004
+005,-004
+005,-004
+005,-004
+005,-004
+005,-004
+005,-004
+005,-004
+005,-004
+005,-004
+005,-004
+005,-004
+005,-004
+005,-004
+005,-004
+005,-004
+005,-004
+005,-004
+005,-004
+005,-004
+005,-004
+005,-004
+005,-004
+005,-004
+005,-004
+005,-001
+005,-001
+005,-001
+005,-001
+005,-001
+005,-001
+005,-001
+005,-001
+005,-001
+005,-001
+005,-001
+005,-001
+005,-001
+005,-001
+005,-001
+005,-001
+005,-001
+005,-001
+005,-001
+005,-001
+005,-001
+005,-001
+005,-001
+005,-001
+005,-001
+005,-002
+005,-002
+005,-002
+005,-002
+005,-002
-006,-002
-006,-002
-006,-002
-006,-002
-006,-002
-006,-002
-006,-002
-006,-002
-006,-002
-006,-002
-006,-002
-006,-002
-006,-002
-006,-002
-006,-002
-006,-002
-006,-002
-006,-002
-006,-002
-006,-002
-006,-002
-006,-002
-006,-002
-006,-002
-006,-002
-006,-002
-006,-002
-006,-005
-007,-005
-007,-005
-007,-005
-007,-005
-007,-005
-007,-005
-007,-005
-007,-005
-007,-005
-007,-005
-007,-005
-007,-005
-007,-005
-007,-005
-007,-005
-007,-005
-007,-005
-007,-005
-007,-008
-007,-007
-007,-007
-007,-007
-007,-007
-007,-007
-007,-007
-007,-007
-007,-007
-007,-007
-007,-007
-007,-007
-007,-007
-007,-007
-007,-007
-007,-007
-007,-007
-007,-007
-007,-007
-007,-010
-007,-010
-007,-009
-007,-009
-007,-009
+005,-009
+005,-009
+005,-009
+005,-009
+005,-009
+005,-009
+005,-009
+005,-009
+005,-009
+005,-009
+005,-009
+005,-009
+005,-009
+005,-009
+005,-009
+005,-009
+005,-009
+005,-009
+005,-009
+005,-009
+005,-009
+005,-009
+005,-009
+005,-009
+005,-009
+005,-009
+005,-009
+005,-009
+005,-009
+005,-009
+005,-009
+005,-009
+005,-012
+005,-011
+005,-011
+005,-011
+005,-011
+005,-011
+005,-011
+005,-011
+005,-011
+005,-011
+005,-011
+005,-011
+003,-011
+003,-011
+003,-011
+003,-011
+003,-011
+003,-011
+003,-011
+003,-011
+003,-011
+003,-011
+003,-011
+003,-011
+003,-011
+003,-011
+003,-011
+003,-011
+003,-011
+003,-011
+003,-011
+003,-011
+003,-011
+003,-011
+003,-011
+003,-011
+003,-011
+003,-011
+003,-011
+001,-011
+001,-011
+001,-011
+001,-011
+001,-014
+001,-014
+001,-013
+001,-013
+001,-013
+001,-013
+001,-013
+001,-013
+001,-013
+001,-013
+001,-013
+001,-013
+001,-013
+001,-013
+001,-013
+001,-013
+001,-013
+001,-013
+001,-013
+001,-013
+001,-013
+001,-013
+001,-013
+001,-013
+001,-013
+001,-013
+001,-013
+001,-013
+001,-013
+001,-013
+001,-013
+001,-013
+001,-013
+001,-013
+001,-013
+001,-013
+001,-013
+001,-013
+001,-013
+001,-013
+001,-013
+001,-013
+001,-013
+001,-013
+001,-013
+001,-013
+001,-013
+001,-013
+001,-013
+001,-013
+001,-013
+001,-013
+001,-013
+001,-013
+001,-013
+001,-013
+001,-013
+001,-013
+001,-013
+001,-013
+001,-013
+001,-013
+001,-013
+001,-013
+001,-013
+001,-013
+001,-013
+001,-013
+001,-013
+001,-013
+001,-013
+001,-013
+001,-013
+001,-013
+001,-013
+001,-013
+001,-013
+001,-013
+001,-013
+001,-013
+001,-013
+001,-013
+001,-013
+001,-013
+001,-013
+001,-013
+001,-013
+001,-013
+003,-013
+003,-013
+003,-013
+003,-013
+003,-013
+003,-013
+005,-012
+005,-012
+005,-012
+005,-012
+005,-011
+005,-011
+005,-011
+005,-011
+005,-011
+005,-011
+005,-010
+005,-010
+005,-010
+005,-010
+005,-010
+005,-010
+005,-010
+005,-009
+005,-009
+005,-009
+005,-009
+007,-009
+007,-008
+007,-008
+007,-008
+007,-008
+007,-008
+007,-007
+007,-007
+007,-007
+007,-007
+007,-007
+007,-007
+007,-007
+007,-007
+007,-007
+007,-007
+007,-006
+007,-006
+007,-006
+007,-006
+007,-006
+009,-006
+009,-006
+009,-006
+009,-006
+009,-006
+009,-006
+009,-005
+009,-005
+009,-005
+009,-005
+009,-005
+009,-005
+009,-005
+009,-005
+009,-005
+009,-005
+009,-004
+009,-004
+009,-004
+009,-004
+009,-004
+009,-004
+009,-003
+009,-003
+009,-003
+009,-003
+009,-003
+009,-003
+009,-003
+009,-002
+009,-002
+009,-002
+009,-002
+009,-002
+009,-002
+009,-002
+009,-001
+009,-001
+009,-001
+009,-001
+009,-000
+009,-000
+009,-000
+009,-000
+009,-000
+009,-001
+009,-001
+009,-001
+009,-001
+009,-001
+009,-002
+009,-002
+009,-002
+009,-002
+009,-002
+009,-003
+009,-003
+011,-003
+011,-003
+011,-004
+011,-004
+011,-004
+011,-004
+011,-005
+011,-005
+011,-005
+011,-005
+011,-005
+011,-005
+011,-006
+011,-006
+011,-006
+011,-006
+011,-006
+011,-006
+011,-006
+011,-006
+011,-007
+011,-007
+011,-007
+011,-007
+011,-007
+011,-007
+011,-007
+011,-007
+011,-008
+011,-008
+011,-008
+011,-008
+011,-009
+011,-009
+011,-009
+011,-009
+011,-009
+013,-009
+013,-009
+013,-009
+013,-009
+013,-009
+013,-010
+013,-010
+013,-010
+013,-010
+013,-010
+013,-010
+013,-010
+013,-010
+013,-010
+013,-010
+013,-010
+013,-011
+013,-011
+013,-011
+013,-011
+013,-011
+013,-011
+013,-011
+013,-011
+013,-011
+013,-011
+013,-011
+013,-011
+013,-011
+013,-011
+013,-011
+013,-011
+013,-011
+013,-011
+013,-011
+013,-011
+013,-011
+013,-011
+013,-011
+013,-011
+013,-011
+013,-011
+013,-011
+013,-011
+013,-011
+013,-011
+013,-011
+013,-011
+013,-011
+013,-011
+013,-011
+013,-011
+013,-011
+013,-011
+013,-011
+013,-011
+013,-011
+013,-011
+013,-011
+013,-011
+013,-011
+013,-011
+013,-011
+013,-011
+013,-011
+013,-011
+013,-011
+013,-011
+013,-011
+013,-011
+013,-011
+013,-011
+011,-011
+011,-011
+011,-011
+011,-011
+011,-011
+011,-011
+011,-011
+011,-011
+009,-011
+009,-011
+009,-011
+009,-011
+009,-011
+009,-011
+009,-011
+009,-011
+009,-011
+009,-011
+007,-011
+007,-011
+007,-011
+007,-011
+007,-011
+007,-011
+005,-011
+005,-008
+005,-008
+005,-008
+005,-008
+005,-008
+005,-008
+005,-008
+005,-008
+003,-008
+003,-008
+003,-008
+003,-008
+003,-008
+003,-008
+003,-008
+001,-008
+001,-008
+001,-008
+001,-008
+001,-008
+001,-008
+001,-008
+001,-008
+001,-008
+001,-008
+001,-008
+001,-008
+001,-008
+001,-008
+001,-008
+001,-008
+001,-008
+001,-008
+001,-008
+001,-008
+001,-008
+001,-008
+001,-008
+001,-008
+001,-008
+001,-008
+001,-008
+001,-008
+001,-008
+001,-008
+001,-008
+001,-008
+001,-008
+001,-008
+001,-008
+001,-008
+001,-008
+001,-008
+001,-008
+001,-005
+001,-005
+001,-005
+001,-005
+001,-005
+001,-005
+001,-005
+001,-005
+001,-005
+001,-005
+001,-005
+001,-005
+001,-005
+001,-005
+001,-005
+001,-005
+001,-005
+001,-002
+001,-002
+001,-002
+001,-002
+001,-002
+001,-002
+001,-002
+001,-002
+001,-002
+001,-002
+003,-002
+003,-002
+003,-002
+003,-002
+003,-002
+003,-002
+003,-002
+005,-002
+005,-002
+005,-002
+005,-002
+005,-002
+005,-002
+007,-002
+007,-002
+007,-002
+007,-002
+007,-002
+007,-002
+007,-002
+007,-002
+007,-002
+007,-002
+009,-002
+009,-002
+009,-002
+009,-002
+009,-002
+009,-002
+009,-002
+009,-002
+009,-002
+009,-002
+009,-002
+009,-002
+009,-002
+009,-002
+011,-002
+011,-002
+011,-002
+011,-002
+011,-002
+011,-002
+011,-002
+011,-002
+011,-002
+011,-002
+011,-002
+011,-002
+011,-002
+011,-002
+011,-002
+011,-002
+011,-002
+011,-002
+011,-002
+011,-002
+011,-002
+011,-002
+011,-002
+011,-002
+011,-002
+011,-002
+011,-002
+011,-002
+011,-002
+011,-002
+011,-002
+011,-002
+011,-002
+011,-002
+011,-002
+011,-002
+011,-002
+011,-002
+011,-001
+011,-001
+011,-000
+011,-000
+011,-000
+011,-000
+011,-000
+011,-000
+011,-000
+011,-000
+011,-000
+011,-000
+011,-000
+011,-000
+011,-000
+011,-000
+011,-003
+009,-002
+009,-002
+009,-002
+009,-002
+009,-002
+009,-002
+009,-002
+009,-002
+009,-002
+009,-002
+009,-002
+009,-002
+009,-002
+009,-002
+007,-002
+007,-002
+007,-002
+007,-002
+007,-002
+007,-002
+007,-002
+007,-002
+007,-002
+007,-002
+007,-002
+007,-002
+007,-002
+007,-002
+007,-002
+007,-002
+007,-002
+007,-002
+007,-002
+007,-002
+007,-002
+007,-002
+007,-002
+007,-002
+007,-002
+007,-002
+007,-002
+007,-002
+007,-002
+007,-002
+007,-002
+007,-002
+007,-002
+007,-002
+007,-001
+007,-001
+007,-001
+007,-001
+007,-001
+007,-001
+007,-001
+007,-001
+007,-001
+007,-001
+007,-001
+007,-001
+007,-001
+007,-001
+007,-001
+007,-001
+007,-001
+007,-001
+007,-001
+007,-001
+007,-001
+007,-001
+007,-001
+007,-001
+007,-001
+007,-001
+007,-001
+007,-001
+007,-001
+007,-001
+007,-001
+007,-001
+007,-001
+007,-001
+005,-001
+005,-001
+005,-001
+005,-001
+005,-001
+005,-001
+005,-001
+005,-001
+005,-001
+005,-001
+005,-001
+005,-001
+005,-001
+005,-001
+005,-001
+005,-001
+005,-000
+005,-000
+005,-000
+005,-000
+005,-000
+005,-000
+003,-000
+003,-001
+003,-001
+003,-001
+003,-001
+003,-001
+003,-001
+003,-001
+003,-002
+003,-002
+003,-002
+003,-002
+003,-002
+003,-002
+003,-002
+003,-003
+003,-003
+003,-003
+003,-003
+003,-003
+003,-003
+003,-003
+003,-003
+003,-003
+003,-003
+003,-003
+003,-003
+003,-003
+003,-003
+003,-003
+003,-003
+003,-003
+003,-003
+003,-003
+003,-003
+003,-003
+003,-003
+003,-003
+003,-003
+003,-003
+003,-003
+003,-003
+003,-003
+003,-003
+003,-003
+003,-003
+003,-003
+003,-003
+003,-003
+003,-003
+003,-003
+003,-003
+003,-003
+003,-003
+003,-003
+003,-003
+003,-003
+003,-003
+003,-003
+003,-003
+003,-003
+003,-003
+003,-003
+003,-003
+003,-003
+003,-003
+003,-003
+003,-003
+003,-003
+003,-003
+003,-003
+003,-003
+003,-003
+003,-003
+003,-003
+003,-003
+003,-003
+003,-003
+003,-003
+003,-003
+003,-003
+003,-003
+003,-003
+003,-003
+003,-003
+003,-003
+003,-000
+003,-000
+003,-001
+003,-001
+001,-001
+001,-001
+001,-001
+001,-001
+001,-001
+001,-001
+001,-001
+001,-001
+001,-001
+001,-001
+001,-001
+001,-001
+001,-001
+001,-001
+001,-001
+001,-001
+001,-001
+001,-001
+001,-001
+001,-001
+001,-001
+001,-001
+001,-001
+001,-001
+001,-001
+001,-001
+001,-001
+001,-001
+001,-001
+001,-001
+001,-001
+001,-001
+001,-001
+001,-001
+001,-001
+001,-001
+001,-001
+001,-001
+001,-001
+001,-001
+001,-001
+001,-001
+001,-001
+001,-001
+001,-001
+001,-001
+001,-001
+001,-001
+001,-001
+001,-001
+001,-001
+001,-002
+001,-002
+001,-002
+001,-002
+001,-002
+001,-002
+001,-002
+001,-003
+001,-003
+001,-003
+001,-003
+001,-003
+001,-003
+001,-003
+001,-003
+001,-003
+001,-003
+001,-004
+001,-004
+001,-004
+001,-004
+001,-004
+001,-004
+001,-004
+001,-005
+001,-005
+001,-005
+001,-005
+001,-005
+001,-006
+001,-006
+001,-006
+001,-006
+001,-006
+001,-007
+001,-007
+001,-007
+001,-007
+001,-007
+001,-007
+003,-008
+003,-008
+003,-008
+003,-008
+003,-008
+003,-008
+003,-008
+003,-008
+003,-008
+003,-008
+003,-008
+003,-008
+003,-008
+003,-008
+003,-008
+003,-008
+003,-008
+003,-008
+003,-008
+003,-008
+003,-008
+003,-008
+003,-008
+003,-008
+005,-008
+005,-008
+005,-008
+005,-008
+005,-008
+005,-008
+005,-008
+005,-008
+005,-008
+005,-008
+005,-008
+005,-008
+005,-008
+005,-008
+005,-008
+005,-008
+005,-008
+005,-008
+005,-008
+005,-008
+007,-008
+007,-008
+007,-008
+007,-008
+007,-008
+007,-008
+007,-008
+007,-008
+007,-008
+007,-008
+007,-008
+007,-008
+007,-008
+007,-008
+007,-008
+007,-008
+007,-008
+007,-008
+007,-008
+007,-008
+007,-008
+007,-008
+007,-005
+007,-006
+007,-006
+007,-006
+007,-006
+007,-006
+007,-006
+007,-006
+007,-006
+007,-006
+007,-006
+007,-006
+007,-006
+007,-006
+007,-006
+007,-006
+007,-006
+007,-006
+007,-006
+007,-006
+007,-006
+007,-006
+007,-006
+007,-006
+007,-006
+007,-006
+007,-006
+007,-006
+007,-006
+007,-006
+007,-006
+007,-006
+005,-003
+005,-003
+005,-003
+005,-003
+005,-003
+005,-003
+005,-003
+005,-003
+005,-003
+005,-003
+005,-003
+005,-003
+005,-003
+005,-003
+005,-003
+005,-003
+005,-003
+005,-003
+005,-003
+005,-003
+005,-003
+005,-003
+005,-003
+005,-003
+005,-003
+005,-003
+005,-003
+003,-003
+003,-003
+003,-003
+003,-003
+003,-003
+003,-003
+003,-003
+003,-003
+003,-003
+003,-003
+003,-003
+003,-003
+003,-003
+003,-003
+003,-003
+003,-003
+003,-003
+003,-003
+003,-003
+003,-003
+003,-003
+003,-003
+003,-003
+003,-000
+003,-000
+003,-000
+003,-000
+003,-000
+003,-000
+003,-000
+003,-000
+003,-000
+003,-000
+003,-000
+003,-000
+003,-000
+003,-000
+003,-000
+003,-000
+003,-000
+003,-000
+003,-000
+003,-000
+003,-000
+003,-000
+003,-000
+003,-000
+003,-000
+003,-000
+003,-000
+003,-000
+003,-000
+003,-000
+003,-003
+003,-003
+003,-003
+003,-003
+003,-003
+003,-003
+003,-003
+003,-003
+003,-003
+003,-003
+003,-003
+003,-003
+003,-003
+003,-003
+003,-003
+003,-003
+003,-003
+003,-003
+003,-003
+003,-003
+003,-003
+003,-003
+001,-003
+001,-003
+001,-003
+001,-003
+001,-003
+001,-003
+001,-003
+001,-003
+001,-003
+001,-006
+001,-005
+001,-005
+001,-005
+001,-005
+001,-005
+001,-005
+001,-005
+001,-005
+001,-005
+001,-005
+001,-005
+001,-005
+001,-005
+003,-005
+003,-008
+003,-008
+003,-008
+003,-008
+003,-008
+005,-008
+005,-008
+005,-008
+005,-008
+005,-008
+005,-008
+005,-008
+005,-008
+005,-008
+005,-008
+005,-008
+005,-008
+005,-008
+005,-008
+005,-008
+005,-008
+005,-008
+005,-008
+005,-008
+005,-008
+005,-008
+005,-008
+005,-008
+005,-008
+005,-008
+005,-008
+005,-008
+005,-008
+005,-008
+005,-008
+005,-008
+005,-008
+005,-008
+005,-008
+005,-008
+005,-008
+005,-008
+005,-008
+005,-008
+005,-008
+005,-008
+005,-008
+005,-008
+005,-011
+005,-010
+005,-010
+005,-010
+005,-010
+005,-010
+005,-010
+005,-010
+005,-010
+005,-010
+005,-010
+005,-010
+005,-010
+005,-010
+005,-010
+005,-010
+005,-010
+005,-010
+005,-010
+005,-010
+005,-010
+005,-010
+005,-010
+005,-009
+005,-009
+003,-009
+003,-007
+001,-007
+001,-007
+001,-007
+001,-007
+001,-006
+001,-006
+001,-006
+001,-006
+001,-005
+001,-005
+001,-005
+001,-005
+001,-005
+001,-005
+001,-005
+001,-004
+001,-004
+001,-004
+001,-004
+001,-004
+001,-004
+001,-004
+001,-004
+001,-004
+003,-004
+003,-004
+003,-003
+003,-003
+003,-003
+003,-003
+003,-003
+003,-003
+003,-003
+003,-003
+005,-003
+005,-002
+005,-002
+005,-002
+005,-002
+005,-002
+005,-002
+005,-001
+005,-001
+005,-001
+005,-000
+005,-000
+007,-000
+007,-001
+007,-001
+007,-001
+007,-001
+007,-001
+007,-002
+007,-002
+007,-002
+007,-003
+007,-003
+007,-003
+007,-003
+007,-003
+007,-003
+007,-003
+007,-003
+007,-003
+007,-003
+007,-003
+007,-003
+007,-003
+007,-003
+007,-003
+007,-003
+007,-003
+007,-003
+007,-003
+007,-003
+007,-003
+007,-003
+007,-003
+007,-003
+007,-003
+007,-003
+007,-003
+007,-003
+007,-000
+007,-000
+007,-000
+007,-000
+007,-000
+007,-000
+007,-000
+007,-000
+007,-000
+007,-000
+007,-000
+007,-000
+007,-000
+007,-000
+007,-003
+007,-003
+007,-003
+007,-003
+007,-003
+007,-003
+007,-003
+007,-003
+007,-003
+007,-003
+007,-003
+007,-003
+007,-003
+007,-003
+007,-003
+007,-003
+007,-003
+007,-003
+007,-003
+005,-003
+005,-003
+005,-003
+005,-003
+005,-003
+005,-003
+005,-003
+005,-003
+005,-003
+005,-003
+005,-006
+005,-006
+005,-005
+005,-005
+003,-005
+003,-005
+003,-005
+003,-005
+003,-005
+003,-005
+003,-005
+003,-005
+003,-005
+003,-005
+003,-005
+003,-005
+003,-005
+003,-005
+003,-005
+003,-005
+003,-005
+003,-005
+003,-005
+003,-005
+003,-005
+003,-005
+003,-005
+003,-008
+003,-007
+003,-007
+003,-007
+003,-007
+003,-007
+003,-007
+003,-007
+003,-007
+003,-007
+003,-007
+005,-007
+005,-007
+005,-007
+005,-007
+005,-007
+005,-007
+005,-007
+005,-007
+005,-007
+005,-007
+005,-007
+005,-007
+005,-007
+005,-007
+005,-007
+005,-007
+005,-007
+007,-007
+007,-007
+007,-007
+007,-007
+007,-007
+007,-007
+007,-007
+007,-007
+007,-007
+007,-007
+007,-007
+007,-007
+007,-007
+007,-007
+007,-007
+007,-007
+007,-007
+007,-007
+007,-007
+007,-007
+009,-007
+009,-007
+009,-007
+009,-007
+009,-007
+009,-007
+009,-007
+009,-007
+009,-007
+009,-007
+009,-007
+009,-007
+009,-007
+009,-007
+009,-007
+009,-007
+009,-007
+009,-007
+009,-007
+009,-007
+011,-007
+011,-007
+011,-007
+011,-007
+011,-007
+011,-007
+011,-007
+011,-007
+011,-007
+011,-007
+011,-007
+011,-007
+011,-007
+011,-007
+011,-007
+011,-007
+011,-007
+011,-007
+011,-007
+011,-007
+011,-007
+011,-007
+011,-007
+011,-007
+011,-007
+011,-007
+011,-007
+013,-007
+013,-007
+013,-007
+013,-007
+013,-007
+013,-007
+013,-007
+013,-007
+013,-007
+013,-007
+013,-007
+013,-007
+013,-007
+013,-007
+013,-007
+013,-007
+013,-007
+013,-007
+013,-007
+013,-007
+013,-007
+013,-007
+013,-007
+013,-007
+013,-007
+013,-007
+013,-007
+013,-007
+013,-007
+013,-007
+013,-007
+013,-007
+013,-007
+013,-007
+013,-007
+013,-007
+013,-007
+013,-007
+013,-007
+013,-007
+013,-007
+013,-007
+013,-007
+013,-007
+013,-007
+013,-007
+013,-007
+013,-007
+013,-007
+013,-007
+013,-007
+013,-007
+013,-007
+013,-007
+013,-007
+013,-007
+013,-007
+013,-007
+013,-007
+013,-007
+013,-007
+013,-007
+013,-007
+013,-007
+013,-007
+013,-007
+013,-007
+013,-007
+013,-007
+013,-007
+013,-007
+013,-007
+013,-007
+013,-007
+013,-007
+013,-007
+013,-007
+013,-007
+013,-007
+013,-007
+013,-007
+013,-007
+013,-007
+013,-007
+013,-007
+013,-007
+013,-007
+013,-007
+013,-007
+013,-007
+013,-007
+013,-007
+013,-007
+013,-007
+013,-007
+013,-007
+013,-006
+013,-006
+013,-006
+013,-006
+013,-006
+013,-006
+013,-006
+013,-006
+013,-006
+013,-006
+013,-006
+013,-006
+013,-006
+013,-006
+013,-006
+013,-006
+013,-006
+013,-005
+013,-005
+013,-005
+013,-005
+013,-005
+013,-005
+013,-005
+013,-005
+013,-005
+013,-005
+015,-004
+015,-004
+015,-004
+015,-004
+015,-004
+015,-004
+015,-004
+015,-004
+015,-004
+015,-004
+015,-004
+015,-004
+015,-004
+015,-004
+015,-004
+015,-004
+015,-004
+015,-004
+015,-004
+015,-004
+015,-004
+015,-004
+015,-004
+015,-004
+015,-004
+015,-004
+015,-004
+015,-004
+015,-004
+015,-004
+015,-004
+015,-004
+015,-004
+015,-004
+015,-004
+015,-004
+015,-004
+015,-004
+015,-004
+015,-004
+015,-004
+015,-004
+015,-004
+015,-004
+015,-004
+013,-004
+013,-004
+013,-004
+013,-004
+013,-007
+013,-006
+013,-006
+013,-006
+013,-006
+013,-006
+011,-006
+011,-006
+011,-006
+011,-006
+011,-006
+011,-006
+011,-006
+011,-009
+011,-008
+009,-008
+009,-008
+009,-008
+009,-008
+009,-008
+009,-008
+007,-008
+007,-008
+007,-008
+007,-008
+007,-008
+007,-008
+007,-008
+007,-008
+007,-008
+007,-008
+005,-008
+005,-008
+005,-008
+005,-008
+005,-008
+005,-008
+005,-008
+005,-008
+005,-008
+005,-008
+005,-008
+005,-008
+005,-008
+005,-008
+005,-008
+005,-008
+005,-008
+005,-007
+005,-007
+005,-007
+005,-007
+005,-007
+005,-007
+005,-007
+003,-007
+003,-007
+003,-007
+003,-007
+003,-007
+003,-007
+003,-007
+003,-007
+003,-007
+003,-007
+003,-007
+003,-007
+003,-007
+003,-007
+001,-006
+001,-006
+001,-006
+001,-006
+001,-006
+001,-006
+001,-006
+001,-006
+001,-006
+001,-006
+001,-006
+001,-006
+001,-006
+001,-006
+001,-006
+001,-006
+001,-006
+001,-006
+001,-006
+001,-006
+001,-006
+001,-006
+001,-006
+001,-006
+003,-006
+003,-006
+003,-006
+003,-006
+003,-006
+005,-006
+005,-006
+005,-006
+005,-006
+005,-006
+005,-006
+005,-006
+005,-006
-006,-006
-006,-006
-006,-005
-006,-005
-006,-005
-006,-005
-006,-005
-006,-004
-006,-004
-006,-004
-006,-003
-006,-003
-006,-002
-006,-002
-006,-002
-006,-002
-006,-002
-006,-001
-006,-001
-006,-001
-006,-001
-006,-001
-006,-001
-006,-000
-006,-000
-006,-000
-006,-000
-006,-000
-006,-000
-006,-001
-006,-001
-006,-001
-006,-002
-006,-002
-006,-002
-006,-002
-006,-002
-006,-002
-006,-002
-006,-002
-006,-003
-006,-003
-006,-003
-006,-003
-006,-003
-006,-003
-006,-003
-006,-003
-006,-003
-006,-004
-006,-004
-006,-004
-006,-004
-006,-004
-006,-004
-006,-004
-006,-005
-006,-005
-006,-005
-006,-005
-006,-005
-006,-006
-006,-006
-006,-006
-006,-006
-006,-007
-006,-007
-006,-007
-006,-007
-006,-007
-006,-007
-006,-007
-006,-008
-006,-008
-006,-008
-006,-008
-006,-008
-006,-008
-006,-008
-006,-008
-006,-008
-006,-008
-006,-008
-006,-008
-006,-008
-006,-008
-006,-008
-006,-008
-006,-008
-006,-008
-006,-008
-006,-008
-006,-008
-006,-008
-006,-008
-006,-008
-006,-008
-006,-008
-006,-008
-006,-008
-006,-008
-006,-008
-006,-008
-006,-008
-006,-008
-006,-008
-006,-008
-006,-008
-006,-008
-006,-008
-006,-008
-006,-008
-006,-008
-006,-008
-006,-008
-006,-008
-006,-008
-006,-008
-007,-008
-007,-008
-007,-008
-007,-008
-008,-008
-008,-008
-008,-008
-008,-008
-009,-008
-009,-008
-009,-008
-010,-008
-010,-008
-010,-008
-010,-008
-011,-008
-011,-008
-011,-008
-012,-008
-012,-008
-014,-008
-015,-008
-015,-008
-015,-008
-015,-008
-016,-008
-016,-005
-016,-006
-016,-006
-016,-006
-016,-006
-016,-006
-017,-006
-017,-006
-017,-006
-017,-006
-017,-006
-017,-006
-017,-006
-017,-006
-017,-006
-017,-006
-017,-007
-017,-007
-017,-007
-017,-008
-017,-008
-017,-008
-014,-009
-014,-009
-014,-009
-014,-009
-014,-009
-014,-009
-014,-009
-014,-009
-014,-009
-014,-010
-014,-010
-014,-010
-014,-010
-014,-010
-014,-010
-014,-010
-014,-010
-014,-010
-014,-010
-011,-010
-011,-010
-011,-010
-011,-010
-011,-010
-011,-010
-011,-010
-011,-010
-011,-010
-011,-010
-011,-010
-011,-011
-011,-011
-011,-011
-011,-011
-008,-011
-008,-011
-008,-011
-008,-011
-008,-011
-008,-011
+005,-011
+005,-011
+005,-011
+005,-011
+005,-011
+005,-011
+003,-011
+003,-011
+003,-011
+003,-011
+003,-011
+003,-011
+001,-011
+001,-011
+001,-011
+001,-011
+001,-011
+001,-011
+001,-011
+001,-011
+001,-011
+001,-011
+001,-011
+003,-011
+003,-011
+003,-011
+003,-011
+005,-011
+005,-011
+005,-012
+005,-012
+005,-012
+005,-012
+005,-012
+007,-012
+007,-012
+007,-012
+007,-012
+007,-012
+007,-012
+009,-012
+009,-012
+009,-012
+009,-012
+009,-012
+009,-012
+009,-013
+009,-013
+009,-013
+009,-013
+009,-013
+009,-013
+009,-013
+009,-013
+009,-013
+009,-013
+009,-013
+009,-013
+009,-013
+009,-013
+009,-013
+009,-013
+009,-013
+009,-013
+009,-013
+009,-013
+009,-013
+009,-010
+009,-010
+009,-010
+009,-010
+009,-010
+011,-010
+011,-010
+011,-010
+011,-010
+011,-010
+011,-010
+011,-010
+011,-007
+011,-007
+011,-007
+011,-007
+011,-007
+011,-007
+011,-007
+011,-007
+011,-007
+011,-007
+011,-007
+011,-007
+011,-004
+011,-004
+011,-005
+011,-005
+011,-005
+011,-005
+011,-005
+011,-005
+011,-005
+011,-005
+011,-005
+011,-005
+011,-005
+011,-002
+011,-002
+011,-002
+011,-002
+011,-002
+009,-002
+009,-002
+009,-002
+009,-002
+009,-002
+009,-002
+009,-002
+007,-002
+007,-002
+007,-002
+007,-002
+005,-002
+005,-002
+005,-002
+003,-002
+003,-002
+003,-001
+003,-000
+001,-000
+001,-000
+001,-000
+001,-000
+001,-000
+001,-000
+001,-000
+003,-000
+003,-000
+003,-000
+003,-000
+005,-000
+005,-000
+005,-000
-006,-000
-006,-000
-007,-000
-008,-000
-009,-003
-009,-002
-010,-002
-010,-002
-010,-002
-011,-002
-011,-002
-011,-002
-011,-002
-011,-002
-011,-002
-011,-002
-011,-002
-012,-002
-012,-002
-012,-002
-012,-002
-012,-002
-012,-002
-012,-002
-012,-002
-012,-002
-012,-002
-012,-002
-012,-002
-012,-002
-012,-002
-012,-002
-012,-002
-012,-002
-012,-002
-012,-002
-012,-002
-012,-002
-012,-002
-012,-002
-012,-002
-012,-002
-012,-002
-012,-002
-012,-002
-012,-002
-012,-002
-012,-002
-012,-002
-012,-002
-012,-002
-012,-002
-009,-002
-009,-002
-009,-002
-009,-002
-009,-002
-009,-002
-009,-002
-009,-002
-009,-002
-006,-001
-006,-001
-006,-001
-006,-001
-006,-001
+004,-001
+004,-001
+004,-001
+004,-001
+002,-001
+002,-001
+002,-001
+002,-001
+000,-001
+000,-001
+000,-001
+000,-001
+000,-001
+002,-001
+002,-001
+002,-001
+002,-001
+002,-001
+004,-001
+004,-001
+004,-001
+004,-001
+004,-001
+006,-001
+006,-001
+006,-001
+006,-000
+006,-000
+006,-000
+006,-000
+006,-000
+006,-000
+008,-000
+008,-000
+008,-000
+008,-000
+008,-000
+008,-000
+008,-001
+008,-001
+008,-001
+008,-001
+008,-001
+008,-001
+008,-001
+008,-001
+008,-001
+008,-001
+008,-001
+008,-002
+008,-002
+008,-002
+008,-002
+008,-002
+008,-002
+008,-002
+008,-002
+008,-002
+008,-002
+010,-002
+010,-002
+010,-002
+010,-002
+010,-002
+010,-002
+010,-002
+010,-002
+010,-002
+010,-002
+010,-002
+010,-002
+010,-002
+010,-002
+010,-002
+010,-002
+010,-002
+010,-002
+010,-002
+010,-002
+010,-002
+010,-002
+010,-001
+010,-000
+010,-000
+010,-000
+010,-000
+010,-000
+010,-000
+010,-000
+010,-000
+010,-003
+010,-003
+010,-003
+010,-003
+010,-003
+010,-003
+010,-003
+010,-003
+010,-003
+010,-003
+008,-003
+008,-003
+008,-003
+008,-003
+008,-003
+008,-003
+008,-003
+008,-003
+008,-003
+008,-003
+008,-003
+008,-003
+008,-003
+008,-003
+006,-006
+006,-006
+006,-006
+006,-006
+006,-006
+006,-006
+006,-006
+006,-006
+006,-006
+006,-006
+006,-006
+006,-006
+006,-009
+006,-009
+006,-009
+006,-009
+006,-009
+006,-009
+006,-009
+006,-009
+006,-009
+006,-009
+006,-009
+006,-009
+006,-009
+006,-009
+006,-009
+006,-009
+006,-009
+006,-009
+006,-009
+006,-009
+006,-009
+006,-009
+006,-009
+006,-009
+006,-009
+006,-009
+006,-009
+006,-009
+006,-009
+006,-009
+006,-009
+006,-009
+006,-009
+006,-009
+006,-008
+006,-008
+004,-008
+004,-008
+004,-008
+004,-008
+004,-007
+004,-007
+004,-007
+004,-007
+004,-007
+004,-007
+004,-006
+004,-006
+004,-006
+004,-006
+004,-006
+004,-006
+002,-006
+002,-006
+002,-006
+002,-006
+002,-006
+002,-006
+002,-006
+002,-006
+002,-006
+002,-006
+002,-006
+002,-005
+002,-005
+002,-005
+002,-005
+002,-005
+002,-005
+002,-005
+002,-005
+002,-005
+002,-005
+002,-005
+002,-005
+002,-004
+002,-004
+002,-004
+002,-004
+002,-004
+002,-004
+002,-004
+002,-004
+002,-004
+002,-004
+002,-004
+002,-004
+002,-004
+002,-004
+002,-004
+002,-004
+002,-004
+002,-004
+002,-004
+002,-004
+002,-004
+002,-004
+002,-004
+002,-004
+002,-004
+002,-004
+002,-004
+002,-004
+002,-004
+002,-004
+002,-004
+002,-004
+002,-004
+002,-004
+002,-004
+004,-004
+004,-004
+004,-004
+004,-004
+004,-004
+004,-004
+004,-004
+004,-004
+004,-004
+004,-004
+004,-004
+004,-004
+004,-004
+004,-003
+004,-003
+004,-003
+004,-003
+004,-003
+004,-003
+004,-002
+004,-002
+004,-002
+004,-002
+004,-002
+004,-002
+004,-002
+004,-002
+004,-002
+004,-002
+004,-002
+004,-001
+004,-001
+004,-001
+004,-001
+004,-001
+004,-001
+004,-001
+004,-000
+004,-000
+004,-000
+004,-000
+004,-000
+004,-000
+004,-001
+004,-001
+004,-001
+004,-001
+006,-001
+006,-001
+006,-001
+006,-002
+006,-002
+006,-002
+006,-002
+006,-002
+006,-002
+006,-002
+006,-002
+006,-002
+006,-002
+006,-002
+004,-002
+004,-002
+004,-002
+004,-002
+004,-002
+004,-002
+004,-002
+004,-002
+004,-002
+004,-002
+004,-002
+004,-002
+004,-002
+004,-002
+004,-002
+004,-002
+004,-002
+004,-002
+004,-002
+004,-002
+002,-002
+002,-002
+002,-002
+002,-002
+002,-002
+002,-002
+002,-002
+002,-002
+002,-002
+002,-002
+000,-002
+000,-002
+000,-002
+000,-002
+000,-002
+000,-002
+000,-002
+002,-002
+002,-002
+002,-002
+002,-002
+002,-002
+002,-002
+002,-002
+004,-002
+004,-002
+004,-002
+004,-002
+004,-002
+004,-002
+004,-002
+004,-002
+004,-002
+004,-002
+004,-002
+005,-002
+005,-002
+005,-002
+005,-002
+005,-002
-006,-002
-006,-002
-006,-003
-006,-003
-006,-003
-006,-003
-006,-003
-006,-003
-006,-003
-006,-003
-006,-003
-007,-003
-007,-003
-007,-003
-007,-003
-007,-003
-007,-003
-008,-003
-008,-003
-008,-004
-008,-004
-008,-004
-008,-004
-008,-004
-009,-004
-009,-004
-009,-004
-009,-004
-009,-004
-009,-004
-009,-004
-009,-004
-009,-004
-009,-004
-009,-004
-009,-004
-009,-004
-009,-004
-009,-004
-009,-004
-009,-004
-009,-004
-009,-004
-009,-004
-009,-004
-010,-004
-010,-004
-010,-004
-010,-001
-011,-001
-011,-001
-011,-001
-011,-001
-011,-001
-011,-001
-011,-001
-011,-001
-011,-001
-012,-001
-012,-001
-012,-001
-012,-001
-012,-001
-012,-001
-012,-001
-012,-002
-012,-002
-012,-002
-012,-002
-012,-002
-012,-002
-012,-002
-012,-001
-012,-001
-012,-001
-012,-001
-012,-001
-012,-001
-012,-001
-012,-000
-012,-000
-012,-000
-012,-000
-012,-000
-012,-000
-012,-000
-012,-000
-012,-000
-012,-000
-012,-000
-012,-000
-012,-000
-012,-000
-012,-000
-012,-000
-012,-000
-012,-000
-012,-000
-012,-000
-012,-000
-012,-000
-012,-000
-012,-000
-012,-000
-013,-000
-013,-000
-013,-000
-013,-000
-013,-000
-013,-000
-013,-000
-013,-000
-013,-000
-013,-000
-013,-000
-013,-001
-013,-001
-010,-002
-010,-002
-010,-003
-010,-003
-010,-003
-010,-003
-010,-003
-010,-003
-010,-003
-010,-003
-010,-003
-010,-003
-007,-003
-008,-003
-008,-003
-008,-004
-008,-004
-008,-004
-008,-004
-008,-004
-008,-004
-008,-004
-008,-004
-008,-004
-008,-004
-008,-004
-008,-004
-008,-004
-008,-004
-008,-004
+005,-004
-006,-004
-006,-004
-006,-004
-006,-004
-006,-004
-006,-004
-006,-004
-006,-004
-006,-004
-006,-004
-006,-004
-006,-004
-006,-004
-006,-001
-006,-001
-006,-002
-006,-002
-006,-002
-006,-002
-006,-002
-006,-002
-006,-002
-006,-002
-006,-002
-006,-002
-006,-002
-006,-002
-006,-002
-006,-002
-006,-002
-006,-002
-006,-002
-006,-002
-006,-002
-006,-002
-006,-002
-006,-002
-006,-002
-006,-002
-006,-002
-006,-002
-006,-002
-006,-002
-006,-002
-006,-002
-006,-002
-006,-001
-006,-001
-006,-001
-006,-001
-006,-001
-006,-001
-006,-001
-006,-001
-006,-001
-007,-004
-007,-004
-008,-004
-008,-004
-008,-004
-008,-004
-008,-004
-008,-004
-008,-004
-008,-004
-008,-004
-008,-004
-008,-004
-008,-004
-008,-004
-009,-004
-009,-004
-009,-004
-009,-004
-009,-004
-009,-004
-009,-004
-009,-004
-009,-004
-009,-004
-009,-004
-009,-004
-009,-004
-009,-004
-010,-004
-010,-004
-010,-004
-010,-004
-010,-004
-010,-004
-010,-004
-010,-004
-010,-004
-010,-004
-010,-004
-010,-004
-010,-004
-010,-004
-010,-004
-010,-004
-010,-004
-010,-004
-010,-004
-010,-004
-010,-004
-010,-004
-010,-004
-010,-004
-010,-004
-010,-004
-010,-004
-010,-004
-010,-004
-010,-004
-010,-004
-010,-004
-010,-004
-010,-004
-010,-004
-010,-004
-010,-004
-010,-004
-010,-004
-010,-004
-007,-004
-008,-004
-008,-004
-008,-004
-008,-004
-008,-004
-008,-004
-008,-004
-008,-004
-008,-004
-008,-004
-008,-004
-008,-004
-008,-004
-008,-004
-008,-004
-008,-004
-008,-004
-008,-004
-008,-004
-008,-004
-008,-004
-008,-004
-008,-004
-008,-004
-008,-004
-008,-004
-008,-004
-008,-004
-008,-004
-008,-004
-008,-004
-008,-004
-008,-004
-008,-004
-008,-004
-008,-004
-008,-004
-008,-004
-008,-004
-008,-004
-008,-004
-008,-004
-008,-004
-008,-004
-008,-004
-008,-004
-008,-004
-008,-004
-008,-004
-008,-004
-008,-004
-008,-004
-008,-004
-008,-004
-009,-004
-009,-004
-009,-004
-009,-004
-009,-004
-009,-004
-009,-004
-009,-004
-009,-004
-009,-004
-009,-004
-009,-004
-009,-004
-009,-004
-010,-004
-010,-004
-010,-004
-010,-004
-010,-004
-010,-004
-010,-004
-010,-004
-010,-004
-010,-004
-010,-004
-010,-004
-010,-004
-010,-004
-010,-004
-010,-004
-010,-004
-010,-004
-010,-004
-010,-004
-010,-004
-010,-004
-010,-004
-010,-004
-010,-004
-010,-004
-010,-004
-010,-004
-010,-004
-010,-004
-010,-004
-010,-004
-010,-004
-010,-004
-010,-004
-007,-004
-007,-004
-008,-004
-008,-004
-008,-004
-008,-004
-008,-004
-008,-004
+005,-004
+005,-004
+005,-004
+005,-004
+005,-004
+005,-004
+005,-004
+003,-004
+003,-004
+003,-004
+003,-004
+003,-004
+003,-004
+003,-004
+003,-004
+003,-003
+003,-003
+003,-003
+003,-003
+003,-003
+003,-003
+001,-003
+001,-003
+001,-003
+001,-003
+001,-003
+001,-003
+001,-003
+001,-003
+001,-003
+001,-003
+001,-003
+001,-003
+001,-003
+001,-003
+001,-003
+001,-003
+001,-003
+001,-003
+001,-003
+001,-003
+001,-003
+001,-003
+001,-003
+001,-003
+001,-003
+001,-003
+001,-003
+001,-003
+001,-003
+001,-003
+001,-003
+001,-003
+001,-003
+001,-003
+001,-003
+001,-003
+001,-003
+001,-003
+003,-003
+003,-003
+003,-003
+003,-003
+003,-003
+003,-003
+003,-003
+003,-003
+003,-003
+005,-003
+005,-003
+005,-003
+005,-003
-007,-003
-007,-006
-008,-006
-008,-006
-008,-006
-008,-006
-008,-005
-008,-005
-009,-005
-009,-005
-009,-005
-009,-004
-009,-004
-009,-004
-009,-004
-010,-004
-010,-004
-010,-004
-010,-004
-010,-004
-010,-004
-010,-004
-011,-004
-011,-004
-011,-004
-011,-004
-011,-004
-011,-003
-011,-003
-011,-003
-011,-003
-011,-003
-011,-003
-011,-003
-011,-002
-011,-002
-011,-002
-011,-002
-012,-002
-012,-002
-012,-002
-012,-002
-012,-002
-012,-002
-012,-002
-012,-002
-012,-002
-012,-002
-012,-002
-012,-002
-012,-002
-012,-002
-012,-002
-012,-002
-012,-002
-012,-002
-012,-002
-012,-002
-012,-002
-012,-002
-012,-002
-012,-002
-012,-002
-012,-002
-012,-002
-012,-002
-012,-002
-012,-002
-012,-002
-012,-002
-012,-002
-012,-002
-012,-002
-012,-002
-012,-002
-012,-002
-012,-002
-012,-002
-012,-002
-012,-002
-012,-002
-012,-002
-012,-002
-012,-002
-012,-002
-012,-002
-012,-002
-012,-002
-012,-002
-012,-002
-012,-002
-012,-002
-012,-002
-009,-002
-009,-002
-010,-002
-010,-002
-010,-002
-010,-002
-010,-002
-010,-002
-010,-002
-010,-002
-010,-002
-010,-002
-010,-002
-010,-002
-010,-002
-010,-002
-010,-002
-010,-002
-010,-002
-010,-002
-010,-002
-010,-002
-010,-002
-010,-002
-010,-002
-010,-002
-010,-002
-010,-002
-010,-002
-010,-002
-010,-002
-010,-002
-010,-002
-010,-002
-010,-002
-007,-002
-007,-002
-008,-002
-008,-002
-008,-002
-008,-002
-008,-002
-008,-002
-008,-002
-008,-002
-008,-002
-008,-001
-008,-001
-008,-001
-008,-001
-008,-001
-008,-001
-008,-001
-008,-001
-008,-001
-008,-001
+005,-000
-006,-000
-006,-000
-006,-000
-006,-000
-006,-000
-006,-000
-006,-000
-006,-000
-006,-000
-006,-000
-006,-000
-006,-000
-006,-000
-006,-000
-006,-000
-006,-000
-006,-000
-006,-000
-006,-000
-006,-000
-006,-000
-006,-000
-006,-000
-006,-000
-006,-003
-006,-003
-006,-003
-006,-003
+004,-003
+004,-003
+004,-003
+004,-003
+004,-003
+004,-003
+004,-003
+004,-003
+004,-003
+004,-003
+004,-003
+004,-003
+004,-003
+004,-003
+004,-003
+004,-003
+004,-003
+004,-003
+004,-003
+002,-003
+002,-003
+002,-003
+002,-003
+002,-003
+002,-003
+002,-003
+002,-003
+002,-003
+002,-003
+002,-003
+002,-003
+002,-003
+002,-003
+002,-003
+000,-003
+000,-003
+000,-003
+000,-003
+000,-003
+000,-003
+000,-003
+000,-003
+000,-003
+000,-003
+000,-003
+000,-003
+000,-003
+000,-003
+000,-003
+000,-003
+000,-003
+000,-003
+000,-003
+000,-003
+000,-003
+000,-003
+000,-003
+000,-003
+000,-003
+000,-003
+000,-003
+000,-003
+000,-003
+000,-003
+000,-003
+000,-003
+000,-003
+000,-003
+000,-003
+000,-002
+000,-002
+000,-002
+000,-001
+000,-001
+000,-001
+000,-001
+000,-001
+000,-001
+000,-001
+000,-001
+000,-001
+002,-001
+002,-001
+002,-001
+002,-001
+002,-001
+002,-001
+002,-000
+002,-000
+002,-000
+002,-000
+002,-000
+002,-000
+002,-000
+002,-000
+002,-000
+002,-000
+002,-000
+002,-000
+002,-000
+002,-000
+002,-000
+002,-000
+002,-000
+002,-000
+002,-000
+002,-000
+002,-001
+002,-001
+002,-001
+002,-001
+002,-001
+002,-001
+002,-001
+002,-001
+002,-001
+002,-001
+002,-001
+002,-001
+002,-001
+002,-001
+000,-001
+000,-001
+000,-001
+000,-001
+000,-001
+000,-001
+000,-001
+000,-001
+000,-001
+000,-001
+000,-001
+002,-001
+002,-001
+002,-001
+002,-001
+002,-001
+002,-001
+002,-001
+002,-001
+004,-001
+004,-001
+004,-001
+004,-001
+004,-001
+004,-001
+004,-001
+004,-001
+004,-001
+004,-001
+006,-001
+006,-001
+006,-001
+006,-001
+006,-001
+006,-001
+006,-001
+006,-001
+006,-001
+006,-001
+006,-001
+008,-001
+008,-001
+008,-001
+008,-001
+008,-001
+008,-002
+008,-002
+008,-002
+008,-002
+008,-002
+008,-002
+008,-002
+008,-002
+008,-002
+008,-002
+010,-002
+010,-002
+010,-002
+010,-002
+010,-002
+010,-002
+010,-003
+010,-003
+010,-003
+010,-003
+010,-003
+010,-003
+010,-003
+010,-003
+010,-003
+010,-003
+010,-003
+010,-003
+010,-003
+010,-003
+010,-003
+010,-003
+010,-003
+010,-003
+010,-003
+010,-003
+010,-003
+010,-003
+010,-003
+010,-003
+010,-003
+010,-003
+010,-003
+010,-003
+010,-003
+010,-003
+010,-003
+010,-003
+010,-003
+010,-003
+010,-003
+010,-003
+010,-003
+008,-003
+008,-003
+008,-003
+008,-003
+008,-003
+008,-003
+008,-003
+008,-003
+008,-003
+008,-003
+008,-003
+006,-003
+006,-003
+006,-003
+006,-003
+006,-003
+006,-003
+006,-003
+006,-003
+006,-003
+006,-003
+006,-003
+006,-003
+004,-003
+004,-003
+004,-003
+004,-003
+004,-003
+004,-003
+004,-003
+004,-003
+004,-003
+004,-003
+004,-004
+002,-004
+002,-004
+002,-004
+002,-004
+002,-004
+002,-004
+002,-004
+002,-005
+002,-005
+002,-005
+002,-005
+002,-005
+002,-005
+002,-006
+002,-006
+002,-006
+002,-006
+002,-007
+002,-007
+002,-007
+002,-008
+002,-008
+002,-008
+002,-008
+002,-008
+002,-008
+002,-008
+002,-008
+002,-008
+002,-008
+002,-009
+002,-009
+002,-009
+002,-009
+002,-009
+002,-009
+002,-009
+002,-009
+002,-009
+002,-009
+002,-009
+002,-009
+002,-009
+002,-009
+002,-009
+004,-010
+004,-010
+004,-010
+004,-010
+004,-010
+004,-010
+004,-010
+004,-011
+004,-011
+004,-011
+004,-011
+004,-012
+004,-012
+004,-012
+004,-012
+004,-012
+004,-012
+006,-012
+006,-012
+006,-012
+006,-012
+006,-012
+006,-012
+006,-013
+006,-013
+006,-013
+006,-013
+006,-013
+006,-013
+006,-013
+006,-013
+006,-013
+006,-013
+006,-013
+006,-013
+004,-013
+004,-013
+004,-013
+004,-013
+004,-013
+004,-013
+004,-013
+004,-013
+004,-013
+004,-013
+002,-013
+002,-013
+002,-013
+002,-013
+002,-013
+000,-013
+000,-013
+000,-013
+000,-013
+000,-013
+000,-013
+000,-013
+000,-013
+000,-013
+002,-013
+002,-013
+002,-013
+002,-013
+004,-013
+004,-013
+004,-013
+004,-013
+004,-013
+004,-013
+004,-013
+004,-013
+004,-013
+005,-013
+005,-013
+005,-013
+005,-013
-006,-013
-006,-010
-006,-010
-007,-010
-007,-010
-007,-010
-007,-010
-007,-010
-008,-010
-008,-010
-008,-010
-008,-010
-008,-010
-009,-007
-009,-007
-009,-007
-009,-007
-009,-007
-009,-007
-009,-007
-009,-007
-009,-007
-009,-007
-009,-007
-009,-007
-009,-007
-009,-007
-009,-007
-009,-007
-009,-007
-009,-007
-009,-007
-009,-007
-009,-008
-009,-008
-009,-008
-009,-008
-009,-008
-009,-008
-009,-008
-009,-008
-009,-009
-009,-009
-009,-009
-009,-009
-009,-010
-006,-010
-006,-010
-006,-010
-006,-010
-006,-010
-006,-010
-006,-010
-006,-010
-006,-010
-006,-010
-006,-010
-006,-010
+004,-010
+004,-011
+004,-011
+004,-011
+004,-011
+002,-011
+002,-011
+002,-011
COP Area(S): 000124
COP Area(R): 000200