+000,+000
+001,+000
+001,+000
+001,+000
+001,+000
+001,+000
+001,+000
+001,+002
+001,+002
+001,+002
+001,+002
+001,+002
+003,+002
+003,+002
+003,+004
+003,+004
+003,+004
+003,+004
+003,+004
+003,+004
+005,+004
+005,+004
+005,+002
+005,+002
+005,+002
+005,+002
+005,+000
+005,+000
+005,+000
+007,+000
+007,+000
+007,+000
+007,+000
+007,+000
+007,+000
+007,+000
+007,+000
+007,+000
+007,+000
+007,+000
+007,+000
+007,+000
+007,+002
+007,+002
+007,+002
+007,+002
+007,+004
+005,+004
+005,+004
+005,+004
+005,+004
+005,+004
+005,+004
+005,+004
+005,+001
+005,+001
+005,+001
+005,+001
+005,+002
+005,+002
+005,+002
+005,+004
+005,+004
+005,+004
+005,+004
+005,+004
+005,+004
+005,+004
+005,+004
+005,+004
+005,+006
+005,+006
+003,+006
+003,+006
+003,+006
+003,+006
+003,+006
+003,+006
+003,+006
+003,+006
+003,+006
+003,+004
+003,+004
+003,+004
+003,+004
+003,+004
+003,+004
+001,+004
+001,+002
+001,+002
+001,+002
+001,+002
+001,+000
+001,+000
+001,+000
+001,+000
+001,+000
+001,+000
+001,+000
+001,+002
+001,+002
+001,+002
+001,+002
+001,+002
+001,+002
+001,+002
+001,+002
+001,+002
+001,+002
+001,+002
+001,+002
+001,+002
+001,+000
+001,+000
+001,+000
+001,+000
+001,+000
+001,+000
+001,+002
+001,+002
+001,+002
+001,+002
+001,+002
+001,+000
+001,+000
+001,+000
+001,+000
+001,+000
+001,+000
+001,+002
+001,+002
+001,+002
+001,+002
+001,+002
+001,+002
+001,+002
+001,+002
+001,+002
+001,+002
+001,+002
+001,+002
+001,+002
+001,+002
+001,+002
+001,+002
+001,+002
+001,+002
+001,+002
+001,+002
+001,+002
+001,+002
+001,+000
+001,+000
+001,+000
+001,+002
+001,+002
+001,+002
+001,+002
+001,+004
+001,+004
+001,+004
+001,+004
+001,+004
+001,+004
+001,+004
+001,+004
+001,+006
+001,+006
+003,+006
+003,+006
+003,+006
+003,+006
+003,+006
+003,+006
+003,+006
+003,+006
+003,+008
+003,+008
+003,+008
+003,+008
+005,+008
+005,+008
+005,+008
+005,+008
+007,+006
+007,+006
+007,+006
+007,+004
+010,+004
+010,+004
+010,+004
-013,+004
-014,+004
-014,+004
-015,+004
-015,+004
-015,+004
-015,+004
-016,+002
-016,+002
-016,+002
-016,+002
-016,+002
-016,+002
-017,+002
-017,+004
-017,+004
-017,+004
-017,+004
-017,+004
-017,+006
-017,+006
-017,+006
-017,+006
-017,+008
-017,+008
-017,+008
-017,+008
-017,+008
-017,+008
-017,+008
-017,+008
-017,+006
-017,+006
-017,+006
-017,+006
-017,+006
-017,+006
-017,+006
-017,+004
-017,+004
-017,+004
-017,+004
-014,+004
-014,+004
-014,+004
-014,+004
-014,+002
-014,+002
+010,+002
+010,+000
+010,+000
+010,+000
+010,+000
+010,+000
+010,+000
+010,+000
+010,+000
+008,+000
+008,+000
+008,+002
+006,+002
+006,+002
+006,+002
+006,+004
+006,+004
+004,+004
+004,+004
+004,+006
+004,+006
+004,+006
+004,+006
+004,+006
+002,+006
+002,+006
+002,+006
+002,+006
+002,+006
+002,+006
+002,+008
+002,+008
+002,+008
+002,+008
+002,+008
+002,+008
+002,+010
+002,+010
+002,+010
+002,+010
+002,+010
+002,+010
+002,+010
+002,+010
+002,+010
+000,+010
+000,+012
+000,+012
+000,+012
+000,+012
+002,+012
+002,+014
+002,+014
+002,+014
+002,+014
+002,+016
+002,+016
+002,+016
+002,+016
+000,+018
+002,+018
+002,+018
+001,+018
+001,+018
+001,+018
+002,+018
+002,+018
+000,+018
+003,+018
+005,+018
+005,+018
+005,+018
+005,+018
+005,+018
+007,+016
+007,+016
+007,+016
+009,+016
+009,+014
+009,+014
+009,+014
+010,+014
+010,+014
+010,+014
+010,+014
+010,+014
+010,+014
+010,+014
-011,+014
-011,+014
-011,+014
-011,+014
-011,+014
-011,+014
-011,+014
-011,+014
-011,+016
-011,+016
-011,+016
-011,+016
-011,+016
-011,+016
+009,+016
+009,+016
+009,+016
+009,+016
+009,+016
+009,+016
+007,+016
+007,+016
+007,+016
+007,+014
+007,+014
+007,+014
+007,+014
+007,+014
+007,+014
+005,+014
+005,+014
+005,+014
+005,+014
+005,+014
+005,+014
+005,+014
+003,+014
+003,+014
+003,+014
+003,+014
+003,+014
+003,+016
+003,+016
+003,+016
+003,+016
+003,+018
+003,+018
+003,+018
+003,+018
+003,+018
+003,+020
+003,+020
+003,+020
+005,+020
+005,+020
+005,+020
+005,+020
+007,+020
+007,+020
+007,+020
+007,+020
+007,+020
+009,+020
+009,+020
+009,+020
+009,+020
+009,+020
+009,+022
+010,+022
+010,+022
+010,+022
+010,+022
+010,+022
+010,+024
-011,+024
-011,+024
-011,+024
-011,+024
-011,+024
-011,+024
-011,+024
-011,+026
-011,+026
-011,+026
-011,+026
-011,+026
-011,+026
-011,+026
-011,+026
-011,+026
-011,+026
-011,+026
-011,+026
-011,+026
-011,+026
-011,+026
-011,+024
-011,+024
-012,+024
-012,+024
-012,+024
-012,+024
-012,+024
-012,+024
-012,+024
-012,+024
-012,+024
-012,+024
-012,+024
-012,+024
-012,+024
-012,+024
-012,+024
-012,+024
-012,+024
-012,+024
-012,+024
-012,+024
+010,+026
+010,+026
+010,+026
+010,+026
+008,+026
+008,+026
+008,+026
+006,+026
+006,+026
+006,+026
+006,+026
+004,+026
+004,+024
+004,+024
+004,+024
+004,+024
+004,+022
+002,+022
+002,+022
+002,+022
+002,+020
+002,+020
+002,+020
+002,+020
+002,+020
+002,+020
+002,+020
+002,+020
+000,+020
+000,+018
+000,+018
+000,+018
+000,+018
+000,+018
+000,+018
+000,+018
+000,+018
+000,+018
+000,+020
+000,+020
+000,+020
+003,+020
+003,+020
+003,+020
+003,+020
+003,+020
+003,+020
+003,+020
+003,+020
+003,+020
+003,+020
+003,+020
+003,+020
+005,+020
+005,+020
+005,+020
+005,+020
+005,+020
+007,+020
+007,+020
+007,+020
+007,+020
+007,+020
+007,+020
+007,+020
+007,+020
+007,+020
+007,+020
+007,+020
+007,+020
+007,+020
+007,+020
+007,+020
+007,+020
+007,+020
+007,+018
+007,+018
+007,+018
+009,+018
+009,+016
+009,+016
+009,+016
+009,+016
+009,+016
+009,+016
+011,+016
+011,+016
+011,+016
+011,+016
+011,+014
+011,+014
+011,+014
+011,+014
+011,+014
+011,+014
+011,+014
+011,+014
+011,+014
+011,+014
+011,+014
+011,+014
+011,+014
+011,+014
+011,+014
+011,+014
+011,+014
+011,+012
+011,+012
+009,+012
+009,+012
+009,+012
+009,+012
+009,+010
+007,+010
+007,+010
+007,+010
+005,+010
+005,+008
+005,+008
+005,+008
+005,+008
+005,+008
+005,+008
+005,+008
+005,+006
+005,+006
+003,+006
+003,+006
+003,+006
+003,+006
+003,+006
+003,+006
+003,+006
+003,+006
+003,+004
+003,+004
+001,+004
+001,+004
+001,+004
+001,+004
+001,+004
+001,+004
+001,+004
+001,+004
+001,+004
+001,+004
+001,+004
+001,+004
+001,+002
+001,+002
+001,+002
+001,+002
+001,+002
+001,+002
+001,+002
+001,+002
+001,+002
+001,+002
+001,+002
+001,+002
+003,+002
+003,+004
+003,+004
+003,+004
+003,+004
+003,+004
+003,+004
+003,+004
+003,+002
+003,+002
+003,+002
+003,+002
+003,+002
+003,+002
+003,+002
+003,+002
+003,+002
+003,+002
+001,+000
+001,+000
+001,+000
+001,+000
+001,+002
+001,+002
+001,+002
+001,+002
+001,+002
+001,+002
+001,+002
+003,+002
+003,+002
+003,+002
+003,+002
+003,+002
+003,+002
+003,+002
+003,+000
+003,+000
+003,+002
+003,+002
+003,+002
+003,+002
+003,+004
+003,+004
+003,+004
+003,+004
+003,+006
+003,+006
+003,+006
+003,+006
+003,+006
+003,+006
+003,+006
+003,+006
+003,+006
+003,+006
+003,+006
+003,+006
+003,+006
+003,+006
+003,+006
+003,+006
+003,+006
+003,+004
+003,+004
+003,+004
+003,+004
+003,+004
+003,+004
+003,+004
+001,+006
+001,+006
+001,+006
+001,+008
+001,+008
+001,+008
+001,+008
+001,+010
+001,+010
+001,+010
+001,+010
+001,+013
+001,+013
+001,+013
+001,+013
+003,+013
+003,+013
+003,+015
+003,+015
+003,+015
+003,+015
+003,+015
+003,+015
+003,+015
+003,+015
+003,+017
+003,+017
+003,+017
+003,+017
+003,+017
+003,+017
+003,+017
+003,+017
+000,+019
+000,+019
+000,+019
+000,+019
+000,+021
+000,+021
+000,+021
+000,+021
+000,+021
+000,+023
+000,+023
+000,+023
+000,+023
+000,+025
+000,+025
+000,+025
+000,+025
+000,+025
+000,+027
+000,+027
+000,+027
+002,+027
+002,+027
+002,+027
+002,+027
+002,+027
+002,+027
+002,+027
+002,+027
+002,+027
+002,+029
+002,+029
+002,+029
+002,+029
+002,+029
+002,+029
+002,+029
+002,+031
+002,+031
+002,+031
+000,+031
+000,+033
+000,+033
+000,+033
+000,+033
+000,+033
+000,+035
+000,+035
+000,+035
+000,+035
+000,+035
+000,+037
+000,+037
+000,+037
+000,+037
+000,+039
+000,+039
+000,+039
+000,+039
+000,+039
+000,+039
+002,+039
+002,+041
+002,+041
+002,+041
+002,+041
+002,+041
+002,+041
+002,+041
+002,+041
+000,+041
+000,+041
+000,+041
+000,+041
+000,+041
+000,+039
+000,+039
+000,+039
+000,+039
+000,+037
+000,+037
+000,+037
+000,+037
+000,+037
+000,+037
+000,+037
+000,+037
+000,+037
+000,+037
+000,+037
+000,+037
+000,+037
+000,+037
+000,+037
+000,+037
+000,+037
+000,+037
+000,+037
+000,+037
+002,+037
+002,+037
+002,+037
+002,+035
+002,+035
+002,+035
+002,+035
+002,+035
+002,+035
+004,+033
+004,+033
+004,+033
+004,+033
+004,+031
+004,+031
+004,+031
+004,+031
+004,+029
+006,+029
+006,+029
+006,+029
+006,+029
+006,+027
+006,+027
+006,+027
+006,+027
+006,+027
+008,+027
+008,+027
+008,+027
+008,+027
+008,+027
+008,+027
+010,+027
+010,+027
+010,+025
+010,+025
-011,+025
-011,+025
-011,+025
-012,+025
-012,+025
-013,+023
-013,+023
-013,+023
-013,+023
-013,+023
-014,+021
-014,+021
-014,+019
-014,+019
-014,+019
-014,+019
-014,+017
-014,+017
-014,+017
-014,+017
-014,+017
-014,+017
-014,+015
-014,+015
-014,+015
-014,+015
-014,+015
-014,+012
-014,+012
-014,+012
-014,+010
-014,+010
-014,+008
-014,+008
-014,+008
-014,+008
-014,+006
-014,+006
-015,+006
-015,+004
-015,+004
-015,+004
-015,+004
-015,+004
-016,+004
-016,+004
-016,+002
-016,+002
-016,+002
-016,+002
-016,+002
-016,+002
-016,+002
-016,+002
-016,+002
-016,+002
-016,+002
-016,+002
-016,+002
-016,+002
-016,+002
-016,+002
-016,+002
-016,+002
-016,+002
-016,+002
-016,+002
-016,+002
-016,+002
-013,+002
-015,+002
-015,+002
-015,+002
-015,+002
-015,+004
-015,+004
-015,+004
-015,+004
-015,+004
-015,+004
-015,+004
-015,+004
-015,+004
-015,+006
-015,+006
-015,+006
-015,+006
-015,+006
-015,+006
-015,+006
-015,+006
-015,+006
-012,+006
-012,+006
-012,+006
-012,+006
+010,+004
-012,+006
-012,+006
+010,+004
-011,+004
-011,+006
-011,+004
-011,+006
-011,+006
-011,+006
-011,+006
-011,+006
-011,+008
-011,+008
-011,+008
-011,+008
-011,+010
-011,+010
-011,+010
-011,+010
-011,+010
-011,+012
-011,+012
-011,+012
-011,+012
-011,+012
-011,+012
-011,+012
-012,+012
-012,+012
-012,+012
-012,+012
-012,+012
-012,+012
-012,+012
-012,+012
-012,+012
-012,+012
-012,+012
-012,+012
-012,+012
-012,+014
-012,+014
+010,+014
+010,+014
+010,+014
+010,+014
+010,+014
+010,+014
+010,+014
+008,+014
+008,+014
+008,+014
+008,+014
+006,+016
+006,+016
+006,+016
+006,+016
+006,+016
+004,+016
+004,+016
+004,+016
+002,+016
+002,+016
+000,+016
+000,+016
+000,+016
+000,+016
+000,+016
+000,+016
+000,+016
+000,+018
+000,+018
+002,+018
+000,+018
+002,+020
+000,+020
+002,+020
+002,+020
+002,+020
+002,+020
+002,+020
+002,+020
+002,+020
+002,+020
+002,+020
+002,+020
+002,+020
+002,+020
+002,+020
+002,+020
+002,+020
+002,+020
+002,+020
+002,+020
+002,+020
+002,+020
+002,+020
+002,+020
+002,+020
+002,+020
+002,+020
+002,+020
+002,+017
+002,+017
+002,+017
+002,+017
+002,+017
+002,+017
+002,+017
+002,+017
+002,+017
+002,+017
+002,+017
+002,+017
+002,+017
+002,+015
+002,+015
+002,+015
+002,+015
+002,+015
+002,+015
+002,+015
+002,+015
+002,+015
+002,+013
+002,+013
+002,+013
+002,+013
+002,+013
+002,+013
+004,+013
+004,+013
+004,+013
+004,+013
+004,+013
+004,+013
+004,+013
+004,+013
+004,+013
+002,+013
+002,+013
+002,+013
+002,+013
+002,+013
+002,+013
+002,+013
+002,+013
+002,+013
+002,+013
+002,+013
+002,+013
+000,+013
+000,+013
+000,+013
+000,+013
+000,+013
+000,+013
+000,+013
+000,+013
+000,+013
+002,+013
+002,+013
+002,+013
+002,+013
+002,+013
+002,+015
+002,+015
+002,+015
+002,+015
+002,+015
+002,+015
+000,+015
+000,+015
+000,+015
+000,+015
+000,+015
+000,+015
+000,+015
+000,+015
+000,+015
+000,+015
+000,+015
+000,+015
+000,+015
+000,+015
+000,+015
+000,+015
+000,+015
+000,+013
+000,+013
+002,+013
+002,+013
+002,+013
+002,+013
+002,+011
+002,+011
+002,+011
+002,+011
+002,+011
+002,+011
+005,+013
+005,+013
+003,+013
+006,+013
+006,+013
+006,+013
+006,+013
+006,+013
+006,+013
+006,+013
+006,+013
+006,+013
+004,+011
+004,+011
+004,+011
+004,+011
+004,+011
+004,+011
+004,+011
+004,+011
+004,+011
+004,+011
+004,+009
+004,+009
+004,+009
+004,+009
+004,+009
+004,+009
+004,+009
+004,+009
+006,+011
+006,+011
+004,+011
+006,+011
+006,+011
+003,+011
+003,+009
+005,+009
+005,+009
+005,+009
+005,+009
+005,+009
+005,+009
+005,+009
+005,+009
+005,+009
+005,+009
+005,+009
+005,+009
+005,+009
+005,+009
+005,+006
+005,+006
+005,+006
+005,+006
+005,+006
+007,+006
+009,+009
+009,+009
+009,+009
+009,+009
+009,+009
+009,+009
+009,+009
+009,+011
+009,+011
+009,+011
+009,+011
+009,+011
+009,+011
+010,+013
+010,+013
+010,+013
-011,+013
-012,+013
-012,+013
-012,+015
-013,+015
-013,+015
-014,+015
-014,+017
-014,+017
-014,+017
-015,+017
-015,+017
-015,+019
-015,+019
-015,+019
-016,+019
-016,+019
-016,+019
-016,+019
-016,+019
-016,+019
-016,+019
-016,+019
-016,+019
-017,+019
-017,+019
-017,+019
-017,+019
-017,+019
-017,+019
-017,+019
-017,+017
-017,+017
-017,+017
-017,+017
-017,+017
-017,+017
-017,+017
-017,+015
-017,+015
-017,+015
-017,+015
-017,+015
-017,+015
-017,+015
-017,+015
-017,+015
-017,+015
-017,+015
-017,+015
-017,+015
-017,+015
-014,+013
-014,+013
-014,+013
-014,+013
-014,+013
-014,+013
-014,+013
-014,+013
-014,+013
-014,+011
-014,+011
-014,+011
-014,+011
-014,+011
-014,+011
-014,+011
-014,+011
-014,+011
-014,+011
-014,+011
-014,+011
-014,+011
-014,+011
-014,+011
-014,+011
-014,+011
-014,+011
-014,+011
-014,+011
-014,+011
-014,+011
-014,+011
-014,+011
-014,+011
-014,+011
-015,+011
-015,+011
-015,+011
-015,+011
-015,+011
-015,+011
-015,+011
-015,+011
-015,+011
-015,+011
-015,+011
-015,+011
-015,+011
-015,+011
-015,+011
-015,+011
-015,+011
-015,+011
-015,+011
-015,+011
-015,+011
-016,+011
-016,+011
-016,+011
-016,+011
-016,+011
-016,+011
-017,+011
-017,+013
-017,+013
-017,+013
-017,+013
-017,+013
-017,+013
-017,+015
-017,+015
-017,+015
-017,+015
-017,+013
-017,+013
-017,+013
-018,+013
-018,+013
-018,+013
-018,+013
-018,+013
-018,+013
-018,+013
-018,+013
-018,+013
-018,+015
-018,+015
-018,+015
-018,+015
-018,+015
-018,+015
-018,+015
-018,+015
-018,+015
-018,+015
-018,+015
-018,+015
-018,+015
-018,+015
-018,+015
-018,+015
-018,+015
-018,+015
-018,+015
-018,+015
-018,+015
-018,+015
-018,+013
-018,+013
-018,+013
-018,+013
-018,+013
-018,+013
-018,+013
-018,+013
-018,+013
-018,+013
-018,+013
-018,+013
-018,+013
-018,+013
-018,+013
-018,+013
-018,+013
-018,+013
-018,+013
-015,+013
-015,+015
-015,+015
-015,+015
-015,+015
-015,+015
-015,+015
-015,+015
-015,+015
-015,+015
-015,+015
-015,+015
-015,+015
-015,+015
-015,+015
-015,+015
-015,+015
-012,+015
-012,+015
-012,+015
-012,+015
-012,+015
-012,+015
-012,+015
-012,+015
-012,+015
-012,+015
-012,+015
-012,+015
-012,+015
-012,+015
-012,+015
-012,+015
-012,+015
-012,+017
-012,+017
-012,+017
-012,+017
-012,+017
-012,+017
-012,+017
-012,+017
-012,+017
-012,+017
-012,+017
-012,+017
-012,+017
-012,+017
-012,+017
-012,+017
-012,+017
-012,+017
-012,+017
-012,+017
-012,+017
-013,+017
-013,+017
-013,+017
-013,+017
-014,+017
-014,+017
-014,+017
-014,+017
-014,+017
-014,+017
-014,+017
-014,+017
-014,+017
-014,+017
-015,+017
-015,+017
-015,+017
-015,+017
-015,+017
-015,+017
-015,+017
-015,+017
-015,+017
-015,+017
-015,+017
-015,+017
-015,+017
-015,+017
-015,+017
-015,+017
-015,+017
-015,+017
-015,+017
-015,+017
-015,+019
-015,+019
-015,+019
-015,+019
-015,+019
-012,+019
-012,+019
-012,+019
-012,+019
-012,+019
-012,+019
-012,+019
-012,+019
-012,+019
-012,+019
-012,+019
-012,+019
+010,+021
+010,+021
+010,+021
+010,+021
+010,+021
+010,+021
+008,+021
+008,+021
+008,+021
+008,+021
+008,+023
+008,+023
+008,+023
+008,+023
+008,+023
+008,+023
+008,+023
+008,+023
+008,+023
+010,+023
+010,+023
+010,+023
+010,+023
+010,+025
+010,+025
+010,+025
-011,+025
-011,+025
-011,+025
-012,+025
-012,+025
-012,+025
-012,+025
-012,+025
-012,+025
-012,+025
-013,+025
-013,+025
-013,+025
-013,+025
-013,+025
-013,+025
-013,+025
-013,+025
-013,+025
-013,+025
-013,+025
-013,+025
-013,+025
-013,+025
-013,+025
-013,+027
-013,+027
-013,+027
-013,+027
-013,+027
-013,+027
-013,+027
-013,+027
-013,+027
-013,+027
-013,+027
-013,+027
-013,+027
-013,+027
-013,+027
-013,+027
-013,+027
-013,+027
+010,+027
+010,+029
+010,+029
+010,+029
+010,+029
+010,+029
+010,+029
+010,+031
+010,+031
+010,+031
+010,+031
+010,+031
+010,+031
+010,+031
+010,+033
+010,+033
+010,+033
+008,+033
+008,+033
+008,+033
+008,+033
+008,+033
+008,+035
+008,+035
+008,+035
+008,+035
+008,+035
+008,+035
+008,+035
+008,+035
+008,+035
+008,+033
+008,+033
+008,+033
+008,+033
+008,+033
+008,+033
+008,+031
+008,+031
+008,+031
+008,+031
+008,+031
+008,+031
+008,+031
+008,+031
+008,+031
+008,+031
+008,+031
+008,+031
+008,+031
+008,+031
+008,+031
+008,+031
+008,+031
+008,+031
+008,+031
+008,+031
+008,+031
+008,+031
+008,+029
+008,+029
+008,+029
+008,+029
+008,+029
+008,+029
+008,+027
+008,+027
+008,+027
+008,+027
+008,+025
+008,+025
+008,+025
+008,+023
+008,+023
+008,+023
+008,+021
+008,+021
+008,+021
+008,+019
+008,+019
+008,+019
+008,+017
+008,+017
+006,+017
+006,+017
+006,+015
+006,+015
+006,+015
+006,+015
+001,+011
+001,+011
+001,+011
+001,+011
+001,+011
+001,+011
+001,+011
+001,+011
+001,+011
+001,+011
+001,+011
+001,+011
+001,+011
+001,+011
+001,+009
+001,+009
+001,+009
+001,+009
+001,+009
+001,+009
+001,+009
+001,+009
+001,+009
+001,+007
+001,+007
+001,+007
+001,+007
+001,+007
+001,+007
+001,+007
+001,+007
+001,+007
+001,+007
+001,+007
+001,+007
+001,+007
+001,+007
+001,+007
+001,+007
+001,+007
+001,+007
+001,+007
+001,+007
+001,+007
+001,+007
+001,+007
+001,+007
+001,+007
+001,+007
+001,+010
+001,+010
+001,+010
+001,+010
+001,+010
+001,+012
+001,+012
+001,+012
+001,+012
+001,+012
+001,+012
+001,+014
+001,+014
+001,+014
+001,+014
+001,+014
+001,+014
+001,+014
+003,+014
+005,+017
+005,+017
+005,+017
+005,+017
+005,+017
+005,+017
+005,+017
+005,+017
+005,+017
+005,+017
+005,+017
+007,+017
+007,+017
+007,+019
+007,+019
+007,+019
+007,+019
+007,+019
+007,+021
+007,+021
+007,+021
+007,+023
+007,+023
+007,+023
+007,+023
+007,+023
+009,+023
+009,+023
+009,+023
+009,+023
+009,+023
+009,+023
+009,+023
+009,+023
+009,+023
+009,+023
+009,+023
+009,+023
+009,+023
+009,+023
+009,+023
+009,+023
+009,+021
+009,+021
+009,+021
+009,+021
+009,+021
+009,+021
+009,+021
+009,+021
+009,+021
+009,+021
+009,+021
+009,+021
+009,+021
+009,+021
+009,+021
+009,+021
+009,+021
+009,+021
+009,+021
+009,+021
+009,+021
+009,+021
+009,+021
+009,+021
+009,+021
+009,+021
+009,+021
+009,+021
+009,+021
+009,+021
+009,+021
+009,+021
+009,+021
+009,+019
+009,+019
+009,+019
+009,+019
+009,+019
+009,+019
+009,+019
+009,+019
+007,+019
+007,+017
+007,+017
+007,+017
+007,+017
+007,+017
+007,+017
+007,+017
+007,+017
+007,+015
+007,+015
+007,+015
+007,+015
+007,+015
+007,+015
+005,+015
+005,+015
+005,+015
+005,+015
+001,+015
+001,+015
+001,+015
+001,+015
+001,+015
+001,+015
+001,+015
+001,+015
+001,+015
+001,+015
+001,+015
+001,+017
+001,+017
+001,+017
+001,+019
+001,+019
+001,+019
+001,+019
+001,+019
+001,+019
+001,+019
+001,+019
+001,+021
+001,+021
+001,+021
+001,+021
+001,+021
+001,+019
+001,+021
+001,+021
+001,+019
+002,+019
+002,+021
+002,+021
+002,+021
+002,+021
+002,+021
+002,+021
+002,+021
+002,+021
+002,+021
+002,+021
+002,+021
+002,+021
+002,+021
+002,+021
+002,+021
+002,+021
+002,+023
+002,+023
+002,+023
+002,+023
+002,+023
+002,+023
+002,+025
+002,+025
+002,+025
+002,+025
+002,+025
+002,+025
+002,+025
+002,+025
+002,+025
+002,+025
+002,+025
+002,+025
+002,+025
+002,+025
+002,+025
+002,+025
+002,+025
+002,+025
+004,+025
+004,+023
+004,+023
+004,+023
+004,+023
+004,+023
+004,+023
+004,+023
+004,+021
+004,+021
+004,+021
+004,+021
+004,+021
+006,+019
+006,+019
+006,+019
+006,+019
+006,+019
+006,+019
+006,+019
+006,+019
+006,+019
+006,+019
+006,+019
+006,+019
+006,+017
+006,+017
+006,+017
+006,+017
+006,+017
+006,+017
+006,+017
+004,+017
+004,+017
+004,+017
+004,+017
+004,+017
+004,+017
+004,+017
+004,+017
+004,+017
+002,+017
+002,+017
+002,+017
+002,+017
+001,+015
+001,+015
+001,+015
+002,+015
+002,+015
+002,+015
+002,+015
+002,+015
+002,+015
+002,+015
+002,+017
+002,+017
+002,+017
+002,+017
+002,+017
+002,+017
+002,+017
+002,+017
+002,+017
+002,+017
+002,+017
+002,+015
+002,+015
+002,+015
+002,+015
+002,+015
+002,+015
+002,+015
+002,+015
+004,+013
+004,+013
+004,+013
+004,+013
+004,+013
+004,+013
+004,+013
+004,+013
+004,+013
+004,+013
+004,+013
+004,+013
+004,+013
+004,+013
+002,+013
+002,+013
+002,+013
+002,+013
+002,+013
+002,+013
+002,+015
+002,+015
+002,+015
+002,+015
+002,+015
+002,+015
+002,+015
+002,+015
+002,+015
+002,+015
+002,+015
+002,+015
+002,+015
+002,+015
+002,+015
+002,+015
+002,+015
+002,+015
+002,+015
+002,+015
+002,+015
+002,+015
+002,+015
+002,+015
+002,+015
+002,+015
+002,+015
+002,+015
+002,+015
+002,+015
+002,+015
+002,+015
+002,+015
+002,+015
+002,+015
+002,+015
+002,+015
+002,+015
+002,+015
+002,+015
+002,+015
+004,+015
+004,+015
+004,+015
+004,+015
+004,+015
+004,+015
+004,+015
+004,+015
+004,+015
+004,+015
+004,+015
+004,+015
+004,+015
+004,+015
+004,+015
+004,+015
+004,+015
+004,+015
+004,+015
+004,+015
+004,+015
+004,+015
+004,+015
+004,+015
+004,+015
+004,+015
+004,+015
+004,+015
+004,+015
+004,+015
+004,+015
+004,+015
+004,+015
+004,+015
+004,+015
+004,+015
+004,+015
+004,+015
+004,+015
+004,+015
+004,+015
+004,+015
+004,+015
+004,+015
+004,+015
+004,+015
+004,+015
+004,+015
+004,+015
+004,+015
+004,+015
+004,+015
+004,+015
+004,+015
+004,+015
+004,+015
+004,+015
+004,+015
+004,+015
+004,+015
+004,+015
+004,+015
+004,+015
+004,+015
+004,+015
+004,+015
+004,+015
+004,+015
+004,+015
+004,+015
+004,+015
+004,+015
+004,+015
+004,+015
+004,+015
+004,+015
+004,+015
+004,+015
+004,+015
+004,+015
+004,+015
+004,+015
+004,+015
+004,+015
+004,+015
+004,+015
+004,+015
+004,+015
+004,+015
+004,+015
+004,+015
+004,+015
+004,+015
+004,+015
+004,+015
+004,+015
+004,+015
+004,+015
+004,+015
+004,+015
+004,+015
+004,+015
+004,+015
+004,+015
+004,+015
+002,+015
+002,+015
+002,+015
+002,+015
+002,+015
+002,+015
+002,+015
+002,+015
+000,+015
+000,+015
+002,+015
+002,+015
+002,+015
+004,+015
+002,+015
+002,+015
+004,+015
+004,+015
+002,+013
+002,+013
+006,+015
+003,+015
+003,+015
+006,+015
+006,+015
+004,+015
+004,+015
+004,+015
+004,+015
+004,+015
+004,+015
+004,+015
+002,+015
+004,+015
+001,+013
+001,+013
+001,+013
+001,+013
+001,+013
+001,+013
+001,+013
+001,+013
+001,+013
+001,+013
+001,+013
+001,+013
+001,+013
+001,+013
+001,+013
+001,+013
+001,+013
+001,+013
+001,+013
+001,+013
+001,+013
+001,+013
+001,+013
+001,+013
+001,+013
+001,+011
+001,+011
+001,+011
+001,+011
+001,+011
+001,+011
+001,+011
+001,+011
+001,+011
+001,+011
+003,+011
+003,+011
+003,+011
+003,+011
+003,+011
+003,+011
+003,+011
+003,+011
+003,+011
+003,+011
+003,+011
+003,+011
+003,+011
+003,+011
+003,+011
+003,+009
+003,+009
+003,+009
+003,+009
+003,+009
+003,+009
+003,+009
+003,+009
+003,+007
+003,+007
+003,+007
+003,+007
+003,+005
+003,+005
+003,+005
+003,+005
+003,+005
+003,+005
+003,+005
+003,+005
+003,+007
+001,+007
+001,+007
+001,+007
+001,+007
+001,+007
+001,+007
+001,+007
+001,+007
+001,+007
+001,+009
+001,+009
+001,+009
+001,+009
+001,+009
+001,+009
+001,+009
+001,+009
+001,+009
+001,+009
+001,+009
+001,+009
+001,+009
+001,+009
+001,+007
+001,+007
+001,+007
+001,+007
+001,+007
+001,+007
+001,+007
+001,+007
+001,+007
+001,+007
+001,+007
+001,+007
+001,+007
+001,+007
+001,+007
+001,+007
+001,+007
+001,+007
+001,+007
+001,+007
+001,+007
+001,+007
+001,+007
+001,+007
+001,+009
+001,+009
+001,+009
+001,+009
+001,+009
+001,+009
+001,+009
+001,+009
+001,+009
+003,+009
+003,+009
+003,+009
+003,+009
+003,+009
+003,+009
+003,+009
+003,+009
+003,+009
+003,+009
+003,+009
+003,+009
+003,+007
+005,+007
+005,+007
+005,+005
+005,+005
+005,+005
+005,+005
+005,+005
+005,+005
+005,+005
+005,+005
+005,+005
+005,+007
+005,+007
+005,+007
+005,+007
+005,+007
+005,+007
+005,+007
+005,+007
+005,+007
+005,+007
+005,+007
+005,+007
+005,+007
+005,+007
+005,+007
+005,+007
+005,+007
+005,+007
+005,+007
+005,+007
+007,+007
+007,+007
+007,+005
+007,+005
+007,+005
+007,+005
+007,+005
+007,+005
+007,+005
+007,+005
+009,+005
+009,+003
+009,+003
+009,+003
+009,+003
+009,+003
+009,+003
+009,+003
+009,+003
+009,+003
+009,+003
+009,+003
+009,+003
+009,+003
+009,+003
+010,+003
+010,+003
+010,+001
+010,+001
+010,+001
+010,+001
-011,+001
-011,+001
-011,+001
-011,+001
-013,+004
+010,+001
-011,+001
-013,+004
-013,+002
+010,+002
-013,+002
-013,+002
+010,+002
-011,+002
-012,+002
-012,+002
-012,+002
-012,+002
-012,+002
+010,+002
-011,+002
-011,+002
-011,+002
+009,+002
+009,+002
+009,+002
+009,+004
+009,+004
+009,+004
+009,+004
+009,+004
+009,+004
+009,+004
+009,+004
+009,+004
+009,+004
+009,+004
+009,+004
+009,+004
+009,+004
+009,+004
+009,+004
+009,+004
+009,+004
+009,+004
+009,+004
+009,+004
+009,+004
+009,+004
+009,+004
+009,+004
+009,+002
+009,+002
+009,+002
+009,+002
+009,+002
+009,+002
+009,+002
+009,+002
+009,+002
+009,+002
+009,+002
+009,+002
+009,+004
+010,+004
+010,+004
+010,+004
-011,+007
-011,+007
-011,+007
-012,+007
-012,+007
-012,+007
-012,+007
-013,+007
-013,+007
-013,+005
-013,+005
-013,+005
-013,+005
-013,+005
-013,+007
-013,+005
-013,+005
-013,+007
-013,+007
-013,+007
-013,+007
-013,+007
+010,+004
-011,+006
-011,+006
+009,+003
+010,+003
-011,+005
-011,+003
-011,+003
-012,+005
-012,+005
-012,+005
-013,+005
-013,+005
-013,+005
-013,+007
-013,+007
-013,+007
-013,+009
-014,+009
-014,+009
-014,+009
-014,+009
-014,+009
-015,+009
-015,+009
-015,+009
-015,+009
-015,+009
-015,+011
-015,+011
-015,+011
-015,+011
-015,+011
-015,+011
-015,+013
-015,+013
-015,+015
-015,+015
-015,+015
-015,+015
-015,+015
-015,+015
-015,+015
-015,+015
-015,+015
-015,+015
-015,+015
-015,+015
-015,+015
-015,+015
-015,+015
-015,+017
-015,+017
-015,+017
-015,+017
-015,+017
-012,+017
-013,+017
-013,+019
-013,+019
-013,+019
-013,+019
-013,+019
-013,+019
-013,+019
-013,+019
-013,+019
-013,+019
-013,+019
+010,+019
+010,+019
+010,+019
+010,+019
+010,+019
+010,+021
+010,+021
+010,+021
+010,+021
+010,+021
+010,+021
+010,+021
+010,+021
+010,+021
+010,+021
+010,+023
+010,+023
+010,+023
+010,+023
+010,+023
+010,+023
+010,+023
+010,+023
+010,+023
+010,+023
+010,+023
+010,+025
+010,+025
+010,+025
+010,+025
+010,+025
+010,+025
+010,+025
+010,+025
+010,+025
+010,+025
+010,+025
+010,+025
+008,+027
+008,+027
+008,+027
+008,+027
+008,+027
+006,+029
+006,+029
+006,+029
+006,+029
+006,+029
+006,+031
+006,+031
+004,+031
+004,+031
+004,+031
+004,+031
+002,+031
+002,+031
+002,+031
+002,+031
+002,+031
+002,+031
+000,+033
+000,+033
+000,+033
+000,+033
+000,+033
+000,+033
+000,+033
+000,+033
+000,+033
+000,+033
+000,+033
+000,+031
+000,+031
+000,+031
+000,+031
+000,+029
+000,+029
+000,+029
+002,+029
+002,+029
+002,+029
+002,+027
+002,+027
+002,+027
+002,+027
+002,+027
+004,+027
+004,+027
+004,+025
+004,+025
+004,+025
+004,+025
+004,+025
+004,+025
+004,+023
+004,+023
+004,+023
+004,+023
+004,+023
+004,+023
+004,+023
+004,+021
+004,+021
+004,+021
+004,+019
+004,+019
+004,+019
+004,+017
+004,+017
+004,+017
+004,+014
+002,+014
+005,+014
+005,+012
+003,+010
+003,+010
+003,+010
+003,+010
+003,+010
+003,+008
+005,+008
+005,+008
+005,+006
+005,+006
+007,+004
+007,+004
+007,+004
+007,+004
+007,+002
+007,+002
+007,+002
+007,+002
+007,+002
+007,+000
+007,+000
+007,+000
+009,+000
+009,+000
+009,+000
+009,+000
+009,+000
+009,+000
+009,+000
+009,+000
+009,+000
+009,+000
+009,+000
+009,+000
+009,+000
+009,+000
+009,+000
+009,+000
+009,+000
+009,+000
+009,+000
+009,+000
+009,+000
+009,+000
+010,+000
+010,+000
-011,+000
-011,+002
-011,+002
-012,+002
-012,+002
-013,+002
-013,+002
-014,+002
-014,+004
-014,+004
-014,+004
-014,+004
-017,+000
-017,+000
-017,+002
-017,+002
-017,+002
-017,+002
-017,+004
-017,+004
-017,+006
-017,+006
-017,+006
-017,+008
-017,+008
-017,+008
-017,+010
-017,+010
-017,+010
-017,+012
-014,+012
-014,+012
-014,+012
-014,+012
-014,+012
-014,+012
-014,+012
-014,+012
-015,+012
-015,+012
-016,+012
-016,+010
-017,+010
-017,+010
-017,+010
-017,+010
-018,+010
-018,+008
-018,+008
-018,+008
-018,+008
-018,+008
-019,+010
-019,+010
-019,+010
-019,+012
-019,+012
-019,+012
-019,+014
-020,+014
-020,+014
-020,+014
-020,+014
-021,+016
-021,+016
-022,+016
-022,+016
-022,+018
-022,+018
-023,+018
-023,+018
-023,+018
-023,+018
-024,+018
-024,+018
-024,+018
-026,+018
-026,+018
-026,+018
-027,+018
-027,+018
-027,+018
-027,+018
-027,+018
-027,+018
-027,+018
-027,+018
-027,+016
-027,+016
-027,+016
-027,+016
-027,+016
-027,+016
-027,+016
-027,+016
-027,+016
-027,+016
-027,+016
-027,+016
-027,+016
-027,+016
-027,+016
-027,+016
-027,+016
-028,+016
-028,+016
-028,+016
-028,+016
-028,+016
-028,+016
-028,+016
-028,+016
-028,+016
-028,+018
-028,+018
-028,+018
-028,+018
-028,+018
-028,+018
-028,+018
-028,+018
-025,+018
-025,+018
-025,+018
-025,+018
-025,+018
-025,+018
-025,+016
-025,+016
-025,+016
-025,+016
-025,+016
-025,+016
-025,+016
-025,+016
-025,+014
-025,+014
-025,+014
-025,+014
-025,+014
-025,+014
-025,+014
-025,+014
-025,+014
-025,+014
-025,+014
-025,+014
-025,+014
-025,+014
-025,+014
-025,+016
-025,+016
-025,+016
-025,+016
-025,+016
-025,+016
-025,+018
-025,+018
-025,+018
-025,+018
-022,+018
-022,+018
-022,+020
-022,+020
-022,+020
-019,+020
-019,+020
-019,+022
-016,+022
-016,+022
-016,+022
-016,+022
-016,+022
-016,+022
-016,+022
-016,+022
-016,+022
-013,+022
-013,+022
-013,+022
-013,+022
-013,+022
-013,+022
-013,+020
-013,+020
-013,+020
-013,+018
-013,+018
-013,+016
-013,+016
-013,+014
-013,+014
-013,+014
-013,+014
-013,+011
-013,+011
-013,+011
-013,+008
-013,+008
-013,+008
-013,+008
-013,+008
-013,+008
-013,+008
-013,+008
-013,+008
+010,+008
+010,+008
+010,+008
+010,+008
+010,+008
+010,+010
+010,+010
+010,+010
+010,+010
+010,+012
+010,+012
+010,+012
+007,+009
+007,+009
+007,+009
+007,+009
+007,+009
+007,+009
+007,+009
+007,+009
+007,+009
+007,+009
+007,+009
+007,+009
+007,+007
+007,+007
+007,+007
+007,+007
+007,+005
+007,+005
+009,+007
+009,+007
+009,+007
+009,+007
+009,+007
+009,+007
+009,+009
+009,+009
+009,+009
+009,+011
+009,+011
+009,+011
+009,+011
+009,+011
+009,+011
+009,+011
+009,+011
+006,+011
+006,+011
+006,+011
+006,+011
+006,+011
+006,+011
+006,+011
+006,+011
+006,+011
+006,+011
+006,+011
+006,+011
+006,+009
+004,+009
+004,+009
+004,+009
+006,+011
+006,+011
+006,+011
+006,+011
+006,+011
+006,+011
+006,+011
+006,+011
+006,+011
+006,+011
+006,+011
+006,+009
+004,+009
+004,+009
+004,+009
+004,+009
+004,+009
+004,+009
+006,+009
+006,+009
+006,+009
+006,+007
+006,+007
+006,+007
+006,+007
+006,+007
+009,+007
+009,+007
+009,+009
+009,+009
+009,+009
+009,+009
+009,+009
+009,+009
+009,+011
+009,+011
+009,+013
+009,+013
+009,+013
+009,+013
+010,+013
+010,+013
+010,+013
+010,+015
+010,+015
+010,+015
+010,+015
-011,+015
-011,+015
-011,+015
-011,+017
-011,+017
-011,+017
-012,+017
-012,+017
-012,+017
-012,+017
-012,+017
-012,+017
-013,+017
-013,+017
-013,+017
-013,+017
-014,+017
-014,+017
-014,+017
-014,+017
-014,+017
-014,+017
-014,+017
-014,+017
-015,+017
-015,+017
-016,+017
-016,+017
-016,+017
-016,+017
-017,+017
-017,+019
-017,+019
-018,+019
-018,+019
-018,+019
-018,+019
-018,+021
-018,+021
-019,+021
-019,+021
-019,+021
-019,+021
-019,+021
-019,+021
-019,+021
-019,+021
-019,+021
-019,+021
-019,+021
-019,+021
-019,+021
-019,+021
-019,+021
-019,+021
-019,+019
-019,+019
-019,+019
-019,+019
-019,+019
-019,+019
-019,+019
-019,+019
-019,+019
-019,+019
-019,+019
-019,+019
-019,+019
-019,+019
-019,+019
-019,+019
-019,+019
-019,+019
-019,+019
-020,+019
-020,+019
-020,+019
-020,+019
-020,+019
-020,+019
-020,+019
-020,+019
-020,+019
-020,+019
-020,+019
-020,+019
-020,+019
-020,+019
-020,+019
-020,+019
-020,+019
-017,+019
-017,+019
-017,+019
-017,+019
-017,+019
-017,+021
-017,+021
-017,+021
-017,+021
-017,+021
-017,+021
-017,+021
-017,+023
-017,+023
-017,+023
-017,+023
-017,+023
-017,+023
-017,+023
-017,+023
-017,+023
-017,+023
-017,+023
-017,+023
-017,+023
-017,+023
-017,+023
-017,+023
-017,+023
-017,+023
-017,+023
-017,+023
-017,+023
-017,+023
-017,+023
-017,+025
-017,+025
-017,+025
-017,+025
-017,+027
-017,+027
-017,+027
-017,+027
-017,+027
-017,+027
-017,+029
-017,+029
-017,+029
-017,+029
-017,+029
-017,+029
-017,+029
-017,+029
-017,+029
-017,+029
-017,+029
-017,+029
-017,+029
-017,+029
-017,+029
-017,+029
-017,+029
-017,+029
-017,+029
-014,+029
-014,+029
-014,+027
-014,+027
-014,+027
-014,+027
-014,+027
-014,+027
-014,+029
-011,+029
-011,+029
-011,+029
-011,+031
-011,+031
-011,+031
-011,+031
+009,+031
+009,+031
+009,+031
+009,+031
+007,+031
+007,+031
+007,+031
+007,+031
+007,+031
+007,+031
+007,+031
+005,+031
+005,+031
+005,+031
+005,+029
+005,+029
+005,+029
+003,+029
+003,+027
+003,+027
+003,+027
+001,+027
+001,+025
+001,+025
+001,+025
+001,+023
+001,+023
+001,+023
+001,+023
+001,+023
+001,+023
+003,+023
+003,+023
+005,+021
+007,+019
+007,+019
+007,+019
+007,+019
+007,+019
+007,+019
+007,+019
+007,+019
+007,+019
+007,+019
+007,+019
+007,+019
+007,+019
+007,+019
+007,+019
+007,+019
+007,+019
+007,+019
+007,+019
+007,+019
+007,+019
+007,+019
+007,+019
+007,+019
+007,+019
+007,+019
+007,+019
+007,+019
+007,+019
+007,+019
+007,+019
+007,+019
+007,+019
+007,+021
+007,+021
+007,+021
+007,+021
+007,+021
+007,+021
+007,+021
+007,+021
+007,+021
+007,+021
+007,+019
+005,+019
+005,+019
+005,+019
+005,+019
+005,+019
+005,+019
+005,+019
+007,+019
+007,+019
+007,+019
+007,+019
+007,+019
+007,+019
+007,+019
+007,+019
+007,+019
+007,+019
+007,+019
+007,+019
+005,+019
+005,+019
+005,+019
+005,+019
+005,+019
+005,+019
+005,+019
+005,+019
+005,+019
+005,+019
+005,+019
+005,+019
+005,+019
+005,+019
+005,+019
+005,+019
+005,+019
+005,+019
+005,+019
+003,+019
+005,+019
+005,+019
+002,+021
+004,+021
+004,+019
+004,+019
+004,+019
+004,+019
+004,+019
+004,+019
+004,+019
+004,+019
+004,+019
+004,+019
+004,+019
+004,+019
+004,+019
+004,+019
+006,+019
+006,+019
+006,+019
+006,+019
+006,+019
+006,+019
+006,+019
+006,+019
+006,+019
+006,+019
+006,+019
+006,+019
+006,+019
+006,+021
+006,+021
+006,+021
+006,+021
+006,+021
+006,+021
+006,+021
+006,+021
+006,+021
+006,+021
+006,+021
+006,+021
+006,+021
+006,+021
+006,+021
+006,+021
+006,+021
+006,+021
+006,+021
+006,+021
+006,+021
+006,+021
+006,+021
+006,+021
+006,+021
+006,+021
+006,+021
+006,+021
+006,+021
+006,+021
+006,+021
+006,+021
+006,+021
+006,+021
+006,+021
+006,+021
+006,+021
+006,+021
+006,+021
+006,+021
+006,+021
+006,+021
+006,+021
+006,+021
+006,+021
+006,+021
+006,+019
+006,+019
+004,+019
+004,+019
+004,+019
+004,+019
+004,+017
+004,+017
+002,+017
+002,+017
+002,+017
+002,+017
+001,+017
+001,+017
+001,+017
+002,+017
+000,+017
+000,+017
+000,+017
+000,+017
+000,+015
+000,+015
+000,+015
+000,+015
+000,+015
+000,+015
+000,+015
+000,+015
+002,+015
+002,+015
+002,+015
+002,+015
+002,+015
+002,+015
+002,+017
+002,+017
+002,+017
+002,+017
+002,+017
+002,+017
+002,+017
+002,+015
+002,+015
+002,+015
+002,+015
+002,+015
+002,+015
+002,+015
+002,+015
+002,+015
+002,+015
+002,+015
+002,+015
+002,+015
+002,+015
+002,+015
+002,+015
+002,+015
+002,+015
+002,+015
+002,+015
+002,+015
+002,+013
+002,+013
+002,+013
+002,+013
+002,+013
+002,+013
+002,+013
+002,+013
+002,+013
+002,+013
+002,+013
+000,+013
+000,+013
+003,+015
+003,+015
+003,+013
+005,+015
+005,+015
+005,+015
+005,+015
+007,+015
+007,+015
+007,+015
+007,+015
+007,+015
+007,+015
+007,+015
+007,+015
+007,+015
+007,+015
+007,+015
+007,+015
+007,+015
+007,+015
+007,+015
+007,+015
+007,+015
+007,+015
+007,+015
+007,+015
+007,+015
+007,+015
+007,+015
+007,+015
+007,+015
+007,+015
+007,+015
+007,+015
+007,+015
+007,+015
+007,+015
+007,+015
+007,+015
+007,+015
+004,+015
+002,+015
+005,+015
+002,+015
+002,+013
+002,+013
+002,+013
+002,+013
+002,+013
+002,+013
+002,+013
+002,+013
+002,+013
+002,+013
+002,+013
+002,+013
+000,+011
+000,+011
+000,+011
+000,+011
+000,+011
+000,+011
+000,+011
+000,+011
+000,+011
+000,+011
+000,+011
+000,+011
+000,+011
+000,+011
+000,+011
+000,+011
+000,+011
+000,+011
+000,+011
+000,+011
+000,+011
+002,+013
+002,+013
+002,+013
+002,+013
+002,+013
+004,+013
+004,+013
+004,+013
+004,+013
+006,+015
+006,+015
+006,+015
+006,+015
+006,+015
+006,+015
+006,+015
+006,+015
+006,+015
+006,+015
+006,+015
+006,+015
+006,+015
+006,+015
+006,+015
+006,+015
+006,+015
+006,+015
+006,+015
+006,+015
+006,+015
+006,+015
+006,+015
+006,+015
+006,+015
+006,+015
+006,+015
+006,+015
+008,+015
+008,+015
+008,+015
+008,+015
+008,+015
+008,+015
+008,+015
+008,+015
+008,+015
+008,+015
+008,+015
+008,+015
+008,+015
+008,+015
+008,+015
+008,+015
+008,+015
+008,+015
+008,+015
+008,+015
+008,+015
+008,+015
+008,+015
+008,+015
+008,+015
+008,+015
+008,+015
+008,+015
+008,+017
+008,+017
+008,+017
+008,+017
+008,+017
+008,+017
+008,+017
+008,+017
+008,+017
+008,+017
+008,+017
+008,+017
+008,+017
+008,+017
+010,+017
+010,+017
+010,+017
+010,+017
+010,+017
+010,+017
-011,+017
-011,+017
-011,+017
-012,+017
-012,+017
-012,+017
-013,+017
-013,+017
-013,+015
-013,+015
-014,+015
-014,+015
-014,+015
-014,+015
-014,+015
-014,+015
-014,+015
-014,+015
-014,+015
-014,+015
-014,+015
-015,+017
-015,+017
-015,+017
-015,+017
-015,+017
-015,+017
-015,+019
-015,+019
-015,+019
-015,+019
-015,+019
-015,+021
-015,+021
-016,+021
-016,+021
-016,+021
-016,+021
-016,+021
-016,+021
-016,+021
-016,+021
-016,+021
-017,+021
-017,+021
-017,+021
-018,+021
-018,+021
-018,+019
-018,+019
-018,+019
-018,+019
-018,+019
-018,+019
-018,+019
-018,+019
-018,+019
-018,+019
-018,+019
-018,+019
-018,+019
-018,+019
-018,+019
-015,+021
-015,+021
-015,+021
-015,+021
-015,+021
-015,+021
-015,+021
-015,+021
-015,+021
-015,+021
-015,+021
-016,+021
-016,+021
-016,+021
-016,+021
-016,+021
-016,+021
-016,+021
-016,+021
-016,+021
-016,+019
-016,+019
-016,+019
-016,+017
-016,+017
-016,+017
-016,+017
-016,+017
-016,+015
-016,+015
-016,+015
-016,+013
-016,+013
-016,+013
-016,+013
-013,+013
-013,+013
-013,+013
-013,+013
-013,+013
-013,+013
-013,+015
+010,+015
-011,+015
-011,+015
-011,+015
-011,+015
-011,+015
-011,+015
-011,+015
-011,+015
-011,+015
+009,+015
+009,+015
+009,+015
+007,+015
+007,+012
+007,+012
+007,+012
+007,+012
+007,+012
+007,+012
+007,+010
+007,+010
+009,+010
+009,+010
+009,+010
+009,+010
+009,+010
+009,+010
+009,+010
+009,+010
+009,+010
+009,+010
+009,+010
+009,+010
+009,+010
+009,+010
+009,+010
+009,+010
+009,+010
+009,+012
+009,+012
+009,+012
+009,+012
+009,+012
+006,+010
+006,+010
+006,+010
+006,+010
+006,+010
+006,+010
+006,+010
+006,+010
+006,+010
+006,+008
+006,+008
+006,+008
+006,+008
+006,+008
+006,+008
+006,+006
+006,+006
+006,+006
+006,+006
+006,+006
+004,+006
+004,+006
+004,+006
+004,+004
+004,+004
+004,+004
+004,+004
+004,+004
+004,+004
+004,+004
+004,+004
+004,+004
+004,+006
+004,+006
+004,+006
+004,+006
+004,+006
+004,+006
+004,+006
+004,+006
+004,+006
+004,+006
+002,+006
+002,+006
+002,+006
+002,+006
+002,+006
+002,+006
+002,+006
+002,+004
+002,+004
+002,+004
+002,+004
+002,+004
+002,+004
+002,+004
+002,+006
+002,+006
+002,+006
+002,+006
+002,+006
+004,+006
+004,+006
+004,+006
+004,+006
+004,+008
+004,+008
+004,+008
+006,+008
+006,+008
+006,+008
+006,+008
+006,+008
+006,+008
+006,+008
+006,+008
+006,+008
+006,+008
+006,+008
+006,+008
+006,+008
+006,+006
+006,+006
+006,+006
+008,+006
+010,+008
+010,+008
+010,+008
+010,+008
+010,+008
+010,+008
+010,+008
+010,+008
+010,+008
+010,+010
+010,+010
+010,+010
+010,+012
+010,+012
+010,+012
+010,+012
+010,+012
+010,+012
+010,+012
+010,+014
+010,+014
+010,+014
+010,+014
+010,+014
+008,+014
+008,+012
+010,+012
+010,+012
+007,+012
+010,+012
+010,+012
+010,+012
+010,+012
+010,+012
+010,+012
+010,+009
+010,+009
+010,+009
+010,+009
+010,+009
+010,+009
+010,+009
+010,+009
+010,+009
+010,+009
+008,+009
+008,+011
+008,+011
+008,+013
+008,+013
+008,+013
+008,+013
+008,+015
+008,+015
+006,+015
+006,+017
+006,+017
+006,+017
+006,+017
+006,+017
+006,+017
+003,+017
+003,+017
+003,+017
+003,+017
+003,+017
+003,+017
+003,+017
+003,+015
+005,+017
+005,+017
+005,+017
+005,+017
+005,+017
+005,+017
+005,+017
+005,+017
+005,+017
+005,+017
+005,+017
+005,+017
+005,+017
+005,+017
+005,+017
+003,+015
+001,+015
+004,+015
+002,+015
+000,+015
+002,+015
+002,+015
+000,+015
+000,+015
+003,+015
+001,+015
+001,+015
+003,+015
+003,+015
+003,+015
+003,+015
+005,+015
+003,+015
+005,+015
+005,+015
+005,+015
+007,+015
+007,+015
+007,+015
+007,+015
+007,+015
+007,+015
+007,+015
+007,+015
+007,+015
+007,+015
+007,+015
+007,+015
+007,+015
+007,+015
+007,+015
+007,+017
+005,+017
+005,+017
+005,+017
+005,+017
+005,+019
+005,+019
+005,+019
+005,+019
+005,+019
+005,+021
+005,+021
+005,+021
+005,+021
+005,+021
+005,+021
+005,+021
+005,+021
+001,+018
+001,+018
+001,+018
+001,+018
+001,+018
+001,+018
+001,+016
+001,+016
+006,+016
+006,+016
+006,+016
+006,+016
+006,+016
+006,+016
+006,+016
+006,+016
+006,+016
COP Area(S): 000463
COP Area(R): 000877