+000,-000
+001,-000
+001,-000
+001,-000
+001,-000
+001,-000
+001,-000
+001,-000
+001,-000
+001,-000
+001,-000
+001,-000
+001,-000
+001,-000
+001,-000
+001,-000
+001,-000
+001,-000
+001,-000
+001,-000
+001,-000
+001,-000
+001,-000
+001,-000
+001,-000
+001,-000
+001,-000
+001,-000
+001,-000
+001,-000
+001,-000
+001,-000
+001,-000
+001,-000
+001,-000
+001,-000
+001,-000
+001,-000
+001,-000
+001,-000
+001,-000
+001,-000
+001,-000
+001,-000
+001,-000
+001,-000
+001,-000
+001,-000
+001,-000
+001,-000
+001,-000
+001,-000
+001,-000
+001,-000
+001,-000
+001,-000
+001,-000
+001,-000
+001,-000
+001,-000
+001,-000
+001,-003
+001,-002
+001,-002
+001,-002
+001,-002
+001,-002
+001,-002
+001,-002
-002,-005
-002,-004
-002,-002
-002,-002
-002,-005
-002,-004
-002,-004
-003,-004
-003,-004
-003,-004
-003,-004
-003,-004
-003,-004
-004,-004
-004,-004
-004,-004
-004,-004
-004,-004
-004,-004
-004,-004
-004,-004
-004,-004
-004,-004
-004,-004
-004,-004
-004,-004
-004,-004
-004,-004
-004,-004
-004,-004
-004,-004
-004,-004
-005,-004
-005,-004
-005,-004
-005,-004
-005,-004
-005,-004
-005,-004
-005,-004
-006,-004
-006,-004
-006,-004
-006,-004
-006,-004
-006,-004
-006,-007
-006,-007
-006,-007
-006,-007
-006,-007
-007,-007
-007,-007
-007,-007
-007,-007
-007,-007
-008,-006
-008,-006
-008,-006
-008,-006
-008,-006
-008,-006
-008,-006
-008,-006
-008,-006
-008,-006
-008,-006
-008,-006
-008,-006
-008,-006
-008,-006
-008,-006
-008,-006
-008,-006
-008,-006
-008,-006
-008,-006
-008,-006
-008,-005
-008,-005
-008,-005
-008,-005
-008,-005
-008,-005
-008,-005
-008,-004
-008,-004
-008,-004
-008,-004
-008,-004
-008,-004
-008,-003
-008,-003
-008,-003
-008,-003
-005,-002
-005,-002
-005,-002
-005,-000
-005,-001
-005,-001
-002,-001
-003,-001
-003,-001
-003,-001
-003,-001
-003,-001
-003,-001
-003,-001
-003,-001
-003,-001
-003,-001
-003,-002
-003,-002
-003,-002
+001,-002
+001,-002
+001,-002
+001,-002
+001,-002
+001,-002
+001,-002
+001,-002
+001,-002
+001,-003
+001,-003
+001,-003
+001,-003
+001,-003
+001,-003
+001,-003
+001,-003
+001,-003
+001,-004
+001,-004
+001,-004
+001,-004
+001,-004
+001,-004
+001,-004
+001,-004
+001,-004
+001,-004
+001,-004
+001,-004
+001,-004
+001,-004
+001,-004
+001,-004
+001,-004
+001,-004
+001,-004
+001,-004
+001,-004
+001,-004
+001,-004
+001,-004
+001,-004
+001,-004
+001,-004
+001,-004
+001,-004
+001,-004
+001,-004
+001,-004
+001,-005
+001,-005
+001,-005
+001,-005
+001,-005
+001,-005
+001,-005
+001,-005
+001,-005
+001,-005
+001,-005
+001,-005
+001,-005
+001,-005
+001,-005
+001,-005
+001,-005
+001,-005
+001,-005
+001,-005
+001,-005
+001,-005
+001,-005
+001,-005
+001,-005
+001,-005
+001,-005
+001,-005
+001,-005
+001,-005
+001,-005
+001,-005
+001,-005
+001,-005
+001,-005
+001,-005
+001,-005
+001,-005
+001,-005
+001,-005
+001,-005
+001,-005
+001,-005
+001,-005
+001,-005
+001,-005
+001,-005
+001,-006
+001,-006
+001,-006
+001,-006
+001,-006
+001,-006
+001,-006
+001,-006
+001,-006
+001,-006
+001,-006
+001,-006
+001,-006
+001,-007
+001,-007
+001,-007
+001,-007
+001,-007
+001,-007
+001,-007
+001,-007
+001,-007
+001,-007
+001,-007
+001,-007
+001,-007
+001,-007
+001,-007
+001,-007
+001,-007
+001,-007
+001,-007
+001,-007
+001,-007
+001,-007
+001,-007
+001,-007
+001,-007
+001,-007
+001,-007
+001,-007
+001,-007
+001,-007
+001,-007
+001,-007
+001,-007
+001,-007
+001,-007
+001,-007
+001,-007
+001,-007
+001,-004
+001,-004
+001,-005
+001,-005
+001,-005
+001,-005
+001,-005
+001,-005
+001,-005
+001,-005
+001,-005
+001,-005
+001,-005
+001,-005
+001,-005
+001,-005
+001,-005
+001,-005
+001,-005
+001,-005
+001,-002
+001,-003
+001,-003
+001,-003
+001,-003
+001,-003
+001,-003
+001,-003
+001,-003
+001,-003
+001,-003
+001,-003
+001,-003
+001,-003
+001,-003
+001,-003
+001,-003
+001,-003
+001,-003
+003,-003
+003,-003
+003,-003
+003,-003
+003,-003
+003,-003
+003,-003
+003,-003
+003,-003
+003,-003
+003,-003
+003,-003
+003,-003
+003,-003
+003,-003
+003,-003
+003,-003
+003,-003
+003,-003
+003,-003
+003,-003
+003,-003
+003,-003
+003,-003
+003,-003
+003,-003
+003,-003
+003,-003
+003,-003
+003,-003
+003,-003
+003,-003
+003,-003
+003,-003
+003,-003
+003,-003
+003,-003
+003,-003
+003,-003
+003,-003
+003,-003
+003,-000
+003,-000
+003,-000
+003,-000
+003,-000
+003,-000
+003,-000
+003,-000
+003,-000
+003,-000
+003,-000
+003,-000
+003,-000
+003,-000
+003,-000
+003,-000
+003,-000
+003,-000
+003,-000
+003,-000
+003,-000
+003,-000
+003,-003
+003,-003
+003,-003
+003,-003
+003,-003
+003,-003
+003,-003
+003,-003
+005,-003
+005,-003
+005,-003
+005,-003
+005,-003
+005,-003
+005,-003
+005,-003
+005,-003
+005,-003
+005,-003
+005,-003
+005,-003
+005,-003
+005,-003
+005,-003
+005,-003
+005,-003
+005,-003
+005,-003
+005,-003
+005,-003
+005,-003
+005,-003
+005,-006
+005,-006
+005,-006
+005,-006
+005,-006
+005,-006
+005,-006
+007,-006
+007,-006
+007,-006
+007,-006
+007,-006
+009,-006
+009,-006
+009,-006
+009,-009
+009,-009
+009,-009
+009,-009
+009,-009
+009,-009
+009,-009
+009,-009
+009,-009
+009,-009
+009,-009
+009,-009
+009,-009
+009,-009
+009,-009
+009,-009
+009,-009
+009,-009
+009,-009
+009,-009
+009,-009
+009,-009
+009,-009
+009,-009
+009,-009
+009,-009
+009,-009
+009,-009
+009,-009
+009,-009
+009,-009
+009,-009
+009,-009
+009,-009
+009,-009
+007,-012
+007,-011
+007,-011
+007,-011
+007,-011
+007,-011
+005,-014
+005,-014
+005,-014
+005,-014
+005,-014
+005,-014
+005,-014
+005,-014
+005,-014
+005,-014
+005,-014
+005,-014
+005,-014
+005,-014
+005,-014
+005,-014
+005,-014
+005,-014
+005,-014
+005,-014
+005,-014
+005,-014
+005,-014
+005,-014
+005,-014
+005,-014
+005,-014
+005,-014
+005,-014
+005,-014
+005,-014
+005,-014
+005,-014
+005,-014
+005,-014
+005,-014
+005,-014
+005,-014
+005,-014
+005,-014
+005,-014
+005,-017
+005,-016
+005,-016
+005,-016
+005,-016
+005,-016
+005,-016
+005,-016
+005,-016
+005,-016
+005,-016
+005,-016
+005,-016
+005,-016
+005,-016
+007,-016
+007,-016
+007,-016
+007,-016
+007,-016
+007,-016
+007,-016
+007,-016
+007,-016
+007,-016
+007,-016
+007,-016
+007,-016
+010,-015
+008,-015
+008,-015
+011,-014
+011,-014
+009,-014
+011,-014
+011,-014
+011,-014
+011,-014
+011,-013
+011,-013
+011,-013
+011,-013
+011,-013
+011,-013
+011,-013
+011,-012
+011,-012
+011,-012
+011,-012
+011,-012
+011,-011
+011,-011
+011,-011
+011,-010
+011,-010
+011,-010
+011,-010
+011,-009
+011,-008
+011,-008
+011,-008
+011,-007
+011,-006
+011,-006
+011,-005
+013,-005
+013,-004
+013,-003
+013,-003
+013,-003
+013,-002
+015,-002
+015,-001
+013,-001
+013,-002
+013,-003
+013,-003
+013,-004
+013,-004
+013,-004
+013,-005
+013,-005
+013,-006
+013,-006
+013,-006
+013,-006
+013,-006
+013,-006
+013,-007
+013,-007
+013,-007
+013,-007
+013,-008
+013,-008
+013,-008
+013,-008
+013,-008
+013,-008
+013,-008
+011,-009
+011,-009
+011,-009
+011,-010
+011,-010
+011,-010
+011,-010
+011,-010
+011,-010
+011,-011
+011,-011
+011,-011
+011,-012
+011,-012
+011,-012
+011,-013
+011,-013
+011,-013
+011,-013
+011,-014
+011,-014
+011,-014
+011,-014
+011,-014
+011,-014
+011,-014
+011,-014
+009,-014
+009,-014
+009,-014
+009,-014
+009,-014
+009,-015
+009,-015
+009,-015
+009,-015
+009,-015
+009,-015
+009,-015
+009,-015
+009,-015
+009,-015
+009,-015
+009,-015
+009,-015
+009,-016
+009,-016
+009,-016
+007,-016
+007,-016
+007,-016
+007,-016
+007,-016
+007,-017
+007,-017
+007,-017
+007,-017
+007,-017
+007,-017
+007,-017
+005,-017
+005,-017
+005,-017
+005,-018
+005,-018
+005,-018
+005,-018
+005,-018
+005,-018
+005,-018
+005,-018
+005,-018
+005,-018
+005,-018
+005,-018
+005,-018
+005,-018
+005,-018
+005,-018
+005,-018
+005,-018
+005,-018
+005,-018
+005,-018
+005,-015
+005,-016
+005,-016
+005,-016
+005,-016
+005,-016
+005,-016
+005,-016
+005,-016
+005,-016
+005,-016
+005,-016
+005,-016
+005,-016
+005,-016
+005,-016
+003,-016
+003,-016
+003,-016
+003,-016
+003,-016
+003,-016
+003,-016
+003,-016
+003,-016
+003,-016
+003,-016
+003,-016
+003,-016
+003,-016
+003,-016
+003,-016
+003,-016
+003,-016
+003,-016
+003,-016
+003,-013
+003,-014
+003,-014
+003,-014
+003,-014
+003,-014
+003,-014
+003,-014
+003,-014
+003,-014
+003,-014
+003,-014
+003,-014
+003,-014
+003,-011
+003,-011
+003,-011
+003,-011
+003,-011
+003,-011
+003,-011
+003,-011
+003,-011
+003,-011
+003,-011
+003,-011
+003,-011
+003,-008
+003,-008
+003,-008
+003,-008
+003,-008
+003,-008
+003,-008
+003,-008
+003,-008
+003,-008
+003,-008
+003,-008
+003,-008
+003,-005
+003,-005
+003,-005
+003,-005
+003,-005
+003,-005
+003,-005
+003,-005
+003,-005
+003,-005
+003,-005
+003,-005
+003,-005
+003,-005
+003,-005
+003,-005
+003,-005
+003,-005
+003,-005
+003,-005
+003,-005
+003,-005
+003,-005
+003,-005
+003,-005
+003,-005
+003,-005
+003,-005
+003,-005
+003,-005
+003,-005
+003,-005
+003,-005
+005,-005
+005,-005
+005,-005
+005,-005
+005,-005
+005,-005
+005,-005
+005,-005
+005,-002
+005,-002
+005,-002
+005,-002
+005,-002
+005,-002
+005,-002
+005,-002
+005,-002
+005,-002
+005,-002
+005,-002
+005,-001
+005,-001
+005,-001
+005,-001
+005,-001
+005,-001
+005,-001
+005,-001
+005,-001
+005,-004
+005,-004
+005,-004
+005,-004
+005,-004
+005,-004
+005,-004
+005,-004
+005,-004
+005,-004
+005,-007
+005,-007
+005,-011
+007,-010
+007,-010
+005,-013
+005,-013
+005,-013
+005,-013
+005,-013
+005,-013
+005,-013
+005,-013
+005,-013
+005,-013
+003,-013
+003,-016
+003,-016
+003,-016
+003,-016
+003,-016
+003,-016
+003,-016
+003,-016
+003,-016
+003,-016
+003,-016
+003,-016
+003,-016
+001,-016
+001,-016
+001,-016
+001,-016
+001,-016
+001,-016
+001,-019
+001,-019
+001,-018
+001,-018
+001,-018
+001,-018
+001,-018
+001,-018
+001,-018
+001,-018
+001,-018
+001,-018
+001,-018
+001,-018
+001,-018
+001,-018
+001,-018
+001,-018
+001,-018
+001,-018
+001,-018
+001,-018
+001,-018
+001,-018
-002,-018
-002,-018
-002,-018
-002,-018
-002,-018
-003,-018
-003,-018
-003,-018
-004,-018
-005,-018
-006,-018
-006,-018
-007,-018
-007,-018
-007,-018
-008,-018
-008,-018
-008,-018
-008,-018
-009,-018
-009,-018
-009,-018
-009,-018
-009,-018
-010,-018
-010,-018
-010,-018
-010,-018
-010,-018
-010,-018
-011,-018
-011,-018
-011,-018
-011,-018
-011,-017
-012,-017
-012,-017
-012,-017
-012,-017
-013,-017
-013,-016
-013,-016
-013,-016
-013,-016
-013,-015
-013,-015
-014,-015
-014,-015
-014,-014
-014,-014
-014,-013
-014,-013
-014,-013
-014,-013
-014,-012
-014,-012
-014,-012
-014,-011
-014,-011
-014,-011
-014,-010
-014,-010
-014,-010
-014,-010
-014,-010
-014,-010
-011,-009
-011,-009
-011,-008
-011,-008
-011,-008
-011,-008
-011,-007
-011,-007
-011,-007
-011,-007
-011,-007
-011,-007
-011,-007
-011,-007
-011,-006
-011,-006
-011,-006
-011,-006
-011,-006
-011,-005
-011,-005
-011,-005
-011,-005
-011,-005
-011,-004
-011,-004
-011,-004
-011,-004
-008,-003
-008,-003
-009,-003
-009,-003
-009,-003
-009,-003
-009,-002
-009,-002
-009,-002
-009,-002
-009,-001
-009,-001
-009,-001
-009,-001
-009,-001
-009,-000
-009,-000
-009,-000
-009,-000
-006,-000
-006,-000
-006,-001
-007,-001
-007,-002
-004,-003
-004,-003
-004,-003
-004,-003
-004,-003
-004,-003
-004,-003
-004,-003
-004,-003
-004,-003
-004,-003
-004,-003
-004,-003
-004,-003
-004,-003
-004,-004
-004,-004
-004,-004
-004,-004
-004,-004
-004,-004
-004,-004
-004,-005
-004,-005
-004,-005
-004,-005
-004,-005
-004,-005
-004,-005
-004,-005
-004,-006
-004,-006
-004,-006
-004,-007
-004,-007
-004,-007
-004,-007
-004,-007
-004,-007
-004,-007
-004,-007
-004,-007
-004,-007
-004,-007
-004,-007
-004,-007
-004,-007
-004,-007
-004,-007
+001,-007
+001,-007
+001,-007
+001,-007
+001,-007
+001,-007
+001,-007
+001,-007
+001,-007
+001,-007
+001,-007
+001,-007
+001,-004
+001,-004
+001,-004
+001,-004
+001,-004
+001,-004
+001,-004
+001,-004
+001,-004
+001,-004
+001,-004
+001,-004
+001,-004
+001,-001
+001,-001
+001,-001
+001,-001
+001,-001
+001,-001
+001,-001
+001,-001
+001,-001
+001,-001
+001,-001
+001,-001
+001,-001
+003,-001
+003,-001
+003,-001
+003,-001
+003,-001
+003,-001
+003,-001
+003,-001
+003,-001
+003,-001
+003,-001
+003,-001
+003,-001
+003,-001
+003,-001
+003,-001
+003,-002
+003,-002
+003,-002
+005,-002
+005,-002
+005,-002
+005,-002
+005,-003
+005,-003
+005,-003
+005,-003
+005,-003
+005,-003
+005,-004
+005,-004
+005,-004
+005,-004
+007,-004
+007,-004
+007,-004
+007,-004
+007,-004
+007,-005
+007,-005
+007,-005
+007,-005
+007,-005
+007,-005
+007,-005
+007,-005
+007,-005
+007,-005
+007,-005
+007,-005
+007,-005
+007,-005
+007,-005
+007,-005
+007,-005
+007,-005
+009,-005
+009,-005
+009,-005
+009,-005
+009,-005
+009,-005
+009,-005
+009,-005
+009,-005
+009,-005
+009,-005
+009,-005
+009,-005
+009,-005
+009,-005
+009,-005
+009,-005
+009,-005
+009,-005
+009,-005
+009,-005
+009,-005
+009,-005
+009,-005
+009,-005
+009,-005
+009,-005
+009,-005
+009,-002
+009,-002
+011,-003
+011,-003
+011,-003
+011,-003
+011,-003
+011,-003
+011,-003
+011,-003
+011,-003
+011,-003
+011,-003
+013,-003
+013,-003
+013,-003
+013,-003
+015,-003
+015,-000
+015,-000
+015,-000
+015,-000
+015,-000
+015,-000
+015,-000
+017,-000
+017,-000
+017,-000
+017,-000
+017,-000
+017,-000
+017,-000
+017,-000
+017,-000
+017,-000
+017,-000
+017,-000
+017,-000
+017,-000
+017,-000
+017,-000
+017,-000
+017,-000
+017,-000
+015,-003
+015,-003
+015,-003
+015,-003
+015,-003
+015,-003
+015,-003
+015,-003
+015,-003
+015,-003
+015,-003
+015,-003
+015,-003
+015,-006
+015,-006
+015,-006
+015,-006
+015,-006
+015,-006
+015,-006
+013,-006
+013,-006
+013,-006
+013,-006
+013,-006
+013,-006
+013,-006
+013,-006
+013,-006
+011,-006
+011,-006
+011,-006
+011,-009
+011,-009
+011,-009
+011,-009
+011,-009
+011,-009
+011,-009
+011,-009
+011,-009
+011,-009
+011,-009
+011,-009
+011,-009
+011,-009
+011,-009
+011,-009
+009,-009
+009,-009
+007,-013
+009,-011
+009,-011
+006,-011
+006,-011
+006,-011
+006,-014
+006,-014
+006,-013
+006,-013
+006,-013
+006,-013
+006,-013
+006,-013
+006,-013
+006,-012
+006,-012
+006,-012
+006,-012
+006,-012
+006,-012
+006,-012
+006,-012
+006,-012
+006,-012
+006,-012
+006,-012
+006,-015
+006,-015
+006,-015
+006,-015
+006,-015
+004,-015
+004,-015
+004,-015
+004,-015
+004,-015
+004,-015
+004,-015
+004,-015
+004,-015
+004,-015
+002,-015
+002,-015
+002,-015
+002,-015
+002,-015
+002,-015
+002,-015
+002,-015
+002,-015
+002,-015
+002,-015
+002,-018
+000,-018
+000,-018
+000,-018
+000,-018
+000,-018
+000,-018
+000,-018
+000,-018
+000,-018
+000,-018
+000,-018
+000,-018
+000,-018
+000,-018
+000,-018
+000,-018
+000,-018
+000,-018
+000,-018
+000,-018
+000,-018
+000,-018
+000,-018
+000,-018
+000,-017
+000,-017
+000,-017
+000,-017
+000,-017
+000,-017
+000,-017
+000,-017
+000,-017
+000,-017
+000,-017
+000,-016
+000,-016
+000,-016
+000,-016
+000,-016
+000,-016
+000,-015
+000,-015
+000,-015
+000,-014
+000,-014
+000,-014
+000,-013
+000,-013
+000,-013
+000,-013
+000,-013
+000,-013
+000,-013
+000,-013
+000,-013
+000,-013
+000,-013
+000,-013
+000,-013
+000,-013
+000,-013
+000,-013
+000,-013
+000,-013
+000,-013
+000,-013
+000,-013
+000,-013
+000,-013
+000,-013
+000,-013
+000,-013
+000,-013
+000,-013
+000,-013
+000,-016
+000,-015
+000,-015
+000,-015
+000,-015
+000,-015
+000,-015
+000,-015
+000,-015
+000,-015
+000,-015
+000,-015
+000,-015
+000,-015
+000,-015
+000,-015
+000,-015
+000,-015
+000,-015
+000,-015
+000,-018
+000,-018
+000,-018
+000,-018
+000,-018
+000,-018
+000,-018
+000,-018
+000,-018
+000,-018
+000,-018
+000,-018
+000,-018
+000,-018
+000,-018
+000,-018
+000,-018
+000,-018
+000,-018
+000,-018
+001,-018
+001,-018
+001,-018
+001,-018
+001,-018
+001,-018
+001,-018
+001,-018
+001,-018
+001,-018
+001,-018
+001,-018
+001,+021
+001,+021
+001,+021
+001,+021
+001,+021
+001,+021
+001,+021
+001,+021
-002,+021
-002,+021
-002,+021
-002,+021
-002,+021
-002,+021
-002,+021
-002,+021
-002,+021
-002,+021
-002,+021
-002,+021
-002,+021
-003,+021
-003,+021
-003,+021
-003,+021
-003,+021
-003,+021
-003,+021
-004,+021
-004,+021
-004,+021
-004,+021
-004,+021
-004,+021
-004,+021
-004,+021
-004,+021
-004,+021
-004,+021
-004,+021
-004,+021
-004,+021
-004,+021
-004,+021
-004,+021
-004,+021
-004,+021
-004,+021
-004,+021
-004,+021
-004,+021
-004,+021
-004,+021
-004,+021
-004,+021
-004,+021
-004,+021
-004,+021
-004,+021
-004,+021
-004,+021
-004,+021
-004,+021
-004,+021
-004,+021
-004,+021
-004,+021
-004,+021
-004,+021
-004,+021
-004,+021
-004,+021
-004,+021
-004,+021
-004,-020
-004,-020
-004,-020
-004,-020
-004,-020
-004,-019
-004,-019
-004,-019
-004,-019
-004,-018
-004,-018
-004,-018
+001,-017
-002,-017
-002,-016
-003,-015
-003,-014
-003,-014
-003,-014
-003,-013
-003,-013
-003,-012
-003,-012
-003,-011
-003,-011
-003,-011
-003,-010
-003,-010
-003,-010
-003,-009
-003,-009
-003,-009
-003,-008
-003,-008
+001,-008
+001,-007
+001,-007
+001,-007
+001,-006
+001,-004
+001,-004
+001,-003
+001,-003
+001,-003
+001,-003
+001,-003
+001,-002
+001,-002
+003,-002
+003,-002
+003,-002
+003,-001
+003,-001
+003,-001
+003,-001
+003,-000
+003,-000
+003,-000
+003,-000
+003,-000
+003,-000
+003,-001
+003,-001
+003,-001
+003,-001
+003,-001
+003,-001
+003,-001
+003,-001
+003,-001
+003,-001
+003,-001
+005,-001
+005,-001
+005,-001
+005,-001
+005,-001
+005,-001
+005,-001
+005,-001
+005,-001
+005,-001
+005,-001
+005,-001
+005,-001
+005,-001
+005,-001
+005,-001
+005,-001
+005,-001
+005,-001
+005,-001
+005,-001
+005,-001
+005,-001
+005,-001
+005,-001
+005,-001
+005,-001
+005,-001
+005,-001
+005,-001
+005,-001
+005,-001
+005,-001
+005,-001
+005,-001
+005,-001
+005,-001
+003,-001
+003,-001
+003,-001
+003,-002
+003,-002
+003,-002
+003,-002
+003,-002
+003,-002
+003,-002
+003,-002
+003,-002
+001,-002
+001,-002
+001,-002
+001,-002
+001,-002
+001,-002
+001,-002
+001,-002
+001,-002
+001,-002
+001,-002
+001,-002
+001,-002
+001,-002
+001,-002
+001,-002
+001,-002
+001,-002
+001,-002
+001,-002
+001,-002
+001,-001
+001,-000
+001,-000
+001,-000
+001,-000
+001,-000
+001,-000
+001,-000
+001,-000
+001,-000
+001,-000
+001,-000
+001,-000
+001,-000
+001,-000
+001,-000
+001,-000
+001,-000
+001,-000
+001,-000
+001,-000
+001,-000
+001,-000
+001,-000
+001,-000
+001,-000
+001,-000
+001,-000
+001,-000
+001,-000
+001,-001
+001,-001
+001,-001
+001,-001
+001,-001
+001,-001
+001,-001
+001,-001
+001,-001
+001,-001
+001,-001
+001,-001
+001,-001
+001,-001
+001,-001
+001,-001
+001,-001
+001,-001
+001,-001
+001,-001
+001,-001
+001,-001
+001,-002
+001,-002
+001,-002
+001,-002
+001,-002
+001,-002
+001,-002
+001,-002
+001,-002
+001,-002
+001,-002
+001,-002
+001,-002
+001,-002
+001,-002
+001,-002
+001,-002
+001,-002
+001,-002
+001,-002
+001,-002
+001,-002
+001,-002
+001,-002
+001,-002
+001,-002
+001,-002
+001,-002
+001,-002
+001,-002
+001,-002
+001,-002
+001,-002
+001,-002
+001,-002
+001,-002
+001,-002
+001,-002
+001,-002
+001,-002
+001,-002
+001,-002
+001,-002
+001,-002
-002,-003
-002,-003
-002,-003
-002,-003
-002,-003
-002,-003
-002,-003
-002,-003
-002,-003
-002,-003
-002,-003
-002,-003
-002,-003
-002,-003
-002,-003
-002,-003
-002,-003
-003,-003
-003,-003
-003,-004
-003,-004
-003,-004
-003,-004
-003,-004
-003,-004
-003,-004
-003,-004
-003,-004
-003,-004
-003,-004
-003,-004
-003,-004
-003,-004
-003,-004
-003,-004
-003,-004
-003,-004
-003,-004
-003,-004
-003,-004
-003,-004
-003,-004
-003,-004
-003,-004
-003,-004
-003,-004
-003,-004
-003,-004
-003,-004
-003,-004
-003,-004
-003,-004
-003,-004
-003,-004
-003,-004
-003,-004
-003,-004
-003,-004
-003,-004
-003,-004
-003,-004
-003,-004
-003,-004
-003,-004
-003,-004
-003,-004
-003,-004
-003,-004
-003,-004
-003,-004
-003,-004
-003,-004
-003,-004
-003,-004
-003,-004
-003,-004
-003,-004
-003,-004
-003,-004
-003,-004
-003,-004
-003,-004
-003,-004
-003,-004
-003,-004
-003,-004
-003,-004
-003,-004
-003,-004
-003,-004
-003,-004
-003,-004
-003,-004
-003,-004
-003,-004
-003,-004
-003,-004
-003,-004
-003,-004
-003,-004
-003,-004
-003,-004
-003,-004
-003,-001
-003,-001
-003,-001
-004,-001
-004,-001
-005,-002
-005,-002
-005,-002
-005,-002
-006,-002
-006,-002
-006,-002
-006,-002
-006,-002
-006,-002
-006,-002
-006,-002
-006,-002
-006,-002
-006,-002
-006,-002
-006,-005
-006,-005
-007,-005
-007,-005
-007,-005
-007,-005
-007,-005
-007,-005
-007,-005
-007,-005
-007,-005
-007,-005
-007,-005
-007,-005
-007,-005
-007,-005
-007,-005
-007,-005
-007,-005
-007,-005
-007,-005
-007,-005
-007,-005
-007,-005
-007,-005
-007,-005
-007,-005
-007,-005
-007,-005
-007,-005
-007,-005
-007,-005
-007,-005
-007,-005
-007,-005
-007,-005
-007,-005
-007,-005
-007,-005
-007,-005
-007,-005
-007,-005
-007,-005
-007,-005
-007,-005
-007,-005
-004,-005
-004,-005
-005,-005
-005,-005
-005,-005
-005,-005
-005,-005
-005,-005
-005,-005
-005,-005
-005,-005
-005,-005
-005,-008
-005,-008
-005,-007
-005,-007
-005,-007
-005,-007
-005,-007
-005,-007
-005,-007
-005,-007
-002,-007
-002,-007
-002,-007
-002,-007
-002,-007
-002,-007
-002,-007
-002,-007
-002,-007
-002,-007
-002,-007
-002,-007
-002,-007
-002,-007
-002,-007
-002,-007
-002,-007
-002,-007
-002,-007
-002,-007
-002,-007
-002,-007
-002,-007
-002,-007
-002,-007
-002,-007
-002,-007
-002,-007
-002,-007
-002,-007
-002,-007
-002,-007
-002,-007
-002,-007
-002,-006
-002,-006
-002,-006
-002,-006
-002,-006
-002,-006
-002,-006
-002,-006
-002,-006
-002,-006
-002,-006
+000,-004
+000,-004
+001,-004
+001,-003
+001,-003
+001,-003
+001,-003
+001,-003
+001,-002
+001,-002
+001,-002
+001,-002
+001,-002
+001,-002
+001,-002
+001,-002
+001,-002
+001,-002
+001,-001
+001,-001
+001,-001
+001,-001
+001,-001
+001,-001
+001,-000
+001,-000
+001,-000
+001,-000
+001,-000
+001,-000
+001,-000
+001,-000
+001,-000
+001,-000
+001,-000
+001,-000
+001,-000
+001,-000
+001,-000
+001,-000
+001,-000
+001,-000
+001,-000
+001,-000
+001,-000
+001,-000
+001,-000
+001,-000
+001,-000
+001,-000
+001,-000
+001,-000
+001,-000
+001,-000
+001,-000
+001,-000
+001,-000
+001,-000
+001,-000
+001,-000
+001,-000
+001,-000
+001,-000
+001,-000
+001,-000
+001,-000
+001,-000
+001,-000
+001,-000
+001,-000
+001,-000
+001,-001
+001,-001
+001,-001
+001,-001
+001,-001
+001,-001
+001,-001
+001,-001
+001,-001
+001,-001
+001,-001
+001,-001
+001,-002
+001,-002
+001,-002
+001,-002
+001,-002
+001,-002
+001,-002
+001,-002
+001,-002
+001,-002
+001,-002
+001,-002
+001,-002
+001,-002
+001,-002
+001,-002
+001,-002
+001,-002
+001,-002
+001,-002
+001,-002
+001,-002
+001,-002
+001,-002
+001,-002
+001,-002
+001,-002
+001,-002
+001,-002
+001,-002
+001,-002
+001,-002
+001,-002
+001,-002
+001,-002
+001,-002
+001,-002
+001,-002
+001,-002
+001,-002
+001,-002
+001,-002
+001,-002
+001,-002
+001,-002
+001,-002
+001,-002
+001,-002
+001,-002
+001,-002
+001,-002
+001,-002
+001,-002
+001,-002
+001,-002
+001,-002
+001,-002
+001,-001
+001,-001
+001,-001
+001,-001
+001,-001
+001,-001
+001,-001
+001,-001
+001,-001
+001,-001
+001,-001
+003,-001
+003,-001
+003,-001
+003,-001
+003,-001
+003,-001
+003,-001
+003,-001
+003,-001
+003,-001
+003,-001
+003,-001
+003,-001
+003,-001
+003,-001
+003,-001
+003,-001
+003,-001
+003,-001
+003,-001
+003,-001
+003,-001
+003,-001
+003,-001
+003,-001
+003,-001
+003,-001
+003,-001
+003,-001
+003,-001
+003,-001
+003,-001
+003,-001
+003,-001
+003,-001
+003,-001
+003,-001
+003,-001
+003,-001
+003,-001
+003,-001
+003,-001
+003,-001
+003,-001
+003,-001
+003,-001
+003,-001
+003,-001
+003,-001
+003,-001
+003,-001
+003,-001
+003,-001
+003,-001
+003,-001
+003,-001
+003,-001
+003,-004
+003,-004
+003,-004
+003,-004
+003,-004
+003,-004
+003,-004
+003,-004
+003,-004
+003,-004
+003,-004
+003,-004
+003,-004
+003,-004
+003,-004
+003,-004
+003,-004
+003,-004
+003,-004
+003,-004
+003,-004
+003,-004
+003,-004
+003,-004
+003,-007
+003,-006
+005,-006
+005,-006
+003,-006
+005,-006
+005,-010
+005,-010
+005,-010
+005,-010
+005,-010
+005,-010
+005,-010
+005,-010
+005,-010
+005,-010
+005,-010
+005,-010
+005,-013
+005,-013
+005,-013
+005,-013
+005,-013
+005,-013
+005,-013
+005,-012
+005,-012
+005,-012
+007,-011
+007,-011
+005,-011
+007,-011
+007,-010
+007,-010
+007,-010
+007,-010
+007,-010
+007,-010
+007,-010
+009,-010
+009,-010
+009,-010
+009,-010
+009,-010
+009,-010
+009,-010
+009,-010
+009,-010
+009,-010
+009,-010
+009,-010
+009,-010
+009,-010
+009,-010
+009,-010
+009,-010
+009,-010
+009,-010
+009,-010
+009,-010
+009,-010
+009,-010
+009,-010
+009,-010
+009,-010
+009,-010
+009,-010
+009,-010
+009,-010
+009,-010
+009,-010
+009,-010
+009,-010
+009,-010
+009,-010
+009,-010
+009,-010
+009,-010
+009,-010
+009,-010
+009,-010
+009,-010
+009,-010
+009,-010
+009,-010
+009,-010
+009,-010
+009,-010
+009,-010
+009,-010
+011,-010
+011,-010
+011,-010
+011,-010
+011,-010
+011,-010
+011,-010
+011,-010
+011,-010
+011,-010
+011,-010
+011,-010
+011,-010
+011,-010
+011,-010
+011,-010
+011,-010
+011,-010
+011,-010
+011,-010
+011,-010
+011,-010
+011,-010
+011,-010
+011,-010
+011,-010
+011,-010
+011,-010
+011,-010
+011,-010
+011,-010
+011,-010
+011,-010
+011,-010
+011,-010
+011,-010
+011,-010
+011,-010
+011,-010
+011,-010
+011,-010
+011,-010
+011,-010
+011,-010
+011,-010
+011,-010
+011,-010
+011,-010
+011,-010
+011,-010
+011,-010
+011,-010
+011,-013
+011,-012
+011,-012
+011,-012
+011,-012
+013,-012
+013,-012
+013,-012
+013,-012
+013,-012
+013,-012
+013,-012
+013,-012
+013,-012
+013,-012
+013,-012
+013,-012
+013,-012
+013,-012
+013,-012
+013,-012
+013,-012
+013,-012
+013,-012
+013,-012
+013,-012
+015,-012
+015,-012
+015,-012
+015,-012
+015,-012
+015,-012
+015,-012
+015,-012
+015,-012
+015,-012
+015,-012
+015,-012
+015,-012
+015,-012
+015,-012
+015,-012
+015,-011
+017,-011
+017,-010
+017,-010
+017,-010
+017,-010
+017,-010
+017,-009
+019,-008
+019,-008
+019,-008
+019,-008
+019,-007
+019,-007
+019,-007
+019,-006
+019,-006
+019,-006
+019,-006
+019,-006
+019,-005
+019,-005
+019,-005
+019,-005
+019,-004
+019,-004
+019,-004
+019,-004
+019,-004
+019,-004
+019,-004
+019,-004
+019,-004
+019,-004
+019,-004
+019,-004
+019,-004
+019,-004
+019,-003
+019,-003
+019,-003
+017,-003
+017,-003
+017,-003
+017,-003
+017,-003
+017,-003
+017,-002
+017,-002
+017,-002
+017,-002
+017,-002
+017,-002
+017,-002
+017,-001
+017,-001
+017,-001
+017,-001
+017,-001
+017,-001
+017,-001
+017,-000
+017,-000
+017,-000
+017,-000
+017,-000
+017,-000
+017,-000
+017,-000
+017,-000
+017,-001
+017,-001
+017,-001
+017,-001
+017,-002
+017,-003
+017,-003
+015,-004
+015,-004
+015,-004
+015,-004
+015,-005
+015,-005
+015,-005
+015,-005
+015,-005
+015,-005
+015,-006
+015,-006
+015,-006
+015,-006
+015,-006
+015,-006
+015,-006
+015,-007
+015,-007
+015,-007
+015,-007
+015,-007
+015,-007
+015,-007
+015,-008
+015,-008
+015,-008
+015,-008
+015,-008
+015,-008
+015,-008
+015,-008
+015,-008
+015,-008
+015,-008
+015,-008
+015,-008
+015,-008
+015,-008
+015,-008
+015,-008
+015,-008
+015,-008
+015,-008
+015,-008
+015,-008
+015,-008
+015,-008
+015,-008
+015,-008
+015,-008
+013,-008
+013,-008
+013,-008
+013,-008
+013,-008
+013,-008
+013,-008
+011,-008
+011,-008
+011,-008
+011,-008
+011,-008
+009,-008
+009,-008
+009,-008
+009,-008
+009,-008
+009,-008
+007,-008
+007,-008
+007,-008
+007,-008
+007,-008
+007,-008
+007,-005
+007,-005
+007,-005
+005,-005
+005,-005
+005,-005
+005,-005
+005,-005
+005,-005
+005,-005
+005,-002
+005,-002
+005,-002
+005,-002
+005,-002
+005,-002
+005,-002
+005,-002
+003,-002
+003,-002
+003,-002
+003,-002
+003,-002
+003,-001
+003,-001
+003,-001
+003,-001
+003,-001
+003,-001
+003,-001
+003,-001
+003,-001
+003,-001
+003,-001
+003,-001
+003,-001
+003,-001
+003,-001
+003,-001
+003,-001
+003,-001
+003,-001
+003,-001
+003,-001
+003,-001
+003,-001
+003,-001
+003,-001
+003,-004
+003,-004
+001,-004
+001,-007
+001,-006
+001,-006
+001,-006
+001,-006
+001,-006
+001,-006
+001,-006
+001,-006
+001,-006
+001,-009
+001,-008
+001,-008
+001,-008
+001,-008
+001,-008
+001,-008
+001,-008
+001,-008
+001,-008
+001,-008
+001,-008
+001,-008
+001,-011
+001,-011
+001,-011
+001,-011
+001,-011
+001,-011
+003,-011
+003,-014
+003,-013
+003,-013
+003,-013
+003,-013
+003,-013
+003,-013
+003,-013
+003,-013
+003,-013
+003,-013
+003,-013
+003,-013
+003,-013
+003,-013
+003,-013
+003,-013
+003,-013
+003,-013
+003,-013
+003,-013
+003,-013
+003,-013
+003,-013
+003,-013
+003,-013
+003,-013
+003,-013
+003,-013
+003,-013
+003,-013
+003,-013
+003,-013
+003,-013
+003,-013
+003,-013
+003,-013
+003,-013
+005,-013
+005,-013
+005,-013
+005,-013
+005,-013
+005,-013
+005,-013
+005,-013
+005,-013
+005,-013
+005,-013
+005,-013
+005,-013
+005,-013
+005,-013
+005,-013
+005,-013
+005,-013
+005,-013
+005,-013
+005,-013
+005,-013
+005,-013
+005,-013
+005,-013
+005,-013
+005,-013
+005,-013
+005,-013
+005,-013
+008,-011
+006,-011
+006,-011
+008,-010
+008,-010
+008,-010
+008,-010
+008,-009
+008,-009
+008,-009
+008,-009
+008,-009
+008,-009
+008,-008
+008,-008
+008,-008
+008,-008
+008,-008
+008,-007
+008,-007
+008,-006
+005,-005
+005,-004
+005,-003
+005,-003
+005,-003
+005,-002
+005,-001
+003,-001
+003,-001
+003,-000
+003,-000
+003,-000
+003,-001
+003,-002
+003,-002
+003,-002
+003,-003
+003,-003
+003,-003
+003,-003
+001,-003
+001,-003
+001,-004
+001,-004
+001,-004
+001,-004
+001,-005
+001,-005
+001,-005
+001,-005
+001,-005
+001,-005
+001,-005
+001,-005
+001,-005
+001,-006
+001,-006
+001,-006
+001,-006
+001,-006
+001,-006
+001,-006
+001,-007
+001,-007
+001,-007
+001,-007
+001,-007
+001,-007
+001,-007
+001,-007
+001,-007
+001,-007
+001,-008
+001,-008
+001,-008
+001,-008
+001,-008
+001,-008
+001,-008
+001,-008
+001,-008
+001,-008
+001,-008
+001,-008
+001,-008
+001,-008
+001,-008
+001,-008
+001,-008
+001,-008
+001,-008
+001,-008
+001,-008
+001,-008
+001,-008
+001,-008
+001,-008
+001,-008
+001,-008
+001,-008
+001,-008
+001,-008
+001,-008
+001,-008
+001,-008
+001,-008
+001,-009
+001,-009
+001,-009
+001,-009
+001,-009
+001,-009
+001,-009
+001,-010
+001,-010
+001,-010
+001,-010
+001,-010
+001,-010
+001,-010
+001,-010
+001,-010
+001,-010
+001,-011
+001,-011
+001,-011
+001,-011
+001,-011
+001,-011
+001,-011
+001,-011
+001,-011
+001,-011
+001,-011
+001,-011
+001,-011
+001,-011
+001,-011
+001,-008
+001,-009
+001,-009
+001,-009
+001,-009
+001,-009
-002,-009
-002,-009
-002,-009
-002,-009
-002,-009
-002,-009
-002,-006
-002,-006
-002,-006
-002,-006
-002,-006
-002,-006
-002,-006
-002,-006
-002,-006
-002,-006
-002,-006
-002,-006
-002,-006
-002,-006
-002,-006
-002,-006
-002,-006
-002,-006
-002,-006
-002,-006
-002,-006
-002,-006
-002,-006
-002,-006
-002,-006
-002,-006
-002,-006
-002,-006
-002,-006
-002,-006
-002,-006
-002,-006
-002,-006
-002,-006
-002,-006
+000,-006
+000,-006
+000,-006
+000,-006
+000,-006
+000,-006
+000,-006
+000,-006
+000,-006
+000,-006
+000,-006
+000,-006
+000,-006
+000,-006
+000,-006
+000,-006
+000,-006
+000,-006
+000,-006
+000,-006
+000,-006
+000,-006
+000,-006
+000,-006
+000,-006
+000,-006
+000,-006
+000,-006
+000,-006
+000,-006
+000,-006
+000,-006
+000,-006
+000,-006
+000,-006
+000,-006
+000,-006
+000,-006
+000,-006
+000,-006
+000,-006
+000,-006
+000,-006
+000,-006
+000,-006
+000,-006
+000,-006
+000,-006
+000,-006
+000,-006
+000,-006
+000,-006
+000,-006
+000,-006
+000,-006
+000,-006
+000,-006
+000,-006
+000,-006
+000,-006
+000,-006
+000,-006
+000,-006
+000,-006
+000,-006
+000,-006
+000,-006
+000,-006
+000,-006
+000,-006
+000,-006
+000,-006
+000,-006
+000,-006
+000,-006
+000,-006
+000,-006
+000,-006
+000,-006
+000,-006
+002,-006
+002,-006
+002,-006
+002,-003
+002,-004
+002,-004
+002,-004
+002,-004
+002,-004
+002,-004
+002,-004
+002,-004
+002,-004
+002,-004
+004,-004
+004,-004
+004,-004
+004,-004
+004,-004
+004,-004
+004,-004
+004,-004
+004,-004
+004,-004
+004,-004
+004,-004
+004,-001
+004,-002
+006,-002
+006,-002
+006,-002
+006,-002
+006,-002
+006,-002
+006,-002
+006,-002
+006,-002
+006,-002
+006,-002
+006,-001
+006,-000
+006,-000
+006,-000
+006,-000
+008,-000
+008,-000
+008,-000
+008,-000
+008,-000
+008,-000
+008,-000
+008,-000
+008,-000
+008,-003
+008,-003
+008,-003
+008,-003
+008,-003
+008,-003
+008,-003
+008,-003
+010,-003
+010,-006
+010,-006
+010,-006
+010,-006
+010,-006
+010,-006
+010,-006
+010,-006
+010,-006
+010,-006
+010,-006
+010,-006
+010,-006
+010,-006
+010,-006
+010,-006
+010,-006
+010,-006
+010,-006
+010,-006
+010,-006
+010,-006
+010,-006
+010,-006
+010,-006
+010,-006
+010,-006
+010,-006
+010,-006
+010,-006
+010,-006
+010,-006
+010,-006
+010,-006
+010,-006
+010,-006
+010,-006
+010,-006
+010,-006
+010,-006
+010,-006
+010,-005
+010,-005
+010,-005
+010,-005
+010,-005
+010,-005
+010,-005
+010,-004
+010,-004
+008,-004
+008,-004
+008,-003
+008,-003
+008,-003
+008,-003
+008,-003
+008,-003
+008,-003
+008,-003
+008,-003
+008,-003
+008,-002
+008,-002
+008,-002
+008,-002
+008,-002
+008,-002
+008,-002
+008,-001
+008,-001
+008,-001
+008,-001
+008,-001
+008,-001
+008,-001
+008,-001
+008,-001
+008,-001
+008,-001
+006,-001
+006,-001
+006,-000
+006,-000
+006,-000
+006,-000
+006,-000
+006,-000
+006,-000
+006,-001
+004,-001
+004,-001
+004,-001
+004,-001
+004,-001
+004,-002
+004,-002
+002,-002
+002,-002
+002,-002
+002,-002
+002,-002
+002,-002
+002,-002
+002,-003
+002,-003
+002,-003
+002,-003
+002,-003
+002,-003
+000,-003
+000,-003
+000,-003
+000,-003
+000,-003
+000,-003
+000,-004
+000,-004
+000,-004
+000,-004
+000,-004
+000,-004
+000,-004
+000,-004
+001,-004
+001,-004
+001,-004
+001,-004
+001,-004
+001,-005
+001,-005
+001,-005
+001,-005
+001,-005
+001,-005
+001,-005
+001,-005
+001,-005
+001,-005
+001,-005
+001,-005
+001,-005
+001,-005
+001,-005
+001,-005
+001,-006
+001,-006
+001,-006
+001,-006
+001,-006
+001,-006
+001,-006
+001,-006
+001,-006
+001,-006
+001,-006
+001,-007
-002,-007
-002,-007
-002,-007
-002,-007
-002,-007
-002,-007
-002,-007
-002,-007
-002,-007
-002,-007
-002,-007
-002,-007
-002,-007
-002,-007
-002,-007
-002,-007
-002,-007
-002,-007
-002,-007
-002,-007
-002,-007
-002,-007
-002,-008
-002,-008
-002,-008
-002,-008
-002,-008
-002,-008
-002,-008
-002,-008
-002,-008
-002,-008
-002,-008
-002,-008
-002,-008
-002,-008
-002,-008
-002,-008
-002,-008
-003,-008
-003,-008
-003,-008
-003,-008
-003,-008
-003,-008
-003,-008
-003,-008
-004,-008
-004,-008
-004,-008
-004,-008
-004,-008
-004,-008
-004,-008
-004,-008
-004,-008
-004,-008
-004,-008
-004,-008
-004,-008
-004,-008
-004,-008
-004,-008
-004,-008
-004,-008
-004,-008
-004,-008
-004,-008
-004,-008
-004,-008
-004,-008
-004,-008
-004,-008
-004,-008
-004,-008
-004,-008
-004,-008
-004,-008
-004,-008
-004,-008
-004,-008
-004,-008
-004,-008
-004,-008
-004,-008
-004,-008
-004,-008
-004,-008
-004,-008
-004,-008
-004,-008
-004,-008
-004,-008
-004,-008
-004,-008
-004,-008
-004,-008
-004,-008
-004,-008
-004,-008
-004,-005
-004,-006
-004,-006
-004,-006
-004,-006
-004,-006
-004,-006
-004,-006
-004,-006
-004,-006
-004,-006
-004,-006
-004,-006
-004,-006
-004,-006
-004,-006
-004,-006
-004,-006
-005,-006
-005,-006
-005,-006
-005,-006
-005,-006
-005,-006
-005,-006
-005,-006
-005,-006
-005,-006
-005,-006
-005,-006
-005,-006
-005,-006
-005,-006
-005,-006
-005,-006
-005,-006
-005,-006
-005,-006
-005,-006
-005,-006
-005,-006
-005,-006
-005,-006
-005,-006
-005,-006
-005,-006
-005,-006
-005,-006
-005,-006
-005,-006
-005,-006
-005,-006
-005,-006
-005,-006
-005,-006
-005,-006
-005,-006
-005,-006
-005,-006
-005,-006
-005,-006
-005,-006
-005,-006
-005,-006
-005,-006
-005,-006
-005,-006
-005,-006
-005,-006
-005,-006
-005,-006
-005,-006
-005,-006
-005,-006
-005,-006
-005,-006
-005,-006
-002,-006
-003,-006
-003,-003
-003,-004
-003,-004
-003,-004
-003,-004
-003,-004
-003,-004
-003,-004
-003,-004
-003,-004
-003,-004
-003,-004
-003,-004
-003,-004
+001,-004
+001,-004
+001,-001
+001,-001
+001,-002
+001,-002
+001,-002
+001,-002
+001,-002
+001,-002
+001,-002
+001,-002
+001,-002
+001,-001
+001,-001
+001,-001
+001,-001
+001,-001
+001,-001
+001,-001
+003,-001
+003,-001
+003,-001
+003,-001
+003,-001
+003,-001
+003,-001
+003,-001
+003,-004
+005,-004
+005,-004
+005,-004
+005,-004
+005,-004
+005,-004
+005,-004
+005,-004
+007,-004
+007,-007
+009,-007
+009,-007
+009,-007
+009,-007
+009,-007
+009,-007
+009,-007
+009,-007
+009,-007
+009,-007
+009,-007
+009,-007
+009,-007
+009,-007
+009,-007
+009,-007
+009,-007
+009,-007
+011,-007
+011,-007
+011,-010
+011,-009
+011,-009
+011,-009
+011,-009
+011,-009
+011,-009
+011,-009
+011,-009
+011,-009
+011,-009
+011,-009
+011,-009
+011,-009
+011,-009
+011,-009
+011,-009
+011,-009
+011,-009
+011,-009
+011,-009
+011,-009
+011,-009
+011,-009
+011,-009
+011,-009
+011,-009
+011,-009
+011,-009
+011,-009
+011,-009
+011,-009
+011,-009
+011,-009
+011,-009
+011,-009
+011,-009
+011,-009
+011,-009
+011,-009
+011,-009
+011,-009
+011,-009
+011,-009
+011,-009
+011,-009
+011,-009
+011,-009
+011,-009
+011,-009
+011,-009
+011,-009
+011,-009
+011,-009
+011,-009
+009,-009
+009,-009
+009,-009
+007,-013
+007,-013
+007,-012
+007,-012
+007,-012
+007,-012
+007,-012
+007,-012
+007,-012
+007,-012
+005,-012
+005,-012
+005,-012
+005,-012
+005,-012
+005,-012
+005,-012
+005,-015
+005,-015
+005,-015
+005,-015
+005,-015
+005,-015
+005,-015
+005,-015
+005,-015
+005,-015
+005,-015
+005,-015
+005,-015
+005,-015
+005,-015
+005,-015
+005,-015
+005,-015
+005,-015
+005,-015
+005,-015
+005,-015
+005,-015
+005,-015
+005,-015
+005,-015
+005,-015
+005,-015
+005,-015
+005,-015
+005,-015
+005,-015
+005,-015
+005,-014
+005,-014
+005,-014
+005,-014
+005,-014
+005,-014
+005,-014
+005,-014
+005,-014
+005,-014
+005,-014
+005,-014
+005,-014
+005,-014
+005,-014
+005,-014
+005,-014
+005,-014
+005,-014
+005,-014
+005,-014
+005,-014
+005,-014
+005,-014
+005,-014
+005,-014
+005,-014
+003,-014
+003,-014
+003,-013
+003,-013
+003,-013
+003,-013
+003,-013
+003,-013
+003,-013
+003,-013
+003,-013
+003,-013
+003,-013
+003,-013
+003,-013
+003,-013
+003,-013
+003,-013
+003,-013
+003,-013
+003,-013
+003,-013
+003,-013
+003,-013
+003,-013
+003,-013
+003,-013
+003,-013
+003,-013
+003,-013
+003,-013
+003,-013
+003,-013
+003,-013
+003,-013
+003,-013
+003,-013
+003,-013
+003,-013
+003,-013
+003,-013
+003,-013
+003,-013
+003,-013
+003,-013
+003,-013
+003,-013
+003,-013
+003,-013
+003,-013
+003,-013
+003,-013
+003,-013
+003,-013
+003,-013
+003,-013
+003,-013
+003,-013
+003,-013
+003,-013
+003,-013
+003,-013
+003,-012
+003,-012
+003,-012
+003,-012
+003,-012
+003,-012
+006,-010
+006,-009
+006,-009
+006,-009
+006,-008
+006,-008
+006,-008
+006,-007
+006,-007
+006,-006
+004,-006
+004,-005
+004,-005
+004,-005
+004,-005
+004,-005
+004,-004
+004,-004
+004,-004
+004,-004
+004,-004
+004,-003
+004,-003
+004,-003
+004,-003
+004,-003
+004,-002
+004,-002
+004,-002
+004,-002
+004,-002
+004,-002
+004,-002
+004,-001
+004,-001
+004,-001
+004,-001
+004,-001
+004,-001
+004,-001
+004,-001
+004,-001
+004,-001
+004,-001
+004,-001
+004,-001
+004,-001
+004,-001
+004,-001
+004,-001
+004,-001
+004,-001
+004,-001
+004,-001
+004,-001
+004,-001
+004,-001
+004,-001
+004,-001
+004,-001
+002,-001
+002,-001
+002,-001
+002,-001
+002,-001
+002,-001
+002,-001
+002,-001
+002,-001
+002,-001
+002,-001
+002,-001
+002,-001
+002,-001
+002,-001
+002,-001
+002,-001
+002,-001
+002,-001
+002,-001
+002,-001
+002,-001
+002,-001
+002,-001
+002,-001
+002,-001
+002,-001
+002,-001
+002,-001
+002,-001
+002,-001
+002,-001
+002,-001
+002,-001
+002,-001
+002,-001
+002,-001
+000,-001
+000,-001
+000,-001
+000,-001
+000,-001
+000,-001
+000,-001
+000,-001
+000,-001
+000,-001
+000,-001
+000,-001
+000,-001
+000,-001
+000,-001
+000,-001
+000,-001
+000,-001
+000,-001
+000,-001
+000,-001
+001,-001
-002,-004
-002,-002
-002,-002
-002,-002
-003,-002
-003,-002
-003,-002
-003,-002
-003,-005
-003,-005
-003,-005
-003,-005
-003,-005
-003,-005
-003,-005
-003,-005
-003,-005
-003,-005
-003,-005
-003,-005
-003,-005
-003,-005
-003,-005
-003,-005
-003,-005
-003,-005
-003,-005
-003,-005
-003,-005
-003,-005
-003,-005
-003,-005
-003,-005
-003,-005
-003,-005
-003,-005
-003,-005
-003,-005
-003,-005
-003,-005
-003,-005
-003,-005
-003,-005
-003,-005
-003,-005
-003,-005
-003,-005
-003,-005
-003,-005
-003,-005
-003,-005
-003,-005
-003,-005
-003,-005
-003,-005
-003,-005
-003,-005
-003,-005
-003,-005
-003,-005
-003,-005
-003,-005
-003,-005
-003,-005
-003,-005
-003,-005
-003,-005
-003,-005
-003,-005
-003,-005
-003,-005
-003,-005
-003,-004
-003,-004
-003,-004
-003,-004
-003,-004
-003,-004
-003,-004
-003,-004
-003,-004
-003,-004
-003,-004
-003,-004
-003,-003
-003,-003
-003,-003
-003,-003
-003,-001
-003,-001
-003,-001
-003,-001
-003,-000
-003,-000
-003,-000
-003,-000
+001,-000
+001,-000
+001,-000
+001,-000
+001,-000
+001,-000
+001,-000
+001,-000
+001,-001
+001,-001
+001,-001
+001,-001
+001,-001
+001,-001
+001,-001
+001,-002
+001,-002
+001,-002
+001,-002
+001,-002
+001,-003
+001,-003
+001,-003
+001,-003
+003,-003
+003,-004
+003,-004
+003,-004
+003,-004
+003,-004
+003,-004
+003,-004
+005,-005
+005,-005
+005,-005
+005,-005
+005,-005
+005,-005
+005,-005
+007,-005
+007,-005
+007,-005
+007,-005
+007,-005
+007,-005
+007,-005
+007,-005
+007,-005
+009,-005
+009,-005
+009,-005
+009,-005
+009,-005
+009,-005
+009,-005
+009,-005
+009,-005
+009,-005
+009,-005
+009,-006
+009,-006
COP Area(S): 000133
COP Area(R): 000223