+000,+000
+001,+000
+001,+000
+001,+000
+001,+000
+001,+000
+001,+000
+001,+000
+001,+000
+001,+000
+001,+000
+001,+000
+001,+000
+001,+000
+001,+000
+001,+000
+001,+002
+001,+002
+001,+002
+001,+002
+001,+002
+001,+002
+001,+002
+001,+002
+001,+002
+001,+002
+001,+002
+001,+002
+001,+002
+001,+002
+001,+002
+001,+002
+001,+002
+001,+002
+001,+002
+001,+004
+001,+004
+001,+004
+001,+004
+001,+004
+001,+004
+001,+004
+001,+004
+001,+004
+001,+004
+001,+004
+001,+004
+001,+004
+001,+004
+001,+004
+001,+004
+001,+004
+001,+004
+001,+004
+001,+004
+001,+004
+001,+004
+001,+004
+001,+004
+001,+005
+001,+005
+001,+005
+001,+005
+001,+005
+001,+005
+001,+005
+001,+005
+001,+005
+001,-006
+001,-006
+001,-006
+001,-006
+001,-006
+001,-006
+001,-006
+001,-007
+001,-007
+001,-007
+001,-007
+001,-007
+001,-007
+001,-007
+001,-007
+001,-007
+001,-007
+001,-007
+001,-007
+001,-007
+001,-007
+001,-007
+001,-007
+001,-007
+001,-007
+001,-007
+001,-007
+001,-007
+001,-007
+001,-007
+001,-007
+001,-007
+001,-007
+001,-007
+001,-007
+001,-007
+001,-007
+001,-007
+001,-007
+001,-007
+001,-007
+001,-007
+001,-007
+001,-007
+001,-007
+001,-007
+001,-007
+001,-007
+001,-007
+001,-007
+001,-007
+001,-007
+001,-007
+001,-007
+001,-007
+001,-007
+001,-007
+003,-007
+003,-007
+003,-007
+003,-007
+003,-007
+003,-007
+003,-007
+003,-007
+003,-007
+003,-007
+003,-007
+003,-007
+003,-007
+003,-007
+003,-007
+003,-007
+003,-007
+003,-007
+003,-007
+003,-007
+003,-007
+003,-008
+003,-008
+003,-008
+003,-008
+003,-008
+003,-008
+003,-008
+003,-008
+003,-008
+003,-008
+003,-008
+003,-008
+003,-008
+003,-008
+003,-008
+003,-008
+003,-008
+003,-008
+003,-008
+003,-008
+003,-008
+003,-008
+003,-008
+003,-008
+003,-008
+003,-008
+003,-008
+003,-008
+003,-008
+005,-008
+005,-008
+005,-008
+005,-008
+005,-008
+005,-008
+005,-008
+005,-008
+005,-008
+005,-008
+005,-008
+007,-008
+007,-008
+007,-008
+007,-008
+007,-008
+007,-008
+009,-008
+009,-009
+009,-009
+009,-009
+009,-009
+009,-009
+011,-009
+011,-009
+011,-009
+011,-009
+011,-009
+011,-009
+011,-009
+011,-009
+011,-009
+011,-009
+011,-009
+011,-009
+011,-009
+011,-006
+011,-007
+011,-007
+011,-007
+011,-007
+011,+005
+011,+005
+011,+005
+011,+005
+011,+005
+011,+005
+011,+005
+011,+005
+011,+005
+011,+005
+011,+005
+011,+005
+011,+005
+011,+005
+011,+005
+011,+005
+011,+005
+011,+005
+011,+005
+011,+005
+011,+005
+011,+003
+011,+003
+011,+003
+011,+003
+011,+003
+011,+003
+011,+003
+011,+003
+011,+003
+011,+003
+011,+003
+011,+003
+011,+003
+011,+003
+011,+003
+011,+003
+011,+003
+011,+003
+011,+003
+011,+003
+011,+003
+009,+003
+009,+003
+009,+003
+009,+003
+009,+003
+009,+003
+009,+003
+009,+003
+009,+003
+009,+003
+009,+003
+009,+003
+009,+003
+009,+003
+009,+003
+009,+003
+009,+003
+009,+003
+009,+003
+009,+003
+009,+003
+009,+003
+007,+003
+007,+003
+007,+003
+007,+003
+007,+003
+007,+003
+007,+003
+007,+003
+007,+003
+007,+003
+007,+003
+005,+003
+005,+003
+005,+003
+005,+003
+005,+003
+005,+003
+005,+003
+005,+003
+005,+003
+005,+003
+005,+003
+005,+003
+005,+003
+005,+003
+005,+003
+005,+003
+005,+003
+005,+003
+005,+005
+005,+005
+003,+005
+003,+005
+003,+005
+003,+005
+003,+005
+003,+005
+003,+005
+003,+005
+003,+005
+003,+005
+003,+005
+003,+005
+003,+005
+003,+005
+003,+005
+003,+005
+003,+005
+003,+005
+003,+005
+003,+005
+003,+005
+003,+005
+003,+005
+003,+005
+003,+005
+003,+005
+003,+005
+003,+005
+003,+005
+003,+005
+003,+005
+003,+005
+003,+005
+003,+005
+003,+005
+003,+005
+003,+005
+003,+005
+005,+005
+005,+005
+005,+005
+005,+005
+005,+005
+005,+005
+005,+005
+005,+005
+005,+005
+005,+005
+005,+005
+005,+005
+005,+005
+005,+005
+005,+005
+005,+005
+007,+005
+007,+005
+007,+005
+007,+005
+007,+005
+007,+005
+007,+005
+007,+005
+007,+005
+007,+005
+007,+005
+009,+005
+011,-007
+011,-007
+011,-008
+011,-008
+013,-008
+013,-009
+013,-009
+013,-009
+013,-009
+015,-009
+015,-009
+015,-010
+015,-010
+015,-010
+015,-010
+015,-010
+015,-010
+015,-010
+015,-010
+015,-010
+015,-010
+015,-010
+015,-010
+015,-010
+015,-010
+015,-010
+015,-010
+015,-010
+015,-010
+015,-010
+015,-010
+015,-010
+015,-010
+015,-010
+015,-010
+015,-010
+015,-010
+015,-010
+015,-010
+015,-010
+015,-010
+015,-010
+015,-010
+015,-010
+015,-010
+015,-010
+015,-010
+015,-010
+015,-010
+015,-010
+015,-010
+015,-010
+015,-010
+015,-010
+015,-010
+015,-010
+015,-010
+015,-010
+015,-010
+017,-010
+017,-010
+017,-010
+017,-010
+017,-010
+017,-010
+017,-010
+017,-010
+017,-010
+017,-010
+017,-010
+017,-007
+017,-008
+017,-008
+017,-008
+017,-008
+017,-008
+017,-008
+017,-008
+017,-008
+017,-008
+017,-008
+017,-008
+017,-008
+017,-008
+017,+005
+017,+005
+017,+005
+017,+005
+017,+005
+017,+005
+017,+005
+017,+005
+017,+005
+017,+005
+017,+005
+017,+005
+017,+005
+017,+005
+017,+005
+017,+005
+017,+005
+017,+005
+017,+005
+017,+005
+017,+005
+017,+005
+017,+005
+017,+005
+017,+005
+017,+005
+017,+003
+017,+003
+017,+003
+017,+003
+017,+003
+017,+003
+017,+003
+017,+003
+017,+001
+017,+001
+017,+001
+015,+001
+015,+001
+015,+001
+015,+001
+015,+001
+015,+001
+015,+001
+015,+001
+015,+001
+015,+003
+015,+003
+015,+003
+015,+003
+015,+003
+015,+003
+015,+003
+015,+003
+015,+003
+015,+003
+015,+003
+015,+003
+015,+003
+015,+003
+015,+003
+015,+003
+015,+003
+015,+003
+015,+003
+015,+003
+015,+003
+015,+003
+015,+003
+015,+003
+015,+003
+015,+003
+015,+003
+013,+003
+013,+003
+013,+003
+013,+003
+013,+003
+013,+003
+013,+003
+013,+003
+013,+003
+013,+003
+013,+003
+013,+003
+013,+003
+013,+003
+013,+003
+013,+003
+013,+003
+011,+003
+011,+003
+011,+003
+011,+003
+011,+003
+011,+001
+011,+001
+011,+001
+011,+001
+009,+001
+009,+001
+009,+001
+009,+001
+009,+001
+009,+001
+007,+001
+007,+001
+007,+001
+007,+001
+007,+001
+007,+001
+007,+001
+007,+003
+007,+003
+007,+003
+007,+003
+005,+003
+005,+005
+005,+005
+005,+005
+005,+005
+005,+005
+005,+005
+005,+005
+005,+005
+005,+005
+005,+005
+005,+005
+005,-006
+005,-006
+005,-006
+005,-006
+005,-006
+005,-006
+005,-006
+005,-006
+005,-006
+005,-006
+005,-006
+005,-006
+005,-006
+005,-007
+005,-007
+005,-007
+005,-007
+005,-007
+005,-007
+005,-007
+005,-007
+005,-007
+005,-007
+005,-008
+005,-008
+005,-009
+005,-009
+005,-009
+007,-011
+007,-011
+007,-012
+007,-012
+007,-012
+007,-013
+009,-013
+009,-013
+009,-014
+009,-014
+009,-014
+009,-014
+009,-015
+009,-015
+009,-015
+009,-016
+009,-016
+009,-016
+009,-016
+009,-016
+009,-016
+009,-016
+009,-016
+009,-016
+009,-016
+009,-016
+009,-016
+009,-016
+009,-016
+009,-016
+009,-016
+009,-016
+009,-016
+009,-016
+009,-016
+009,-016
+009,-016
+009,-016
+009,-016
+009,-016
+009,-016
+009,-016
+009,-016
+009,-016
+009,-016
+009,-016
+009,-016
+007,-013
+007,-013
+007,-013
+007,-013
+007,-013
+007,-013
+007,-013
+005,-010
+005,-010
+005,-010
+005,-010
+005,-010
+005,-010
+003,-007
+003,-007
+003,-007
+003,-007
+003,-007
+003,-007
+003,-007
+003,-007
+003,-007
+003,-007
+003,-007
+003,-007
+003,-007
+003,-007
+003,-007
+003,-007
+003,-007
+003,+005
+003,+005
+003,+005
+003,+005
+003,+005
+003,+005
+003,+005
+001,+003
+001,+003
+001,+003
+001,+003
+001,+003
+001,+003
+001,+003
+001,+003
+001,+003
+001,+001
+001,+001
+001,+001
+001,+001
+001,+001
+001,+001
+001,+001
+001,+001
+001,+001
+001,+001
+001,+001
+001,+001
+001,+001
+001,+001
+001,+001
+001,+001
+001,+001
+001,+001
+001,+001
+001,+001
+001,+001
+001,+001
+001,+001
+001,+001
+003,+001
+003,+001
+003,+001
+003,+001
+003,+001
+003,+001
+003,+001
+003,+001
+003,+001
+003,+001
+003,+001
+003,+001
+003,+001
+003,+001
+003,+001
+001,+001
+001,+001
+001,+001
+001,+001
+001,+001
+001,+001
+001,+001
+001,+001
+001,+001
+001,+001
+001,+001
+001,+001
+001,+001
+001,+001
+001,+001
+001,+001
+001,+001
+001,+001
+001,+001
+001,+001
+001,+001
+001,+001
+001,+001
+001,+001
+001,+001
+001,+001
+001,+001
+001,+001
+001,+001
+001,+001
+001,+001
+001,+001
+001,+001
+001,+001
+001,+001
+001,+001
+001,+001
+001,+001
+001,+001
+001,+001
+001,+001
+001,+001
+001,+001
+001,+001
+001,+001
+001,+001
+001,+001
+001,+001
+001,+001
+001,+001
+001,+001
+001,+001
+001,+001
+001,+001
+001,+001
+001,+001
+001,+001
+001,+001
+001,+001
+001,+001
+001,+001
+001,+001
+001,+001
+001,+001
+001,+001
+001,+001
+001,+001
+001,+001
+001,+001
+001,+001
+001,+001
+001,+001
+001,+001
+001,+001
+001,+001
+001,+001
+001,+001
+001,+001
+001,+001
+001,+003
+001,+003
+001,+003
+001,+003
+001,+003
+001,+003
+001,+003
+001,+003
+001,+003
+001,+003
+001,+003
+001,+003
+001,+003
+001,+003
+001,+003
+001,+003
+001,+003
+001,+003
+001,+003
+001,+005
+001,+005
+001,+005
+001,+005
+001,+005
+001,+005
+001,+005
+001,+005
+001,+005
+001,+007
+001,+007
+001,+007
+001,+007
+001,+007
+001,+009
+001,+009
+001,+009
+001,+009
+001,+009
+001,+009
+001,+009
+001,+009
+001,+009
+001,+009
+001,+009
+001,+009
+001,+009
+001,+009
+001,+009
+001,+009
+001,+009
+001,+009
+001,+009
+001,+009
+001,+009
+001,+009
+001,+009
+001,+009
+001,+009
+001,+009
+001,+009
+001,+009
+001,+009
+001,+009
+001,+009
+001,+009
+001,+009
+001,+009
+001,+009
+001,+009
+001,+009
+001,+009
+001,+009
+001,+009
+001,+009
+001,+007
+001,+007
+001,+007
+001,+007
+001,+007
+001,+007
+001,+007
+001,+007
+001,+007
+001,+007
+001,+007
+001,+007
+001,+007
+001,+007
+001,+007
+001,+007
+001,+007
+001,+007
+001,+007
+001,+007
+001,+007
+001,+007
+001,+007
+001,+007
+001,+007
+001,+007
+001,+007
+001,+007
+001,+007
+001,+007
+001,+007
+001,+007
+001,+007
+001,+007
+001,+007
+001,+009
+003,+009
+003,+009
+003,+009
+003,+009
+003,+009
+003,+009
+003,+011
+003,+011
+003,+011
+003,+011
+003,+011
+003,+011
+003,+011
+003,+011
+003,+011
+003,+011
+003,+013
+003,+013
+003,+013
+003,+013
+003,+013
+003,+013
+003,+013
+003,+013
+003,+013
+003,+013
+003,+013
+003,+013
+003,+013
+003,+013
+003,+013
+003,+013
+003,+013
+003,+013
+003,+013
+003,+013
+001,+015
+001,+015
+001,+015
+001,+015
+001,+015
+001,+015
+001,+015
+001,+015
+001,+015
+001,+015
+001,+015
+001,+015
+001,+015
+001,+015
+001,+015
+001,+015
+001,+015
+001,+015
+001,+017
+001,+017
+001,+017
+001,+017
+001,+017
+001,+017
+001,+017
+001,+017
+001,+017
+001,+017
+001,+017
+001,+017
+001,+019
+001,+019
+001,+019
+001,+019
+001,+019
+001,+019
+001,+019
+001,+019
+001,+019
+001,+019
+001,+019
+001,+019
+001,+019
+001,+019
+001,+019
+001,+019
+001,+019
+001,+019
+001,+019
+001,+019
+001,+019
+001,+017
+001,+017
+001,+017
+001,+017
+001,+017
+001,+017
+001,+017
+001,+017
+001,+017
+001,+017
+001,+015
+001,+015
+001,+015
+001,+015
+001,+015
+001,+015
+001,+015
+001,+013
+001,+013
+001,+013
+001,+013
+001,+013
+001,+013
+001,+013
+001,+011
+001,+011
+001,+011
+001,+011
+001,+011
+001,+009
+001,+009
+001,+009
+001,+009
+001,+009
+001,+007
+001,+007
+001,+007
+001,+007
+001,+007
+001,+007
+001,+005
+001,+005
+001,+005
+001,+005
+001,+005
+001,+003
+001,+003
+001,+003
+001,+003
+001,+003
+001,+003
+001,+003
+001,+001
+001,+001
+001,+001
+001,+001
+001,+001
+001,+001
+001,+001
+001,+001
+001,+001
+001,+001
+001,+001
+001,+001
+001,+003
+001,+003
+003,+003
+003,+003
+003,+005
+003,+005
+003,+005
+003,+005
+003,-006
+003,-006
+003,-007
+003,-007
+003,-007
+003,-008
+003,-008
+003,-008
+005,-008
+005,-008
+005,-009
+005,-009
+005,-009
+005,-009
+005,-009
+005,-009
+005,-009
+005,-009
+007,-009
+007,-009
+007,-009
+007,-009
+007,-009
+007,-009
+007,-009
+007,-009
+007,-009
+007,-009
+007,-009
+007,-009
+007,-009
+007,-009
+007,-009
+007,-009
+007,-009
+007,-009
+007,-009
+007,-009
+007,-009
+007,-009
+007,-009
+007,-009
+007,-009
+007,-009
+007,-009
+007,-009
+007,-009
+007,-009
+007,-009
+007,-009
+007,-009
+007,-009
+007,-009
+007,-009
+007,-009
+007,-009
+007,-009
+007,-009
+007,-009
+007,-009
+007,-006
+007,-006
+007,-006
+007,-006
+007,-006
+007,-006
+007,-006
+007,-006
+007,-006
+007,-006
+007,-006
+007,-006
+007,-006
+007,+004
+007,+004
+007,+004
+007,+004
+007,+004
+007,+004
+007,+002
+007,+002
+007,+002
+007,+002
+007,+002
+007,+002
+007,+002
+007,+000
+007,+000
+007,+000
+007,+000
+007,+000
+009,+002
+009,+002
+009,+002
+009,+002
+009,+002
+009,+002
+009,+004
+009,+004
+009,+004
+009,+004
+009,+004
+009,+004
+009,+004
+009,+006
+009,+006
+009,+006
+009,+006
+009,+006
+009,+006
+009,+006
+009,+006
+009,+006
+009,+006
+009,+006
+009,+006
+009,+006
+009,+008
+009,+008
+009,+008
+009,+008
+009,+008
+009,+008
+009,+008
+009,+008
+009,+008
+009,+008
+009,+008
+009,+008
+009,+008
+009,+008
+009,+008
+009,+008
+009,+008
+009,+008
+009,+008
+009,+008
+009,+008
+009,+008
+009,+008
+009,+010
+009,+010
+009,+010
+009,+010
+009,+010
+007,+010
+007,+010
+007,+010
+007,+010
+007,+010
+007,+010
+007,+010
+005,+008
+005,+008
+005,+008
+005,+008
+005,+008
+005,+008
+005,+008
+003,+008
+003,+006
+003,+006
+003,+006
+003,+006
+003,+006
+003,+006
+001,+006
+001,+006
+001,+004
+001,+004
+001,+004
+001,+004
+001,+004
+001,+004
+001,+004
+001,+002
+001,+002
+001,+002
+001,+002
+001,+002
+001,+002
+001,+002
+001,+002
+001,+002
+001,+002
+001,+002
+003,+002
+003,+002
+003,+002
+003,+002
+003,+002
+003,+002
+003,+002
+003,+002
+003,+002
+003,+002
+003,+002
+003,+002
+003,+002
+003,+002
+003,+002
+003,+002
+003,+002
+003,+000
+003,+000
+003,+000
+003,+000
+003,+000
+003,+000
+003,+000
+003,+000
+003,+000
+003,+002
+003,+002
+003,+002
+003,+002
+003,+002
+003,+002
+003,+002
+003,+004
+003,+004
+003,+004
+003,+004
+003,+004
+003,+004
+003,+004
+003,+005
+003,+005
+003,+005
+003,+005
+003,+005
+003,+005
+003,-006
+003,-006
+001,-006
+001,-006
+001,-006
+001,-006
+001,-006
+001,-007
+001,-007
+001,-007
+001,-007
+001,-007
+001,-007
+001,-008
+001,-008
+001,-008
+001,-008
+001,-008
+001,-008
+001,-008
+001,-009
+003,-009
+003,-009
+003,-009
+003,-009
+003,-009
+003,-009
+003,-009
+003,-009
+003,-009
+003,-009
+003,-009
+003,-009
+003,-009
+003,-009
+005,-009
+005,-009
+005,-009
+005,-009
+005,-009
+005,-009
+005,-009
+005,-009
+005,-009
+005,-009
+005,-009
+005,-009
+005,-009
+005,-009
+005,-009
+005,-009
+005,-009
+005,-009
+005,-009
+005,-009
+005,-009
+005,-009
+005,-009
+005,-009
+005,-009
+005,-009
+005,-009
+005,-009
+005,-009
+005,-009
+005,-009
+005,-009
+005,-009
+003,-009
+003,-006
+003,-006
+003,-006
+003,-006
+003,-006
+003,-006
+003,-006
+003,-006
+003,-006
+003,-006
+003,-006
+003,-006
+003,-006
+003,-006
+003,-006
+003,-006
+003,-006
+003,-006
+003,-006
+003,-006
+003,-006
+003,-006
+003,-006
+003,-006
+003,-006
+003,-006
+003,+004
+001,+004
+001,+004
+001,+004
+001,+004
+001,+004
+001,+004
+001,+004
+001,+002
+001,+002
+001,+002
+001,+002
+001,+002
+001,+002
+001,+002
+001,+000
+001,+000
+001,+000
+001,+000
+001,+000
+001,+002
+001,+002
+001,+002
+001,+004
+001,+004
+001,+004
+001,+004
+001,+004
+001,+004
+001,+004
+001,+006
+001,+006
+001,+006
+001,+006
+001,+006
+001,+006
+001,+006
+001,+008
+001,+008
+001,+008
+001,+008
+001,+008
+001,+008
+001,+008
+001,+008
+003,+008
+003,+008
+003,+008
+003,+008
+003,+008
+003,+008
+003,+008
+003,+008
+003,+008
+003,+008
+003,+008
+003,+006
+003,+006
+003,+006
+003,+006
+003,+006
+003,+006
+003,+006
+003,+006
+005,+006
+005,+006
+005,+006
+005,+006
+005,+004
+005,+004
+005,+004
+005,+004
+005,+004
+005,+004
+005,+004
+005,+004
+005,+004
+005,+004
+005,+004
+005,+004
+005,+004
+005,+004
+005,+004
+005,+004
+005,+004
+005,+004
+005,+004
+005,+004
+005,+004
+005,+004
+005,+004
+005,+004
+005,+004
+005,+004
+005,+004
+005,+004
+005,+004
+005,+004
+005,+004
+007,+004
+007,+004
+007,+004
+007,+004
+007,+004
+007,+004
+007,+004
+007,+004
+007,+004
+007,+004
+007,+004
+007,+004
+007,+004
+007,+004
+007,+004
+007,+004
+007,+004
+007,+004
+007,+004
+007,+004
+007,+004
+007,+004
+007,+004
+007,+004
+007,+004
+007,+004
+007,+004
+007,+004
+007,+004
+007,+004
+007,+004
+007,+004
+007,+004
+007,+004
+007,+004
+007,+004
+007,+004
+007,+004
+007,+004
+007,+004
+007,+004
+007,+004
+007,+004
+007,+004
+007,+004
+007,+004
+007,+004
+007,+004
+007,+004
+007,+004
+007,+004
+007,+004
+007,+004
+007,+004
+007,+004
+007,+004
+007,+004
+007,+004
+007,+004
+007,+004
+007,+004
+007,+004
+007,+004
+007,+004
+007,+004
+007,+004
+007,+004
+009,+004
+009,+004
+009,+004
+009,+004
+009,+004
+009,+004
+009,+004
+009,+004
+009,+004
+009,+004
+009,+004
+009,+004
+009,+004
+009,+004
+009,+004
+009,+004
+009,+004
+009,+004
+009,+004
+009,+004
+009,+004
+009,+004
+009,+004
+009,+004
+009,+004
+009,+004
+009,+004
+009,+004
+009,+004
+009,+004
+009,+004
+009,+004
+009,+004
+009,+004
+009,+004
+009,+004
+009,+004
+009,+004
+009,+004
+007,+004
+007,+004
+007,+004
+007,+004
+007,+004
+007,+004
+007,+004
+007,+004
+007,+004
+007,+004
+007,+004
+007,+004
+007,+004
+007,+004
+007,+004
+005,+004
+005,+004
+005,+004
+005,+004
+005,+004
+005,+004
+005,+004
+003,+004
+003,+004
+003,+004
+003,+004
+003,+004
+003,+004
+003,+004
+003,+004
+003,+004
+003,+004
+003,+004
+003,+004
+003,+004
+003,+004
+003,+004
+003,+004
+003,+004
+003,+004
+003,+004
+003,+004
+003,+004
+003,+004
+003,+004
+003,+004
+003,+004
+003,+004
+001,+004
+001,+004
+001,+002
+001,+002
+001,+002
+001,+002
+001,+002
+001,+002
+001,+002
+001,+002
+001,+002
+001,+002
+001,+002
+001,+002
+001,+002
+001,+002
+001,+002
+001,+002
+001,+002
+001,+002
+001,+002
+001,+002
+001,+002
+001,+002
+001,+002
+001,+002
+001,+002
+001,+002
+003,+002
+003,+002
+003,+002
+003,+002
+003,+002
+003,+002
+003,+002
+003,+002
+003,+002
+003,+002
+003,+002
+003,+002
+005,+002
+005,+002
+005,+002
+005,+002
+005,+002
+005,+002
+005,+002
+005,+002
+005,+002
+007,+002
+007,+002
+007,+002
+007,+002
+007,+002
+007,+002
+007,+002
+007,+002
+007,+002
+007,+002
+007,+002
+007,+002
+007,+002
+007,+002
+007,+002
+007,+002
+007,+002
+007,+002
+007,+002
+007,+002
+007,+002
+007,+002
+007,+002
+007,+002
+009,+002
+009,+002
+009,+002
+009,+002
+009,+002
+009,+002
+009,+002
+009,+002
+009,+002
+009,+002
+009,+002
+009,+002
+009,+002
+009,+002
+009,+002
+009,+002
+009,+002
+009,+002
+009,+002
+009,+002
+009,+002
+009,+002
+009,+002
+009,+002
+009,+002
+009,+002
+009,+002
+009,+002
+009,+002
+009,+002
+009,+002
+009,+002
+009,+002
+009,+002
+009,+002
+009,+002
+009,+000
+009,+000
+009,+000
+009,+000
+009,+000
+009,+000
+009,+000
+009,+000
+009,+000
+009,+000
+009,+000
+009,+000
+009,+000
+009,+000
+009,+000
+009,+000
+009,+000
+009,+000
+009,+000
+009,+000
+009,+000
+009,+000
+007,+000
+007,+000
+007,+000
+007,+000
+007,+000
+007,+000
+007,+000
+007,+000
+007,+000
+007,+000
+007,+000
+009,+002
+009,+002
+009,+002
+009,+002
+009,+002
+009,+002
+009,+002
+009,+002
+009,+002
+009,+002
+009,+002
+009,+002
+009,+002
+009,+002
+009,+002
+009,+002
+009,+002
+009,+002
+009,+002
+009,+002
+009,+002
+009,+002
+009,+002
+009,+002
+009,+002
+009,+002
+009,+002
+009,+004
+009,+004
+009,+004
+009,+004
+011,+004
+011,+005
+011,+005
+011,-006
+011,-006
+011,-007
+011,-007
+011,-007
+011,-008
+014,-010
+014,-012
+016,-012
+016,-013
+016,-013
+016,-013
+018,-014
+018,-014
+018,-014
+018,-015
+020,-015
+020,-015
+020,-015
+022,-016
+022,-016
+022,-016
+022,-016
+024,-016
+024,-016
+024,-016
+024,-016
+024,-016
+026,-016
+026,-016
+026,-016
+026,-016
+026,-016
+028,-016
+028,-016
+028,-016
+030,-016
+030,-016
+030,-016
+030,-016
+032,-016
+032,-016
+032,-016
+032,-016
+032,-016
+032,-016
+032,-016
+032,-016
+032,-016
+032,-016
+032,-016
+032,-016
+032,-016
+032,-016
+032,-016
+032,-016
+032,-016
+032,-016
+032,-016
+032,-016
+032,-016
+030,-016
+030,-016
+030,-016
+030,-016
+030,-016
+028,-016
+028,-016
+028,-016
+028,-017
+028,-017
+026,-017
+026,-017
+026,-018
+024,-018
+024,-018
+024,-018
+022,-019
+022,-019
+022,-019
+022,-020
+020,-020
+020,-020
+020,-021
+018,-021
+018,-021
+018,-021
+018,-021
+018,-021
+016,-021
+016,-021
+016,-021
+016,-021
+016,-021
+014,-021
+014,-021
+014,-021
+014,-021
+012,-021
+012,-021
+012,-021
+012,-021
+012,-021
+010,-021
+010,-021
+010,-021
+006,-017
+006,-017
+006,-017
+006,-017
+004,-017
+004,-017
+004,-017
+004,-017
+004,-017
+002,-017
+002,-017
+002,-017
+002,-017
+000,-017
+000,-017
+000,-014
+000,-014
+002,-014
+002,-015
+002,-015
+004,-015
+004,-015
+004,-015
+006,-015
+006,-015
+008,-015
+008,-015
+008,-015
+008,-015
+010,-015
+010,-015
+010,-015
+012,-015
+012,-015
+012,-015
+012,-015
+012,-015
+014,-015
+014,-012
+014,-012
+014,-012
+014,-012
+014,-012
+015,-012
+015,-012
+015,-012
+015,-012
+015,-012
-016,-012
-016,-012
-016,-012
-016,-012
-016,-012
-016,-012
-016,-009
-016,-009
-016,-009
-016,-009
-016,-009
-016,-009
-016,-009
-016,-009
-016,-009
-016,-009
-016,-009
-016,-009
-016,-009
-016,-009
-016,-009
+014,-009
+014,-009
+014,-009
+014,-009
+014,-009
+014,-009
+014,-009
+014,-009
+014,-009
+014,-009
+014,-009
+014,-009
+014,-009
+014,-009
+014,-009
+012,-009
+012,-006
+012,-006
+012,-006
+012,-006
+012,-006
+012,-006
+012,-006
+012,-006
+012,-006
+012,-006
+012,-006
+012,-006
+012,-006
+012,-006
+012,-006
+012,+004
+012,+004
+012,+004
+012,+004
+012,+004
+012,+004
+012,+004
+012,+004
+012,+004
+012,+004
+012,+004
+012,+004
+012,+004
+012,+004
+012,+004
+012,+004
+012,+004
+012,+004
+012,+004
+012,+004
+012,+004
+012,+004
+012,+004
+012,+004
+012,+004
+012,+004
+012,+004
+012,+004
+012,+004
+012,+004
+012,+004
+012,+004
+012,+004
+012,+004
+012,+004
+012,+004
+012,+004
+012,+004
+012,+004
+012,+004
+012,+004
+012,+004
+012,+004
+012,+004
+012,+004
+012,+004
+012,+004
+012,+004
+012,+004
+012,+004
+012,+004
+010,+002
+010,+002
+010,+002
+010,+002
+010,+002
+010,+002
+010,+002
+010,+000
+010,+000
+010,+000
+010,+000
+010,+002
+008,+002
+008,+002
+008,+002
+008,+004
+008,+004
+008,+004
+008,+006
+008,+006
+008,+006
+008,+006
+008,+008
+008,+008
+008,+008
+008,+008
+008,+010
+008,+010
+008,+010
+008,+010
+008,+012
+008,+012
+008,+012
+008,+012
+008,+012
+008,+012
+008,+012
+008,+012
+008,+012
+008,+014
+008,+014
+008,+014
+008,+014
+008,+014
+008,+014
+008,+014
+008,+014
+008,+014
+008,+014
+008,+014
+006,+014
+006,+014
+006,+014
+006,+014
+006,+014
+006,+014
+006,+014
+006,+014
+006,+014
+006,+014
+006,+014
+006,+014
+006,+014
+006,+014
+006,+014
+006,+016
+006,+016
+006,+016
+006,+016
+006,+016
+006,+016
+006,+016
+006,+016
+006,+016
+006,+016
+006,+016
+006,+016
+006,+016
+006,+016
+006,+016
+006,+016
+006,+016
+006,+016
+006,+016
+006,+016
+006,+016
+006,+016
+006,+016
+006,+014
+006,+014
+006,+014
+006,+014
+006,+014
+006,+014
+006,+014
+006,+014
+006,+012
+006,+012
+006,+012
+006,+012
+006,+012
+006,+010
+006,+010
+006,+010
+006,+010
+006,+010
+006,+008
+006,+008
+006,+008
+006,+008
+006,+006
+006,+006
+006,+006
+006,+006
+006,+006
+006,+004
+006,+004
+006,+004
+006,+004
+004,+002
+004,+002
+004,+002
+004,+002
+004,+002
+004,+000
+004,+000
+004,+000
+004,+000
+004,+000
+004,+000
+004,+000
+004,+002
+004,+002
+004,+002
+004,+002
+004,+002
+002,+002
+002,+002
+002,+002
+002,+004
+002,+004
+002,+004
+002,+004
+002,+004
+002,+004
+002,+004
+002,+004
+002,+004
+002,+004
+002,+004
+002,+004
+002,+004
+002,+004
+002,+004
+002,+004
+002,+004
+002,+002
+002,+002
+002,+002
+002,+002
+002,+002
+002,+002
+002,+002
+002,+002
+002,+002
+002,+002
+002,+002
+002,+000
+002,+000
+002,+000
+002,+000
+002,+000
+002,+000
+002,+000
+004,+000
+004,+000
+004,+000
+004,+002
+004,+002
+004,+002
+004,+002
+004,+002
+004,+002
+004,+002
+004,+002
+004,+004
+004,+004
+004,+004
+004,+004
+004,+004
+006,+004
+006,+004
+006,+004
+006,+004
+006,+004
+006,+004
+006,+004
+006,+004
+006,+006
+006,+006
+006,+006
+006,+006
+006,+006
+006,+006
+006,+006
+006,+006
+006,+006
+006,+006
+006,+006
+006,+006
+006,+006
+008,+006
+008,+006
+008,+006
+008,+006
+008,+006
+008,+006
+008,+004
+008,+004
+008,+004
+008,+004
+008,+004
+008,+004
+008,+004
+008,+004
+008,+004
+008,+004
+008,+004
+008,+004
+008,+004
+008,+004
+008,+004
+008,+004
+008,+004
+008,+004
+008,+004
+008,+004
+008,+004
+008,+004
+008,+004
+008,+004
+008,+004
+008,+004
+008,+004
+008,+004
+008,+004
+008,+004
+008,+004
+008,+004
+008,+004
+008,+004
+010,+004
+010,+004
+010,+004
+010,+004
+010,+004
+010,+004
+010,+004
+010,+004
+010,+004
+010,+004
+010,+004
+010,+004
+010,+004
+010,+004
+010,+004
+010,+004
+010,+004
+010,+004
+010,+004
+010,+004
+010,+006
+010,+006
+010,+006
+010,+006
+010,+006
+010,+006
+010,+006
+010,+006
+010,+006
+010,+006
+010,+006
+010,+006
+010,+006
+010,+008
+010,+008
+010,+008
+010,+008
+010,+008
+010,+008
+010,+008
+010,+008
+010,+008
+010,+008
+010,+008
+010,+008
+008,+008
+008,+008
+008,+010
+008,+010
+008,+010
+008,+010
+008,+010
+008,+010
+008,+010
+008,+010
+008,+010
+008,+010
+008,+010
+008,+010
+008,+010
+008,+010
+008,+010
+008,+010
+008,+010
+008,+010
+008,+010
+008,+010
+008,+010
+008,+008
+008,+008
+008,+008
+008,+008
+008,+008
+008,+008
+008,+008
+008,+008
+008,+008
+008,+008
+008,+008
+008,+008
+008,+008
+008,+008
+008,+008
+008,+008
+008,+008
+008,+008
+008,+008
+008,+010
+008,+010
+008,+010
+008,+010
+008,+010
+008,+010
+008,+010
+008,+010
+008,+010
+008,+010
+008,+010
+008,+010
+008,+010
+008,+010
+008,+010
+008,+010
+008,+010
+008,+010
+008,+010
+008,+010
+008,+010
+008,+010
+008,+010
+008,+010
+008,+010
+008,+008
+008,+008
+008,+008
+008,+008
+008,+008
+010,+008
+010,+008
+010,+008
+010,+008
+010,+008
+010,+008
+010,+008
+010,+008
+010,+008
+010,+008
+010,+008
+010,+008
+010,+008
+012,+008
+012,+008
+012,+008
+012,+008
+012,+008
+012,+008
+012,+008
+012,+008
+012,+008
+012,+008
+012,+008
+012,+008
+012,+008
+012,+008
+012,+008
+012,+008
+014,+008
+014,+008
+014,+008
+014,+008
+014,+008
+014,+008
+014,+008
+014,+006
+014,+006
+014,+006
+014,+006
+014,+006
+014,+006
+014,+006
+014,+006
+014,+006
+014,+006
+014,+006
+014,+006
+014,+006
+014,+006
+014,+006
+014,+006
+014,+006
+014,+006
+014,+006
+014,+006
+014,+006
+014,+006
+012,+006
+012,+006
+012,+006
+012,+006
+012,+006
+012,+006
+012,+006
+012,+006
+012,+006
+012,+006
+012,+006
+012,+006
+012,+006
+012,+004
+012,+004
+012,+004
+010,+004
+010,+004
+010,+004
+010,+004
+010,+004
+010,+004
+010,+004
+010,+004
+010,+004
+008,+004
+008,+004
+008,+004
+008,+004
+008,+004
+008,+004
+008,+004
+008,+004
+008,+004
+008,+004
+006,+004
+006,+004
+006,+004
+006,+004
+006,+004
+006,+004
+006,+004
+006,+004
+006,+004
+006,+004
+006,+004
+006,+004
+006,+004
+006,+004
+006,+004
+004,+004
+004,+004
+004,+004
+004,+004
+004,+004
+004,+004
+004,+004
+004,+004
+004,+004
+004,+004
+004,+004
+004,+004
+004,+004
+004,+004
+004,+004
+004,+006
+004,+006
+004,+006
+004,+006
+004,+006
+004,+006
+004,+006
+004,+006
+004,+006
+004,+006
+004,+006
+004,+006
+004,+006
+004,+006
+004,+006
+004,+006
+004,+006
+004,+006
+004,+006
+004,+006
+004,+006
+004,+006
+004,+006
+004,+006
+004,+006
+004,+006
+004,+006
+004,+006
+002,+006
+002,+006
+002,+006
+002,+006
+002,+006
+002,+006
+002,+006
+002,+006
+002,+006
+002,+006
+002,+006
+002,+006
+002,+006
+002,+006
+002,+006
+002,+006
+002,+008
+002,+008
+002,+008
+002,+008
+002,+008
+002,+008
+002,+008
+002,+008
+002,+008
+002,+008
+002,+008
+002,+008
+002,+008
+002,+008
+002,+008
+002,+008
+002,+008
+004,+008
+004,+008
+004,+008
+004,+008
+004,+008
+004,+006
+004,+006
+004,+006
+004,+006
+004,+006
+004,+006
+004,+006
+004,+006
+006,+006
+006,+006
+006,+006
+006,+006
+006,+006
+006,+006
+006,+006
+006,+006
+006,+004
+006,+004
+006,+004
+006,+004
+006,+004
+006,+004
+006,+004
+006,+004
+006,+004
+006,+004
+008,+004
+008,+004
+008,+004
+008,+002
+008,+002
+008,+002
+008,+002
+008,+002
+008,+002
+008,+002
+008,+002
+008,+002
+008,+002
+008,+000
+010,+000
+010,+000
+010,+000
+010,+000
+010,+000
+010,+000
+010,+000
+010,+000
+010,+000
+010,+002
+010,+002
+010,+002
+010,+002
+010,+002
+010,+002
+010,+002
+010,+002
+010,+002
+010,+002
+010,+002
+010,+002
+010,+002
+010,+002
+010,+002
+010,+002
+010,+002
+010,+002
+010,+002
+010,+002
+010,+002
+010,+002
+010,+002
+010,+002
+010,+002
+010,+002
+010,+002
+010,+002
+010,+002
+010,+002
+010,+002
+010,+002
+010,+002
+010,+002
+010,+002
+010,+002
+010,+002
+010,+002
+010,+002
+010,+002
+010,+002
+010,+002
+010,+002
+010,+002
+010,+002
+010,+002
+010,+002
+008,+002
+008,+002
+008,+002
+008,+002
+008,+004
+008,+004
+008,+004
+008,+004
+008,+004
+008,+004
+006,+004
+006,+004
+006,+004
+006,+004
+006,+004
+006,+004
+006,+004
+006,+004
+006,+004
+006,+004
+006,+004
+006,+004
+006,+004
+006,+004
+006,+004
+006,+004
+006,+004
+006,+004
+006,+004
+006,+004
+004,+004
+004,+004
+004,+004
+004,+004
+004,+004
+004,+004
+004,+004
+004,+004
+004,+004
+004,+004
+004,+004
+004,+004
+004,+004
+004,+004
+004,+004
+004,+002
+004,+002
+004,+002
+004,+002
+004,+002
+004,+002
+004,+002
+004,+002
+004,+002
+004,+002
+004,+002
+004,+002
+004,+002
+004,+002
+004,+002
+004,+002
+004,+002
+004,+002
+004,+002
+004,+002
+004,+002
+004,+002
+004,+002
+004,+002
+004,+002
+004,+002
+004,+002
+006,+002
+006,+002
+006,+002
+006,+002
+006,+002
+006,+002
+006,+002
+006,+002
+006,+002
+006,+002
+006,+002
+006,+002
+006,+002
+006,+002
+006,+002
+004,+002
+004,+002
+004,+002
+004,+002
+004,+002
+004,+000
+004,+000
+004,+000
+004,+000
+004,+000
+004,+000
+004,+000
+004,+000
+004,+000
+004,+000
+004,+000
+004,+000
+004,+000
+004,+000
+004,+000
+004,+000
+004,+000
+004,+000
+004,+000
+004,+000
+004,+000
+004,+000
+004,+000
+004,+002
+004,+002
+004,+002
+004,+002
+004,+002
+004,+002
+004,+002
+004,+002
+004,+002
+004,+002
+004,+002
+004,+002
+004,+002
+004,+004
+004,+004
+004,+004
+004,+004
+004,+004
+004,+004
+004,+004
+004,+004
+002,+004
+002,+004
+002,+004
+002,+004
+002,+004
+002,+004
+002,+004
+002,+004
+002,+004
+002,+004
+002,+004
+002,+004
+002,+004
+002,+004
+002,+004
+002,+004
+002,+004
+002,+004
+002,+004
+002,+004
+002,+004
+002,+004
+002,+004
+002,+004
+002,+004
+002,+004
+002,+004
+002,+004
+002,+004
+002,+004
+002,+004
+002,+004
+002,+004
+002,+004
+002,+004
+002,+004
+002,+004
+002,+004
+002,+004
+002,+004
+002,+004
+002,+004
+002,+004
+002,+004
+002,+004
+002,+004
+002,+004
+002,+004
+002,+004
+002,+004
+002,+004
+002,+002
+002,+002
+002,+002
+002,+002
+002,+002
+002,+002
+002,+002
+002,+002
+002,+002
+002,+002
+002,+002
+002,+002
+002,+002
+002,+002
+002,+002
+002,+002
+002,+002
+002,+002
+002,+002
+002,+002
+002,+002
+002,+002
+002,+002
+002,+000
+002,+000
+002,+000
+002,+000
+002,+000
+002,+000
+002,+000
+002,+000
+002,+000
+002,+000
+002,+000
+002,+000
+002,+000
+002,+000
+002,+000
+002,+000
+002,+000
+002,+000
+002,+000
+002,+000
+002,+000
+002,+000
+002,+000
+002,+000
+002,+000
+002,+000
+002,+000
+002,+000
+002,+000
+002,+000
+002,+000
+002,+000
+002,+000
+002,+000
+002,+000
+002,+000
+002,+000
+002,+000
+002,+000
+002,+000
+002,+000
+002,+000
+002,+000
+002,+000
+002,+000
+002,+000
+002,+000
+002,+000
+002,+000
+002,+000
+002,+000
+002,+000
+002,+000
+002,+000
+002,+000
+002,+000
+002,+000
+002,+000
+002,+000
+002,+000
+002,+000
+002,+000
+002,+000
+002,+000
+000,+000
+000,+000
+000,+000
+000,+000
+000,+000
+000,+002
+000,+002
+000,+002
+000,+002
+000,+002
+000,+002
+000,+002
+000,+002
+000,+002
+000,+002
+000,+002
+000,+002
+000,+002
+000,+002
+000,+002
+000,+002
+000,+002
+000,+002
+000,+002
+000,+002
+000,+002
+000,+002
+000,+002
+002,+002
+002,+002
+002,+002
+002,+004
+002,+004
+002,+004
+002,+004
+002,+004
+002,+004
+002,+004
+002,+004
+002,+004
+002,+004
+002,+004
+002,+004
+002,+004
+002,+004
+002,+004
+002,+004
+002,+004
+002,+004
+002,+004
+002,+004
+002,+004
+002,+004
+002,+004
+002,+004
+002,+005
+002,+005
+002,+005
+002,+005
+002,+005
+002,+005
+002,+005
+002,+005
+002,+005
+002,+005
+002,+005
+002,+005
+002,+005
+002,-006
+002,-006
+002,-006
+002,-006
+002,-006
+002,-006
+002,-006
+002,-006
+002,-006
+002,-006
+002,-006
+002,-006
+002,-006
+002,-006
+002,-006
+002,-006
+002,-007
+002,-007
+002,-007
+002,-007
+002,-007
+002,-007
+002,-007
+002,-007
+002,-007
+002,-007
+002,-007
+002,-007
+002,-008
+002,-008
+002,-008
+002,-008
+002,-008
+002,-008
+002,-008
+002,-008
+002,-008
+002,-008
+002,-008
+002,-008
+002,-008
+002,-008
+002,-008
+002,-008
+002,-008
+002,-008
+002,-008
+002,-008
+002,-008
+002,-008
+002,-008
+002,-008
+002,-008
+002,-008
+002,-008
+002,-008
+002,-008
+002,-008
+002,+005
+002,+005
+002,+005
+002,+005
+002,+005
+002,+005
+002,+005
+002,+005
+002,+005
+002,+005
+002,+003
+002,+003
+002,+003
+002,+003
+002,+003
+002,+003
+002,+003
+002,+003
+002,+003
+002,+003
+002,+003
+002,+003
+002,+003
+002,+003
+002,+003
+002,+003
+002,+003
+002,+001
+002,+001
+002,+001
+002,+001
+002,+001
+002,+001
+000,+001
+000,+001
+000,+001
+000,+001
+000,+001
+000,+001
+000,+001
+000,+001
+000,+001
+000,+001
+000,+001
+000,+001
+000,+001
+000,+001
+000,+001
+000,+001
+000,+001
+000,+001
+000,+001
+000,+001
+000,+001
+000,+001
+000,+001
+000,+001
+000,+001
+000,+001
+000,+001
+000,+001
+000,+001
+000,+001
+000,+001
+000,+001
+000,+001
+000,+001
+000,+001
+000,+001
+000,+001
+000,+001
+000,+001
+000,+001
+000,+001
+000,+001
+000,+001
+000,+001
+000,+001
+000,+001
+000,+001
+000,+001
+000,+001
+000,+001
+000,+001
+000,+001
+000,+001
+000,+001
+000,+001
+000,+001
+000,+001
+000,+001
+000,+001
+000,+001
+000,+001
+000,+001
+000,+001
+000,+001
+000,+001
+000,+001
+000,+001
+000,+001
+000,+001
+000,+001
+000,+001
+000,+001
+000,+001
+000,+001
+000,+001
+000,+001
+000,+001
+000,+001
+000,+001
+000,+001
+000,+001
+000,+001
+000,+001
+000,+001
+000,+001
+000,+001
+000,+001
+000,+001
+000,+001
+000,+001
+000,+001
+000,+001
+000,+001
+000,+001
+000,+001
+000,+001
+000,+001
+000,+001
+000,+001
+000,+001
+000,+001
+000,+001
+000,+001
+000,+001
+000,+001
+000,+001
+000,+001
+000,+001
+000,+001
+000,+001
+000,+001
+000,+001
+000,+001
+000,+001
+000,+001
+000,+001
+000,+001
+000,+001
+000,+001
+000,+001
+000,+001
+000,+001
+000,+001
+000,+001
+000,+001
+000,+001
+000,+001
+000,+001
+000,+001
+000,+001
+000,+001
+000,+001
+002,+001
+002,+001
+002,+001
+002,+001
+002,+001
+002,+001
+002,+001
+002,+001
+002,+001
+002,+001
+002,+001
+002,+001
+002,+001
+002,+001
+002,+001
+002,+001
+002,+001
+002,+001
+002,+001
+002,+001
+002,+001
+002,+001
+002,+001
+002,+001
+002,+001
+004,+001
+004,+001
+004,+001
+004,+001
+004,+001
+004,+001
+004,+001
+004,+001
+004,+003
+004,+003
+004,+003
+004,+003
+004,+003
+004,+003
+004,+003
+004,+003
+004,+003
+004,+003
+004,+003
+004,+003
+004,+003
+004,+003
+004,+003
+004,+003
+004,+003
+004,+003
+004,+003
+004,+003
+004,+003
+004,+003
+004,+003
+004,+003
+004,+003
+004,+003
+004,+003
+004,+005
+004,+005
+004,+005
+004,+005
+004,+005
+004,+005
+004,+005
+004,+005
+004,+005
+004,+005
+004,+005
+004,+005
+004,+005
+004,+005
+004,+005
+004,+005
+004,+005
+004,+005
+004,+005
+004,+005
+002,+005
+002,+005
+002,+005
+002,+005
+002,+005
+002,+005
+002,+005
+002,+005
+002,+005
+002,+005
+002,+005
+002,+005
+002,+005
+002,+005
+002,+005
+002,+005
+002,+005
+000,+005
+000,+005
+000,+005
+000,+005
+000,+005
+000,+003
+000,+003
+000,+003
+000,+003
+000,+003
+000,+003
+000,+003
+000,+003
+000,+003
+000,+003
+000,+003
+000,+003
+000,+003
+000,+003
+000,+003
+000,+003
+000,+003
+000,+003
+000,+003
+000,+003
+000,+003
+000,+003
+000,+003
+000,+003
+000,+003
+000,+003
+000,+003
+000,+003
+000,+003
+000,+003
+000,+003
+000,+003
+000,+003
+000,+003
+000,+003
+000,+003
+000,+003
+000,+003
+000,+003
+000,+003
+000,+003
+000,+003
+000,+003
+000,+003
+000,+003
+000,+003
+000,+003
+000,+003
+000,+003
+000,+003
+000,+003
+000,+003
+000,+003
+000,+001
+000,+001
+000,+001
+000,+001
+000,+001
+000,+001
+000,+001
+000,+001
+000,+001
+000,+001
+000,+001
+000,+001
+000,+001
+000,+001
+000,+001
+000,+001
+000,+001
+000,+001
+000,+001
+000,+001
+000,+001
+000,+001
+000,+001
+000,+001
+000,+001
+000,+001
+000,+001
+000,+001
+000,+001
+000,+001
+000,+001
+000,+001
+002,+001
+002,+001
+002,+001
+002,+001
+002,+001
+002,+001
+002,+001
+002,+001
+002,+001
+002,+001
+002,+001
+002,+001
+002,+001
+002,+001
+002,+001
+002,+001
+002,+001
+002,+001
+002,+001
+002,+001
+002,+001
+002,+001
+002,+001
+002,+001
+002,+001
+002,+001
+002,+001
+002,+001
+002,+001
+002,+001
+002,+001
+002,+001
+002,+001
+002,+001
+002,+001
+002,+001
+002,+001
+002,+001
+002,+001
+002,+001
+002,+001
+002,+001
+002,+001
+002,+001
+002,+001
+002,+001
+002,+001
+002,+001
+002,+001
+002,+001
+002,+001
+002,+001
+002,+001
+002,+001
+002,+001
+002,+001
+002,+001
+002,+001
+002,+001
+002,+001
+002,+001
+002,+001
+002,+001
+002,+001
+002,+001
+002,+001
+002,+001
+002,+001
+002,+001
+002,+001
+002,+001
+002,+001
+002,+001
+002,+001
+002,+001
+002,+001
+002,+001
+002,+001
+000,+001
+000,+001
+000,+001
+000,+001
+000,+001
+000,+001
+000,+001
+000,+001
+000,+001
+000,+001
+000,+001
+000,+001
+000,+001
+000,+001
+000,+001
+000,+001
+000,+001
+000,+001
+000,+001
+000,+001
+000,+001
+000,+001
+002,+001
+002,+001
+002,+001
+002,+001
+002,+001
+002,+001
+002,+001
+002,+001
+002,+001
+002,+001
+002,+003
+002,+003
+002,+003
+002,+003
+002,+003
+002,+003
+002,+003
+002,+003
+002,+003
+002,+003
+002,+003
+002,+003
+002,+003
+002,+003
+002,+003
+002,+003
+002,+003
+002,+003
+002,+003
+002,+003
+002,+003
+002,+003
+002,+003
+002,+003
+002,+003
+002,+003
+002,+003
+002,+003
+002,+003
+002,+003
+002,+003
+002,+003
+002,+003
+002,+003
+002,+003
+002,+003
+002,+003
+002,+003
+002,+003
+002,+003
+002,+003
+002,+003
+002,+003
+002,+003
+002,+003
+002,+003
+002,+003
+002,+003
+002,+003
+002,+003
+002,+003
+002,+003
+002,+003
+002,+003
+002,+003
+002,+003
+002,+003
+002,+003
+002,+003
+002,+003
+002,+003
+002,+003
+002,+003
+002,+003
+002,+003
+002,+003
+002,+003
+002,+003
+002,+003
+002,+003
+002,+003
+002,+003
+002,+003
+002,+003
+002,+001
+002,+001
+002,+001
+002,+001
+002,+001
+002,+001
+002,+001
+002,+001
+002,+001
+002,+001
+002,+001
+002,+001
+002,+001
+002,+001
+002,+001
+002,+001
+002,+001
+002,+001
+002,+001
+002,+001
+002,+001
+002,+001
+002,+001
+002,+001
+002,+001
+002,+001
+002,+001
+002,+001
+002,+001
+002,+001
+002,+001
+002,+001
+002,+001
+002,+001
+002,+001
+002,+001
+002,+001
+002,+001
+002,+001
+002,+001
+002,+001
+002,+001
+002,+001
+002,+001
+002,+001
+002,+001
+002,+001
+002,+001
+002,+001
+002,+001
+002,+001
+002,+001
+002,+001
+002,+001
+002,+001
+002,+001
+002,+001
+002,+001
+002,+001
+002,+001
+002,+001
+002,+001
+002,+001
+002,+001
+002,+001
+000,+001
+000,+001
+000,+001
+000,+001
+000,+001
+000,+001
+000,+001
+000,+001
+000,+001
+000,+001
+000,+001
+000,+001
+000,+001
+000,+001
+000,+001
+000,+001
+000,+001
+000,+001
+000,+001
+000,+001
+002,+001
+002,+001
+002,+001
+002,+001
+002,+001
+002,+001
+002,+001
+002,+001
+002,+001
+002,+001
+002,+001
+002,+001
+002,+001
+002,+001
+002,+001
+002,+001
+002,+001
+002,+001
+002,+001
+002,+001
+002,+003
+002,+003
+002,+003
+002,+003
+002,+003
+002,+003
+002,+003
+002,+003
+002,+003
+002,+003
+002,+003
+002,+003
+002,+003
+002,+003
+002,+003
+002,+003
+002,+003
+002,+003
+002,+003
+002,+003
+002,+003
+002,+003
+002,+003
+002,+003
+002,+005
+002,+005
+002,+005
+002,+005
+002,+005
+002,+005
+002,+005
+002,+005
+002,+005
+002,+005
+002,+005
+002,+005
+002,+005
+002,+005
+002,+005
+002,+005
+002,+005
+002,+005
+002,+005
+002,+005
+002,+005
+002,+005
+002,+005
+002,+005
+002,+005
+002,+005
+002,+005
+002,+005
+002,+005
+002,+005
+002,+005
+002,+005
+002,+005
+002,+005
+002,+005
+002,+005
+002,+005
+002,+005
+002,+005
+002,+005
+002,+005
+002,+005
+002,+005
+002,+005
+002,+005
+002,+005
+002,+005
+002,+005
+002,+005
+002,+005
+002,+005
+002,+005
+002,+005
+002,+005
+002,+005
+002,+005
+002,+005
+002,+005
+002,+005
+002,+005
+002,+005
+002,+005
+002,+005
+002,+005
+002,+005
+002,+005
+002,+005
+002,+005
+002,+005
+002,+005
+002,+005
+002,+005
+002,+005
+002,+005
+002,+005
+002,+005
+002,+005
+002,+005
+002,+005
+002,+005
+002,+005
+002,+005
+002,+005
+002,+005
+002,+005
+002,+005
+002,+005
+002,+005
+002,+005
+002,+005
+002,+005
+000,+005
+000,+005
+000,+005
+000,+005
+000,+005
+000,+005
+000,+005
+000,+003
+000,+003
+000,+003
+000,+003
+000,+003
+000,+003
+000,+003
+000,+003
+000,+003
+000,+003
+000,+003
+000,+003
+000,+003
+000,+003
+000,+003
+000,+003
+000,+003
+000,+003
+000,+003
+000,+003
+000,+003
+000,+001
+000,+001
+000,+001
+000,+001
+000,+001
+000,+001
+000,+001
+000,+001
+000,+001
+000,+001
+000,+001
+000,+001
+000,+001
+000,+001
+000,+001
+000,+001
+000,+001
+000,+001
+000,+001
+000,+001
+000,+001
+000,+001
+000,+001
+000,+001
+000,+001
+000,+001
+000,+001
+000,+001
+000,+001
+000,+001
+000,+001
+000,+003
+000,+003
+000,+003
+000,+003
+000,+003
+000,+003
+000,+003
+000,+003
+000,+003
+000,+003
+000,+003
+000,+003
+000,+003
+000,+003
+000,+003
+000,+003
+000,+003
+000,+003
+000,+003
+000,+003
+000,+003
+000,+003
COP Area(S): 000111
COP Area(R): 000174