+000,+000
+000,+000
+000,+000
+000,+000
+000,+000
+000,+000
+000,+000
+000,+000
+000,+000
+000,+000
+000,+000
+000,+000
+000,+000
+000,+002
+000,+002
+000,+002
+000,+002
+000,+002
+000,+002
+000,+002
+000,+002
+000,+002
+000,+002
+000,+002
+000,+002
+000,+002
+000,+002
+000,+002
+000,+002
+000,+002
+000,+002
+000,+002
+000,+002
+000,+002
+000,+002
+000,+002
+000,+002
+000,+002
+000,+002
+000,+002
+000,+002
+000,+002
+000,+002
+000,+002
+000,+002
+000,+002
+000,+002
+000,+002
+000,+002
+000,+002
+000,+002
+000,+002
+000,+002
+000,+002
+000,+002
+000,+002
+000,+002
+000,+002
+000,+002
+002,+002
+002,+002
+002,+002
+002,+002
+002,+002
+002,+002
+002,+002
+002,+002
+004,+002
+004,+002
+004,+002
+004,+002
+004,+002
+004,+002
+004,+002
+004,+002
+004,+002
+004,+002
+004,+002
+004,+002
+004,+002
+004,+002
+004,+002
+004,+002
+004,+002
+004,+002
+004,+002
+004,+002
+004,+002
+004,+002
+004,+002
+004,+002
+004,+002
+004,+002
+004,+002
+004,+002
+004,+002
+004,+002
+004,+002
+004,+002
+004,+002
+004,+002
+004,+002
+004,+002
+002,+002
+002,+002
+002,+002
+002,+002
+002,+002
+002,+002
+002,+002
+002,+002
+002,+002
+002,+002
+002,+002
+002,+002
+002,+002
+002,+002
+002,+002
+002,+002
+000,+002
+000,+002
+000,+002
+000,+004
+000,+004
+000,+004
+000,+004
+000,+004
+000,+004
+000,+004
+000,+004
+000,+004
+000,+004
+000,+004
+000,+004
+000,+004
+000,+004
+000,+004
+000,+004
+000,+004
+000,+004
+000,+004
+000,+004
+000,+004
+002,+004
+002,+004
+002,+004
+002,+004
+002,+004
+002,+004
+002,+004
+002,+004
+002,+004
+002,+004
+002,+004
+002,+004
+002,+004
+002,+004
+002,+004
+002,+004
+002,+004
+002,+004
+002,+004
+002,+004
+002,+004
+002,+004
+002,+004
+002,+004
+002,+004
+002,+004
+002,+004
+002,+004
+002,+004
+002,+004
+002,+004
+002,+004
+002,+004
+002,+004
+002,+004
+002,+004
+000,+004
+000,+004
+000,+004
+000,+004
+000,+004
+000,+004
+000,+004
+000,+004
+000,+004
+000,+004
+000,+002
+000,+002
+000,+002
+000,+002
+000,+002
+000,+002
+000,+002
+000,+002
+000,+002
+000,+002
+000,+002
+000,+002
+000,+002
+000,+002
+000,+002
+000,+002
+000,+002
+000,+002
+000,+002
+000,+002
+000,+002
+000,+002
+002,+002
+002,+002
+002,+002
+002,+002
+002,+002
+002,+002
+002,+002
+002,+002
+002,+002
+002,+002
+002,+002
+002,+002
+002,+002
+002,+002
+002,+002
+002,+002
+002,+002
+002,+002
+002,+002
+002,+002
+002,+002
+002,+002
+002,+002
+002,+002
+002,+002
+002,+002
+002,+002
+002,+002
+002,+002
+002,+002
+002,+002
+002,+002
+002,+002
+002,+002
+002,+002
+002,+002
+002,+002
+002,+002
+002,+002
+002,+002
+002,+002
+002,+000
+002,+000
+002,+000
+002,+000
+002,+000
+002,+000
+002,+000
+002,+000
+002,+000
+002,+000
+002,+000
+002,+000
+002,+000
+002,+000
+002,+000
+002,+000
+002,+000
+002,+000
+002,+000
+002,+000
+002,+000
+002,+000
+002,+000
+002,+000
+002,+000
+002,+000
+002,+000
+002,+000
+002,+000
+002,+000
+002,+000
+002,+000
+002,+000
+002,+000
+002,+000
+002,+000
+002,+000
+002,+000
+002,+000
+002,+000
+002,+000
+002,+000
+002,+000
+002,+000
+002,+000
+002,+000
+002,+000
+004,+000
+004,+000
+004,+000
+004,+000
+004,+000
+004,+000
+004,+000
+004,+000
+004,+000
+004,+000
+004,+000
+004,+000
+004,+000
+004,+000
+004,+000
+004,+000
+004,+000
+004,+000
+004,+000
+004,+000
+004,+000
+004,+000
+004,+000
+004,+000
+006,+000
+006,+000
+006,+000
+006,+000
+006,+000
+006,+000
+006,+000
+006,+000
+006,+000
+006,+000
+006,+000
+006,+000
+006,+000
+006,+000
+006,+000
+006,+000
+008,+000
+008,+000
+008,+000
+008,+000
+008,+000
+008,+000
+008,+000
+008,+000
+008,+000
+008,+000
+008,+000
+008,+000
+008,+000
+008,+000
+008,+000
+008,+000
+008,+000
+008,+000
+008,+002
+008,+002
+010,+002
+010,+002
+010,+002
+010,+002
+010,+002
+010,+002
+010,+002
+010,+002
+010,+002
+010,+002
+010,+004
+010,+004
+010,+004
+010,+004
+010,+004
+010,+004
+010,+004
+010,+004
+010,+004
+010,+004
+010,+004
+010,+004
+010,+004
+010,+004
+010,+004
+010,+006
+010,+006
+010,+006
+010,+006
+010,+006
+010,+006
+010,+006
+010,+006
+010,+006
+010,+006
+010,+006
+010,+006
+010,+006
+010,+006
+010,+006
+010,+006
+010,+006
+010,+006
+010,+006
+010,+006
+010,+006
+010,+006
+010,+006
+010,+006
+010,+006
+010,+006
+010,+006
+010,+006
+010,+006
+010,+006
+010,+006
+010,+006
+010,+006
+010,+006
+010,+006
+010,+006
+012,+006
+012,+006
+012,+006
+012,+006
+012,+006
+012,+006
+012,+006
+012,+006
+012,+006
+012,+006
+012,+006
+012,+006
+012,+006
+012,+006
+012,+006
+012,+006
+012,+006
+012,+006
+012,+006
+012,+006
+012,+006
+012,+006
+012,+006
+012,+006
+012,+006
+012,+006
+012,+004
+012,+004
+010,+004
+010,+004
+010,+004
+010,+004
+010,+004
+010,+004
+010,+004
+010,+004
+010,+004
+010,+004
+008,+004
+008,+002
+008,+002
+008,+002
+008,+002
+008,+002
+008,+002
+006,+002
+006,+002
+006,+000
+006,+000
+006,+000
+006,+000
+006,+000
+006,+000
+004,+000
+004,+000
+004,+000
+004,+002
+004,+002
+004,+002
+004,+002
+002,+002
+002,+002
+002,+002
+002,+002
+002,+002
+002,+002
+002,+002
+002,+002
+002,+002
+000,+002
+000,+002
+000,+002
+000,+002
+000,+002
+000,+002
+000,+002
+000,+002
+000,+002
+000,+002
+000,+002
+000,+002
+002,+002
+002,+002
+002,+002
+002,+002
+002,+002
+002,+002
+002,+002
+002,+002
+002,+002
+000,+002
+000,+002
+000,+002
+000,+002
+000,+002
+000,+002
+000,+002
+000,+002
+000,+002
+000,+002
+000,+002
+000,+002
+000,+000
+000,+000
+000,+000
+000,+000
+000,+000
+000,+000
+000,+000
+000,+000
+002,+000
+002,+000
+002,+000
+002,+000
+002,+000
+002,+000
+002,+000
+002,+000
+002,+000
+002,+000
+002,+000
+002,+000
+002,+000
+002,+000
+002,+000
+000,+000
+000,+000
+000,+000
+000,+000
+000,+000
+000,+000
+000,+000
+000,+002
+000,+002
+000,+002
+000,+002
+000,+002
+000,+002
+000,+002
+000,+002
+000,+002
+000,+002
+002,+002
+002,+002
+002,+002
+002,+002
+002,+002
+002,+002
+002,+002
+002,+002
+002,+002
+002,+002
+002,+002
+002,+002
+002,+002
+002,+002
+002,+002
+002,+002
+002,+002
+002,+002
+002,+002
+002,+002
+002,+002
+002,+002
+002,+002
+002,+002
+002,+002
+002,+002
+002,+002
+002,+000
+002,+000
+002,+000
+002,+000
+002,+000
+002,+000
+000,+000
+000,+000
+000,+000
+000,+000
+000,+000
+000,+000
+000,+000
+000,+000
+000,+000
+000,+000
+000,+000
+000,+000
+000,+000
+000,+000
+000,+000
+000,+000
+000,+000
+000,+000
+000,+000
+002,+000
+002,+000
+002,+000
+002,+000
+002,+000
+002,+000
+002,+000
+002,+000
+002,+000
+002,+000
+002,+000
+002,+000
+002,+000
+002,+000
+002,+000
+002,+000
+002,+000
+002,+000
+002,+000
+002,+000
+002,+000
+002,+000
+002,+000
+002,+000
+002,+000
+002,+000
+002,+000
+002,+000
+002,+000
+002,+000
+002,+000
+002,+000
+002,+000
+002,+000
+002,+000
+002,+000
+002,+000
+002,+000
+002,+000
+002,+000
+002,+000
+002,+000
+002,+000
+002,+000
+002,+000
+002,+000
+002,+000
+002,+000
+002,+000
+002,+000
+002,+000
+002,+002
+002,+002
+002,+002
+002,+002
+002,+002
+002,+002
+002,+002
+002,+002
+002,+002
+002,+002
+002,+002
+004,+002
+004,+002
+004,+002
+004,+002
+004,+002
+004,+002
+004,+004
+004,+004
+004,+004
+004,+004
+004,+004
+004,+004
+004,+004
+004,+004
+004,+004
+004,+004
+004,+004
+004,+004
+004,+004
+004,+004
+004,+004
+004,+004
+004,+004
+004,+004
+004,+004
+004,+004
+004,+004
+004,+004
+004,+004
+004,+004
+004,+004
+004,+004
+004,+004
+004,+004
+004,+004
+004,+006
+004,+006
+004,+006
+004,+006
+004,+006
+004,+008
+004,+008
+004,+008
+004,+010
+004,+010
+004,+012
+004,+012
+004,+012
+004,+012
+004,+014
+004,+014
+004,+014
+004,+016
+004,+016
+004,+016
+004,+016
+004,+018
+004,+018
+004,+018
+004,+018
+004,+018
+004,+018
+004,+018
+004,+018
+004,+018
+004,+016
+004,+016
+006,+016
+006,+014
+006,+014
+006,+012
+006,+012
+006,+012
+006,+010
+006,+010
+006,+008
+006,+008
+008,+006
+008,+006
+008,+006
+008,+004
+008,+004
+008,+004
+008,+002
+008,+002
+008,+002
+008,+002
+008,+002
+008,+000
+008,+000
+008,+000
+008,+000
+008,+000
+008,+000
+008,+000
+008,+000
+008,+000
+008,+000
+008,+000
+008,+000
+008,+002
+008,+002
+008,+002
+008,+002
+008,+002
+008,+002
+008,+002
+008,+002
+008,+002
+008,+002
+008,+002
+008,+002
+008,+002
+008,+002
+008,+004
+008,+004
+008,+004
+008,+004
+008,+004
+008,+004
+008,+004
+008,+004
+008,+004
+008,+004
+008,+004
+008,+004
+008,+004
+008,+004
+008,+004
+008,+002
+008,+002
+008,+002
+008,+002
+008,+002
+008,+002
+008,+002
+008,+002
+008,+002
+008,+002
+008,+002
+008,+002
+008,+002
+008,+002
+008,+002
+008,+002
+008,+002
+008,+002
+008,+002
+008,+002
+008,+002
+008,+002
+008,+002
+008,+002
+008,+002
+008,+002
+008,+002
+008,+002
+008,+002
+008,+000
+008,+000
+008,+000
+008,+000
+006,+000
+006,+000
+006,+000
+006,+002
+006,+002
+006,+002
+006,+002
+006,+002
+006,+002
+004,+004
+004,+004
+004,+004
+004,+004
+004,+006
+004,+006
+002,+006
+002,+006
+002,+008
+002,+008
+002,+008
+002,+008
+002,+008
+002,+008
+002,+008
+002,+008
+002,+008
+002,+008
+000,+008
+000,+008
+000,+008
+000,+008
+000,+008
+000,+008
+000,+008
+000,+008
+000,+008
+000,+008
+000,+006
+000,+006
+000,+006
+000,+006
+000,+006
+000,+006
+000,+006
+000,+006
+000,+004
+000,+004
+002,+004
+002,+004
+002,+004
+002,+004
+002,+004
+002,+004
+002,+004
+002,+004
+002,+002
+002,+002
+004,+002
+004,+002
+004,+002
+004,+002
+004,+002
+004,+002
+004,+002
+004,+002
+004,+002
+004,+000
+004,+000
+004,+000
+004,+000
+006,+000
+006,+002
+006,+002
+006,+002
+006,+002
+006,+002
+006,+002
+006,+002
+006,+004
+008,+004
+008,+004
+008,+004
+008,+004
+008,+004
+008,+004
+008,+004
+008,+004
+008,+004
+008,+004
+010,+004
+010,+004
+010,+004
+010,+004
+010,+004
+010,+004
+010,+004
+012,+004
+012,+004
+012,+004
+012,+004
+012,+004
+012,+004
+012,+004
+014,+004
+014,+004
+014,+004
+014,+004
+014,+004
+014,+004
+014,+004
+014,+004
+014,+004
+014,+004
+014,+004
+014,+004
+014,+004
+014,+004
+016,+004
+016,+004
+016,+004
+016,+004
+016,+004
+016,+004
+016,+004
+016,+004
+016,+004
+016,+004
+016,+004
+016,+004
+016,+004
+016,+004
+016,+004
+016,+004
+016,+002
+016,+002
+016,+002
+016,+002
+018,+002
+018,+002
+018,+002
+018,+002
+018,+002
+018,+002
+018,+002
+018,+002
+018,+002
+018,+002
+018,+002
+018,+002
+018,+002
+018,+002
+018,+002
+018,+002
+018,+002
+018,+002
+018,+002
+018,+002
+018,+000
+018,+000
+018,+000
+018,+000
+018,+000
+016,+000
+016,+000
+016,+000
+016,+000
+016,+000
+016,+000
+016,+000
+016,+000
+016,+000
+016,+000
+016,+000
+016,+000
+016,+000
+016,+000
+016,+000
+016,+000
+016,+000
+016,+000
+016,+000
+016,+000
+016,+000
+016,+000
+016,+000
+016,+000
+016,+000
+016,+000
+016,+000
+016,+000
+018,+000
+018,+000
+018,+000
+018,+000
+018,+000
+018,+000
+018,+000
+018,+000
+018,+000
+018,+000
+018,+000
+018,+000
+018,+000
+020,+000
+020,+000
+020,+000
+020,+000
+020,+000
+020,+000
+020,+000
+020,+000
+020,+000
+020,+000
+020,+000
+020,+000
+020,+000
+020,+000
+020,+000
+018,+000
+018,+000
+018,+000
+018,+000
+018,+000
+018,+000
+018,+000
+018,+002
+018,+002
+018,+002
+018,+002
+018,+002
+018,+002
+018,+002
+018,+002
+016,+002
+016,+002
+016,+002
+016,+002
+016,+002
+016,+002
+016,+002
+016,+002
+016,+002
+016,+002
+016,+002
+016,+002
+016,+002
+016,+002
+016,+002
+016,+002
+016,+002
+016,+002
+014,+002
+014,+002
+014,+002
+014,+002
+014,+002
+014,+002
+014,+002
+014,+002
+014,+002
+014,+002
+014,+002
+014,+002
+014,+002
+014,+002
+014,+002
+014,+002
+014,+000
+014,+000
+014,+000
+014,+000
+012,+000
+012,+000
+012,+000
+012,+000
+012,+000
+012,+000
+012,+000
+012,+000
+012,+000
+012,+000
+012,+000
+012,+000
+012,+000
+012,+002
+012,+002
+010,+002
+010,+002
+010,+002
+010,+002
+010,+002
+010,+002
+010,+002
+010,+002
+010,+002
+010,+002
+010,+002
+010,+002
+010,+002
+010,+002
+010,+002
+010,+002
+008,+002
+008,+002
+008,+002
+008,+002
+008,+002
+008,+002
+008,+002
+008,+002
+008,+002
+008,+002
+008,+002
+008,+002
+008,+002
+006,+002
+006,+002
+006,+002
+006,+002
+006,+002
+006,+002
+006,+002
+006,+004
+006,+004
+006,+004
+006,+004
+004,+004
+004,+004
+004,+004
+004,+004
+004,+004
+004,+004
+004,+004
+004,+004
+004,+004
+002,+004
+002,+004
+002,+004
+002,+004
+002,+004
+002,+004
+002,+004
+000,+004
+000,+004
+000,+004
+000,+004
+000,+004
+000,+004
+000,+004
+000,+004
+000,+004
+000,+004
+000,+006
+000,+006
+000,+006
+000,+006
+000,+006
+000,+006
+002,+006
+002,+006
+002,+006
+002,+006
+002,+006
+002,+006
+002,+006
+002,+006
+002,+006
+002,+006
+002,+006
+002,+006
+002,+006
+002,+006
+002,+006
+002,+006
+002,+006
+002,+006
+002,+006
+002,+006
+002,+006
+002,+006
+002,+006
+002,+006
+002,+006
+002,+006
+002,+006
+002,+006
+002,+008
+002,+008
+002,+008
+002,+008
+002,+008
+002,+008
+002,+008
+002,+008
+002,+008
+002,+008
+002,+008
+002,+008
+002,+008
+002,+008
+002,+008
+002,+008
+002,+008
+002,+008
+002,+006
+002,+006
+002,+006
+002,+006
+002,+006
+002,+006
+002,+006
+002,+006
+002,+006
+002,+006
+002,+006
+002,+006
+000,+006
+000,+006
+000,+006
+000,+004
+000,+004
+000,+004
+000,+004
+000,+004
+000,+004
+000,+004
+000,+004
+000,+002
+000,+002
+000,+002
+000,+002
+000,+002
+000,+002
+000,+002
+000,+000
+000,+000
+000,+000
+000,+000
+000,+000
+002,+002
+002,+002
+002,+002
+002,+002
+002,+002
+002,+002
+002,+002
+002,+002
+002,+004
+002,+004
+002,+004
+002,+004
+002,+004
+002,+004
+002,+004
+002,+004
+002,+006
+002,+006
+002,+006
+002,+006
+002,+006
+002,+006
+002,+006
+002,+006
+002,+006
+002,+006
+002,+008
+002,+008
+002,+008
+002,+008
+002,+008
+002,+008
+002,+008
+002,+008
+002,+008
+002,+008
+000,+008
+000,+008
+000,+008
+000,+008
+000,+008
+000,+008
+000,+008
+000,+008
+000,+008
+000,+008
+000,+008
+000,+008
+000,+008
+000,+008
+000,+008
+000,+008
+000,+008
+000,+008
+000,+008
+000,+008
+000,+008
+000,+008
+000,+008
+000,+008
+000,+008
+000,+008
+000,+008
+000,+008
+000,+008
+000,+008
+000,+008
+000,+008
+000,+008
+000,+008
+000,+008
+000,+008
+000,+008
+000,+008
+000,+008
+000,+008
+000,+008
+000,+008
+000,+008
+000,+010
+000,+010
+000,+010
+000,+010
+000,+010
+000,+010
+000,+010
+000,+010
+000,+010
+000,+010
+000,+010
+000,+010
+000,+010
+000,+010
+000,+010
+000,+010
+000,+010
+000,+010
+000,+010
+000,+010
+000,+010
+000,+010
+000,+010
+000,+010
+000,+010
+000,+010
+000,+010
+000,+010
+000,+010
+000,+010
+000,+012
+000,+012
+000,+012
+000,+012
+000,+012
+000,+012
+000,+012
+000,+012
+000,+012
+000,+012
+000,+012
+000,+012
+000,+012
+000,+012
+000,+012
+000,+012
+000,+012
+000,+012
+000,+012
+000,+012
+000,+010
+000,+010
+000,+010
+000,+010
+000,+010
+000,+010
+000,+010
+000,+010
+000,+010
+000,+010
+000,+010
+000,+010
+000,+010
+000,+010
+000,+010
+002,+010
+002,+010
+002,+010
+002,+010
+002,+010
+002,+010
+002,+010
+002,+010
+002,+010
+002,+010
+002,+010
+002,+010
+002,+010
+002,+010
+002,+010
+002,+010
+002,+010
+002,+010
+002,+010
+002,+010
+002,+008
+002,+008
+002,+008
+002,+008
+002,+008
+002,+008
+002,+008
+002,+008
+002,+008
+002,+008
+002,+008
+002,+008
+002,+008
+002,+008
+002,+008
+002,+008
+002,+008
+002,+008
+002,+008
+002,+008
+002,+008
+002,+008
+002,+008
+002,+008
+002,+008
+002,+008
+002,+008
+002,+008
+002,+008
+002,+008
+002,+008
+002,+008
+000,+008
+000,+008
+000,+008
+000,+008
+000,+008
+000,+008
+000,+008
+002,+008
+002,+008
+002,+008
+002,+008
+002,+006
+002,+006
+002,+006
+002,+006
+002,+006
+002,+006
+002,+006
+002,+006
+002,+006
+004,+006
+004,+004
+004,+004
+004,+004
+004,+004
+004,+004
+004,+004
+004,+004
+004,+004
+004,+004
+004,+004
+004,+004
+004,+004
+004,+004
+004,+004
+004,+004
+004,+006
+004,+006
+004,+006
+004,+006
+004,+006
+004,+006
+004,+006
+004,+006
+004,+006
+004,+006
+004,+006
+004,+006
+004,+006
+004,+006
+004,+006
+004,+006
+004,+006
+004,+006
+004,+006
+004,+006
+004,+006
+004,+006
+004,+004
+004,+004
+004,+004
+004,+004
+004,+004
+004,+004
+004,+004
+004,+004
+004,+004
+004,+004
+004,+004
+004,+004
+004,+004
+004,+004
+004,+004
+004,+004
+004,+004
+002,+004
+002,+004
+002,+004
+002,+004
+002,+004
+002,+004
+002,+004
+002,+004
+002,+004
+002,+004
+002,+004
+002,+004
+002,+004
+002,+004
+002,+004
+002,+004
+002,+002
+002,+002
+002,+002
+002,+002
+002,+002
+002,+002
+002,+002
+000,+002
+000,+002
+000,+002
+000,+002
+000,+002
+000,+002
+000,+002
+000,+002
+000,+004
+000,+004
+000,+004
+000,+004
+000,+004
+000,+004
+002,+004
+002,+004
+002,+004
+002,+004
+002,+004
+002,+004
+002,+004
+002,+004
+002,+004
+002,+004
+002,+004
+002,+004
+002,+004
+002,+004
+002,+004
+002,+004
+004,+004
+004,+004
+004,+004
+004,+004
+004,+004
+004,+004
+004,+004
+004,+004
+004,+004
+004,+004
+004,+004
+004,+004
+004,+004
+004,+004
+004,+004
+004,+004
+004,+004
+004,+004
+004,+004
+004,+004
+004,+004
+004,+004
+004,+004
+004,+004
+004,+002
+004,+002
+004,+002
+004,+002
+002,+002
+002,+002
+002,+002
+002,+002
+002,+002
+002,+002
+002,+002
+002,+002
+002,+002
+002,+002
+002,+002
+002,+002
+002,+002
+002,+002
+002,+000
+002,+000
+002,+000
+002,+000
+002,+000
+002,+000
+002,+000
+002,+000
+002,+000
+002,+000
+002,+000
+002,+000
+002,+000
+000,+000
+000,+002
+000,+002
+000,+002
+000,+002
+000,+002
+000,+002
+000,+002
+000,+002
+000,+002
+000,+002
+000,+002
+000,+002
+000,+002
+000,+002
+000,+002
+000,+002
+000,+002
+000,+002
+000,+002
+000,+002
+000,+002
+000,+002
+000,+002
+000,+002
+000,+002
+000,+002
+000,+002
+000,+002
+000,+002
+000,+002
+000,+002
+000,+002
+000,+002
+000,+002
+000,+002
+000,+002
+000,+002
+000,+002
+000,+002
+000,+002
+000,+002
+000,+002
+000,+002
+000,+002
+000,+002
+000,+000
+000,+000
+000,+000
+000,+000
+000,+000
+000,+000
+000,+000
+000,+000
+000,+000
+000,+000
+000,+000
+000,+000
+000,+000
+000,+000
+000,+000
+000,+000
+000,+000
+000,+000
+000,+000
+000,+000
+000,+000
+000,+002
+002,+002
+002,+002
+002,+002
+002,+002
+002,+002
+002,+002
+002,+002
+002,+002
+002,+002
+002,+002
+002,+002
+002,+002
+002,+002
+004,+002
+004,+002
+004,+002
+004,+002
+004,+002
+004,+002
+004,+002
+004,+002
+004,+002
+004,+002
+004,+002
+004,+002
+004,+002
+004,+002
+006,+002
+006,+002
+006,+002
+006,+002
+006,+002
+006,+002
+006,+002
+006,+002
+006,+002
+006,+002
+006,+002
+006,+002
+006,+002
+006,+002
+006,+002
+006,+002
+006,+002
+006,+002
+006,+002
+006,+002
+006,+002
+006,+002
+006,+002
+006,+002
+006,+002
+006,+002
+006,+002
+006,+002
+006,+002
+006,+002
+006,+002
+006,+002
+006,+002
+006,+002
+006,+002
+006,+002
+006,+002
+006,+002
+006,+002
+006,+002
+006,+002
+006,+002
+006,+002
+006,+002
+006,+002
+006,+004
+004,+004
+004,+004
+004,+004
+004,+004
+004,+004
+004,+004
+004,+004
+004,+004
+004,+004
+004,+004
+004,+004
+004,+004
+004,+004
+004,+004
+004,+004
+004,+004
+004,+004
+004,+004
+004,+004
+004,+004
+004,+004
+004,+004
+004,+004
+004,+004
+004,+004
+004,+004
+004,+004
+002,+004
+002,+004
+002,+004
+002,+004
+002,+004
+002,+004
+002,+004
+002,+004
+002,+004
+002,+004
+002,+004
+002,+004
+002,+004
+002,+004
+002,+004
+002,+004
+002,+004
+002,+004
+002,+004
+002,+004
+002,+004
+002,+004
+002,+004
+002,+004
+002,+002
+002,+002
+002,+002
+002,+002
+002,+002
+002,+002
+002,+002
+002,+002
+002,+002
+002,+002
+002,+002
+002,+002
+002,+002
+002,+002
+002,+002
+002,+004
+002,+004
+002,+004
+002,+004
+002,+004
+002,+004
+002,+004
+002,+004
+002,+004
+002,+004
+002,+004
+002,+004
+002,+004
+002,+004
+002,+004
+002,+004
+002,+004
+002,+004
+002,+004
+002,+004
+002,+004
+002,+004
+002,+004
+002,+004
+002,+004
+002,+004
+002,+004
+002,+004
+002,+004
+002,+004
+002,+004
+002,+004
+002,+004
+002,+004
+002,+004
+002,+004
+002,+004
+002,+004
+002,+004
+002,+004
+002,+004
+002,+004
+002,+004
+002,+004
+002,+004
+002,+004
+002,+004
+002,+004
+002,+004
+002,+004
+002,+004
+002,+004
+002,+004
+002,+004
+002,+004
+002,+004
+002,+006
+002,+006
+002,+006
+002,+006
+002,+006
+002,+006
+002,+006
+002,+006
+002,+006
+002,+006
+002,+006
+002,+006
+002,+006
+002,+006
+000,+006
+000,+006
+000,+006
+000,+006
+000,+006
+000,+006
+000,+006
+000,+006
+000,+006
+000,+006
+000,+006
+000,+006
+000,+006
+000,+006
+000,+006
+000,+006
+000,+006
+000,+006
+000,+006
+000,+006
+000,+006
+000,+006
+000,+006
+000,+006
+000,+006
+000,+006
+000,+006
+000,+006
+000,+006
+000,+008
+000,+008
+000,+008
+000,+008
+000,+008
+000,+008
+000,+008
+000,+008
+000,+008
+000,+008
+000,+008
+000,+008
+000,+008
+000,+008
+000,+008
+000,+006
+000,+006
+000,+006
+000,+006
+000,+006
+000,+006
+000,+006
+000,+006
+000,+006
+000,+006
+000,+006
+000,+006
+000,+006
+000,+006
+000,+006
+000,+006
+000,+006
+000,+006
+000,+006
+002,+006
+002,+006
+002,+006
+002,+006
+002,+006
+002,+006
+002,+008
+002,+008
+002,+008
+002,+008
+002,+008
+002,+008
+002,+008
+002,+008
+002,+008
+002,+008
+002,+008
+002,+008
+002,+008
+002,+008
+002,+008
+002,+008
+002,+008
+002,+008
+002,+008
+002,+008
+002,+008
+002,+008
+002,+008
+002,+008
+002,+008
+002,+008
+002,+008
+002,+008
+002,+008
+002,+008
+002,+006
+002,+006
+002,+006
+002,+006
+002,+006
+002,+004
+002,+004
+002,+004
+002,+004
+002,+004
+002,+004
+002,+004
+002,+004
+004,+004
+004,+004
+004,+004
+004,+004
+004,+004
+004,+004
+004,+004
+004,+004
+004,+004
+004,+004
+004,+004
+004,+004
+004,+004
+004,+004
+004,+004
+004,+004
+004,+004
+004,+004
+004,+004
+004,+004
+004,+004
+004,+004
+004,+004
+004,+004
+004,+004
+004,+004
+004,+004
+004,+004
+004,+004
+004,+004
+004,+004
+004,+004
+004,+004
+004,+004
+004,+004
+004,+004
+004,+004
+004,+004
+004,+004
+004,+004
+004,+004
+004,+004
+004,+004
+004,+004
+004,+004
+004,+004
+004,+004
+004,+004
+006,+004
+006,+004
+006,+004
+006,+004
+006,+004
+006,+004
+006,+004
+006,+004
+006,+004
+006,+004
+006,+004
+006,+004
+006,+004
+006,+004
+006,+004
+006,+004
+006,+004
+006,+004
+006,+004
+006,+004
+006,+004
+006,+004
+006,+004
+006,+004
+006,+004
+008,+004
+008,+004
+008,+004
+008,+004
+008,+004
+008,+004
+008,+004
+008,+004
+008,+004
+008,+004
+008,+004
+008,+004
+008,+004
+008,+004
+008,+004
+008,+004
+008,+004
+008,+004
+008,+004
+008,+004
+008,+004
+008,+004
+008,+004
+008,+004
+008,+004
+008,+004
+008,+004
+008,+004
+008,+004
+008,+004
+008,+004
+008,+004
+008,+004
+008,+004
+008,+004
+008,+004
+008,+004
+008,+002
+008,+002
+008,+002
+008,+002
+008,+002
+008,+002
+008,+002
+008,+002
+008,+002
+008,+002
+008,+002
+008,+002
+008,+002
+008,+002
+008,+002
+008,+002
+008,+002
+008,+002
+008,+002
+008,+002
+008,+002
+008,+002
+008,+002
+008,+002
+008,+002
+008,+002
+008,+002
+008,+002
+008,+002
+008,+002
+008,+002
+008,+002
+008,+002
+008,+002
+008,+002
+008,+002
+008,+002
+008,+004
+008,+004
+008,+004
+008,+004
+008,+004
+008,+004
+008,+004
+008,+004
+008,+004
+008,+004
+006,+004
+006,+004
+006,+004
+006,+004
+006,+004
+006,+004
+006,+004
+006,+004
+006,+004
+006,+004
+006,+004
+006,+004
+006,+004
+006,+004
+006,+004
+006,+004
+006,+004
+006,+006
+004,+006
+004,+006
+004,+006
+004,+006
+004,+006
+004,+006
+004,+006
+004,+006
+004,+006
+004,+006
+004,+006
+004,+006
+004,+006
+004,+006
+004,+006
+004,+006
+004,+006
+004,+006
+004,+006
+004,+006
+004,+006
+004,+006
+004,+008
+004,+008
+004,+008
+002,+008
+002,+008
+002,+008
+002,+008
+002,+008
+002,+008
+002,+008
+002,+008
+002,+008
+002,+008
+002,+008
+002,+008
+002,+008
+002,+008
+002,+008
+002,+008
+002,+008
+002,+010
+002,+010
+002,+010
+002,+010
+002,+010
+002,+010
+002,+010
+004,+010
+004,+010
+004,+010
+004,+010
+004,+010
+004,+010
+004,+010
+004,+010
+004,+010
+004,+010
+004,+010
+004,+010
+004,+012
+004,+012
+004,+012
+004,+012
+004,+012
+004,+012
+004,+012
+004,+012
+004,+012
+004,+012
+004,+012
+004,+012
+004,+012
+004,+012
+004,+012
+004,+012
+004,+012
+004,+012
+004,+012
+004,+012
+004,+012
+004,+012
+004,+012
+004,+012
+004,+012
+004,+012
+004,+012
+004,+012
+004,+012
+004,+012
+004,+012
+004,+012
+004,+012
+004,+012
+004,+012
+004,+012
+004,+012
+004,+012
+004,+012
+004,+012
+004,+012
+004,+012
+004,+012
+004,+012
+004,+012
+004,+012
+004,+012
+004,+012
+004,+012
+004,+012
+004,+012
+004,+012
+004,+012
+004,+012
+004,+012
+004,+012
+004,+012
+004,+012
+004,+012
+004,+012
+004,+012
+004,+012
+004,+012
+004,+012
+004,+012
+004,+012
+004,+012
+004,+012
+004,+012
+004,+012
+004,+012
+002,+012
+002,+012
+002,+012
+002,+012
+002,+012
+002,+012
+002,+012
+002,+012
+002,+012
+002,+012
+002,+012
+002,+012
+002,+012
+002,+012
+002,+012
+002,+012
+002,+012
+002,+012
+002,+012
+002,+012
+002,+012
+002,+012
+002,+012
+002,+012
+002,+012
+002,+012
+002,+012
+002,+012
+002,+012
+000,+012
+000,+012
+000,+012
+000,+012
+000,+012
+000,+012
+000,+012
+000,+012
+000,+012
+000,+012
+000,+012
+000,+012
+000,+012
+000,+010
+000,+010
+000,+010
+000,+010
+000,+010
+000,+010
+000,+010
+000,+010
+000,+010
+000,+010
+000,+010
+000,+010
+000,+010
+000,+010
+000,+010
+000,+010
+000,+010
+000,+010
+000,+010
+000,+010
+000,+010
+000,+010
+000,+010
+000,+010
+000,+010
+000,+010
+000,+010
+000,+010
+000,+010
+000,+010
+000,+010
+000,+010
+000,+010
+000,+010
+000,+010
+000,+010
+000,+010
+000,+010
+000,+010
+000,+010
+000,+010
+000,+010
+000,+010
+000,+010
+000,+010
+000,+010
+000,+010
+000,+010
+000,+010
+000,+010
+000,+010
+000,+010
+000,+010
+000,+010
+000,+010
+000,+010
+000,+010
+000,+010
+000,+010
+000,+010
+000,+010
+000,+010
+000,+010
+000,+010
+000,+010
+000,+010
+000,+010
+000,+010
+000,+010
+000,+010
+000,+010
+000,+010
+000,+010
+000,+010
+000,+010
+000,+010
+000,+010
+000,+010
+000,+010
+000,+010
+000,+010
+000,+010
+000,+010
+000,+010
+000,+010
+000,+010
+000,+010
+000,+010
+000,+010
+000,+010
+000,+010
+000,+010
+000,+010
+000,+010
+000,+010
+000,+010
+000,+010
+000,+010
+000,+010
+000,+010
+000,+010
+000,+010
+000,+010
+000,+010
+000,+010
+000,+010
+000,+010
+000,+010
+000,+010
+000,+010
+000,+010
+000,+010
+000,+010
+000,+010
+000,+010
+000,+010
+000,+010
+000,+010
+000,+010
+000,+010
+000,+010
+000,+010
+000,+010
+000,+010
+000,+010
+000,+010
+000,+010
+000,+010
+000,+010
+000,+010
+000,+010
+000,+010
+000,+010
+000,+010
+000,+010
+000,+010
+000,+010
+000,+010
+000,+010
+000,+010
+000,+010
+000,+010
+000,+010
+000,+010
+000,+010
+000,+010
+000,+010
+000,+010
+000,+010
+000,+010
+000,+010
+000,+010
+000,+010
+000,+010
+000,+010
+000,+010
+000,+010
+000,+010
+000,+010
+000,+010
+000,+010
+000,+010
+000,+010
+000,+010
+000,+010
+000,+010
+000,+010
+000,+010
+000,+010
+000,+010
+000,+010
+000,+010
+000,+010
+002,+010
+002,+010
+002,+010
+002,+010
+002,+010
+002,+010
+002,+010
+002,+010
+002,+010
+002,+010
+002,+010
+002,+010
+002,+010
+002,+010
+002,+010
+002,+010
+002,+010
+002,+010
+002,+010
+000,+010
+000,+010
+000,+010
+000,+010
+000,+010
+000,+010
+000,+010
+000,+008
+000,+008
+000,+008
+000,+008
+000,+008
+000,+008
+000,+008
+000,+008
+000,+008
+000,+008
+000,+008
+000,+008
+002,+008
+002,+008
+002,+008
+002,+008
+002,+008
+002,+008
+002,+008
+002,+008
+002,+008
+002,+008
+002,+008
+002,+008
+002,+008
+002,+008
+002,+008
+002,+008
+002,+008
+002,+008
+002,+008
+002,+008
+002,+008
+004,+008
+004,+008
+004,+008
+004,+008
+004,+008
+004,+008
+004,+008
+004,+008
+004,+008
+004,+008
+004,+008
+004,+008
+004,+008
+004,+008
+004,+008
+004,+008
+004,+008
+004,+008
+004,+008
+004,+008
+004,+008
+004,+008
+004,+008
+004,+008
+004,+008
+004,+008
+004,+008
+004,+008
+004,+008
+004,+008
+004,+008
+004,+008
+004,+008
+004,+008
+004,+008
+004,+008
+004,+008
+004,+008
+004,+008
+004,+008
+004,+008
+004,+008
+004,+008
+004,+008
+004,+008
+004,+008
+004,+008
+004,+008
+004,+008
+004,+008
+004,+008
+004,+008
+004,+008
+004,+008
+004,+008
+004,+008
+004,+008
+004,+008
+004,+008
+004,+008
+004,+010
+004,+010
+004,+010
+004,+010
+004,+010
+004,+010
+004,+010
+004,+010
+004,+010
+004,+010
+004,+010
+004,+010
+004,+010
+004,+010
+004,+010
+004,+010
+004,+010
+004,+010
+004,+010
+004,+010
+004,+010
+004,+010
+004,+010
+004,+010
+004,+010
+004,+010
+004,+010
+004,+010
+004,+010
+004,+010
+004,+010
+006,+010
+006,+010
+006,+010
+006,+010
+006,+010
+006,+010
+006,+010
+006,+010
+006,+010
+006,+010
+006,+010
+006,+010
+008,+010
+008,+010
+008,+010
+008,+010
+008,+010
+008,+010
+008,+010
+008,+010
+008,+008
+008,+008
+010,+008
+010,+008
+010,+008
+010,+008
+010,+008
+010,+008
+010,+008
+010,+008
+010,+008
+010,+008
+010,+008
+010,+008
+010,+008
+010,+008
+010,+008
+010,+008
+010,+008
+010,+008
+010,+008
+010,+008
+010,+008
+010,+008
+010,+008
+010,+008
+010,+008
+010,+008
+010,+008
+010,+008
+010,+008
+010,+008
+010,+010
+010,+010
+010,+010
+010,+010
+010,+010
+008,+010
+008,+010
+008,+010
+008,+010
+008,+010
+008,+010
+008,+010
+008,+010
+008,+010
+008,+010
+006,+010
+006,+010
+006,+010
+006,+010
+006,+010
+006,+012
+006,+012
+006,+012
+006,+012
+006,+012
+006,+012
+006,+012
+006,+012
+006,+012
+006,+012
+006,+012
+006,+012
+006,+012
+006,+012
+006,+012
+006,+012
+006,+012
+006,+012
+004,+012
+004,+012
+004,+012
+004,+012
+004,+012
+004,+012
+004,+014
+004,+014
+004,+014
+004,+014
+004,+014
+004,+014
+004,+014
+004,+014
+004,+014
+004,+014
+002,+014
+002,+014
+002,+014
+002,+014
+002,+014
+002,+014
+002,+014
+002,+014
+002,+014
+002,+015
+002,+015
+002,+015
+002,+015
+002,-016
+002,-016
+002,-016
+002,-016
+002,-016
+002,-016
+002,-017
+002,-017
+002,-017
+002,-017
+002,-017
+002,-017
+002,-017
+002,-017
+002,-017
+002,-017
+002,-017
+002,-017
+002,-017
+002,-017
+002,-017
+002,-017
+002,-017
+002,-017
+002,-017
+002,-017
+002,-017
+002,-017
+002,-017
+002,-017
+002,-017
+002,-017
+000,-017
+000,-018
+000,-018
+000,-018
+000,-018
+000,-018
+000,-018
+000,-018
+000,-018
+000,-018
+000,-018
+000,-018
+000,-018
+000,-018
+000,-018
+000,-018
+000,-018
+000,-018
+000,-019
+000,-019
+000,-019
+000,-019
+000,-019
+000,-019
+000,-019
+000,-019
+000,-019
+000,-019
+000,-019
+000,-019
+000,-019
+000,-019
+000,-019
+000,-019
+000,-019
+000,-019
+000,-019
+000,-019
+000,-019
+000,-019
+000,-019
+000,-019
+000,-019
+000,-019
+000,-019
+000,-019
+000,-019
+000,-019
+000,-019
+000,-019
+000,-019
+000,-019
+000,-019
+000,-019
+000,-019
+000,-019
+000,-019
+000,-019
+000,-019
+000,-019
+000,-019
+000,-019
+000,-019
+000,-019
+000,-019
+000,-019
+000,-019
+000,-019
+000,-019
+000,-019
+000,-019
+000,-019
+000,-019
+000,-019
+000,-019
+000,-019
+000,-019
+000,-019
+000,-019
+000,-019
+000,-019
+000,-019
+000,-019
+000,-019
+000,-019
+000,-019
+000,-019
+000,-019
+000,-019
+000,-019
+000,-019
+000,-019
+000,-019
+000,-019
+000,-019
+000,-019
+000,-019
+002,-019
+002,-019
+002,-019
+002,-019
+002,-019
+002,-019
+002,-019
+002,-019
+002,-019
+002,-019
+002,-019
+002,-019
+002,-019
+002,-019
+002,-019
+002,-019
+002,-016
+002,-016
+002,-016
+002,-016
+002,-016
+002,-016
+002,-016
+002,-016
+004,-016
+004,-016
+004,-016
+004,-016
+004,-016
+004,-016
+004,-016
+004,-016
+004,-016
+004,-016
+004,-016
+004,-016
+004,-016
+004,-016
+004,-016
+004,-016
+004,-016
+004,-016
+004,-016
+004,-016
+004,-016
+004,-016
+004,+014
+004,+014
+004,+014
+004,+014
+004,+014
+006,+014
+006,+014
+006,+014
+006,+014
+006,+014
+006,+014
+006,+014
+006,+014
+006,+014
+006,+014
+006,+014
+006,+014
+006,+014
+006,+014
+006,+014
+006,+014
+006,+014
+006,+014
+006,+014
+006,+014
+006,+014
+006,+012
+006,+012
+006,+012
+006,+012
+006,+012
+006,+012
+006,+012
+006,+012
+006,+012
+006,+012
+006,+012
+006,+012
+006,+012
+006,+012
+006,+012
+006,+012
+006,+012
+006,+012
+006,+012
+008,+012
+008,+012
+008,+012
+008,+012
+008,+012
+008,+012
+008,+012
+008,+012
+008,+012
+008,+012
+008,+012
+008,+012
+008,+012
+008,+012
+008,+012
+008,+012
+008,+012
+008,+012
+008,+012
+008,+012
+008,+012
+008,+012
+008,+012
+008,+012
+008,+012
+008,+012
+008,+012
+008,+012
+008,+012
+008,+012
+008,+012
+008,+012
+008,+012
+008,+012
+008,+012
+008,+012
+008,+012
+008,+012
+008,+012
+008,+012
+008,+012
+008,+012
+008,+012
+008,+012
+008,+012
+008,+012
+008,+012
+008,+012
+008,+012
+008,+012
+008,+012
+008,+012
+008,+012
+008,+012
+008,+012
+008,+012
+008,+012
+008,+012
+008,+012
+008,+012
+008,+012
+008,+012
+008,+012
+008,+012
+008,+012
+008,+012
+008,+012
+008,+012
+008,+012
+008,+012
+008,+012
+008,+012
+008,+012
+008,+012
+008,+012
+008,+012
+008,+012
+008,+012
+008,+012
+008,+012
+008,+012
+008,+012
+008,+012
+008,+012
+008,+012
+008,+012
+008,+012
+008,+012
+008,+012
+010,+012
+010,+012
+010,+012
+010,+012
+010,+012
+010,+012
+010,+012
+010,+012
+010,+012
+010,+012
+010,+012
+012,+012
+012,+012
+012,+012
+012,+012
+014,+012
+014,+012
+014,+012
+014,+012
+014,+012
+014,+012
+014,+014
+014,+014
+014,+014
+014,+014
+014,+014
+014,+014
+014,+014
+014,+012
+014,+012
+012,+012
+012,+012
+012,+012
+012,+012
+012,+012
+012,+012
+012,+012
+010,+012
+010,+012
+010,+012
+010,+012
+010,+012
+010,+012
+010,+012
+010,+012
+010,+012
+010,+012
+010,+012
+010,+012
+008,+012
+008,+012
+008,+012
+008,+012
+008,+012
+008,+012
+008,+012
+008,+012
+008,+012
+008,+012
+008,+012
+008,+012
+008,+012
+008,+012
+008,+012
+008,+012
+008,+012
+008,+012
+008,+012
+008,+012
+008,+012
+008,+012
+008,+012
+008,+012
+006,+012
+006,+012
+006,+012
+006,+012
+006,+012
+006,+012
+006,+012
+006,+012
+006,+012
+006,+012
+006,+012
+006,+014
+006,+014
+006,+014
+006,+014
+006,+014
+006,+014
+006,+014
+006,+014
+006,+014
+006,+014
+006,+014
+006,+014
+004,+014
+004,+014
+004,+014
+004,+014
+004,+014
+004,+014
+004,+014
+004,+014
+004,+014
+004,+014
+004,+014
+004,+015
+004,+015
+004,+015
+004,+015
+004,+015
+002,+015
+002,+015
+002,-016
+002,-016
+002,-016
+002,-016
+002,-016
+002,-016
+002,-016
+002,-016
+002,-016
+002,-016
+002,-017
+002,-017
+002,-017
+002,-017
+002,-017
+002,-017
+002,-017
+002,-017
+002,-017
+002,-017
+002,-017
+002,-017
+002,-017
+002,-017
+002,-017
+002,-017
+002,-017
+002,-017
+000,-017
+000,-017
+000,-017
+000,-017
+000,-017
+000,-017
+000,-017
+000,-017
+000,-017
+000,-017
+000,-017
+000,-017
+000,-018
+000,-018
+000,-018
+000,-018
+000,-018
+000,-018
+002,-018
+002,-018
+002,-018
+002,-018
+002,-018
+002,-018
+002,-018
+002,-018
+002,-018
+002,-018
+002,-018
+002,-018
+002,-018
+002,-018
+002,-018
+002,-018
+002,-018
+002,-018
+002,-018
+004,-018
+004,-018
+004,-018
+004,-018
+004,-018
+004,-018
+004,-018
+004,-018
+004,-018
+004,-018
+006,-018
+006,-018
+006,-018
+006,-018
+006,-018
+006,-018
+006,-018
+006,-018
+006,-018
+006,-018
+006,-018
+006,-018
+006,-018
+006,-018
+006,-018
+006,-018
+006,-018
+006,-018
+006,-018
+008,-018
+008,-018
+008,-018
+008,-018
+008,-018
+008,-018
+008,-018
+008,-018
+008,-018
+008,+015
+008,+015
+008,+015
+008,-016
+008,-016
+008,-016
+008,-016
+008,-016
+010,-016
+010,-016
+010,-016
+010,-016
+010,-016
+010,-016
+010,-016
+010,-016
+010,-016
+010,-016
+010,-016
+010,-016
+010,-016
+010,-016
+010,-016
+010,-016
+010,-016
+010,-016
+010,-016
+010,-016
+010,-016
+010,-016
+010,-016
+010,-017
+010,-017
+010,-017
+010,-017
+010,-017
+010,-017
+010,-017
+010,-017
+010,-017
+010,-017
+010,-017
+010,-017
+010,-017
+010,-017
+010,-017
+010,-017
+010,-017
+010,-017
+010,-017
+010,-017
+010,-017
+010,-017
+010,-017
+010,-017
+010,-017
+010,-017
+010,-017
+010,-017
+010,-017
+010,-017
+010,-017
+010,-017
+010,-017
+010,-017
+010,-017
+010,-017
+010,-017
+010,-017
+010,-017
+010,-017
+010,-017
+010,-017
+010,-017
+010,-017
+010,-017
+010,-017
+010,-017
+010,-017
+010,-017
+010,-017
+010,-017
+010,+015
+010,+015
+008,+015
+008,+015
+008,+015
+008,+013
+008,+013
+008,+013
+008,+013
+008,+013
+008,+013
+008,+013
+008,+013
+008,+013
+008,+013
+008,+013
+008,+013
+010,+013
+010,+013
+010,+013
+010,+013
+010,+013
+010,+013
+010,+011
+010,+011
+010,+011
+010,+011
+010,+011
+010,+011
+010,+011
+010,+011
+010,+011
+010,+011
+010,+011
+010,+011
+010,+011
+010,+011
+010,+011
+010,+011
+010,+011
+010,+011
+010,+011
+010,+011
+010,+009
+010,+009
+010,+009
+010,+009
+010,+009
+010,+009
+010,+009
+010,+009
+010,+009
+010,+009
+010,+009
+010,+009
+010,+009
+010,+009
+010,+009
+010,+009
+010,+009
+010,+009
+010,+009
+010,+009
+010,+009
+010,+009
+010,+009
+010,+009
+010,+009
+010,+009
+010,+009
+010,+009
+010,+009
+010,+009
+010,+007
+010,+007
+012,+007
+012,+007
+012,+007
+012,+007
+012,+007
+012,+007
+012,+007
+012,+007
+012,+007
+012,+007
+012,+007
+012,+005
+012,+005
+012,+005
+012,+005
+012,+005
+012,+005
+012,+005
+012,+005
+012,+005
+012,+005
+010,+003
+010,+003
+010,+003
+010,+003
+010,+003
+010,+003
+010,+003
+010,+001
+010,+001
+010,+001
+010,+001
+010,+001
+010,+001
+010,+001
+010,+001
+010,+001
+010,+001
+010,+001
+010,+001
+010,+001
+010,+001
+010,+001
+010,+001
+010,+001
+010,+001
+010,+001
+010,+001
+010,+001
+010,+001
+010,+001
+010,+003
+010,+003
+010,+003
+010,+003
+010,+003
+012,+003
+012,+003
+012,+003
+012,+003
+012,+003
+012,+005
+012,+005
+012,+005
+012,+005
+012,+005
+012,+005
+012,+005
+012,+005
+012,+005
+012,+005
+012,+005
+012,+007
+012,+007
+012,+007
+012,+007
+012,+007
+012,+007
+012,+007
+012,+007
+012,+007
+012,+007
+012,+007
+012,+007
+012,+007
+012,+009
+012,+009
+012,+009
+012,+009
+012,+009
+012,+009
+012,+009
+010,+009
+010,+009
+010,+009
+010,+009
+010,+009
+010,+011
+010,+011
+010,+011
+010,+011
+010,+011
+010,+011
+010,+011
+010,+011
+008,+011
+008,+011
+008,+011
+008,+011
+008,+011
+008,+011
+008,+011
+008,+011
+008,+011
+008,+011
+008,+011
+008,+011
+008,+011
+008,+011
+008,+011
+008,+011
+008,+011
+006,+011
+006,+011
+006,+011
+006,+011
+006,+011
+006,+011
+006,+011
+006,+011
+006,+011
+006,+011
+006,+011
+006,+011
+006,+011
+006,+011
+006,+011
+006,+011
+006,+011
+006,+011
+006,+009
+006,+009
+006,+009
+006,+009
+006,+009
+004,+009
+004,+009
+004,+009
+004,+009
+004,+009
+004,+009
+004,+009
+004,+009
+004,+009
+004,+009
+004,+009
+004,+009
+004,+009
+004,+009
+004,+009
+004,+009
+004,+009
+004,+009
+004,+009
+004,+009
+004,+009
+004,+009
+004,+009
+004,+009
+004,+009
+004,+009
+004,+009
+004,+009
+004,+009
+004,+009
+002,+009
+002,+009
+002,+009
+002,+009
+002,+009
+002,+009
+002,+009
+002,+009
+002,+009
+002,+009
+002,+009
+002,+009
+002,+009
+002,+009
+002,+009
+002,+009
+002,+009
+002,+009
+002,+009
+002,+009
+002,+009
+002,+009
+002,+009
+002,+009
+002,+009
+002,+009
+002,+009
+002,+009
+002,+009
+002,+009
+002,+009
+002,+009
+002,+009
+002,+009
+002,+009
+000,+009
+000,+009
+000,+009
+000,+007
+000,+007
+000,+007
+000,+007
+000,+007
+000,+007
+000,+007
+000,+007
+000,+007
+000,+007
+000,+007
+000,+007
+000,+007
+000,+007
+002,+007
+002,+007
+002,+007
+002,+007
+002,+005
+002,+005
+002,+005
+002,+005
+002,+005
+002,+005
+002,+005
+002,+005
+002,+005
+002,+005
+002,+005
+002,+005
+002,+005
+002,+005
+002,+005
+002,+005
+002,+005
+002,+005
+002,+005
+002,+005
+002,+005
+002,+005
+002,+005
+002,+005
+002,+005
+002,+005
+002,+005
+002,+005
+002,+005
+002,+005
+002,+005
+002,+005
+002,+005
+002,+005
+002,+005
+002,+005
+002,+005
+002,+005
+002,+005
+002,+005
+002,+005
+002,+005
+002,+005
+002,+005
+002,+005
+002,+005
+002,+005
+002,+005
+002,+005
+002,+005
+002,+005
+002,+005
+002,+005
+002,+003
+002,+003
+000,+003
+000,+003
+000,+003
+000,+003
+000,+003
+000,+003
+000,+003
+000,+003
+000,+003
+000,+003
+000,+001
+000,+001
+000,+001
+000,+001
+000,+001
+000,+001
+000,+001
+000,+001
+000,+001
+000,+001
+000,+001
+000,+001
+000,+001
+000,+001
+000,+001
+000,+001
+000,+001
+000,+001
+000,+001
+000,+001
+000,+001
+000,+001
+000,+001
+000,+001
+000,+001
+000,+001
+000,+001
+000,+001
+000,+001
+000,+001
+000,+003
+000,+003
+002,+003
+002,+003
+002,+003
+002,+003
+002,+003
+002,+003
+002,+003
+002,+003
+002,+003
+002,+003
+002,+003
+002,+003
+002,+003
+002,+003
+002,+003
+002,+003
+002,+005
+002,+005
+004,+005
+004,+005
+004,+005
+004,+005
+004,+005
+004,+005
+004,+005
+004,+005
+004,+005
+004,+005
+004,+005
+004,+005
+004,+005
+004,+005
+004,+005
+004,+005
+004,+005
+004,+005
+004,+005
+004,+005
+004,+005
+004,+005
+004,+005
+004,+005
+004,+005
+004,+005
+004,+005
+004,+005
+004,+005
+004,+005
+004,+005
+004,+005
+004,+005
+004,+005
+004,+005
+004,+005
+004,+005
+004,+005
+004,+005
+004,+005
+004,+005
+004,+005
+004,+005
+004,+005
+004,+005
+004,+005
+004,+005
+004,+005
+004,+005
+004,+005
+004,+005
+004,+005
+004,+005
+004,+005
+004,+005
+004,+005
+004,+005
+004,+005
+004,+005
+004,+003
+004,+003
+002,+003
+002,+003
+002,+003
+002,+003
+002,+003
+002,+003
+002,+003
+002,+003
+002,+003
+002,+003
+002,+003
+002,+003
+002,+003
+002,+005
+002,+005
+002,+005
+002,+005
+002,+005
+004,+005
+004,+005
+004,+005
+004,+005
+004,+005
+004,+005
+004,+005
+004,+005
+004,+005
+004,+005
+004,+005
+004,+005
+004,+005
+004,+005
+004,+005
+004,+005
+004,+005
+004,+005
+004,+005
+004,+005
+004,+005
+004,+005
+004,+005
+004,+005
+004,+005
+004,+005
+004,+005
+006,+005
+006,+005
+006,+005
+006,+005
+006,+005
+006,+005
+006,+005
+006,+005
+006,+005
+006,+005
+008,+005
+008,+005
+008,+005
+008,+005
+008,+005
+008,+005
+008,+005
+008,+005
+008,+005
+010,+005
+010,+005
+010,+005
+010,+005
+010,+005
+010,+005
+010,+005
+010,+005
+010,+005
+010,+005
COP Area(S): 000122
COP Area(R): 000209