+000,-000
+000,-000
+000,-000
+000,-000
+000,-000
+000,-000
+000,-000
+000,-001
+000,-001
+000,-001
+000,-001
+000,-001
+000,-001
+000,-001
+000,-001
+000,-001
+000,-001
+000,-001
+000,-001
+000,-001
+000,-001
+000,-001
+000,-001
+000,-001
+000,-001
+000,-001
+000,-001
+000,-001
+000,-001
+000,-001
+000,-002
+000,-002
+000,-002
+000,-002
+000,-002
+000,-003
+000,-003
+000,-004
+002,-005
+002,-005
+002,-006
+002,-006
+002,-006
+002,-006
+002,-007
+002,-007
+002,-007
+002,-008
+002,-008
+002,-008
+002,-008
+002,-008
+002,-008
+004,-009
+004,-009
+004,-009
+004,-009
+004,-010
+004,-010
+004,-010
+004,-010
+004,-010
+004,-010
+004,-010
+004,-011
+004,-011
+006,-011
+006,-011
+006,-011
+006,-011
+006,-011
+006,-011
+006,-012
+006,-012
+006,-012
+006,-012
+006,-012
+006,-012
+006,-012
+006,-012
+006,-012
+008,-013
+008,-013
+008,-013
+008,-013
+008,-013
+008,-013
+008,-013
+008,-013
+008,-013
+008,-014
+008,-014
+008,-014
+008,-014
+008,-015
+008,-015
+008,-015
+008,-015
+008,-015
+008,-015
+008,-015
+008,-015
+008,-015
+008,-015
+008,-015
+008,-015
+008,-015
+008,-015
+008,-016
+008,-016
+008,-016
+008,-016
+008,-016
+008,-016
+008,-016
+008,-016
+008,-016
+008,-016
+008,-016
+008,-016
+008,-016
+008,-016
+008,-016
+008,-016
+008,-016
+008,-016
+008,-016
+008,-016
+008,-016
+008,-016
+008,-016
+008,-016
+008,-016
+008,-016
+008,-016
+008,-016
+008,-016
+008,-016
+008,-016
+008,-016
+008,-013
+008,-014
+008,-014
+008,-014
+008,-014
+008,-014
+008,-014
+008,-014
+008,-014
+008,-014
+008,-014
+008,-014
+008,-014
+008,-014
+008,-014
+008,-014
+008,-014
+008,-014
+008,-014
+008,-014
+008,-014
+008,-014
+008,-014
+008,-014
+008,-014
+008,-014
+008,-014
+008,-014
+008,-014
+008,-014
+008,-014
+008,-014
+008,-014
+008,-014
+008,-014
+008,-014
+008,-011
+008,-011
+008,-011
+010,-011
+010,-011
+010,-011
+010,-011
+010,-011
+010,-011
+010,-011
+010,-011
+010,-011
+010,-011
+010,-011
+010,-011
+010,-012
+010,-012
+010,-012
+010,-012
+010,-012
+012,-012
+012,-012
+012,-012
+012,-012
+012,-012
+012,-012
+012,-012
+012,-012
+012,-012
+012,-012
+012,-012
+012,-012
+012,-012
+012,-012
+012,-012
+012,-012
+014,-012
+014,-012
+014,-012
+014,-012
+014,-012
+014,-012
+014,-012
+014,-012
+014,-012
+014,-013
+014,-013
+014,-013
+014,-013
+014,-013
+014,-013
+014,-013
+014,-013
+016,-013
+016,-013
+016,-013
+016,-013
+016,-013
+016,-014
+016,-014
+016,-014
+016,-014
+016,-014
+016,-014
+016,-014
+016,-014
+016,-014
+016,-014
+016,-015
+016,-015
+016,-015
+016,-015
+016,-016
+016,-016
+016,-016
+016,-016
+016,-016
+016,-016
+016,-016
+016,-016
+016,-016
+016,-016
+016,-017
+016,-017
+016,-017
+016,-017
+016,-017
+016,-018
+016,-018
+016,-018
+016,-018
+016,-018
+016,-018
+016,-018
+016,-018
+016,-019
+016,-019
+016,-019
+016,-019
+016,-019
+016,-019
+016,-019
+016,-019
+016,-019
+016,-019
+016,-019
+016,-019
+016,-019
+016,-019
+016,-019
+016,-019
+016,-019
+016,-019
+016,-019
+016,-019
+016,-019
+016,-020
+016,-020
+016,-020
+016,-020
+016,-020
+016,-020
+016,-020
+016,-020
+016,-020
+016,-020
+016,-020
+016,-020
+016,-020
+016,-020
+016,-020
+016,-020
+016,-020
+016,-020
+016,-020
+016,-020
+016,-020
+016,-020
+016,-021
+016,-021
+016,-021
+016,-021
+016,-021
+016,-021
+016,-021
+016,-021
+016,-021
+016,-021
+016,-021
+016,-021
+016,-021
+016,-021
+016,-021
+016,-021
+016,-021
+016,-021
+016,-021
+016,-021
+016,-021
+016,-021
+016,-021
+016,-021
+016,-021
+016,-018
+016,-018
+016,-019
+016,-019
+016,-019
+016,-019
+016,-019
+016,-019
+016,-019
+016,-019
+016,-019
+016,-019
+016,-019
+016,-019
+016,-019
+016,-019
+016,-019
+016,-019
+016,-019
+016,-019
+016,-019
+016,-019
+016,-019
+016,-019
+016,-019
+016,-019
+016,-019
+016,-019
+016,-019
+016,-019
+016,-019
+016,-019
+016,-019
+016,-019
+016,-019
+016,-019
+016,-019
+016,-019
+016,-019
+016,-019
+016,-019
+016,-019
+016,-019
+016,-019
+016,-019
+016,-020
+016,-020
+016,-020
+016,-020
+016,-020
+016,-020
+016,-020
+016,-020
+016,-020
+016,-020
+016,-020
+016,-020
+016,-020
+016,-020
+016,-020
+016,-020
+016,-020
+016,-020
+016,-020
+016,-020
+016,-020
+016,-020
+016,-020
+016,-020
+016,-020
+016,-020
+016,-020
+016,-021
+016,-021
+016,-021
+016,-022
+016,-022
+016,-022
+016,-022
+016,-022
+016,-022
+016,-022
+016,-023
+016,-023
+016,-023
+016,-023
+016,-023
+016,-023
+016,-023
+016,-023
+016,-023
+016,-023
+016,-023
+016,-023
+016,-023
+016,-023
+016,-023
+016,-023
+016,-023
+016,-023
+016,-023
+016,-023
+016,-024
+016,-024
+016,-024
+016,-024
+016,-024
+016,-024
+016,-024
+016,-024
+016,-024
+016,-024
+016,-024
+016,-024
+016,-024
+016,-024
+016,-024
+016,-024
+016,-024
+016,-024
+016,-024
+016,-024
+016,-024
+016,-024
+016,-024
+016,-025
+016,-025
+016,-025
+016,-025
+016,-025
+016,-025
+016,-025
+016,-025
+016,-025
+016,-025
+016,-025
+016,-025
+016,-025
+016,-025
+016,-025
+016,-025
+016,-025
+016,-025
+016,-025
+016,-025
+016,-025
+016,-025
+016,-025
+016,-025
+016,-025
+016,-025
+016,-025
+016,-025
+016,-025
+016,-025
+016,-025
+016,-025
+016,-025
+016,-025
+016,-025
+016,-025
+016,-025
+016,-025
+016,-025
+016,-025
+016,-025
+016,-025
+016,-025
+016,-025
+016,-025
+016,-025
+016,-025
+016,-025
+016,-025
+016,-025
+016,-025
+016,-025
+016,-025
+016,-025
+016,-025
+016,-025
+016,-025
+016,-025
+016,-025
+016,-025
+014,-025
+014,-025
+014,-025
+014,-025
+014,-025
+014,-025
+014,-025
+014,-025
+014,-025
+014,-025
+014,-025
+014,-025
+014,-025
+014,-025
+014,-025
+014,-025
+014,-025
+014,-025
+014,-025
+014,-025
+014,-025
+014,-025
+014,-022
+014,-022
+014,-022
+014,-022
+014,-022
+014,-022
+016,-022
+016,-022
+016,-022
+016,-022
+016,-022
+016,-022
+016,-022
+016,-022
+016,-022
+016,-022
+016,-022
+016,-022
+016,-022
+016,-022
+016,-022
+016,-022
+016,-022
+016,-022
+016,-022
+016,-022
+016,-022
+016,-022
+016,-022
+016,-022
+016,-022
+016,-022
+016,-022
+018,-022
+018,-022
+018,-022
+018,-022
+018,-022
+018,-022
+018,-022
+018,-022
+018,-022
+018,-022
+018,-022
+018,-022
+018,-022
+018,-019
+018,-020
+018,-020
+018,-020
+018,-020
+018,-020
+018,-020
+018,-020
+018,-020
+018,-020
+018,-020
+018,-020
+018,-020
+018,-020
+018,-020
+018,-021
+018,-021
+018,-021
+018,-021
+018,-021
+018,-021
+018,-021
+018,-021
+018,-021
+018,-021
+018,-022
+018,-022
+018,-022
+018,-022
+018,-022
+018,-022
+018,-022
+018,-023
+018,-023
+018,-023
+018,-023
+018,-023
+018,-023
+018,-024
+018,-024
+018,-024
+018,-024
+018,-025
+018,-025
+018,-025
+018,-025
+018,-025
+018,-025
+018,-025
+018,-025
+018,-025
+018,-025
+018,-026
+018,-026
+018,-026
+018,-026
+018,-026
+018,-026
+018,-026
+018,-026
+018,-026
+018,-026
+018,-026
+018,-026
+018,-026
+018,-026
+018,-026
+018,-026
+016,-026
+016,-026
+016,-026
+016,-026
+016,-026
+016,-026
+016,-026
+016,-026
+016,-026
+016,-026
+016,-026
+016,-026
+016,-026
+016,-026
+016,-026
+016,-026
+016,-026
+016,-026
+016,-026
+016,-026
+016,-026
+016,-026
+014,-026
+014,-026
+014,-026
+014,-026
+014,-026
+014,-026
+014,-026
+014,-026
+014,-026
+014,-026
+014,-026
+014,-026
+014,-026
+014,-026
+014,-026
+014,-026
+014,-026
+014,-026
+014,-026
+014,-026
+014,-026
+014,-026
+014,-026
+014,-026
+014,-026
+014,-026
+014,-026
+014,-026
+014,-026
+014,-026
+014,-026
+014,-026
+014,-026
+014,-026
+014,-026
+014,-026
+014,-026
+014,-026
+014,-026
+014,-026
+014,-026
+014,-026
+014,-026
+014,-026
+014,-026
+014,-026
+014,-026
+014,-026
+014,-026
+014,-026
+014,-026
+014,-026
+014,-026
+014,-026
+014,-026
+014,-026
+014,-026
+014,-026
+014,-026
+014,-026
+014,-026
+014,-026
+014,-026
+014,-026
+014,-026
+014,-026
+014,-026
+014,-026
+014,-026
+014,-026
+014,-026
+014,-026
+014,-026
+014,-026
+014,-026
+014,-026
+014,-026
+014,-026
+014,-026
+014,-026
+014,-026
+014,-026
+014,-026
+014,-026
+014,-026
+014,-026
+014,-026
+014,-026
+014,-026
+014,-026
+014,-026
+014,-026
+014,-026
+014,-026
+016,-026
+016,-026
+016,-026
+016,-026
+016,-026
+016,-026
+016,-026
+016,-026
+016,-026
+016,-026
+016,-026
+016,-026
+016,-026
+016,-026
+016,-026
+016,-026
+016,-026
+016,-026
+016,-026
+016,-026
+016,-023
+016,-024
+016,-024
+016,-024
+016,-024
+016,-024
+016,-024
+016,-024
+016,-024
+016,-024
+016,-024
+016,-024
+016,-024
+016,-024
+016,-024
+016,-024
+016,-024
+016,-024
+016,-024
+016,-024
+016,-024
+016,-024
+016,-024
+018,-024
+018,-024
+018,-024
+018,-024
+018,-024
+018,-024
+018,-024
+018,-024
+018,-024
+018,-024
+018,-024
+018,-024
+018,-024
+018,-024
+018,-024
+018,-024
+018,-024
+018,-025
+018,-025
+018,-025
+018,-025
+018,-025
+018,-025
+018,-025
+018,-025
+018,-026
+018,-026
+018,-026
+018,-026
+018,-026
+018,-026
+018,-026
+018,-026
+018,-026
+018,-026
+018,-026
+018,-026
+018,-026
+018,-026
+018,-026
+018,-026
+018,-026
+018,-026
+018,-026
+018,-026
+016,-026
+016,-026
+016,-026
+016,-026
+016,-026
+016,-026
+016,-026
+016,-026
+016,-026
+016,-026
+016,-026
+016,-026
+016,-026
+016,-026
+016,-026
+016,-026
+016,-026
+016,-026
+016,-026
+016,-026
+016,-026
+016,-026
+016,-026
+016,-026
+016,-026
+016,-026
+016,-026
+014,-026
+014,-026
+014,-026
+014,-026
+014,-026
+014,-026
+014,-026
+014,-026
+014,-026
+014,-026
+014,-026
+014,-026
+014,-026
+014,-026
+014,-026
+014,-026
+014,-026
+014,-026
+014,-026
+014,-026
+014,-026
+014,-026
+012,-026
+012,-026
+012,-026
+012,-026
+012,-026
+012,-026
+012,-026
+012,-026
+012,-026
+012,-026
+012,-026
+012,-026
+012,-026
+012,-026
+012,-026
+012,-026
+012,-026
+012,-026
+012,-026
+012,-026
+012,-026
+012,-026
+012,-026
+012,-026
+012,-026
+012,-026
+012,-026
+012,-026
+012,-026
+012,-026
+012,-026
+012,-026
+012,-026
+012,-026
+010,-026
+010,-026
+010,-026
+010,-026
+010,-026
+010,-026
+010,-026
+010,-026
+010,-026
+010,-026
+010,-026
+010,-026
+010,-026
+008,-026
+008,-027
+008,-027
+008,-027
+008,-027
+008,-027
+008,-027
+008,-027
+008,-027
+008,-027
+008,-027
+008,-027
+008,-027
+008,-027
+008,-027
+008,-027
+008,-027
+008,-027
+008,-027
+008,-027
+008,-027
+008,-027
+008,-027
+008,-027
+008,-027
+008,-027
+008,-027
+008,-027
+008,-027
+008,-027
+008,-027
+008,-027
+008,-027
+008,-027
+008,-027
+008,-027
+008,-027
+008,-027
+008,-027
+008,-027
+008,-027
+008,-027
+008,-027
+008,-027
+008,-027
+008,-027
+008,-027
+008,-027
+008,-027
+008,-027
+008,-027
+008,-027
+008,-024
+008,-024
+008,-025
+008,-025
+008,-025
+008,-025
+008,-025
+008,-025
+008,-025
+008,-025
+008,-025
+008,-025
+008,-025
+008,-025
+008,-025
+008,-025
+008,-025
+008,-025
+008,-025
+008,-025
+008,-025
+008,-025
+008,-025
+008,-025
+008,-025
+008,-025
+008,-025
+008,-025
+008,-025
+008,-025
+008,-025
+008,-025
+008,-025
+010,-025
+010,-022
+010,-023
+010,-023
+010,-023
+010,-023
+010,-023
+010,-023
+010,-023
+010,-023
+010,-023
+010,-023
+010,-023
+010,-023
+010,-023
+012,-023
+012,-023
+012,-023
+012,-023
+012,-023
+012,-023
+012,-023
+012,-023
+012,-023
+012,-023
+012,-023
+012,-023
+014,-023
+014,-023
+014,-023
+014,-023
+014,-023
+014,-023
+014,-023
+014,-023
+014,-023
+014,-023
+014,-023
+014,-023
+014,-023
+014,-023
+014,-023
+014,-023
+014,-023
+014,-023
+014,-023
+014,-023
+014,-023
+014,-023
+014,-023
+014,-023
+014,-023
+014,-023
+014,-023
+014,-023
+014,-023
+014,-023
+014,-023
+014,-023
+014,-023
+014,-023
+014,-023
+014,-023
+014,-023
+014,-023
+014,-023
+014,-023
+014,-023
+014,-023
+014,-023
+014,-023
+014,-023
+014,-023
+014,-023
+014,-023
+014,-023
+014,-023
+014,-023
+014,-023
+014,-023
+014,-023
+014,-023
+014,-024
+014,-024
+014,-024
+014,-024
+014,-024
+014,-024
+014,-024
+014,-024
+014,-024
+014,-024
+014,-024
+014,-024
+014,-024
+014,-025
+014,-025
+014,-025
+014,-025
+014,-025
+014,-025
+014,-025
+014,-025
+014,-025
+014,-025
+014,-025
+014,-025
+014,-025
+014,-025
+014,-026
+014,-026
+014,-026
+014,-026
+014,-026
+014,-026
+014,-026
+014,-026
+014,-026
+014,-026
+012,-026
+012,-026
+012,-026
+012,-026
+012,-026
+012,-026
+012,-027
+012,-027
+012,-027
+012,-027
+012,-027
+012,-027
+012,-027
+012,-027
+012,-027
+012,-027
+012,-027
+012,-028
+012,-028
+012,-028
+012,-028
+012,-028
+012,-028
+012,-028
+012,-028
+012,-028
+012,-028
+012,-028
+012,-028
+012,-028
+012,-028
+012,-028
+012,-028
+012,-028
+012,-029
+012,-029
+012,-029
+012,-029
+012,-029
+012,-029
+012,-029
+012,-029
+012,-029
+012,-029
+012,-029
+012,-029
+012,-029
+012,-029
+012,-029
+012,-029
+012,-029
+012,-029
+012,-029
+012,-029
+012,-029
+012,-029
+012,-029
+012,-029
+012,-029
+012,-029
+012,-029
+012,-029
+012,-029
+012,-029
+010,-029
+010,-029
+010,-029
+010,-029
+010,-029
+010,-029
+010,-029
+010,-029
+010,-029
+010,-029
+010,-029
+010,-029
+010,-029
+010,-029
+010,-029
+010,-029
+010,-029
+010,-029
+010,-029
+010,-029
+010,-029
+010,-029
+010,-029
+010,-029
+010,-029
+010,-029
+010,-029
+010,-029
+010,-029
+010,-029
+010,-029
+010,-029
+010,-029
+010,-029
+010,-029
+010,-029
+010,-029
+010,-029
+010,-029
+010,-029
+010,-029
+010,-029
+010,-029
+010,-029
+010,-029
+010,-029
+010,-029
+010,-026
+010,-026
+010,-026
+010,-026
+010,-026
+010,-026
+010,-026
+010,-026
+010,-026
+010,-026
+010,-026
+010,-026
+010,-026
+010,-026
+010,-026
+012,-026
+012,-026
+012,-026
+012,-026
+012,-026
+012,-023
+012,-023
+012,-023
+012,-023
+012,-023
+012,-023
+012,-023
+012,-023
+012,-023
+012,-023
+012,-023
+014,-023
+014,-023
+014,-023
+014,-023
+014,-023
+014,-023
+014,-023
+014,-020
+014,-021
+014,-021
+014,-021
+014,-021
+014,-021
+014,-021
+014,-021
+014,-021
+014,-021
+014,-021
+014,-021
+014,-021
+014,-021
+014,-021
+014,-021
+014,-021
+014,-021
+014,-021
+016,-021
+016,-021
+016,-021
+016,-021
+016,-021
+016,-021
+016,-021
+016,-021
+016,-021
+016,-022
+016,-022
+016,-022
+016,-022
+016,-022
+016,-022
+016,-022
+016,-022
+016,-022
+014,-022
+014,-022
+014,-022
+014,-022
+014,-022
+014,-022
+014,-022
+014,-023
+014,-023
+014,-023
+014,-023
+014,-023
+014,-023
+014,-023
+014,-023
+014,-023
+014,-023
+014,-023
+014,-023
+014,-023
+014,-023
+014,-023
+014,-023
+014,-023
+014,-023
+014,-023
+014,-023
+014,-023
+014,-023
+014,-023
+014,-024
+014,-024
+014,-024
+014,-024
+014,-024
+014,-024
+014,-024
+014,-024
+014,-024
+014,-024
+014,-024
+014,-024
+014,-024
+014,-024
+014,-024
+014,-024
+014,-024
+014,-025
+014,-025
+014,-025
+012,-025
+012,-025
+012,-025
+012,-025
+012,-025
+012,-025
+012,-025
+012,-026
+012,-026
+012,-026
+012,-026
+012,-026
+012,-026
+012,-026
+012,-026
+012,-026
+012,-026
+012,-026
+012,-026
+012,-026
+012,-026
+012,-026
+012,-026
+012,-026
+012,-026
+012,-026
+012,-026
+012,-026
+012,-026
+012,-026
+012,-026
+012,-026
+012,-026
+012,-026
+012,-026
+012,-026
+012,-026
+012,-026
+012,-026
+012,-026
+012,-026
+012,-026
+012,-026
+012,-026
+012,-026
+012,-026
+012,-026
+012,-026
+012,-026
+012,-026
+012,-026
+012,-026
+012,-026
+012,-026
+012,-026
+012,-026
+012,-026
+012,-026
+012,-026
+012,-026
+012,-026
+012,-026
+012,-026
+012,-026
+012,-026
+012,-026
+014,-026
+014,-026
+014,-026
+014,-026
+014,-026
+014,-026
+014,-026
+014,-026
+014,-026
+014,-026
+014,-026
+014,-026
+014,-026
+014,-026
+014,-026
+014,-026
+014,-026
+014,-026
+014,-026
+014,-026
+014,-026
+014,-026
+014,-026
+014,-026
+014,-026
+014,-026
+014,-026
+014,-026
+014,-026
+014,-026
+014,-026
+014,-026
+014,-026
+014,-026
+014,-026
+014,-026
+014,-026
+014,-026
+014,-026
+014,-026
+014,-026
+014,-026
+014,-026
+014,-026
+014,-026
+014,-026
+014,-026
+014,-026
+014,-026
+014,-026
+014,-026
+014,-026
+014,-026
+014,-026
+014,-026
+014,-026
+014,-026
+014,-026
+014,-026
+014,-026
+014,-026
+014,-026
+014,-026
+014,-026
+014,-026
+014,-026
+014,-026
+014,-026
+014,-026
+014,-026
+014,-026
+014,-026
+014,-026
+014,-026
+014,-026
+014,-026
+014,-026
+014,-026
+014,-026
+014,-026
+014,-026
+014,-026
+014,-026
+014,-026
+014,-026
+014,-026
+014,-026
+014,-026
+014,-026
+014,-026
+014,-026
+014,-026
+014,-026
+014,-026
+014,-026
+014,-026
+014,-026
+014,-026
+014,-026
+014,-026
+014,-026
+014,-027
+014,-027
+014,-027
+014,-027
+014,-027
+014,-027
+014,-027
+014,-027
+014,-027
+014,-027
+014,-028
+014,-028
+014,-028
+014,-028
+014,-028
+014,-028
+014,-028
+014,-028
+014,-028
+014,-028
+014,-028
+014,-028
+014,-028
+014,-028
+014,-028
+014,-028
+014,-028
+014,-028
+014,-028
+014,-028
+014,-028
+014,-028
+014,-028
+014,-029
+014,-029
+014,-029
+014,-029
+014,-029
+014,-029
+014,-029
+014,-029
+014,-029
+014,-029
+014,-029
+014,-030
+014,-030
+014,-030
+014,-030
+014,-030
+014,-030
+014,-030
+014,-030
+014,-030
+014,-031
+014,-031
+014,-031
+014,-031
+014,-031
+014,-031
+014,-031
+014,-031
+014,-031
+014,-031
+014,-031
+014,-031
+014,-031
+014,-031
+014,-031
+014,-031
+014,-031
+014,-031
+014,-031
+014,-031
+014,-031
+014,-031
+014,-031
+014,-031
+014,-031
+014,-031
+014,-031
+014,-031
+014,-031
+014,-031
+014,-031
+014,-031
+014,-031
+014,-031
+014,-031
+014,-031
+014,-031
+014,-031
+014,-031
+014,-031
+014,-031
+014,-031
+014,-031
+014,-031
+014,-031
+014,-031
+014,-028
+014,-029
+014,-029
+014,-029
+014,-029
+014,-029
+014,-029
+014,-029
+014,-029
+014,-029
+014,-029
+014,-029
+014,-029
+014,-029
+014,-029
+014,-029
+014,-029
+014,-029
+014,-029
+014,-029
+014,-029
+014,-029
+014,-029
+014,-029
+014,-029
+014,-029
+014,-029
+014,-029
+014,-029
+014,-029
+014,-029
+014,-029
+014,-029
+014,-029
+014,-029
+014,-029
+014,-026
+014,-026
+014,-026
+014,-026
+014,-026
+014,-026
+014,-026
+014,-026
+014,-026
+014,-026
+014,-026
+014,-026
+014,-026
+014,-026
+014,-026
+014,-026
+014,-026
+014,-026
+014,-026
+014,-026
+014,-026
+014,-026
+014,-026
+014,-026
+014,-026
+014,-026
+014,-026
+014,-026
+014,-026
+014,-026
+014,-026
+014,-026
+014,-026
+014,-026
+014,-026
+014,-026
+014,-026
+014,-026
+014,-026
+014,-026
+014,-026
+014,-026
+014,-026
+014,-026
+014,-026
+014,-026
+014,-026
+014,-026
+014,-026
+014,-026
+014,-026
+014,-026
+014,-026
+014,-026
+014,-026
+014,-026
+014,-026
+014,-026
+014,-026
+014,-026
+014,-026
+014,-026
+014,-026
+014,-023
+014,-024
+014,-024
+014,-024
+014,-024
+014,-024
+014,-024
+014,-024
+014,-024
+014,-024
+014,-024
+014,-024
+014,-024
+014,-024
+014,-024
+014,-024
+014,-024
+014,-024
+014,-024
+014,-024
+014,-024
+014,-024
+014,-024
+014,-024
+014,-024
+014,-024
+014,-024
+014,-021
+014,-022
+014,-022
+014,-022
+014,-022
+012,-022
+012,-022
+012,-022
+012,-022
+012,-022
+012,-022
+012,-022
+012,-022
+012,-022
+012,-022
+012,-022
+012,-022
+012,-022
+012,-022
+012,-022
+012,-022
+012,-022
+012,-022
+012,-022
+012,-022
+012,-022
+012,-022
+012,-022
+012,-022
+012,-022
+012,-022
+012,-022
+012,-022
+012,-022
+012,-022
+012,-022
+012,-022
+012,-022
+012,-023
+012,-023
+012,-023
+012,-023
+012,-023
+012,-023
+012,-023
+012,-023
+012,-023
+012,-023
+012,-023
+012,-023
+012,-023
+012,-023
+012,-024
+012,-024
+012,-024
+012,-024
+012,-024
+012,-024
+012,-024
+012,-024
+012,-024
+012,-024
+012,-024
+012,-024
+012,-024
+012,-024
+012,-024
+012,-024
+012,-024
+012,-024
+012,-024
+012,-024
+012,-024
+012,-024
+012,-024
+012,-024
+012,-024
+012,-024
+012,-024
+012,-024
+012,-024
+012,-024
+012,-024
+012,-024
+012,-024
+012,-024
+012,-024
+012,-024
+012,-024
+012,-024
+012,-024
+012,-024
+012,-024
+012,-024
+012,-024
+012,-024
+012,-024
+012,-024
+012,-024
+012,-024
+012,-024
+012,-024
+012,-024
+012,-024
+012,-024
+012,-024
+012,-024
+012,-024
+012,-024
+012,-024
+012,-024
+012,-024
+012,-024
+012,-024
+012,-024
+012,-024
+012,-021
+012,-021
+012,-022
+012,-022
+012,-022
+012,-022
+012,-022
+012,-022
+012,-022
+012,-022
+012,-022
+012,-022
+012,-022
+012,-022
+012,-022
+012,-022
+012,-022
+012,-022
+012,-022
+012,-022
+012,-022
+012,-022
+012,-022
+012,-022
+012,-022
+012,-019
+012,-020
+012,-020
+012,-020
+012,-020
+012,-020
+012,-020
+012,-020
+012,-020
+012,-020
+012,-020
+012,-020
+012,-020
+012,-020
+012,-020
+012,-020
+012,-020
+012,-020
+012,-020
+012,-020
+012,-020
+012,-020
+012,-020
+012,-020
+012,-020
+012,-020
+012,-020
+012,-020
+012,-020
+012,-020
+014,-020
+014,-017
+014,-017
+014,-017
+014,-017
+014,-017
+014,-017
+014,-017
+014,-017
+014,-017
+014,-017
+014,-017
+014,-017
+014,-017
+014,-017
+014,-017
+014,-017
+014,-017
+014,-017
+014,-017
+014,-017
+014,-017
+014,-017
+014,-017
+014,-017
+014,-017
+014,-017
+014,-017
+014,-017
+014,-017
+014,-017
+014,-017
+014,-017
+014,-017
+014,-017
+014,-017
+014,-017
+014,-017
+014,-017
+014,-017
+014,-017
+014,-017
+014,-017
+014,-017
+014,-017
+014,-017
+014,-017
+014,-017
+014,-017
+014,-017
+014,-017
+014,-017
+014,-017
+014,-017
+014,-017
+014,-017
+014,-017
+014,-017
+014,-017
+014,-017
+014,-017
+014,-017
+014,-017
+014,-017
+014,-017
+014,-017
+014,-017
+014,-017
+014,-017
+014,-017
+012,-017
+012,-017
+012,-017
+012,-017
+012,-017
+012,-017
+012,-017
+012,-017
+012,-017
+012,-017
+012,-017
+012,-017
+012,-017
+012,-017
+012,-017
+012,-017
+012,-017
+012,-018
+012,-018
+012,-018
+012,-018
+012,-018
+012,-018
+012,-018
+012,-018
+012,-018
+012,-018
+012,-018
+012,-018
+012,-018
+012,-018
+012,-018
+012,-018
+012,-018
+012,-018
+012,-018
+012,-018
+012,-018
+012,-018
+010,-018
+010,-018
+010,-018
+010,-018
+010,-018
+010,-018
+010,-018
+010,-018
+010,-019
+010,-019
+010,-019
+010,-019
+010,-019
+010,-019
+010,-019
+010,-019
+010,-019
+010,-019
+010,-019
+010,-019
+010,-019
+010,-019
+010,-019
+010,-019
+010,-019
+010,-019
+010,-019
+010,-019
+010,-019
+012,-019
+012,-019
+012,-019
+012,-019
+012,-019
+012,-019
+012,-019
+012,-019
+012,-019
+012,-019
+012,-019
+012,-019
+012,-019
+014,-019
+014,-019
+014,-019
+014,-019
+014,-019
+014,-019
+014,-019
+014,-019
+014,-019
+014,-019
+014,-019
+014,-019
+014,-019
+014,-019
+014,-019
+014,-019
+014,-019
+014,-019
+014,-019
+014,-019
+014,-019
+014,-019
+014,-019
+014,-019
+014,-019
+014,-019
+016,-019
+016,-019
+016,-019
+016,-019
+016,-019
+016,-019
+016,-019
+016,-019
+016,-019
+016,-019
+016,-019
+016,-019
+016,-019
+016,-019
+016,-019
+016,-019
+016,-019
+016,-019
+016,-019
+016,-019
+016,-019
+016,-019
+016,-019
+016,-019
+016,-019
+016,-019
+016,-019
+016,-019
+016,-019
+016,-019
+016,-019
+016,-019
+016,-019
+016,-019
+016,-019
+016,-019
+016,-019
+016,-019
+016,-019
+016,-019
+016,-019
+016,-019
+016,-019
+016,-019
+016,-019
+016,-019
+016,-019
+016,-019
+016,-019
+016,-019
+016,-019
+016,-019
+016,-019
+016,-019
+016,-019
+016,-019
+016,-019
+016,-020
+016,-020
+016,-020
+016,-020
+016,-020
+016,-020
+016,-020
+016,-021
+016,-021
+016,-021
+016,-021
+016,-021
+016,-021
+016,-021
+016,-022
+016,-022
+016,-022
+016,-022
+016,-022
+016,-022
+016,-022
+016,-022
+016,-022
+016,-023
+016,-023
+016,-023
+016,-024
+016,-024
+016,-024
+016,-024
+016,-024
+016,-024
+016,-024
+016,-025
+016,-025
+016,-025
+016,-025
+016,-025
+016,-025
+016,-025
+016,-025
+016,-025
+016,-025
+016,-025
+016,-025
+016,-025
+016,-025
+016,-025
+016,-025
+016,-025
+016,-025
+016,-025
+016,-025
+016,-025
+016,-025
+016,-025
+016,-025
+016,-025
+016,-025
+016,-025
+016,-025
+016,-025
+016,-025
+016,-025
+016,-025
+016,-025
+016,-025
+016,-025
+016,-025
+016,-025
+016,-025
+016,-025
+016,-025
+014,-025
+014,-025
+014,-025
+014,-025
+014,-025
+014,-025
+014,-025
+014,-025
+014,-025
+014,-025
+014,-025
+014,-025
+014,-025
+014,-025
+014,-025
+014,-025
+014,-025
+014,-025
+014,-025
+014,-025
+014,-025
+014,-025
+014,-025
+014,-026
+014,-026
+014,-026
+014,-026
+014,-026
+014,-026
+014,-026
+014,-026
+014,-026
+014,-026
+014,-026
+014,-026
+014,-026
+014,-026
+014,-026
+014,-026
+014,-026
+014,-026
+014,-026
+014,-026
+014,-026
+014,-026
+014,-026
+014,-026
+014,-026
+014,-026
+014,-026
+014,-026
+014,-026
+014,-026
+014,-026
+014,-026
+014,-026
+014,-026
+014,-026
+014,-026
+014,-026
+016,-026
+016,-026
+016,-026
+016,-026
+016,-026
+016,-026
+016,-026
+016,-026
+016,-026
+016,-026
+016,-026
+016,-026
+016,-026
+016,-026
+016,-026
+016,-026
+016,-026
+016,-026
+016,-026
+016,-026
+016,-026
+016,-026
+016,-026
+016,-026
+016,-026
+016,-026
+016,-026
+016,-026
+016,-026
+016,-026
+016,-026
+016,-026
+016,-026
+016,-026
+016,-026
+018,-026
+018,-026
+018,-026
+018,-026
+018,-026
+018,-026
+018,-026
+018,-026
+018,-026
+018,-026
+018,-026
+018,-026
+018,-026
+018,-026
+018,-026
+018,-026
+018,-026
+018,-026
+018,-026
+018,-026
+018,-026
+018,-026
+018,-026
+018,-026
+018,-026
+018,-027
+018,-027
+018,-027
+018,-027
+018,-027
+020,-027
+020,-027
+020,-027
+020,-027
+020,-027
+020,-027
+020,-027
+020,-027
+020,-027
+020,-027
+020,-027
+020,-027
+020,-027
+020,-027
+020,-027
+020,-027
+020,-027
+020,-027
+020,-027
+020,-027
+020,-027
+020,-027
+020,-027
+020,-027
+020,-027
+020,-027
+020,-027
+020,-027
+020,-027
+020,-027
+020,-027
+020,-027
+020,-027
+020,-027
+020,-027
+020,-027
+020,-027
+020,-027
+020,-027
+022,-027
+022,-027
+022,-027
+022,-027
+022,-027
+022,-027
+022,-027
+022,-027
+022,-027
+022,-027
+022,-027
+022,-027
+022,-027
+022,-027
+022,-027
+022,-027
+022,-027
+022,-027
+022,-027
+022,-027
+022,-027
+022,-027
+022,-027
+022,-027
+022,-027
+022,-027
+022,-027
+022,-027
+022,-027
+022,-027
+022,-027
+022,-027
+022,-027
+022,-027
+022,-027
+022,-027
+022,-028
+022,-028
+022,-028
+022,-028
+022,-028
+024,-028
+024,-028
+024,-028
+024,-028
+024,-028
+024,-028
+024,-028
+024,-028
+024,-028
+024,-028
+024,-028
+024,-028
+024,-028
+024,-028
+024,-028
+024,-029
+024,-029
+024,-029
+024,-029
+024,-029
+024,-029
+024,-029
+024,-029
+024,-029
+024,-029
+024,-029
+024,-029
+026,-029
+026,-029
+026,-029
+026,-029
+026,-029
+026,-030
+026,-030
+026,-030
+026,-030
+026,-030
+026,-030
+026,-030
+026,-030
+026,-030
+026,-030
+026,-030
+026,-030
+026,-030
+026,-030
+026,-030
+026,-030
+026,-030
+026,-030
+026,-030
+026,-030
+026,-030
+026,-030
+026,-030
+026,-030
+026,-030
+026,-030
+026,-030
+026,-030
+026,-030
-027,-030
-027,-030
-027,-030
-027,-030
-027,-030
-027,-030
-027,-030
-027,-031
-027,-031
-028,-031
-028,-031
-028,-031
-028,-031
-028,-031
-028,-031
-028,-031
-028,-031
-028,-031
-028,-031
-028,-031
-028,-031
-028,-031
-029,-031
-029,-031
-029,-031
-029,-031
-029,-031
-029,-031
-029,-031
-029,-031
-029,-031
-029,-031
-029,-031
-029,-031
-029,-031
-029,-031
-029,-031
-029,-031
-029,-031
-029,-031
-029,-031
-029,-031
-029,-031
-029,-031
-029,-031
-029,-031
-029,-031
-029,-031
-029,-031
-030,-031
-030,-031
-030,-031
-030,-031
-030,-031
-030,-032
-030,-032
-030,-032
-030,-032
-030,-032
-030,-032
-030,-032
-030,-032
-030,-032
-030,-032
-030,-032
-030,-032
-030,-032
-030,-032
-030,-032
-030,-032
-030,-032
-030,-032
-030,-032
-030,-032
-030,-032
-030,-032
-030,-032
-030,-032
-030,-032
-030,-032
-030,-032
-030,-032
-030,-032
-030,-032
-030,-032
-030,-032
-030,-032
-030,-032
-030,-032
-030,-032
-030,-032
-030,-032
-030,-032
-030,-032
-030,-032
-030,-032
-030,-032
-030,-032
-030,-032
-030,-032
-030,-032
-030,-032
-030,-032
-030,-032
-030,-033
-030,-033
-030,-033
-030,-033
-030,-033
-030,-033
-030,-033
-030,-033
-030,-033
-030,-033
-030,-033
-030,-033
-030,-033
-030,-033
-030,-033
-030,-033
-030,-033
-030,-033
-030,-033
-030,-033
-030,-033
-030,-033
-030,-033
-030,-033
-030,-033
-030,-033
-030,-033
-030,-033
-030,-033
-030,-033
-030,-033
-030,-033
-030,-033
-030,-033
-030,-033
-030,-033
-030,-033
-030,-033
-030,-033
-030,-033
-030,-033
-030,-033
-030,-033
-030,-033
-030,-033
-030,-033
-030,-033
-030,-033
-030,-033
-030,-033
-030,-033
-030,-033
-030,-033
-030,-033
-030,-033
-030,-033
-030,-033
-030,-033
-030,-033
-030,-033
-027,-033
-027,-033
-027,-033
-027,-033
-027,-033
-027,-033
-027,-033
-027,-033
-027,-033
-027,-033
-027,-033
-027,-030
-027,-030
-027,-030
-027,-030
-027,-030
-027,-030
-027,-030
-027,-030
-027,-030
-027,-030
-027,-030
-027,-030
+025,-030
+025,-030
+025,-030
+025,-030
+025,-030
+025,-030
+025,-030
+025,-030
+025,-030
+025,-030
+025,-030
+025,-030
+025,-030
+025,-030
+025,-030
+025,-030
+025,-030
+023,-030
+023,-030
+023,-030
+023,-030
+023,-030
+023,-030
+023,-030
+023,-030
+023,-030
+023,-030
+023,-030
+023,-027
+023,-028
+023,-028
+023,-028
+023,-028
+023,-028
+023,-028
+023,-028
+023,-028
+023,-028
+023,-028
+023,-028
+023,-028
+023,-028
+023,-028
+023,-028
+023,-028
+023,-028
+023,-028
+023,-028
+023,-028
+025,-028
+025,-028
+025,-028
+025,-028
+025,-028
+025,-028
+025,-028
+025,-028
+025,-028
+025,-028
+025,-028
+025,-028
+025,-028
+025,-028
+025,-028
+025,-028
+025,-028
+025,-028
+025,-028
+025,-028
+025,-025
+025,-026
+025,-026
+025,-026
+025,-026
+025,-026
+025,-026
+025,-026
+025,-026
+025,-026
+025,-026
+025,-026
+025,-026
+025,-026
+025,-026
+025,-026
+025,-026
+025,-026
+025,-026
+025,-026
+025,-026
+025,-026
+025,-026
+025,-026
+025,-026
+025,-026
+025,-026
+025,-026
+025,-026
+025,-026
+025,-023
+025,-024
+025,-024
+025,-024
+025,-024
+025,-024
+025,-024
+025,-024
+025,-024
+025,-024
+025,-024
+025,-024
+025,-024
+025,-024
+025,-024
+025,-024
+025,-024
+025,-024
+025,-024
+025,-024
+025,-024
+025,-024
+025,-024
+025,-024
+025,-024
+025,-024
+025,-024
+025,-024
+025,-024
+025,-024
+025,-024
+025,-024
+025,-024
+025,-024
+025,-024
+025,-024
+025,-024
+025,-025
+025,-025
+025,-025
+025,-025
+025,-025
+025,-025
+025,-025
+025,-025
+025,-025
+025,-025
+025,-025
+025,-026
+025,-026
+025,-026
+025,-026
+025,-026
+025,-026
+025,-027
+025,-027
+025,-027
+025,-027
+023,-027
+023,-027
+023,-027
+023,-027
+023,-027
+023,-027
+023,-028
+023,-028
+023,-028
+023,-028
+023,-028
+023,-028
+023,-028
+023,-028
+023,-028
+023,-028
+023,-028
+023,-028
+023,-028
+023,-028
+025,-029
+025,-029
+025,-029
+025,-029
+025,-029
+025,-029
+025,-029
+025,-029
+025,-029
+025,-029
+025,-029
+025,-029
+025,-029
+025,-029
+025,-029
+025,-029
+025,-030
+025,-030
+025,-030
+025,-030
+025,-030
+025,-030
+025,-030
+025,-031
+025,-031
+025,-031
+025,-031
+025,-031
+025,-031
+025,-031
+025,-031
+025,-031
+025,-031
+025,-031
+025,-031
+025,-031
+025,-031
+025,-031
+025,-031
+025,-031
+025,-031
+025,-031
+025,-031
+025,-031
+025,-031
+025,-031
+025,-031
+025,-031
+025,-031
+025,-031
+025,-031
+025,-031
+025,-031
+025,-032
+025,-032
+025,-032
+025,-032
+025,-032
+025,-032
+026,-032
+026,-032
+026,-032
+026,-032
+026,-032
+026,-032
+026,-032
+026,-032
+026,-032
+026,-032
+026,-032
+026,-032
+026,-032
+026,-032
+026,-032
+026,-032
+026,-032
+026,-032
+026,-032
+026,-032
+026,-032
+026,-033
+026,-033
+026,-033
+026,-033
+026,-033
+026,-033
+026,-033
+026,-033
+026,-033
+026,-033
+026,-033
+026,-033
+026,-033
+026,-033
+026,-033
+026,-033
+026,-033
+026,-033
+026,-033
+026,-033
+026,-033
+026,-033
+026,-033
+026,-033
+026,-033
+026,-033
+026,-033
+026,-033
+026,-033
+026,-033
+026,-033
+026,-033
+026,-033
+026,-033
+026,-033
+026,-033
+026,-033
+026,-033
+026,-033
+026,-033
+026,-033
+026,-033
+026,-033
+026,-033
+026,-033
+026,-030
+026,-031
+026,-031
+026,-031
+026,-031
+026,-031
+026,-031
+026,-031
+026,-031
+026,-031
+026,-031
+026,-031
+026,-031
+026,-031
+026,-031
+026,-031
+026,-031
+026,-031
+026,-031
+026,-031
+026,-031
+026,-031
+026,-031
+026,-031
+026,-031
+026,-031
+026,-031
+026,-031
+026,-031
+026,-031
+026,-031
+026,-031
+026,-031
+026,-031
+026,-031
+026,-031
+026,-028
+026,-028
+026,-028
+026,-028
+026,-028
+026,-028
+026,-028
+026,-028
+026,-028
+026,-028
+026,-028
-027,-028
-027,-028
-027,-028
-027,-028
-027,-028
-027,-028
-027,-028
-027,-028
-027,-028
-027,-028
-027,-025
-027,-025
-027,-025
-027,-025
-027,-025
-027,-025
-027,-025
-027,-025
-027,-025
-027,-025
-028,-025
-028,-025
-028,-025
-028,-025
-028,-025
-028,-025
-028,-025
-028,-025
-028,-025
-028,-025
-028,-025
-028,-025
-028,-025
-028,-025
-028,-025
-028,-025
-028,-025
-028,-025
-028,-025
-028,-025
-028,-025
-028,-025
-028,-025
-028,-025
-028,-025
-028,-025
-028,-025
-028,-025
-028,-025
-028,-025
-028,-025
-028,-025
-028,-025
-029,-025
-029,-025
-029,-025
-029,-025
-029,-025
-029,-025
-029,-025
-029,-025
-029,-025
-029,-025
-029,-025
-029,-025
-029,-025
-029,-025
-029,-025
-029,-025
-029,-025
-029,-025
-029,-025
-029,-025
-029,-025
-029,-025
-029,-025
-029,-025
-029,-025
-029,-025
-029,-025
-029,-025
-029,-025
-029,-025
-029,-025
-029,-025
-029,-025
-029,-022
-029,-022
-029,-023
-029,-023
-029,-023
-029,-023
-029,-023
-029,-023
-029,-023
-029,-023
-029,-023
-029,-023
-029,-023
-029,-023
-029,-023
-029,-023
-029,-023
-029,-023
-029,-023
-029,-023
-029,-023
-029,-023
-029,-023
-029,-023
-029,-023
-029,-023
-029,-023
-029,-023
-029,-023
-029,-023
-029,-023
-029,-023
-029,-023
-029,-023
-029,-023
-029,-023
-029,-023
-029,-023
-029,-023
-029,-023
-029,-023
-029,-023
-029,-023
-029,-023
-029,-020
-029,-021
-029,-021
-029,-021
-029,-021
-029,-021
-029,-021
-029,-021
-029,-021
-029,-021
-029,-021
-029,-021
-029,-021
-029,-021
-029,-021
-029,-021
-029,-021
-029,-021
-029,-021
-029,-021
-029,-021
-029,-021
-029,-021
-029,-021
-029,-021
-029,-021
-029,-021
-029,-021
-029,-021
-029,-021
-029,-021
-029,-021
-029,-021
-029,-021
-029,-021
-029,-021
-029,-021
-029,-021
-029,-021
-029,-021
-029,-021
-029,-021
-029,-021
-029,-021
-029,-021
-029,-021
-029,-021
-029,-021
-029,-021
-029,-021
-029,-021
-029,-021
-029,-021
-029,-021
-029,-021
-029,-021
-029,-021
-029,-021
-029,-021
-029,-021
-029,-021
-029,-021
-029,-021
-029,-021
-029,-021
-029,-021
-029,-021
-029,-021
-029,-021
-029,-021
-029,-021
-029,-021
-029,-021
-029,-021
-029,-021
-029,-021
-029,-021
-029,-021
-029,-021
-029,-021
-029,-021
-029,-021
-029,-021
-029,-021
-029,-021
-029,-021
-029,-021
-029,-021
-029,-021
-029,-021
-029,-021
-029,-021
-029,-021
-029,-021
-029,-021
-029,-021
-029,-021
-029,-021
-029,-021
-029,-021
-029,-021
-029,-021
-029,-021
-029,-021
-029,-021
-029,-021
-029,-021
-029,-021
-029,-021
-029,-021
-029,-021
-029,-021
-029,-021
-029,-021
-029,-021
-029,-021
-029,-021
-029,-021
-029,-021
-029,-021
-029,-021
-029,-021
-029,-021
-029,-021
-029,-021
-029,-021
-029,-021
-029,-021
-029,-021
-029,-021
-029,-021
-029,-021
-029,-021
-029,-021
-029,-021
-029,-021
-029,-021
-029,-021
-029,-021
-029,-021
-029,-021
-029,-021
-029,-021
-029,-021
-029,-021
-029,-021
-029,-021
-029,-021
-029,-021
-029,-021
-029,-021
-029,-021
-029,-021
+026,-021
+026,-021
+026,-021
+026,-021
+026,-021
+026,-021
+026,-021
+026,-021
+026,-021
+026,-021
+026,-021
+026,-022
+026,-022
+026,-022
+026,-022
+026,-023
+026,-023
+026,-023
+026,-023
+026,-023
+026,-023
+026,-024
+026,-024
+026,-024
+026,-024
+026,-024
+026,-024
+026,-024
+026,-025
+026,-025
+026,-025
+026,-025
+026,-025
+026,-025
+026,-025
+026,-025
+026,-025
+026,-025
+026,-025
+026,-025
+026,-025
+026,-025
+026,-025
+026,-025
+026,-025
+026,-025
+026,-025
+026,-025
+026,-025
+026,-025
+026,-025
+026,-025
+026,-025
+026,-025
+026,-025
+026,-025
+024,-025
+024,-025
+024,-025
+024,-025
+024,-025
+024,-025
+024,-025
+024,-025
+024,-025
+024,-025
+024,-025
+024,-025
+024,-025
+024,-025
+024,-025
+024,-025
+024,-025
+024,-022
+024,-022
+024,-022
+024,-022
+024,-022
+024,-022
+024,-022
+024,-022
+024,-022
+024,-022
+024,-022
+024,-022
+024,-022
+024,-022
+024,-022
+024,-022
+024,-022
+024,-022
+024,-022
+024,-022
+024,-022
+024,-022
+024,-022
+024,-022
+024,-019
+024,-020
+024,-020
+024,-020
+024,-020
+024,-020
+024,-020
+024,-020
+024,-020
+024,-020
+024,-020
+024,-020
+024,-020
+024,-020
+024,-020
+024,-020
+024,-020
+024,-020
+024,-020
+024,-020
+024,-020
+024,-020
+024,-020
+024,-020
+024,-020
+024,-020
+024,-017
+024,-017
+022,-018
+022,-018
+022,-018
+022,-018
+022,-018
+022,-018
+022,-018
+022,-018
+022,-018
+022,-018
+022,-018
+022,-018
+022,-018
+022,-018
+022,-018
+022,-018
+022,-018
+022,-018
+022,-018
+022,-018
+022,-018
+022,-018
+022,-018
+022,-018
+022,-018
+022,-018
+022,-018
+022,-018
+022,-018
+020,-018
+020,-018
+020,-018
+020,-018
+020,-018
+020,-018
+020,-018
+020,-018
+020,-018
+020,-018
+020,-018
+020,-018
+020,-018
+020,-018
+018,-018
+018,-018
+018,-018
+018,-018
+018,-018
+018,-018
+018,-018
+018,-018
+018,-018
+018,-018
+018,-018
+018,-018
+018,-018
+018,-018
+018,-018
+018,-018
+018,-018
+018,-018
+018,-018
+018,-018
+018,-018
+018,-018
+018,-018
+018,-018
+018,-018
+018,-018
+018,-018
+018,-018
+018,-018
+018,-018
+018,-018
+018,-018
+018,-018
+018,-018
+018,-018
+018,-018
+018,-018
+018,-018
+018,-018
+018,-018
+018,-018
+018,-018
+018,-018
+018,-018
+018,-018
+018,-018
+018,-018
+018,-018
+018,-018
+018,-018
+018,-018
+018,-018
+018,-018
+018,-018
+018,-018
+018,-018
+018,-018
+018,-018
+018,-018
+018,-018
+018,-018
+018,-018
+018,-018
+018,-018
+018,-018
+018,-018
+018,-018
+018,-018
+018,-018
+018,-018
+018,-018
+018,-018
+018,-018
+018,-018
+018,-018
+018,-018
+018,-018
+018,-018
+018,-018
+020,-018
+020,-018
+020,-018
+020,-018
+020,-019
+020,-019
+020,-019
+020,-019
+020,-019
+020,-019
+020,-019
+020,-019
+020,-019
+020,-019
+020,-019
+020,-019
+020,-019
+020,-019
+020,-019
+020,-019
+020,-019
+020,-019
+020,-019
+020,-019
+020,-019
+020,-019
+020,-019
+020,-019
+020,-019
+020,-019
+020,-019
+020,-019
+020,-019
+020,-019
+020,-019
+020,-019
+020,-019
+020,-019
+020,-019
+020,-019
+020,-019
+020,-019
+020,-019
+020,-019
+020,-019
+020,-019
+020,-019
+020,-019
+020,-019
+020,-019
+020,-019
+020,-019
+020,-019
+020,-019
+020,-019
+020,-019
+020,-019
+020,-019
+020,-019
+020,-019
+020,-019
+020,-019
+020,-019
+020,-019
+020,-019
+020,-019
+020,-019
+020,-019
+020,-019
+020,-019
+020,-019
+020,-019
+022,-019
+022,-019
+022,-019
+022,-019
+022,-019
+022,-019
+022,-019
+022,-019
+022,-019
+022,-019
+022,-019
+022,-019
+022,-019
+022,-019
+022,-019
+022,-019
+022,-019
+022,-019
+022,-019
+022,-019
+022,-019
+022,-019
+022,-019
+022,-019
+022,-019
+022,-019
+022,-019
+022,-019
+022,-019
+022,-019
+022,-019
+022,-019
+022,-019
+022,-019
+022,-019
+022,-019
+022,-019
+022,-019
+022,-019
+022,-019
+022,-019
+022,-019
+022,-019
+022,-019
+022,-019
+022,-019
+022,-019
+022,-019
+022,-019
+022,-019
+022,-019
+024,-019
+024,-019
+024,-019
+024,-019
+024,-019
+024,-019
+024,-019
+024,-019
+024,-019
+024,-019
+024,-019
+024,-019
+024,-019
+024,-019
+024,-019
+024,-019
+024,-019
+024,-016
+024,-017
+024,-017
+024,-017
+024,-017
+024,-017
+024,-017
+024,-017
+024,-017
+024,-017
+024,-017
+024,-017
+024,-017
+024,-017
+024,-017
+024,-017
+024,-017
+024,-017
+022,-017
+022,-017
+022,-017
+022,-017
+022,-017
+022,-017
+022,-017
+022,-017
+022,-017
+022,-017
+022,-017
+022,-017
+022,-014
+022,-015
+022,-015
+022,-015
+022,-015
+022,-015
+022,-015
+022,-015
+022,-015
+022,-015
+022,-015
+020,-015
+020,-015
+020,-015
+020,-015
+020,-015
+020,-015
+020,-015
+020,-015
+020,-015
+020,-015
+020,-015
+020,-015
+020,-015
+020,-015
+020,-015
+020,-015
+020,-015
+020,-015
+020,-015
+020,-015
+020,-015
+020,-015
+020,-015
+020,-015
+020,-015
+020,-015
+020,-015
+020,-015
+020,-015
+020,-015
+020,-015
+020,-015
+020,-015
+020,-015
+020,-015
+020,-012
+020,-012
+020,-013
+020,-013
+020,-013
+020,-013
+020,-013
+020,-013
+020,-013
+020,-013
+020,-013
+020,-013
+020,-013
+020,-013
+020,-013
+020,-013
+020,-013
+020,-013
+020,-013
+020,-013
+020,-013
+020,-013
+020,-013
+020,-013
+020,-013
+020,-013
+020,-013
+020,-013
+020,-013
+020,-013
+020,-013
+020,-013
+020,-013
+020,-013
+020,-013
+020,-013
+020,-013
+020,-013
+020,-013
+020,-013
+020,-013
+020,-013
+020,-013
+020,-013
+020,-013
+020,-013
+020,-013
+020,-013
+020,-013
+020,-013
+020,-013
+020,-013
+020,-013
+020,-013
+020,-013
+020,-013
+020,-013
+020,-013
+020,-013
+020,-013
+020,-013
+020,-013
+020,-013
+020,-013
+020,-013
+020,-013
+020,-013
+020,-013
+020,-013
+020,-013
+020,-013
+020,-013
+020,-013
+020,-013
+020,-013
+020,-013
+020,-013
+020,-013
+020,-013
+020,-013
+020,-013
+020,-013
+020,-013
+020,-013
+020,-013
+020,-013
+020,-013
+020,-013
+020,-013
+020,-013
+020,-013
+020,-013
+020,-013
+020,-013
+020,-013
+020,-013
+020,-013
+020,-013
+020,-013
+020,-013
+020,-013
+020,-013
+020,-013
+020,-013
+020,-013
+020,-013
+020,-013
+020,-013
+020,-013
+020,-013
+020,-013
+020,-013
+020,-013
+020,-013
+020,-013
+018,-013
+018,-013
+018,-013
+018,-013
+018,-013
+018,-013
+018,-013
+018,-013
+018,-013
+018,-013
+018,-013
+018,-013
+018,-013
+018,-013
+018,-013
+018,-013
+018,-013
+018,-013
+018,-013
+018,-013
+018,-013
+018,-013
+018,-013
+018,-013
+018,-013
+018,-013
+018,-013
+018,-013
+018,-013
+018,-013
+018,-013
+018,-013
+018,-010
+018,-010
+018,-010
+018,-010
+018,-010
+018,-010
+018,-010
+018,-010
+018,-010
+018,-010
+018,-010
+018,-010
+018,-010
+018,-010
+018,-010
+018,-010
+018,-010
+018,-010
+018,-010
+018,-010
+018,-010
+018,-010
+018,-010
+018,-010
+018,-010
+018,-010
+018,-010
+018,-010
+018,-010
+018,-010
+018,-010
+018,-010
+018,-010
+018,-010
+018,-010
COP Area(S): 001629
COP Area(R): 002643