+000,-000
+000,-001
+001,-001
+001,-001
+001,-001
+001,-001
+001,-001
+001,-001
+001,-001
+003,-001
+003,-002
+003,-002
+003,-002
+003,-002
+003,-002
+003,-002
+003,-002
+003,-002
+003,-002
+003,-002
+003,-002
+003,-002
+003,-002
+005,-002
+005,-002
+005,-002
+005,-002
+005,-002
+005,-002
+005,-002
+005,-002
+005,-002
+005,-002
+005,-002
+005,-002
+005,-002
+005,-002
+005,-002
+005,-002
+005,-003
+005,-003
+003,-003
+003,-003
+003,-003
+003,-003
+003,-003
+003,-003
+003,-003
+003,-003
+003,-003
+003,-003
+003,-003
+003,-003
+003,-003
+001,-003
+001,-003
+001,-003
+001,-003
+001,-003
+001,-003
+001,-003
+001,-003
+001,-003
+001,-003
+001,-003
+001,-003
+003,-003
+003,-003
+003,-003
+003,-003
+003,-003
+005,-003
+005,-003
+005,-003
+005,-003
+005,-003
+005,-003
+007,-003
+007,-003
+007,-003
+007,-003
+007,-003
+007,-003
+007,-003
+007,-003
+009,-003
+009,-003
+009,-003
+009,-003
+009,-003
+009,-003
+009,-003
+009,-003
+009,-003
+009,-003
+011,-003
+011,-003
+011,-003
+011,-003
+011,-003
+011,-003
+011,-003
+011,-003
+011,-003
+011,-003
+011,-003
+011,-003
+013,-004
+013,-004
+013,-004
+013,-004
+013,-004
+013,-004
+013,-004
+013,-004
+013,-004
+013,-004
+013,-004
+013,-004
+013,-004
+013,-004
+013,-001
+013,-001
+013,-001
+013,-001
+013,-001
+013,-001
+013,-001
+013,-001
+013,-001
+013,-002
+013,-002
+013,-002
+013,-002
+013,-002
+013,-002
+013,-002
+013,-002
+013,-002
+013,-002
+013,-002
+013,-005
+013,-005
+011,-005
+011,-005
+011,-005
+011,-005
+011,-005
+011,-005
+011,-005
+011,-005
+011,-008
+011,-008
+011,-008
+009,-008
+009,-008
+009,-008
+009,-008
+009,-008
+009,-011
+009,-011
+007,-011
+007,-011
+007,-011
+007,-011
+007,-011
+007,-011
+005,-011
+005,-011
+005,-011
+005,-011
+005,-011
+005,-011
+003,-011
+003,+014
+003,+014
+003,+014
+003,+014
+003,+014
+003,+014
+003,+014
+003,+014
+003,+014
+003,+014
+003,+014
+003,+014
+003,+014
+003,+014
+003,+014
+003,+014
+003,+014
+005,+014
+005,+014
+005,+014
+005,+016
+005,+016
+005,+016
+005,+016
+005,+016
+005,+016
+005,+016
+005,+016
+005,+016
+005,+016
+005,+016
+005,+016
+005,+016
+005,+016
+005,+018
+005,+018
+005,+018
+005,+018
+005,+018
+005,+018
+005,+018
+005,+018
+005,+018
+005,+018
+005,+018
+005,+018
+005,+018
+005,+018
+005,+020
+005,+020
+005,+020
+005,+020
+005,+020
+005,+020
+005,+020
+005,+020
+005,+020
+005,+020
+005,+020
+005,+020
+005,+020
+005,+022
+005,+022
+005,+022
+005,+022
+005,+022
+005,+022
+005,+022
+005,+022
+005,+022
+003,+022
+003,+022
+003,+022
+003,+022
+003,+022
+003,+022
+003,+022
+003,+022
+003,+022
+003,+022
+003,+020
+001,+020
+001,+020
+001,+020
+001,+020
+001,+020
+001,+020
+001,+020
+001,+020
+001,+020
+001,+020
+001,+018
+001,+018
+001,+018
+001,+018
+001,+018
+001,+018
+001,+018
+001,+018
+003,+018
+003,+018
+003,+018
+003,+016
+003,+016
+003,+016
+003,+016
+005,+016
+005,+016
+005,+016
+005,+016
+005,+016
+005,+016
+005,+016
+005,+014
+005,+014
+005,+014
+005,+014
+005,+014
+005,+014
+005,+014
+005,+014
+005,+014
+005,+014
+005,+014
+005,+014
+007,+014
+007,+014
+007,+014
+007,+014
+007,+014
+007,+014
+007,+014
+009,+014
+009,+014
+009,+014
+009,+014
+009,+014
+009,+014
+009,+014
+011,-013
+011,-013
+011,-013
+011,-013
+011,-013
+011,-013
+011,-013
+013,-013
+013,-013
+013,-013
+013,-013
+013,-013
+013,-013
+013,-013
+013,-013
+013,-013
+013,-013
+013,-013
+013,-013
+013,-013
+013,-013
+013,-013
+013,-013
+015,-013
+015,-013
+015,-013
+015,-013
+015,-013
+015,-013
+015,-013
+015,-013
+015,-013
+015,-013
+015,-013
+013,-013
+013,-013
+013,-013
+013,-013
+013,-013
+013,-013
+013,-013
+013,-013
+011,-013
+011,-013
+011,-013
+011,-013
+011,-013
+011,-013
+011,-013
+011,-013
+011,-013
+009,-013
+009,-013
+009,-013
+009,-013
+009,-013
+009,-013
+009,-013
+009,-013
+009,-013
+009,-013
+009,-013
+007,-013
+007,-013
+007,-013
+007,-013
+007,-013
+007,-013
+007,+015
+007,+015
+007,+015
+005,+015
+005,+015
+005,+015
+005,+015
+005,+015
+005,+015
+005,+015
+003,+015
+003,+015
+003,+015
+003,+017
+003,+017
+003,+017
+003,+017
+003,+017
+003,+017
+003,+017
+003,+017
+003,+017
+003,+017
+003,+017
+003,+017
+003,+017
+003,+017
+001,+017
+001,+017
+001,+017
+001,+019
+001,+019
+001,+019
+001,+019
+001,+019
+001,+019
+001,+019
+001,+019
+001,+019
+001,+019
+001,+019
+001,+019
+001,+019
+001,+019
+001,+019
+001,+019
+001,+019
+001,+019
+001,+019
+001,+021
+001,+021
+001,+021
+001,+021
+003,+021
+003,+021
+003,+021
+003,+021
+003,+021
+003,+021
+005,+021
+005,+023
+005,+023
+005,+023
+005,+023
+005,+023
+005,+023
+005,+023
+007,+023
+007,+023
+007,+023
+007,+023
+007,+023
+007,+023
+007,+023
+007,+023
+007,+023
+007,+023
+007,+023
+007,+023
+007,+023
+007,+023
+007,+023
+007,+023
+007,+023
+007,+023
+007,+023
+007,+023
+007,+023
+007,+023
+007,+023
+007,+023
+007,+023
+007,+023
+007,+023
+007,+023
+007,+023
+007,+023
+007,+023
+007,+023
+007,+023
+007,+023
+007,+025
+007,+025
+007,+025
+007,+025
+007,+025
+007,+025
+007,+025
+007,+027
+007,+027
+007,+027
+007,+027
+007,+027
+005,+027
+005,+029
+005,+029
+005,+029
+005,+029
+005,+029
+005,+029
+005,+029
+005,+029
+005,+029
+003,+029
+003,+029
+003,+029
+003,+029
+003,+031
+003,+031
+003,+031
+003,+031
+003,+031
+003,+031
+003,+031
+003,+031
+003,+031
+003,+031
+003,+031
+003,+031
+003,+031
+003,+031
+003,+031
+003,+031
+003,+031
+003,+031
+003,+031
+003,+031
+003,+031
+003,+031
+003,+031
+003,+031
+003,+031
+003,+031
+003,+031
+003,+031
+003,+031
+003,+031
+003,+031
+003,+031
+003,+031
+003,+031
+003,+031
+003,+031
+003,+031
+003,+031
+003,+031
+003,+031
+003,+031
+003,+031
+003,+031
+003,+031
+003,+031
+003,+031
+003,+031
+003,+031
+003,+031
+003,+031
+003,+031
+003,+031
+003,+031
+003,+031
+003,+031
+003,+031
+003,+031
+003,+031
+003,+031
+003,+031
+003,+031
+003,+031
+003,+031
+003,+031
+003,+031
+003,+029
+003,+029
+003,+029
+003,+029
+003,+029
+003,+029
+003,+029
+003,+029
+003,+029
+003,+029
+003,+029
+003,+029
+003,+029
+003,+029
+003,+029
+003,+029
+003,+029
+003,+029
+003,+029
+003,+029
+003,+029
+003,+029
+003,+029
+003,+029
+003,+029
+003,+029
+003,+029
+003,+029
+003,+029
+003,+029
+005,+029
+005,+029
+005,+027
+005,+027
+005,+027
+005,+027
+005,+027
+005,+027
+005,+027
+005,+027
+005,+027
+005,+027
+005,+027
+005,+027
+005,+027
+005,+027
+005,+027
+005,+027
+005,+027
+005,+027
+005,+027
+005,+027
+005,+027
+007,+027
+007,+027
+007,+027
+007,+027
+007,+027
+007,+027
+007,+027
+007,+027
+007,+027
+007,+027
+007,+027
+007,+027
+007,+027
+007,+027
+007,+027
+009,+027
+009,+027
+009,+027
+009,+027
+009,+027
+009,+025
+009,+025
+011,+025
+011,+025
+011,+025
+011,+025
+011,+025
+011,+025
+011,+025
+011,+025
+011,+025
+011,+023
+013,+023
+013,+023
+013,+023
+013,+023
+013,+023
+013,+023
+013,+023
+013,+023
+013,+021
+013,+021
+013,+021
+013,+021
+013,+021
+013,+021
+013,+021
+013,+021
+013,+021
+015,+021
+015,+021
+015,+021
+015,+021
+015,+021
+015,+021
+015,+021
+015,+021
+015,+021
+015,+021
+017,+021
+017,+021
+017,+021
+017,+021
+017,+021
+017,+021
+017,+021
+017,+021
+017,+021
+017,+021
+017,+021
+017,+021
+017,+021
+017,+021
+017,+021
+018,+021
+018,+021
+018,+021
+018,+021
+018,+019
+018,+019
+018,+019
+018,+019
+018,+019
+018,+019
-019,+019
-019,+019
-019,+019
-019,+019
-019,+019
-020,+019
-020,+019
-020,+017
-020,+017
-020,+017
-020,+017
-020,+017
-020,+017
-020,+017
-021,+017
-021,+017
-021,+017
-022,+015
-022,+015
-022,+015
-022,+015
-022,+015
-022,+015
-023,+015
-023,+015
-023,+015
-023,+015
-023,+015
-023,+015
-023,+015
-023,+015
-024,+015
-024,+015
-024,+015
-024,+015
-024,+015
-024,+015
-024,+015
-024,+017
-024,+017
-024,+017
-024,+017
-024,+017
-024,+017
-024,+017
-024,+017
-024,+017
-024,+017
-024,+017
-024,+017
-024,+017
-024,+017
-024,+017
-024,+017
-024,+017
-024,+017
-024,+017
-024,+017
-024,+017
-024,+017
-024,+017
-024,+017
-024,+017
-024,+017
-024,+017
-024,+017
-024,+017
-024,+017
-024,+017
-024,+017
-024,+017
-024,+017
-024,+017
-024,+017
-024,+017
-024,+017
-024,+017
-024,+017
-024,+017
-024,+017
-024,+017
-024,+017
-024,+017
-024,+017
-024,+017
-024,+017
-021,+017
-021,+017
-021,+019
-021,+019
-021,+019
-021,+019
-021,+019
-021,+019
-021,+019
-021,+019
+018,+019
+018,+019
+018,+019
+018,+019
+018,+019
+018,+019
+018,+019
+018,+019
+018,+019
+018,+019
+018,+019
+018,+019
+018,+019
+018,+019
+018,+019
+018,+019
+018,+019
+018,+017
+018,+017
+018,+017
+018,+017
+018,+017
+018,+017
+016,+017
+016,+017
+016,+017
+016,+017
+016,+017
+016,+017
+016,+017
+016,+017
+016,+017
+016,+017
+016,+017
+016,+017
+016,+017
+016,+017
+016,+017
+016,+017
+016,+017
+016,+017
+016,+017
+014,+017
+014,+017
+014,+017
+014,+017
+014,+017
+014,+017
+014,+017
+014,+017
+014,+017
+014,+017
+014,+017
+014,+015
+012,+015
+012,+015
+012,+015
+012,+015
+012,+015
+012,+015
+012,+015
+012,+015
+012,+015
+012,+015
+012,+015
+012,+015
+012,+015
+012,+015
+010,+015
+010,+015
+010,+015
+010,+015
+010,+014
+010,+014
+010,+014
+010,+014
+010,+014
+010,-013
+010,-013
+010,-013
+010,-013
+010,-013
+010,-013
+010,-012
+010,-012
+010,-012
+010,-012
+010,-012
+010,-012
+010,-012
+010,-012
+010,-012
+010,-012
+010,-012
+010,-012
+010,-012
+010,-012
+010,-012
+010,-012
+010,-012
+010,-012
+010,-012
+010,-012
+010,-012
+010,-012
+010,-012
+010,-012
+010,-012
+010,-012
+010,-012
+010,-012
+010,-012
+010,-012
+010,-012
+010,-012
+010,-012
+010,-012
+008,-012
+008,-012
+008,-012
+008,-012
+008,-012
+008,-012
+008,-012
+008,-012
+008,-012
+008,-012
+008,-012
+008,-012
+008,-012
+006,-012
+006,-012
+006,-012
+006,-012
+006,-012
+006,-012
+006,-012
+006,-012
+006,-012
+006,-012
+006,-012
+006,-012
+006,-012
+006,-012
+006,-012
+006,-012
+006,-012
+006,-012
+006,-012
+006,-012
+006,-012
+006,-012
+006,-012
+006,-012
+006,-012
+006,-012
+006,-012
+006,-012
+006,-012
+006,-012
+006,-012
+006,-012
+006,-012
+006,-012
+006,-012
+006,-012
+006,-012
+006,-012
+008,-012
+008,-012
+008,-012
+008,-012
+008,-012
+008,-012
+008,-012
+008,-012
+008,-012
+008,-012
+008,-012
+008,-012
+010,-012
+010,-012
+010,-012
+010,-012
+010,-012
+010,-012
+010,-012
+012,-012
+012,-012
+012,-012
+012,-012
+012,-012
+012,-012
+012,-012
+014,-012
+014,-012
+014,-012
+014,-012
+014,-012
+014,-012
+014,-012
+014,-012
+016,-012
+016,-012
+016,-012
+016,-012
+016,-012
+016,-012
+016,-012
+016,-012
+016,-012
+016,-012
+016,-012
+016,-012
+016,-012
+016,-012
+016,-012
+016,-012
+016,-012
+016,-012
+016,+014
+016,+014
+016,+014
+016,+014
+016,+014
+016,+014
+016,+014
+016,+014
+016,+014
+016,+014
+016,+014
+016,+014
+016,+014
+016,+014
+016,+014
+016,+016
+016,+016
+016,+016
+016,+016
+016,+016
+016,+016
+016,+016
+016,+016
+016,+016
+016,+016
+016,+016
+016,+016
+016,+016
+016,+016
+016,+016
+016,+016
+016,+016
+016,+018
+016,+018
+016,+018
+016,+018
+018,+018
+018,+018
+018,+018
+018,+018
+018,+018
+018,+018
+018,+018
+018,+018
+018,+020
+018,+020
+018,+020
+018,+020
+018,+020
+018,+020
+018,+020
+018,+020
+018,+020
+018,+020
+018,+020
+018,+020
+018,+022
+018,+022
+018,+022
+018,+022
+018,+022
+018,+022
+018,+022
+018,+022
+018,+022
+018,+022
+018,+022
+018,+022
+018,+022
+018,+022
+018,+022
+018,+022
+018,+022
+018,+022
+018,+022
+018,+022
+018,+022
+018,+022
+018,+022
+018,+022
+018,+022
+018,+022
+018,+022
+018,+022
+018,+022
+018,+022
+018,+022
+018,+022
+018,+022
+018,+022
+018,+022
+018,+022
+018,+022
+018,+022
+018,+022
+018,+022
+018,+022
+018,+022
+018,+022
+018,+022
+018,+022
+018,+022
+018,+022
+018,+022
+018,+022
+018,+022
+018,+022
+018,+022
+018,+022
+018,+024
+018,+024
+018,+024
+018,+024
+018,+024
+018,+024
+018,+024
+018,+024
+018,+024
+018,+024
+018,+024
+018,+024
+018,+024
+018,+024
+018,+024
+018,+024
+018,+024
+018,+024
+018,+024
+018,+024
+018,+024
+018,+024
+018,+024
+018,+024
-019,+024
-019,+024
-019,+024
-019,+024
-019,+024
-019,+024
-019,+024
-019,+024
-019,+024
-019,+024
-019,+024
-019,+024
-019,+024
-019,+024
-019,+024
-019,+024
-019,+024
-019,+024
-019,+024
-019,+026
-019,+026
-019,+026
-019,+026
-019,+026
-019,+026
-019,+026
-019,+026
-019,+026
-019,+026
-019,+026
-019,+026
-019,+026
-019,+026
-019,+026
-019,+024
-019,+024
-019,+024
-019,+024
-019,+024
-019,+024
-019,+024
-019,+024
-019,+024
-019,+024
-019,+024
-019,+024
-019,+024
-019,+024
-019,+024
-019,+024
-019,+024
-019,+022
-020,+022
-020,+022
-020,+022
-020,+022
-020,+022
-020,+022
-020,+022
-020,+022
-020,+022
-020,+020
-020,+020
-020,+020
-020,+020
-021,+020
-021,+020
-021,+020
-021,+020
-021,+020
-021,+018
-021,+018
-021,+018
-022,+018
-022,+018
-022,+018
-022,+018
-022,+018
-022,+018
-022,+018
-022,+018
-022,+018
-022,+016
-022,+016
-022,+016
-022,+016
-022,+016
-022,+016
-022,+016
-022,+016
-022,+016
-022,+016
-022,+016
-022,+018
-022,+018
-022,+018
-022,+018
-022,+018
-022,+018
-022,+018
-022,+018
-022,+018
-022,+018
-022,+018
-022,+018
-022,+018
-022,+018
-022,+018
-022,+018
-022,+018
-022,+018
-022,+018
-022,+018
-022,+018
-022,+018
-022,+018
-022,+018
-022,+018
-019,+018
-020,+018
-020,+018
-020,+016
-020,+016
-020,+016
-020,+016
-020,+016
-020,+016
+018,+016
+018,+016
+018,+016
+018,+016
+018,+016
+018,+016
+016,+016
+016,+016
+016,+016
+016,+016
+016,+016
+016,+016
+016,+016
+016,+016
+016,+016
+016,+016
+016,+016
+014,+016
+014,+016
+014,+014
+014,+014
+014,+014
+014,+014
+014,+014
+014,+014
+014,+014
+014,+014
+012,+014
+012,-013
+012,-013
+012,-013
+012,-013
+012,-013
+012,-013
+012,-012
+012,-012
+012,-012
+010,-012
+010,-012
+010,-012
+010,-012
+010,-012
+010,-012
+010,-012
+010,-011
+010,-011
+010,-011
+010,-011
+010,-010
+010,-010
+010,-010
+010,-009
+010,-009
+010,-009
+010,-009
+010,-009
+010,-009
+010,-008
+010,-008
+010,-008
+010,-007
+010,-007
+012,-007
+012,-007
+012,-006
+012,-006
+012,-006
+012,-006
+012,-006
+012,-006
+012,-006
+012,-005
+012,-005
+012,-005
+014,-005
+014,-005
+014,-004
+014,-004
+014,-004
+014,-004
+014,-004
+014,-003
+014,-003
+014,-003
+016,-002
+016,-002
+016,-002
+016,-001
+016,-001
+016,-001
+016,-000
+016,-000
+016,-000
+016,-000
+016,-000
+016,-001
+018,-001
+018,-001
+018,-001
+018,-001
+018,-001
+018,-001
+018,-001
+018,-001
+018,-001
+018,-001
+018,-001
+018,-001
+018,-001
+018,-001
+018,-001
+018,-002
+018,-002
+018,-002
+018,-002
+018,-002
+018,-002
+018,-002
+018,-002
+018,-002
+018,-002
+018,-002
+018,-002
+018,-005
+018,-005
+018,-005
+018,-005
+018,-005
+018,-005
+018,-005
+018,-005
+018,-005
+018,-005
+018,-005
+018,-008
+018,-008
+018,-008
+018,-008
+018,-008
+018,-008
+018,-008
+018,-008
+018,-008
+018,-008
+018,-008
+018,-008
+018,-008
+018,-008
+018,-008
+018,-008
+018,-008
+016,-008
+016,-008
+016,-008
+016,-008
+016,-008
+016,-011
+016,-010
+016,-010
+016,-010
+016,-010
+016,-010
+016,-010
+016,-010
+016,-010
+016,-010
+016,-010
+016,-010
+016,-010
+016,-010
+016,-010
+016,-010
+016,-013
+016,-013
+016,-013
+016,-013
+016,-013
+016,-013
+016,-013
+016,-013
+016,-013
+016,-013
+016,-013
+016,-013
+016,-013
+016,-013
+016,-013
+016,-013
+016,-013
+016,-013
+014,-013
+014,-013
+014,+015
+014,+015
+014,+015
+014,+015
+014,+015
+014,+015
+014,+015
+014,+015
+014,+015
+014,+015
+014,+015
+014,+015
+014,+015
+014,+015
+014,+015
+014,+015
+014,+015
+014,+015
+014,+015
+014,+015
+014,+015
+014,+015
+014,+015
+014,+015
+014,+015
+014,+015
+014,+015
+014,+015
+014,+015
+014,+015
+014,+015
+014,+015
+014,+015
+016,+015
+016,+015
+016,+015
+016,+015
+016,+015
+016,+015
+016,+015
+016,+015
+016,+015
+016,+015
+016,+015
+016,+015
+016,+015
+016,+015
+016,+015
+016,+015
+016,+015
+016,+015
+016,+015
+016,+015
+016,+015
+016,+015
+016,+015
+018,+015
+018,+015
+018,+015
+018,+015
+018,+015
+018,+015
+018,+015
+018,+015
+018,+015
+018,+015
+018,+015
+018,+015
+018,+015
+018,+015
+018,+015
+018,+015
-019,+015
-019,+015
-019,+015
-019,+015
-019,+015
-019,+015
-019,+015
-019,+014
-019,+014
-019,+014
-019,+014
-019,+014
-019,+014
-019,+014
-019,+014
-019,+014
-019,+014
-019,-013
-019,-013
-019,-013
-019,-013
-019,-013
-019,-013
-019,-013
-019,-013
-019,-013
-019,-013
-019,-013
-019,-013
-019,-013
-019,-013
-020,-013
-020,-013
-020,-013
-020,-013
-020,-013
-020,-013
-020,-013
-020,-013
-020,-013
-020,-013
-020,-013
-020,-013
-020,-013
-020,-013
-020,-013
-020,-013
-020,-013
-020,-013
-020,-013
-020,-013
-020,-013
-020,-013
-020,-013
-020,-013
-020,-013
-020,-013
-020,-013
-020,-013
-020,-013
-020,-013
-020,-013
-020,-013
-020,-013
-020,-013
-020,-013
-020,-013
-020,-013
-020,-013
-020,-013
-020,-013
-020,-013
-020,-013
-020,-013
-020,-013
-020,-013
-020,-013
-020,-013
-020,-013
-020,-013
-020,-013
-020,-013
-020,+015
-020,+015
-020,+015
-020,+015
-020,+015
-020,+015
-020,+015
-020,+015
-020,+015
-020,+015
-020,+015
-020,+015
-020,+015
-020,+015
-020,+015
-020,+015
-020,+015
-020,+015
-020,+015
-020,+015
-020,+015
+018,+015
+018,+015
+018,+015
+018,+015
+018,+015
+018,+015
+018,+015
+018,+015
+018,+015
+018,+014
+018,+014
+018,+014
+018,+014
+018,+014
+018,+014
+018,+014
+018,+014
+018,+014
+018,+014
+018,+014
+018,+014
+018,+014
+018,+014
+018,+014
+018,+014
+018,+014
+018,+014
+016,+014
+016,+014
+016,+014
+016,+014
+016,+014
+016,+014
+016,+014
+016,+014
+016,+014
+016,+014
+016,+014
+016,+014
+016,+014
+016,+014
+016,+014
+016,+014
+016,+014
+016,+014
+016,+014
+014,+014
+014,+014
+014,+014
+014,+014
+014,+014
+014,+014
+014,+014
+014,+014
+014,+014
+014,+014
+014,+014
+014,+014
+014,+014
+014,+014
+014,+014
+014,+014
+014,+014
+014,+014
+014,+014
+014,+014
+014,+014
+014,+014
+014,+014
+014,+014
+014,+014
+014,+014
+014,+014
+014,+014
+014,+014
+014,+014
+014,+014
+014,+014
+014,+014
+014,+014
+014,+014
+014,+014
+014,+014
+014,+014
+014,+014
+014,+014
+014,+014
+014,+014
+014,+014
+014,+014
+014,+014
+014,+014
+014,+014
+014,+014
+014,+014
+014,+014
+014,+014
+014,+014
+014,+014
+014,+014
+014,+014
+014,+014
+014,+014
+014,+014
+016,+014
+016,+014
+016,+014
+016,+014
+016,+014
+016,+014
+016,+014
+016,+014
+016,+014
+016,+014
+016,+014
+016,+014
+016,+014
+016,+014
+016,+014
+016,+014
+016,+014
+016,+014
+016,+014
+016,+014
+016,+014
+016,+014
+016,+014
+018,+014
+018,+014
+018,+014
+018,+014
+018,+014
+018,+014
+018,+014
+018,+014
+018,+014
+018,+014
+018,+014
+018,+014
+018,+014
+018,+014
+018,+014
+018,+014
+018,+014
+018,+014
+018,+014
+018,+014
+018,+014
+018,+014
+018,+014
+018,+014
+018,+014
+018,+014
+018,+014
+018,+014
+018,+014
+018,+014
+018,+014
+018,+014
+018,+014
+018,+014
+018,+014
+018,+014
+018,+014
+018,+014
+018,+014
+018,+014
+018,+014
+018,+014
+018,+014
+018,+014
+018,+014
+018,+014
+018,+014
+018,+014
+018,+014
+018,+014
+016,+014
+016,+014
+016,+014
+016,+014
+016,+014
+016,+014
+016,+014
+016,+014
+016,+014
+016,+014
+016,+014
+016,+014
+016,+014
+016,+014
+016,+014
+014,+014
+014,+014
+014,+014
+014,+014
+014,+014
+014,-013
+014,-013
+014,-013
+014,-013
+014,-013
+014,-013
+014,-013
+014,-013
+014,-013
+014,-013
+014,-012
+014,-012
+014,-012
+014,-012
+014,-012
+014,-012
+014,-012
+014,-012
+012,-012
+012,-012
+012,-012
+012,-012
+012,-012
+012,-012
+012,-012
+012,-012
+012,-012
+012,-011
+012,-011
+012,-011
+012,-011
+012,-011
+012,-011
+012,-011
+012,-011
+012,-011
+012,-011
+012,-010
+012,-010
+012,-010
+012,-010
+012,-010
+012,-010
+012,-010
+012,-010
+012,-010
+012,-010
+012,-009
+012,-009
+012,-009
+012,-009
+012,-009
+012,-009
+010,-009
+010,-008
+010,-008
+010,-008
+010,-008
+010,-008
+010,-008
+010,-008
+010,-008
+010,-008
+010,-008
+010,-008
+010,-008
+010,-008
+010,-008
+010,-008
+010,-007
+010,-007
+010,-007
+010,-007
+010,-007
+010,-007
+010,-007
+010,-007
+010,-006
+010,-006
+010,-006
+010,-006
+010,-006
+010,-006
+010,-006
+010,-006
+010,-006
+010,-006
+010,-005
+010,-005
+010,-005
+010,-005
+010,-005
+010,-005
+010,-005
+010,-005
+010,-005
+010,-005
+010,-005
+010,-005
+010,-005
+010,-005
+010,-005
+010,-005
+008,-005
+008,-005
+008,-005
+008,-005
+008,-005
+008,-005
+008,-005
+008,-005
+008,-005
+008,-005
+008,-005
+008,-005
+008,-005
+008,-005
+008,-005
+008,-005
+008,-005
+008,-005
+008,-005
+008,-005
+008,-005
+008,-005
+008,-005
+008,-005
+008,-005
+008,-005
+008,-005
+008,-005
+008,-005
+008,-005
+008,-005
+008,-005
+008,-005
+008,-005
+008,-005
+008,-005
+008,-005
+008,-005
+008,-005
+008,-005
+008,-005
+008,-005
+008,-005
+008,-005
+008,-005
+008,-005
+008,-005
+008,-005
+008,-005
+008,-005
+008,-005
+008,-005
+010,-005
+010,-005
+010,-005
+010,-008
+010,-007
+010,-007
+010,-007
+010,-007
+010,-007
+010,-007
+012,-007
+012,-007
+012,-010
+012,-010
+012,-010
+012,-009
+012,-009
+012,-009
+012,-009
+014,-009
+014,-009
+014,-009
+014,-009
+014,-009
+014,-009
+014,-009
+014,-009
+014,-009
+014,-009
+014,-009
+014,-009
+014,-009
+014,-009
+014,-009
+014,-009
+014,-009
+014,-009
+014,-009
+016,-009
+016,-009
+016,-009
+016,-009
+016,-009
+016,-009
+016,-009
+016,-009
+016,-009
+016,-009
+016,-009
+016,-012
+016,-012
+016,-012
+016,-012
+016,-012
+016,-012
+016,-012
+016,-012
+016,-012
+016,-012
+016,-012
+016,-012
+016,-012
+016,-012
+016,-012
+016,-012
+016,-012
+016,-012
+016,-012
+016,-012
+016,-012
+016,-012
+016,-012
+016,-012
+016,-012
+016,-012
+016,-012
+016,-012
+016,-012
+016,-012
+016,-012
+016,-012
+016,-012
+014,-012
+014,-012
+014,-012
+014,-012
+014,-012
+014,-012
+014,-012
+014,-012
+014,-012
+014,+014
+014,+014
+014,+014
+014,+014
+014,+014
+014,+014
+014,+014
+014,+014
+014,+014
+014,+014
+014,+014
+014,+014
+014,+014
+014,+014
+014,+014
+014,+014
+014,+014
+014,+014
+014,+014
+014,+014
+014,+014
+014,+014
+014,+014
+014,+014
+014,+014
+014,+014
+014,+014
+014,+014
+014,+014
+014,+014
+014,+014
+014,+014
+014,+014
+014,+014
+014,+014
+014,+014
+014,+014
+014,+014
+014,+014
+014,+014
+014,+014
+014,+014
+014,+014
+014,+014
+014,+014
+014,+014
+014,+014
+014,+014
+014,+014
+014,+014
+014,+014
+014,+014
+014,+014
+014,+014
+014,+014
+014,+014
+014,+014
+014,+014
+014,+014
+014,+014
+014,+014
+014,-013
+014,-013
+014,-013
+014,-013
+014,-013
+014,-013
+014,-013
+014,-013
+014,-013
+014,-013
+014,-013
+014,-013
+014,-013
+014,-013
+014,-013
+014,-013
+014,-012
+014,-012
+014,-012
+014,-012
+014,-012
+014,-012
+014,-012
+014,-012
+014,-012
+014,-012
+014,-012
+016,-012
+016,-012
+016,-012
+016,-012
+016,-012
+016,-012
+016,-012
+016,-012
+016,-012
+016,-012
+016,-012
+016,-012
+016,-012
+016,-012
+016,-012
+018,-012
+018,-012
+018,-012
+018,-012
+018,-012
+018,-012
+018,-012
+018,-012
+018,-012
+018,-012
+018,-012
-019,-012
-019,-012
-019,-012
-019,-012
-019,-012
-019,-012
-019,-012
-019,-012
-019,-012
-019,-012
-019,-012
-019,-012
-020,-012
-020,-012
-020,-012
-020,-012
-020,-012
-020,-012
-020,-012
-020,-012
-020,-012
-020,-012
-021,-012
-021,-012
-021,-012
-021,-012
-021,-012
-021,-012
-021,-012
-021,-012
-021,-012
-021,-012
-022,-012
-022,-012
-022,-012
-022,-012
-022,-012
-022,-012
-023,-012
-023,-012
-023,-012
-023,-012
-023,-012
-023,-012
-024,-012
-024,-012
-024,-012
-024,-012
-024,-012
-024,-012
-024,-012
-024,-012
-024,-012
-024,-012
-024,-012
-024,-012
-024,-012
-024,-012
-024,-012
-024,-012
-024,-012
-024,-012
-024,-012
-024,-012
-024,-012
-024,-012
-024,-012
-024,-012
-024,-012
-024,-012
-021,-012
-021,-012
-022,-012
-022,-012
-022,-012
-022,-012
-022,-012
-022,-012
-022,-012
-022,-012
-022,-012
-022,-012
-022,-012
-022,-012
-022,-012
-022,+014
-022,+014
-022,+014
-022,+014
-022,+014
-022,+014
-022,+014
-022,+014
-022,+014
-022,+014
-022,+014
-022,+014
-022,+014
-022,+014
-022,+014
-022,+014
-022,+014
-022,+014
-022,+014
-022,+014
-022,+014
-022,+014
-022,+014
-022,+014
-022,+014
-022,+014
-019,+014
-019,+014
-019,+014
-019,+014
-019,+014
-019,+014
-019,+014
-019,+014
-019,+014
-019,+014
-019,+014
-019,+014
-019,+014
-019,+014
-019,+014
-019,+014
-019,+014
-019,+014
-019,+014
-019,+014
-019,+014
-019,+014
-019,+014
-019,+014
-019,+014
-019,+014
-019,+014
-019,+014
-019,+014
-019,+014
-019,+014
-019,+014
+017,+014
+017,+014
+017,+016
+017,+016
+017,+016
+017,+016
+017,+016
+017,+016
+017,+016
+015,+016
+015,+016
+015,+016
+015,+016
+015,+016
+015,+016
+015,+016
+015,+016
+015,+016
+015,+016
+015,+018
+013,+018
+013,+018
+013,+018
+013,+018
+013,+018
+013,+018
+013,+018
+013,+018
+013,+018
+013,+018
+013,+018
+013,+016
+013,+016
+013,+016
+013,+016
+013,+016
+013,+016
+013,+016
+013,+016
+013,+016
+013,+016
+013,+016
+013,+016
+013,+016
+013,+016
+013,+016
+013,+016
+013,+014
+013,+014
+013,+014
+013,+014
+013,+014
+013,+014
+013,+014
+013,+014
+013,+014
+013,+014
+013,+014
+013,+014
+013,+014
+013,+014
+015,+014
+015,+014
+015,+014
+015,+014
+015,-013
+015,-013
+015,-013
+015,-013
+015,-013
+015,-013
+015,-013
+015,-013
+017,-012
+017,-012
+017,-012
+017,-011
+017,-011
+017,-011
+017,-011
+018,-011
+018,-011
+018,-010
+018,-010
+018,-010
-019,-010
-019,-010
-019,-010
-019,-010
-019,-010
-019,-010
-019,-010
-019,-010
-019,-010
-019,-010
-019,-010
-019,-010
-019,-010
-019,-010
-019,-010
-019,-010
-019,-010
-019,-010
-019,-010
-019,-010
-019,-010
-019,-010
-020,-010
-020,-010
-020,-010
-020,-010
-020,-010
-020,-010
-020,-010
-020,-010
-020,-010
-020,-010
-020,-010
-020,-010
-020,-010
-020,-010
-020,-010
-020,-010
-020,-010
-020,-010
-021,-010
-021,-010
-021,-010
-021,-010
-021,-010
-021,-010
-021,-010
-021,-010
-021,-010
-022,-010
-022,-010
-022,-010
-022,-010
-022,-010
-023,-010
-023,-010
-023,-010
-023,-010
-023,-010
-023,-010
-023,-010
-023,-010
-023,-010
-023,-010
-023,-010
-023,-010
-023,-010
-023,-010
-023,-009
-023,-009
-023,-009
-024,-009
-024,-009
-024,-009
-024,-009
-024,-008
-024,-008
-024,-008
-024,-008
-024,-008
-024,-008
-024,-008
-024,-007
-024,-007
-024,-007
-024,-007
-024,-007
-024,-007
-024,-007
-024,-007
-024,-007
-024,-007
-024,-007
-024,-007
-024,-007
-024,-007
-024,-007
-024,-007
-024,-007
-024,-007
-024,-010
-024,-010
-024,-010
-024,-010
-024,-010
-024,-010
-021,-010
-021,-010
-021,-010
-021,-010
-021,-010
-021,-010
-021,-010
-021,-010
-021,-010
+018,-010
+018,-010
+018,-010
+018,-010
+018,-010
+018,-013
+018,-013
+018,-012
+016,-012
+016,-012
+016,-012
+016,-012
+016,-012
+016,-012
+016,-012
+016,-012
+016,-012
+014,-012
+014,-012
+014,-012
+014,-012
+014,-012
+014,-012
+014,-012
+014,-012
+014,-012
+012,-012
+012,-012
+012,-012
+012,-012
+012,-012
+012,-012
+012,-012
+012,-012
+012,-012
+012,-012
+012,-012
+012,-012
+012,-012
+012,-012
+010,-012
+010,-012
+010,-012
+010,-012
+010,-012
+010,-012
+010,-012
+010,-012
+010,-012
+010,-012
+008,-012
+008,-012
+008,-012
+008,-012
+008,-012
+008,-012
+008,-012
+008,-012
+008,-012
+006,-012
+006,-012
+006,-012
+006,-012
+006,-012
+006,-012
+006,-012
+006,-012
+006,-012
+006,-012
+006,-012
+006,-012
+006,-012
+006,-012
+006,-012
+004,-012
+004,-012
+004,-012
+004,-012
+004,-012
+004,-012
+004,-012
+004,-012
+004,-012
+004,-012
+004,-012
+004,-012
+004,-012
+004,-012
+004,-012
+004,-012
+004,-012
+004,-012
+004,-012
+004,-012
+004,-011
+004,-011
+004,-011
+004,-011
+004,-011
+004,-011
+004,-011
+004,-011
+004,-011
+004,-011
+004,-011
+004,-011
+004,-011
+002,-011
+002,-011
+002,-011
+002,-011
+002,-011
+002,-011
+002,-011
+002,-011
+002,-011
+002,-011
+002,-011
+002,-011
+002,-011
+002,-011
+002,-011
+002,-011
+002,-011
+002,-011
+002,-011
+002,-011
+002,-011
+002,-011
+002,-011
+002,-011
+002,-011
+002,-011
+002,-011
+004,-011
+004,-011
+004,-011
+004,-011
+004,-011
+004,-011
+004,-011
+004,-011
+006,-011
+006,-011
+006,-010
+006,-010
+006,-010
+006,-010
+006,-010
+008,-010
+008,-010
+008,-010
+008,-010
+008,-010
+008,-010
+010,-010
+010,-010
+010,-010
+010,-010
+010,-010
+010,-010
+010,-010
+010,-010
+012,-010
+012,-010
+012,-010
+012,-010
+012,-010
+012,-010
+012,-010
+012,-010
+012,-010
+014,-010
+014,-010
+014,-010
+014,-010
+014,-010
+014,-010
+014,-010
+014,-013
+014,-012
+016,-012
+016,-012
+016,-012
+016,-012
+016,-012
+016,-012
+016,-012
+018,-012
+018,-012
+018,-012
+018,-012
+018,-012
+018,-012
+018,-012
+018,-012
-019,-012
-019,-012
-019,-012
-019,-012
-019,-012
-019,-012
-019,-012
-019,-012
-019,-012
-019,-012
-019,-012
-019,-012
-019,-012
-019,-012
-019,-012
-019,-012
-019,+014
-019,+014
-019,+014
-019,+014
-019,+014
-019,+014
-019,+014
-019,+014
-019,+014
-019,+014
+017,+014
+017,+014
+017,+014
+017,+014
+017,+014
+017,+014
+017,+014
+017,+014
+017,+014
+017,+014
+017,+014
+017,+014
+017,+014
+017,+014
+017,+014
+017,+014
+017,+014
+017,+014
+015,+014
+015,+014
+015,+014
+015,+014
+015,+014
+015,+014
+015,+014
+013,+014
+013,+014
+013,+014
+013,+014
+013,+014
+011,+014
+011,+014
+011,+014
+011,+014
+011,+014
+011,+014
+011,+014
+009,+014
+009,+014
+009,+014
+009,+014
+009,+014
+009,+014
+009,+014
+009,+014
+007,+014
+007,+014
+007,+014
+007,+014
+007,+014
+007,+014
+007,+014
+007,+014
+007,+014
+007,+014
+007,+014
+005,+014
+005,+014
+005,+014
+005,+014
+005,+014
+005,+014
+005,+014
+005,+014
+005,+014
+005,+014
+005,+014
+005,+014
+005,+014
+005,+014
+005,+014
+005,+014
+005,+014
+005,+014
+005,+014
+005,+014
+005,+014
+003,+014
+003,+014
+003,+014
+003,+014
+003,+014
+003,+014
+003,+014
+003,+014
+003,+014
+003,+014
+003,+014
+003,+014
+003,+014
+003,+014
+003,+014
+003,+014
+003,+014
+003,+014
+003,+014
+003,+014
+003,+014
+003,+014
+003,+014
+003,+014
+003,+014
+003,+014
+003,+014
+003,+014
+003,+014
+003,+014
+003,+014
+003,-013
+003,-013
+003,-013
+003,-013
+003,-013
+005,-013
+005,-013
+005,-013
+005,-013
+005,-013
+005,-013
+005,-013
+007,-013
+007,-013
+007,-013
+007,-013
+007,-013
+009,-013
+009,-013
+009,-013
+009,-013
+009,-013
+009,-013
+011,-013
+011,-012
+011,-012
+011,-012
+011,-012
+011,-012
+013,-012
+013,-011
+013,-011
+013,-011
+013,-011
+013,-010
+015,-010
+015,-010
+015,-010
+015,-010
+015,-010
+015,-010
+017,-010
+017,-010
+017,-010
+017,-010
+017,-010
+017,-010
+017,-010
+018,-010
+018,-010
+018,-010
+018,-010
-019,-010
-019,-010
-019,-010
-019,-013
-019,-013
-019,-013
-019,-013
-019,-013
-019,-012
-019,-012
-020,-012
-020,-012
-020,-012
-020,-012
-020,-012
-020,-012
-020,-012
-020,-012
-020,-012
-020,-012
-020,-012
-020,-012
-020,-012
-020,-012
-020,-012
-020,-012
-020,-012
-020,-012
-020,-012
-020,-012
-020,-012
-020,-012
-020,-012
-021,-012
-021,-012
-021,-012
-021,-012
-021,-012
-021,-012
-021,-012
-021,-012
-021,-012
-021,-012
-021,-012
-021,-012
-022,-012
-022,-012
-022,-012
-022,-012
-022,-012
-022,-012
-022,-012
-022,-012
-022,-012
-022,-012
-022,+014
-022,+014
-022,+014
-022,+014
-022,+014
-022,+014
-022,+014
-022,+014
-022,+014
-022,+016
-022,+016
-019,+016
-019,+016
-019,+016
-019,+016
-019,+016
-019,+016
-019,+018
-019,+018
-019,+018
-019,+018
-019,+018
-019,+018
-019,+018
-019,+018
-019,+018
-019,+020
-019,+020
+017,+020
+017,+020
+017,+020
+017,+020
+017,+020
+017,+020
+017,+020
+017,+020
+017,+020
+017,+022
+017,+022
+017,+022
+017,+022
+017,+022
+017,+022
+017,+022
+017,+022
+017,+022
+017,+022
+017,+022
+017,+022
+015,+022
+015,+024
+015,+024
+015,+024
+015,+024
+015,+024
+015,+024
+015,+024
+015,+024
+015,+024
+015,+024
+015,+024
+015,+024
+015,+024
+015,+024
+015,+026
+015,+026
+015,+026
+015,+026
+015,+026
+015,+026
+015,+026
+015,+026
+015,+028
+017,+028
+017,+028
+017,+028
+017,+028
+017,+028
+017,+028
+017,+028
+017,+028
+017,+028
+017,+028
+017,+028
+017,+028
+017,+028
+017,+028
+017,+028
+017,+028
+017,+028
+017,+028
+017,+028
+017,+028
+017,+028
+018,+028
+018,+028
+018,+028
+018,+028
+018,+028
+018,+028
+018,+028
+018,+028
+018,+028
+018,+028
+018,+028
+018,+028
+018,+028
+018,+028
+018,+028
+018,+028
+018,+028
+018,+028
+018,+028
+018,+028
+018,+028
+018,+026
+018,+026
+018,+026
+018,+026
+018,+026
+018,+026
+018,+026
+018,+026
+018,+026
+018,+026
+018,+026
+018,+026
+018,+026
+018,+026
+018,+026
+018,+026
+018,+026
+018,+026
+018,+026
+018,+026
+018,+026
+018,+026
+018,+026
+018,+026
+018,+026
+018,+026
+018,+026
+016,+026
+016,+026
+016,+026
+016,+026
+016,+026
+016,+026
+016,+026
+016,+026
+016,+026
+016,+026
+016,+026
+016,+026
+016,+026
+016,+026
+014,+026
+014,+026
+014,+026
+014,+026
+014,+026
+014,+026
+014,+026
+014,+026
+014,+026
+014,+026
+014,+026
+014,+026
+014,+026
+014,+026
+014,+026
+014,+026
+014,+026
+014,+026
+012,+026
+012,+026
+012,+026
+012,+026
+012,+026
+012,+026
+012,+028
+012,+028
+012,+028
+012,+028
+010,+028
+010,+028
+010,+028
+010,+028
+010,+028
+010,+028
+010,+028
+010,+028
+010,+028
+010,+028
+010,+028
+008,+028
+008,+028
+008,+028
+008,+028
+008,+028
+008,+028
+008,+026
+008,+026
+008,+026
+008,+026
+008,+026
+008,+026
+008,+026
+008,+026
+008,+026
+008,+026
+008,+026
+008,+026
+008,+026
+008,+026
+008,+026
+008,+026
+008,+026
+008,+024
+008,+024
+008,+024
+008,+024
+008,+024
+008,+024
+008,+024
+008,+024
+008,+024
+008,+024
+008,+022
+008,+022
+008,+022
+008,+022
+008,+022
+010,+022
+010,+022
+010,+022
+010,+022
+010,+022
+010,+022
+010,+022
+010,+020
+012,+020
+012,+020
+012,+020
+012,+020
+012,+020
+012,+020
+012,+020
+012,+018
+014,+018
+014,+018
+014,+018
+014,+018
+014,+018
+014,+018
+014,+016
+014,+016
+014,+016
+014,+016
+014,+016
+016,+016
+016,+016
+016,+016
+016,+016
+016,+016
+016,+014
+016,+014
+016,+014
+016,+014
+016,+014
+016,+014
+018,+014
+018,+014
+018,+014
+018,+014
+018,+014
+018,+014
+018,+014
+018,+014
+018,+014
+018,+014
+018,+014
+018,-013
+018,-013
+018,-013
+018,-013
+018,-013
+018,-013
+018,-013
+018,-013
+018,-013
+018,-013
+018,-013
+018,-013
+018,-013
+018,-013
+018,-013
+018,-013
+018,-013
+018,-013
+018,-013
+018,-013
+018,-013
+018,-013
+018,-013
+018,-012
+018,-012
+018,-012
+018,-012
+018,-012
+018,-012
+018,-012
+018,-012
+018,-011
+018,-011
+018,-011
+018,-011
+018,-011
+018,-011
+018,-011
+018,-011
+018,-011
+018,-011
+018,-011
+018,-011
+018,-011
+018,-011
+018,-011
+018,-011
+018,-011
+018,-011
+018,-011
+018,-011
+018,-011
+016,-011
+016,-011
+016,-011
+016,-011
+016,-011
+016,-011
+016,-011
+014,-011
+014,-011
+014,-011
+014,-011
+014,-011
+014,-011
+012,+014
+012,+014
+012,+014
+012,+014
+012,+014
+012,+014
+012,+014
+012,+014
+010,+014
+010,+014
+010,+014
+010,+014
+010,+014
+010,+014
+010,+014
+010,+014
+008,+014
+008,+014
+008,+014
+008,+014
+008,+014
+008,+014
+008,+014
+008,+014
+008,+014
+008,+014
+008,+014
+008,+014
+008,+014
+008,+014
+008,+014
+008,+014
+008,+014
+008,+014
+008,+014
+008,+014
+008,+014
+008,+014
+008,+014
+008,+014
+008,+014
+008,+014
+008,+014
+008,+014
+010,+014
+010,+014
+010,+014
+010,+014
+010,+014
+010,+014
+010,+014
+010,+014
+010,+014
+010,+014
+012,+014
+012,+014
+012,+014
+012,+014
+012,+014
+012,+014
+012,+014
+012,-013
+012,-013
+012,-013
+012,-013
+014,-013
+014,-013
+014,-013
+014,-013
+014,-013
+014,-013
+014,-012
+014,-012
+014,-012
+014,-012
+014,-012
+016,-012
+016,-012
+016,-011
+016,-011
+016,-011
+016,-011
+016,-011
+016,-011
+016,-011
+016,-011
+016,-011
+016,-011
+016,-011
+016,-011
+018,-011
+018,-011
+018,-011
+018,-011
+018,-011
+018,-011
+018,-011
+018,-011
+018,-011
+018,-011
+018,-011
+018,-011
+018,-011
+018,-011
+018,-011
+018,-011
+018,-011
+018,-011
+018,-011
+018,-011
+018,-011
+018,-010
+018,-010
+018,-010
+018,-010
+018,-010
+018,-010
+016,-010
+016,-010
+016,-009
+016,-009
+016,-009
+016,-009
+016,-009
+016,-009
+016,-009
+016,-009
+016,-009
+016,-009
+016,-008
+016,-008
+016,-008
+016,-008
+016,-008
+016,-008
+016,-008
+016,-008
+016,-008
+016,-008
+016,-008
+016,-008
+016,-008
+016,-008
+016,-008
+014,-008
+014,-008
+014,-008
+014,-008
+014,-008
+014,-008
+014,-011
+012,-010
+012,-010
+012,-010
+012,-010
+012,-010
+012,-010
+012,-010
+012,-010
+012,-010
+012,-010
+010,-010
+010,-010
+010,-010
+010,-010
+010,-010
+008,-010
+008,-010
+008,-010
+008,-010
+008,-010
+008,-010
+008,-010
+008,-010
+008,-010
+008,-010
+008,-010
+008,-010
+008,-010
+008,-010
+006,-010
+006,-010
+006,-010
+006,-010
+006,-013
+006,-012
+006,-012
+006,-012
+006,-012
+006,-012
+006,-012
+006,-012
+006,-012
+006,-012
+006,-012
+006,-012
+006,-012
+006,-012
+006,-012
+006,-012
+006,-012
+004,-012
+004,-012
+004,-012
+004,-012
+004,-012
+004,-012
+004,-012
+004,-012
+004,-012
+004,-012
+004,-012
+004,-012
+004,-012
+004,-012
+002,-012
+002,-012
+002,-012
+002,-012
+002,-012
+002,-012
+002,-012
+002,-012
+002,-012
+002,-012
+002,-012
+002,-012
+002,+014
+002,+014
+002,+014
+002,+014
+002,+014
+002,+014
+002,+014
+002,+014
+002,+014
+002,+014
+002,+014
+002,+014
+002,+014
+002,+014
+002,+014
+002,+014
+002,+014
+002,+014
+000,+014
+000,+014
+000,+014
+000,+014
+000,+014
+000,+014
+000,+014
+000,+014
+000,+014
+000,+014
+000,+014
+000,+014
+000,+014
+002,+014
+002,+014
+002,+014
+002,+014
+002,+014
+002,+014
+002,+014
+002,+014
+002,+014
+002,+014
+002,+014
+002,+014
+002,+014
+002,+014
+004,+014
+004,+014
+004,+014
+004,+014
+004,+014
+004,+014
+004,+014
+004,+014
+004,+014
+004,+014
+004,+014
+004,+014
+004,+014
+004,+014
+004,+014
+004,+014
+004,+014
+004,+014
+004,+014
+004,+014
+004,+014
+004,+014
+004,+014
+004,-013
+004,-013
+004,-013
+004,-013
+004,-013
+004,-013
+004,-013
+004,-013
+004,-013
+004,-013
+004,-013
+004,-013
+004,-013
+004,-013
+004,-013
+004,-013
+004,-013
+004,-013
+004,-013
+004,-013
+004,-013
+004,-013
+004,-013
+002,-013
+002,-013
+002,-013
+002,-013
+002,-013
+002,-013
+002,+015
+002,+015
+002,+015
+000,+015
+000,+015
+000,+015
+000,+015
+000,+015
+000,+015
+002,+015
+002,+015
+002,+015
+002,+015
+002,+017
+002,+017
+004,+017
+004,+017
+004,+017
+004,+017
+004,+017
+004,+017
+004,+017
+004,+017
+006,+017
+006,+017
+006,+019
+006,+019
+006,+019
+006,+019
+006,+019
+008,+019
+008,+019
+008,+019
+008,+019
+008,+019
+008,+019
+008,+019
+010,+019
+010,+019
+010,+019
+010,+019
+010,+019
+012,+019
+012,+019
+012,+019
+012,+019
+012,+019
+012,+019
+012,+019
+014,+019
+014,+019
+014,+019
+014,+019
+014,+019
+014,+019
+014,+019
+014,+019
+014,+019
+014,+019
+016,+019
+016,+019
+016,+019
+016,+019
+016,+019
+016,+019
+016,+019
+016,+019
+016,+019
+016,+019
+016,+019
+016,+019
+016,+019
+018,+019
+018,+019
+018,+019
+018,+021
+018,+021
+018,+021
+018,+021
+018,+021
+018,+021
+018,+021
+018,+021
+018,+021
+018,+021
+018,+021
+018,+021
+018,+021
+018,+021
+018,+021
+018,+021
+018,+021
-019,+023
-019,+023
-019,+023
-019,+023
-019,+023
-019,+023
-019,+023
-019,+023
-019,+023
-019,+023
-019,+023
-019,+023
-019,+023
-019,+023
-019,+023
-019,+023
-019,+023
-019,+023
-019,+023
-019,+023
-019,+023
-019,+023
-019,+023
-019,+023
-019,+023
-019,+023
-019,+023
-019,+023
-019,+023
-019,+023
-019,+023
-019,+023
-019,+023
-019,+023
-019,+025
-019,+025
-019,+025
-019,+025
-019,+025
-019,+025
-019,+025
-019,+025
-019,+025
-019,+025
-019,+027
-019,+027
-019,+027
-019,+027
-019,+027
-019,+027
-019,+027
-019,+027
-019,+027
-019,+027
-019,+027
-019,+027
-019,+027
-019,+027
-019,+027
-019,+027
-019,+027
-019,+027
-019,+027
-019,+027
-019,+027
-020,+027
-020,+027
-020,+027
-020,+027
-020,+027
-021,+027
-021,+027
-021,+027
-021,+027
-021,+027
-021,+027
-021,+027
-022,+027
-022,+027
-022,+027
-022,+027
-022,+027
-023,+027
-023,+027
-023,+027
-024,+027
-024,+027
-025,+027
-025,+027
-025,+025
-025,+025
-025,+025
-026,+025
-026,+025
-026,+025
-026,+025
-027,+023
-027,+023
-027,+023
-027,+023
-027,+023
-028,+023
-028,+023
-028,+023
-028,+023
-028,+023
-028,+023
-028,+023
-028,+023
-028,+023
-028,+023
-028,+023
-028,+023
-028,+023
-028,+023
-028,+023
-028,+023
-028,+023
-028,+023
-028,+023
-028,+025
-028,+025
-028,+025
-028,+025
-028,+025
-028,+025
-028,+025
-028,+025
-028,+025
-028,+025
-028,+025
-028,+025
-028,+025
-028,+025
-028,+025
-028,+025
-028,+025
-028,+025
-028,+025
-028,+025
-028,+025
-028,+025
-028,+025
-028,+025
-028,+025
-028,+025
-028,+025
-028,+025
-028,+025
-028,+025
-028,+025
-028,+025
-028,+025
-028,+025
-028,+025
-028,+025
-028,+025
-028,+025
-028,+025
-028,+025
-028,+025
-028,+025
-028,+025
-028,+025
-029,+025
-029,+025
-029,+025
-029,+025
-029,+025
-029,+025
-029,+025
-029,+025
-029,+025
-029,+025
-029,+025
-029,+025
-029,+025
-030,+025
-030,+025
-030,+025
-030,+025
-030,+025
-030,+025
-030,+025
-030,+025
-030,+025
-030,+025
-030,+025
-030,+025
-030,+025
-030,+025
-030,+025
-030,+025
-030,+025
-030,+025
-030,+025
-030,+025
-030,+025
-030,+025
-030,+025
-030,+025
-030,+025
-030,+025
-030,+025
-030,+025
-030,+027
-030,+027
-030,+027
-030,+027
-030,+027
-030,+027
-030,+027
-030,+027
-030,+027
-030,+027
-027,+027
-027,+027
-027,+029
-027,+029
-027,+029
-027,+029
-027,+029
-027,+029
-027,+029
-027,+029
-027,+027
-027,+027
-027,+027
-027,+027
-027,+027
-024,+027
-024,+027
-024,+027
-024,+027
-024,+027
-024,+027
-024,+027
-024,+027
-024,+027
-024,+027
-024,+027
-024,+027
-024,+027
-024,+027
-024,+027
-024,+027
-024,+027
COP Area(S): 000842
COP Area(R): 001330