+000,+000
+000,+000
+000,+000
+000,+000
+000,+000
+000,+000
+000,+000
+000,+000
+000,+000
+000,+000
+000,+000
+002,+002
+002,+002
+002,+002
+002,+002
+002,+002
+002,+002
+002,+002
+002,+002
+002,+002
+002,+002
+002,+002
+002,+002
+002,+002
+002,+002
+002,+002
+002,+002
+002,+002
+002,+002
+002,+002
+002,+002
+002,+002
+002,+002
+002,+002
+002,+002
+004,+002
+004,+002
+004,+002
+004,+002
+004,+002
+004,+002
+004,+002
+004,+002
+004,+002
+004,+002
+004,+002
+004,+002
+004,+002
+004,+002
+004,+002
+004,+002
+004,+002
+004,+002
+004,+002
+004,+002
+004,+002
+004,+002
+004,+002
+004,+002
+004,+002
+004,+002
+004,+002
+004,+002
+004,+002
+004,+002
+004,+002
+004,+002
+004,+002
+004,+002
+004,+002
+002,+002
+002,+002
+002,+002
+002,+002
+002,+002
+002,+002
+002,+002
+002,+002
+002,+000
+002,+000
+002,+000
+002,+000
+002,+000
+002,+000
+002,+000
+002,+002
+002,+002
+002,+002
+002,+002
+002,+002
+002,+002
+004,+002
+004,+002
+004,+002
+004,+002
+004,+002
+004,+002
+004,+004
+004,+004
+004,+004
+004,+004
+004,+004
+004,+004
+004,+004
+004,+004
+006,+004
+006,+004
+006,+004
+006,+004
+006,+004
+006,+004
+006,+004
+006,+004
+006,+004
+006,+004
+006,+004
+006,+004
+006,+006
+006,+006
+006,+006
+006,+006
+006,+006
+006,+006
+006,+006
+006,+006
+006,+006
+006,+006
+006,+006
+006,+006
+006,+006
+006,+006
+006,+006
+006,+006
+006,+006
+006,+006
+006,+006
+006,+006
+006,+006
+006,+006
+006,+006
+006,+006
+006,+006
+006,+006
+006,+006
+006,+008
+006,+008
+006,+008
+006,+008
+006,+008
+006,+008
+006,+008
+006,+008
+006,+010
+006,+010
+006,+010
+006,+010
+006,+010
+006,+010
+006,+012
+006,+012
+006,+012
+006,+012
+006,+012
+006,+012
+006,+012
+006,+014
+006,+014
+006,+014
+006,+014
+006,+014
+006,+014
+006,+014
+006,+014
+006,+014
+006,+014
+006,+014
+006,+014
+006,+014
+006,+012
+006,+012
+006,+012
+006,+012
+006,+012
+006,+012
+006,+012
+006,+012
+006,+012
+006,+012
+006,+012
+006,+012
+006,+012
+006,+012
+006,+012
+006,+012
+006,+012
+006,+012
+006,+012
+006,+012
+006,+012
+006,+012
+006,+012
+006,+012
+006,+012
+006,+012
+006,+012
+006,+012
+006,+012
+006,+012
+006,+012
+006,+012
+006,+010
+006,+010
+006,+010
+006,+010
+006,+010
+006,+010
+006,+010
+006,+010
+006,+010
+006,+010
+006,+010
+006,+010
+006,+010
+006,+010
+006,+010
+006,+010
+006,+010
+006,+010
+006,+010
+006,+010
+006,+010
+006,+010
+006,+010
+006,+010
+006,+010
+006,+010
+006,+010
+006,+010
+006,+010
+006,+010
+006,+010
+006,+010
+006,+010
+006,+010
+006,+010
+006,+010
+006,+010
+006,+010
+006,+010
+006,+010
+006,+010
+006,+010
+006,+010
+006,+010
+004,+010
+004,+010
+004,+010
+004,+010
+004,+010
+004,+010
+004,+010
+004,+010
+004,+010
+004,+010
+004,+010
+004,+010
+004,+010
+004,+010
+004,+010
+004,+010
+004,+010
+004,+010
+004,+010
+004,+012
+004,+012
+004,+012
+004,+012
+004,+012
+004,+012
+004,+012
+004,+012
+004,+012
+004,+012
+004,+012
+004,+012
+004,+012
+004,+012
+004,+012
+004,+012
+004,+012
+004,+012
+004,+012
+006,+012
+006,+012
+006,+012
+006,+012
+006,+012
+006,+012
+006,+012
+006,+012
+006,+012
+006,+012
+006,+012
+006,+012
+006,+012
+006,+012
+006,+012
+006,+012
+006,+012
+006,+012
+006,+012
+006,+012
+006,+012
+006,+012
+006,+012
+006,+012
+006,+012
+006,+012
+006,+012
+006,+012
+006,+012
+004,+012
+004,+012
+004,+012
+004,+010
+004,+010
+004,+010
+004,+010
+004,+010
+004,+010
+004,+010
+004,+010
+004,+010
+004,+010
+004,+010
+004,+010
+004,+010
+004,+010
+004,+010
+004,+010
+004,+010
+004,+010
+004,+010
+004,+010
+004,+010
+004,+010
+004,+010
+004,+010
+004,+010
+004,+010
+004,+010
+004,+010
+004,+010
+004,+012
+004,+012
+004,+012
+004,+012
+004,+012
+004,+012
+004,+012
+004,+012
+004,+012
+004,+012
+004,+014
+004,+014
+004,+014
+004,+014
+004,+014
+004,+014
+004,+014
+004,+014
+004,+014
+004,+014
+004,+014
+004,+014
+004,+014
+004,+014
+004,+014
+004,+014
+002,+016
+002,+016
+002,+016
+002,+016
+002,+016
+002,+016
+002,+016
+002,+016
+002,+016
+002,+016
+002,+016
+002,+016
+000,+016
+000,+016
+000,+016
+000,+016
+002,+016
+002,+016
+002,+016
+002,+016
+002,+016
+002,+016
+002,+016
+002,+016
+002,+016
+002,+016
+002,+016
+002,+016
+002,+016
+000,+016
+000,+016
+000,+016
+000,+016
+000,+016
+000,+016
+002,+016
+000,+016
+002,+016
+002,+016
+002,+016
+002,+014
+002,+016
+002,+016
+002,+016
+002,+016
+002,+016
+002,+016
+002,+016
+002,+016
+002,+016
+002,+016
+002,+016
+002,+016
+002,+016
+002,+016
+002,+016
+002,+016
+002,+016
+000,+016
+000,+016
+000,+016
+000,+016
+000,+016
+000,+016
+000,+016
+000,+016
+000,+016
+000,+016
+000,+016
+000,+016
+000,+016
+000,+016
+000,+016
+000,+016
+000,+016
+002,+016
+002,+016
+002,+016
+002,+016
+002,+016
+002,+016
+002,+016
+002,+016
+002,+016
+002,+016
+002,+016
+002,+016
+002,+016
+002,+016
+002,+016
+002,+016
+002,+016
+002,+014
+002,+014
+002,+014
+002,+014
+002,+014
+002,+014
+002,+014
+002,+014
+002,+014
+002,+014
+002,+014
+002,+014
+002,+014
+002,+014
+002,+014
+002,+014
+002,+014
+004,+014
+004,+014
+004,+014
+004,+014
+004,+014
+004,+014
+004,+014
+004,+014
+004,+014
+004,+014
+004,+014
+004,+014
+004,+014
+004,+014
+004,+014
+004,+014
+004,+014
+004,+014
+004,+014
+004,+014
+004,+014
+004,+014
+004,+014
+004,+014
+004,+014
+004,+014
+004,+014
+004,+014
+004,+014
+004,+014
+004,+014
+004,+014
+004,+014
+004,+014
+004,+014
+004,+014
+004,+014
+004,+014
+004,+014
-005,+014
-005,+014
-005,+014
-005,+014
-005,+014
-005,+014
-005,+014
-006,+014
-006,+014
-006,+014
-006,+014
-006,+014
-006,+014
-006,+014
-006,+014
-006,+014
-006,+014
-006,+014
-006,+014
-006,+014
-006,+014
-006,+014
-006,+014
-006,+014
-006,+014
-006,+014
-006,+014
-006,+014
-006,+014
-006,+014
-006,+014
-006,+014
-006,+014
-006,+014
-006,+014
-006,+016
-006,+016
-006,+016
-006,+016
-006,+016
-006,+016
-006,+016
+004,+016
+004,+016
+004,+016
+004,+016
+004,+016
+004,+016
+004,+016
+002,+018
+002,+018
+002,+018
+002,+018
+002,+018
+002,+018
+002,+018
+002,+018
+002,+018
+000,+018
+000,+018
+000,+020
+000,+020
+000,+020
+000,+020
+000,+020
+000,+020
+000,+020
+000,+020
+000,+020
+000,+020
+000,+020
+000,+020
+000,+020
+000,+020
+000,+020
+000,+020
+000,+020
+002,+018
+002,+018
+004,+016
+004,+016
+004,+016
+004,+016
+004,+016
+004,+016
+004,+016
+006,+016
+006,+016
+006,+016
+006,+016
+006,+016
+006,+016
+006,+016
+006,+016
+006,+016
+006,+016
+006,+014
+006,+014
+006,+014
+006,+014
+006,+014
+006,+014
+006,+014
+006,+014
+006,+014
+006,+014
+006,+014
+006,+014
+006,+014
+006,+014
+006,+014
+006,+014
+006,+014
+006,+014
+006,+014
+006,+014
+006,+014
+006,+014
+006,+014
+006,+014
+006,+014
+006,+014
+006,+014
+006,+014
+006,+014
+006,+014
+006,+014
+006,+014
+006,+014
+006,+014
+006,+014
+006,+014
+006,+014
+006,+014
+006,+014
+006,+014
+006,+014
+006,+014
+006,+014
+006,+014
+006,+014
+006,+014
+006,+014
+006,+014
+006,+014
+006,+014
+006,+014
+006,+014
+006,+014
+006,+014
+006,+014
+006,+014
+006,+014
+006,+014
+006,+014
+006,+014
+006,+014
+006,+014
+006,+014
+006,+014
+006,+014
+006,+014
+006,+014
+006,+014
+006,+014
+006,+014
+008,+014
+008,+014
+008,+014
+008,+014
+008,+014
+008,+014
+008,+014
+008,+014
+008,+014
+008,+014
+008,+014
+008,+014
+008,+014
+008,+014
+008,+014
+008,+014
+008,+014
+008,+014
+008,+014
+008,+014
+008,+014
+008,+014
+008,+014
+008,+014
+008,+014
+008,+014
+008,+014
+008,+014
+008,+014
+008,+014
+008,+014
+008,+014
+010,+014
+010,+014
+010,+014
+010,+014
+010,+014
+010,+014
+010,+014
+010,+014
+010,+014
+010,+014
+010,+014
+010,+014
+010,+014
+010,+014
+012,+016
+012,+016
+012,+016
+012,+016
+012,+016
+012,+016
+012,+016
+012,+016
+012,+014
+012,+014
+012,+014
+012,+014
+012,+014
+012,+014
+012,+014
+012,+014
+012,+014
+012,+014
+012,+014
+012,+014
+012,+014
+012,+014
+012,+014
+012,+014
+012,+014
+012,+014
+012,+014
+012,+014
+012,+014
+012,+014
+012,+014
+012,+014
+012,+014
+012,+014
+012,+014
+012,+014
+012,+014
+012,+014
+010,+014
+010,+012
+010,+012
+010,+012
+010,+012
+010,+012
+010,+012
+010,+012
+010,+012
+010,+012
+010,+012
+008,+012
+008,+012
+008,+012
+008,+012
+008,+012
+008,+012
+006,+012
+006,+012
+006,+012
+006,+012
+006,+012
+006,+012
+006,+012
+006,+012
+006,+012
+006,+012
+006,+012
+006,+012
+006,+012
+006,+012
+006,+012
+006,+012
+006,+010
+006,+010
+006,+010
+006,+010
+004,+010
+004,+010
+004,+010
+004,+010
+004,+010
+004,+010
+004,+010
+004,+010
+004,+010
+004,+010
+004,+010
+004,+010
+004,+010
+004,+010
+004,+010
+004,+010
+004,+010
+004,+010
+004,+010
+004,+010
+004,+010
+004,+010
+004,+010
+004,+010
+004,+010
+004,+010
+004,+010
+004,+010
+004,+010
+004,+010
+004,+010
+004,+010
+004,+010
+004,+010
+004,+010
+004,+010
+004,+010
+004,+010
+004,+010
+004,+010
+004,+010
+004,+010
+004,+010
+004,+010
+004,+010
+004,+010
+004,+010
+004,+010
+004,+010
+004,+010
+004,+010
+004,+010
+004,+010
+004,+010
+004,+010
+004,+010
+004,+010
+004,+010
+004,+010
+004,+010
+004,+010
+004,+010
+004,+010
+004,+010
+004,+010
+004,+010
+004,+010
+004,+010
+004,+010
+004,+010
+004,+010
+004,+010
+004,+010
+004,+010
+004,+010
+004,+010
+004,+010
+004,+010
+004,+010
+004,+010
+004,+010
+004,+010
+004,+010
+004,+010
+004,+010
+004,+010
+004,+010
+004,+010
+004,+010
+004,+010
+004,+010
+004,+010
+004,+010
+004,+010
+004,+010
+004,+010
+004,+010
+004,+012
+006,+012
+006,+012
+006,+012
+006,+012
+006,+012
+006,+012
+006,+012
+006,+012
+006,+012
+006,+012
+006,+012
+006,+012
+006,+012
+006,+012
+006,+012
+006,+012
+006,+012
+006,+012
+006,+012
+006,+012
+006,+012
+006,+012
+006,+012
+006,+012
+006,+012
+006,+012
+006,+012
+006,+012
+006,+012
+006,+012
+006,+012
+006,+012
+006,+012
+006,+012
+006,+012
+006,+012
+006,+012
+006,+012
+006,+012
+006,+012
+006,+012
+006,+012
+006,+012
+006,+012
+006,+012
+006,+012
+006,+012
+006,+012
+006,+012
+006,+012
+006,+012
+006,+012
+006,+012
+006,+012
+006,+012
+006,+012
+006,+012
+006,+012
+006,+012
+006,+012
+008,+012
+008,+012
+008,+012
+008,+012
+008,+012
+008,+012
+008,+012
+008,+012
+008,+012
+008,+012
+008,+012
+008,+012
+008,+012
+008,+012
+008,+012
+008,+010
+008,+010
+008,+010
+008,+010
+008,+010
+008,+010
+008,+010
+008,+010
+008,+010
+008,+010
+008,+010
+008,+010
+008,+010
+008,+010
+008,+010
+008,+010
+008,+010
+008,+010
+008,+010
+008,+010
+008,+010
+008,+010
+008,+010
+008,+010
+008,+010
+008,+010
+008,+010
+008,+010
+008,+010
+008,+010
+008,+010
+008,+010
+008,+010
+008,+010
+008,+010
+008,+010
+010,+010
+010,+010
+010,+010
+010,+010
+010,+010
+010,+010
+010,+010
+010,+010
+010,+010
+010,+010
+010,+010
+010,+010
+010,+010
+010,+010
+010,+010
+010,+010
+010,+010
+010,+010
+010,+010
+010,+010
+010,+010
+010,+010
+010,+010
+012,+010
+012,+010
+012,+010
+012,+010
+012,+010
+012,+010
+012,+010
+012,+010
+012,+010
+012,+010
+012,+010
+012,+010
+012,+010
+012,+010
+012,+010
+012,+010
+012,+010
+012,+010
+012,+010
+012,+010
+012,+010
+010,+010
+010,+010
+010,+010
+010,+008
+010,+008
+010,+008
+010,+008
+010,+008
+010,+008
+010,+008
+010,+008
+010,+008
+010,+008
+010,+008
+010,+008
+010,+008
+010,+008
+010,+008
+010,+008
+010,+008
+010,+008
+010,+008
+010,+008
+008,+008
+008,+008
+008,+008
+008,+008
+008,+008
+008,+008
+008,+008
+008,+008
+008,+008
+008,+008
+006,+008
+006,+008
+006,+008
+006,+008
+006,+008
+006,+008
+006,+008
+006,+008
+006,+008
+006,+008
+006,+008
+006,+008
+006,+008
+006,+008
+006,+008
+006,+008
+006,+008
+006,+008
+006,+008
+006,+008
+006,+008
+006,+008
+006,+010
+006,+010
+006,+010
+006,+010
+006,+010
+006,+010
+006,+010
+006,+010
+006,+010
+006,+010
+006,+010
+006,+010
+006,+010
+006,+010
+006,+010
+006,+010
+006,+010
+006,+010
+006,+010
+006,+010
+006,+010
+006,+010
+006,+010
+006,+010
+006,+010
+006,+010
+006,+010
+006,+010
+006,+010
+006,+010
+006,+010
+006,+010
+006,+010
+006,+010
+006,+010
+006,+010
+006,+010
+008,+010
+008,+010
+008,+010
+008,+010
+008,+010
+008,+010
+008,+010
+008,+010
+008,+010
+008,+010
+008,+010
+008,+010
+008,+010
+008,+010
+008,+010
+008,+010
+008,+010
+008,+012
+008,+012
+008,+012
+008,+012
+008,+012
+008,+012
+008,+012
+008,+012
+008,+012
+008,+012
+008,+012
+008,+012
+008,+012
+008,+012
+008,+010
+008,+010
+008,+010
+008,+010
+008,+010
+008,+010
+008,+010
+008,+010
+008,+010
+008,+010
+008,+010
+008,+010
+008,+010
+008,+010
+008,+010
+008,+012
+008,+012
+008,+012
+010,+012
+010,+012
+010,+012
+010,+012
+010,+012
+010,+012
+010,+012
+010,+012
+010,+012
+010,+012
+010,+012
+010,+012
+010,+012
+010,+012
+010,+012
+010,+012
+010,+012
+010,+012
+010,+012
+010,+012
+010,+012
+010,+012
+010,+012
+010,+012
+010,+012
+010,+012
+010,+012
+010,+010
+010,+010
+010,+010
+010,+010
+010,+010
+010,+010
+010,+010
+010,+010
+010,+010
+010,+010
+010,+010
+010,+010
+010,+010
+010,+010
+010,+010
+010,+010
+010,+010
+010,+010
+010,+010
+010,+010
+010,+010
+010,+010
+010,+010
+010,+010
+010,+010
+010,+010
+010,+010
+010,+010
+010,+010
+010,+010
+010,+010
+010,+010
+010,+010
+010,+010
+010,+010
+010,+010
+010,+010
+010,+010
+010,+010
+010,+010
+010,+010
+010,+010
+010,+010
+012,+010
+012,+010
+012,+010
+012,+010
+012,+010
+012,+010
+012,+010
+012,+010
+012,+010
+012,+010
+012,+010
+012,+010
+012,+010
+012,+008
+012,+008
+014,+008
+014,+008
+014,+008
+014,+008
+014,+008
+014,+008
+014,+008
+014,+008
+014,+008
+014,+008
+014,+008
+014,+008
+014,+006
+014,+006
+014,+006
+014,+006
+014,+006
+014,+006
+014,+008
+014,+008
+014,+008
+014,+008
+014,+008
+014,+008
+014,+008
+014,+008
+014,+008
+014,+008
+014,+008
+014,+008
+014,+008
+014,+008
+014,+008
+014,+008
+014,+008
+014,+008
+014,+008
+014,+008
+014,+008
+014,+008
+014,+008
+014,+008
+014,+008
+014,+008
+014,+008
+014,+008
+014,+008
+014,+008
+014,+008
+014,+008
+014,+008
+014,+008
+014,+008
+014,+008
+014,+008
+014,+010
+014,+010
+014,+010
+014,+010
+014,+010
+014,+010
+014,+010
+014,+010
+014,+010
+014,+010
+014,+010
+014,+010
+014,+010
+014,+010
+014,+010
+014,+010
+014,+010
+014,+010
+014,+010
+014,+010
+014,+010
+014,+010
+014,+010
+014,+010
+014,+010
+014,+010
+012,+010
+012,+010
+012,+010
+012,+010
+012,+010
+012,+010
+012,+010
+012,+010
+012,+010
+012,+010
+012,+010
+012,+010
+012,+010
+012,+010
+012,+010
+012,+010
+012,+010
+012,+008
+012,+008
+012,+008
+010,+008
+010,+008
+010,+008
+010,+008
+010,+008
+010,+008
+010,+008
+010,+008
+010,+008
+010,+008
+010,+008
+010,+008
+010,+008
+010,+008
+010,+008
+010,+008
+010,+008
+010,+008
+010,+008
+010,+008
+010,+008
+010,+008
+010,+008
+010,+008
+010,+008
+010,+008
+010,+008
+010,+008
+010,+008
+010,+008
+010,+008
+010,+008
+010,+008
+010,+008
+010,+008
+010,+008
+010,+008
+010,+008
+010,+008
+010,+008
+010,+008
+010,+008
+010,+008
+010,+006
+010,+006
+010,+006
+010,+006
+010,+006
+010,+006
+010,+006
+010,+006
+010,+006
+010,+006
+010,+006
+010,+006
+010,+006
+010,+006
+010,+006
+010,+006
+010,+006
+010,+006
+010,+006
+010,+006
+010,+006
+010,+006
+010,+006
+010,+006
+010,+006
+010,+006
+010,+006
+010,+006
+010,+006
+010,+006
+010,+006
+010,+006
+010,+006
+010,+006
+010,+006
+010,+006
+010,+006
+010,+006
+010,+006
+010,+006
+010,+006
+010,+006
+010,+006
+010,+006
+010,+006
+010,+006
+010,+006
+010,+006
+010,+006
+010,+006
+010,+006
+010,+006
+010,+006
+010,+006
+010,+006
+010,+006
+010,+006
+010,+006
+010,+006
+010,+006
+010,+006
+010,+006
+010,+006
+010,+006
+010,+006
+010,+006
+010,+006
+010,+006
+010,+006
+010,+006
+010,+006
+010,+006
+010,+006
+010,+006
+010,+006
+010,+006
+010,+006
+010,+006
+010,+006
+010,+006
+010,+006
+010,+006
+010,+006
+010,+006
+010,+006
+012,+006
+012,+006
+012,+006
+012,+006
+012,+006
+012,+006
+012,+006
+012,+006
+012,+006
+012,+006
+012,+006
+012,+006
+012,+006
+012,+006
+012,+006
+012,+006
+012,+006
+012,+006
+012,+006
+012,+006
+012,+008
+012,+008
+012,+008
+012,+008
+012,+008
+012,+008
+012,+008
+012,+008
+012,+008
+012,+008
+014,+008
+014,+010
+014,+010
+014,+010
+014,+010
+014,+010
+014,+010
+014,+010
+014,+010
+014,+010
+014,+010
+014,+010
+014,+010
+014,+010
+014,+010
+014,+010
+014,+010
+014,+010
+014,+010
+014,+010
+014,+010
+014,+010
+014,+010
+014,+010
+014,+010
+014,+010
+014,+010
+014,+010
+014,+010
+014,+010
+014,+010
+014,+010
+014,+010
+014,+010
+014,+010
+014,+010
+012,+010
+012,+010
+012,+010
+012,+010
+012,+010
+012,+010
+012,+010
+012,+010
+012,+008
+012,+008
+012,+008
+012,+008
+012,+008
+012,+008
+012,+008
+012,+008
+012,+008
+012,+008
+012,+008
+012,+008
+012,+008
+012,+008
+012,+008
+012,+008
+012,+008
+012,+008
+012,+008
+012,+008
+012,+008
+010,+008
+010,+008
+010,+008
+010,+008
+010,+008
+010,+008
+010,+008
+010,+008
+010,+008
+010,+008
+008,+008
+008,+008
+008,+008
+008,+008
+008,+008
+008,+008
+008,+008
+008,+008
+008,+008
+008,+008
+008,+008
+008,+008
+008,+008
+008,+008
+008,+008
+008,+008
+008,+008
+008,+008
+008,+008
+008,+008
+006,+008
+006,+008
+006,+008
+006,+008
+006,+008
+006,+008
+006,+008
+006,+008
+006,+008
+006,+008
+006,+008
+006,+008
+006,+008
+006,+008
+006,+008
+006,+008
+006,+008
+006,+008
+006,+008
+006,+008
+006,+010
+006,+010
+006,+010
+006,+010
+006,+010
+006,+010
+006,+010
+006,+010
+006,+010
+006,+010
+006,+010
+006,+010
+008,+010
+008,+010
+008,+010
+008,+010
+008,+010
+008,+010
+008,+010
+008,+010
+008,+010
+008,+010
+010,+010
+010,+010
+010,+010
+010,+010
+010,+010
+010,+010
+010,+010
+010,+010
+010,+010
+010,+010
+010,+010
+010,+010
+010,+010
+010,+010
+010,+010
+010,+010
+010,+010
+010,+010
+010,+010
+010,+010
+010,+010
+010,+010
+012,+010
+012,+010
+012,+010
+012,+010
+012,+010
+012,+010
+012,+010
+012,+010
+012,+010
+012,+010
+012,+010
+012,+010
+012,+008
+012,+008
+012,+008
+012,+008
+012,+008
+012,+008
+012,+008
+012,+008
+012,+008
+012,+008
+012,+008
+012,+008
+012,+008
+012,+008
+012,+006
+012,+006
+012,+006
+012,+006
+012,+006
+012,+006
+012,+006
+012,+006
+012,+006
+012,+006
+012,+006
+012,+006
+012,+006
+012,+006
+012,+006
+012,+006
+012,+006
+012,+006
+012,+006
+012,+006
+012,+004
+012,+004
+012,+004
+012,+004
+012,+004
+012,+004
+012,+004
+012,+004
+012,+004
+012,+004
+012,+004
+012,+004
+012,+004
+012,+004
+012,+004
+012,+004
+012,+004
+012,+004
+012,+004
+012,+004
+012,+004
+012,+004
+012,+004
+012,+004
+012,+004
+012,+004
+012,+004
+012,+004
+012,+004
+012,+004
+012,+004
+012,+004
+012,+004
+012,+004
+012,+004
+012,+004
+012,+004
+012,+004
+012,+004
+012,+004
+012,+004
+012,+004
+012,+006
+012,+006
+012,+006
+010,+006
+010,+006
+010,+006
+010,+006
+010,+006
+010,+006
+010,+006
+010,+006
+010,+006
+010,+006
+010,+006
+010,+006
+010,+006
+010,+006
+010,+006
+010,+006
+010,+006
+010,+006
+010,+006
+010,+006
+010,+006
+010,+006
+010,+006
+010,+006
+010,+006
+010,+006
+010,+006
+010,+006
+010,+006
+010,+006
+010,+006
+010,+006
+010,+006
+010,+006
+010,+006
+010,+006
+010,+006
+010,+006
+010,+006
+010,+006
+010,+006
+010,+006
+010,+006
+010,+006
+010,+006
+010,+006
+010,+008
+010,+008
+010,+008
+010,+008
+010,+008
+010,+008
+010,+008
+010,+008
+012,+008
+012,+008
+012,+008
+012,+008
+012,+008
+012,+008
+012,+008
+012,+008
+012,+008
+012,+008
+012,+008
+012,+008
+012,+008
+012,+008
+012,+008
+012,+008
+012,+008
+014,+008
+014,+008
+014,+008
+014,+008
+014,+008
+014,+008
+014,+008
+014,+008
+014,+008
+014,+008
+014,+008
+014,+008
+014,+010
+014,+010
+014,+010
+014,+010
+014,+010
+014,+010
+014,+010
+014,+010
+014,+010
+014,+010
+014,+010
+014,+010
+014,+010
+014,+010
+014,+010
+014,+010
+014,+010
+016,+010
+016,+010
+016,+010
+016,+010
+016,+010
+016,+010
+016,+010
+016,+012
+016,+012
+016,+012
+016,+012
+016,+012
+016,+012
+016,+012
+016,+012
+016,+014
+016,+014
+016,+014
+016,+014
+016,+014
+016,+014
+016,+014
+016,+014
+016,+014
+016,+014
+016,+014
+016,+014
+016,+014
+016,+014
+016,+014
+016,+014
+016,+014
+016,+014
+016,+014
+016,+014
+016,+014
+016,+014
+016,+014
+016,+014
+016,+014
+016,+014
+016,+014
+016,+014
+016,+014
+016,+014
+016,+014
+016,+014
+018,+014
+018,+014
+018,+014
+018,+014
+018,+014
+018,+014
+018,+014
+018,+014
+018,+014
+018,+014
+018,+014
+018,+014
+018,+014
+018,+014
+018,+014
+018,+014
+018,+014
+018,+014
+018,+014
+018,+014
+018,+014
+018,+014
+018,+014
+018,+014
+018,+014
+018,+014
+018,+014
+018,+014
+018,+014
+018,+014
+018,+014
+018,+014
+018,+014
+018,+014
+018,+014
+016,+014
+016,+014
+016,+014
+016,+014
+016,+014
+016,+014
+016,+014
+016,+014
+016,+014
+014,+014
+014,+014
+014,+014
+014,+014
+014,+014
+014,+014
+014,+014
+014,+014
+014,+014
+014,+014
+012,+014
+012,+014
+012,+014
+012,+014
+012,+014
+012,+014
+012,+014
+012,+014
+012,+014
+012,+014
+010,+014
+010,+014
+010,+014
+010,+014
+010,+014
+010,+014
+010,+014
+010,+014
+010,+014
+010,+014
+010,+014
+010,+012
+010,+012
+010,+012
+010,+012
+010,+012
+010,+012
+010,+012
+010,+012
+010,+012
+010,+012
+010,+012
+010,+012
+010,+012
+010,+012
+010,+012
+010,+012
+010,+012
+010,+012
+010,+012
+010,+012
+010,+012
+010,+012
+010,+012
+010,+012
+010,+012
+010,+012
+010,+012
+010,+012
+010,+012
+010,+012
+010,+010
+010,+010
+010,+010
+010,+010
+010,+010
+010,+010
+010,+010
+010,+010
+010,+010
+010,+010
+010,+010
+010,+010
+010,+010
+010,+010
+010,+010
+010,+010
+010,+010
+010,+010
+010,+010
+010,+010
+010,+010
+010,+010
+010,+010
+010,+010
+010,+010
+010,+010
+010,+010
+010,+010
+010,+010
+010,+010
+010,+010
+010,+010
+010,+010
+010,+010
+010,+010
+010,+010
+010,+010
+010,+010
+010,+010
+010,+010
+010,+010
+010,+010
+010,+010
+010,+008
+010,+008
+010,+008
+010,+008
+010,+008
+010,+008
+010,+008
+010,+008
+010,+008
+010,+008
+010,+008
+012,+010
+012,+010
+012,+010
+012,+010
+012,+010
+012,+010
+012,+010
+012,+010
+012,+010
+012,+010
+012,+010
+012,+010
+012,+010
+012,+010
+012,+010
+012,+010
+012,+010
+012,+010
+012,+010
+012,+010
+012,+010
+012,+010
+012,+010
+012,+010
+012,+010
+012,+010
+012,+010
+012,+010
+012,+010
+010,+010
+010,+010
+010,+010
+010,+010
+010,+010
+010,+010
+010,+008
+010,+008
+010,+008
+010,+008
+010,+008
+010,+008
+010,+008
+010,+008
+010,+008
+010,+008
+010,+008
+010,+008
+010,+008
+008,+008
+008,+008
+008,+008
+008,+008
+008,+008
+008,+008
+008,+008
+008,+008
+008,+008
+008,+008
+008,+008
+008,+008
+010,+008
+010,+008
+010,+008
+010,+008
+010,+008
+010,+008
+010,+008
+010,+008
+010,+008
+010,+008
+010,+008
+010,+008
+010,+008
+010,+008
+010,+008
+010,+008
+010,+008
+010,+008
+010,+008
+010,+008
+010,+008
+010,+008
+010,+008
+010,+008
+010,+008
+010,+008
+010,+008
+010,+008
+010,+008
+010,+008
+010,+008
+010,+008
+010,+008
+010,+008
+010,+008
+010,+008
+010,+008
+010,+008
+010,+008
+010,+008
+010,+008
+010,+008
+010,+008
+010,+008
+010,+008
+010,+008
+010,+008
+010,+008
+010,+008
+008,+008
+008,+008
+008,+008
+008,+008
+008,+008
+008,+008
+008,+008
+008,+008
+008,+008
+008,+008
+008,+008
+008,+008
+008,+008
+008,+008
+008,+008
+008,+008
+008,+006
+008,+006
+008,+006
+008,+006
+008,+006
+008,+006
+008,+006
+008,+006
+008,+006
+008,+006
+008,+006
+008,+006
+008,+004
+008,+004
+008,+004
+008,+004
+008,+004
+008,+004
+008,+004
+008,+004
+008,+004
+008,+004
+008,+004
+008,+004
+008,+004
+008,+004
+008,+004
+008,+004
+008,+004
+008,+004
+008,+004
+008,+004
+008,+004
+008,+004
+008,+004
+008,+004
+008,+004
+008,+004
+008,+004
+008,+004
+008,+004
+008,+004
+008,+004
+008,+004
+008,+004
+008,+004
+008,+004
+008,+004
+008,+004
+008,+004
+008,+004
+008,+004
+008,+004
+008,+004
+008,+004
+008,+004
+008,+004
+008,+004
+008,+004
+008,+004
+008,+004
+008,+004
+008,+004
+008,+004
+006,+004
+006,+004
+006,+004
+006,+004
+006,+004
+006,+004
+006,+004
+006,+004
+006,+004
+006,+004
+006,+004
+006,+004
+008,+004
+008,+004
+008,+004
+008,+004
+008,+004
+008,+004
+008,+004
+008,+004
+008,+002
+008,+002
+008,+002
+008,+002
+008,+002
+008,+002
+008,+002
+008,+002
+008,+002
+008,+002
+008,+002
+008,+002
+008,+002
+008,+002
+008,+002
+008,+002
+008,+002
+008,+002
+008,+002
+008,+002
+008,+002
+008,+002
+008,+002
+008,+002
+008,+002
+008,+002
+008,+002
+008,+002
+008,+002
+008,+002
+008,+002
+010,+002
+010,+002
+010,+002
+010,+002
+010,+002
+010,+002
+010,+002
+010,+002
+010,+002
+010,+002
+010,+002
+010,+002
+010,+002
+010,+002
+010,+002
+010,+002
+010,+002
+010,+002
+010,+002
+010,+002
+010,+002
+010,+002
+010,+002
+010,+002
+010,+002
+010,+002
+010,+002
+010,+002
+010,+002
+010,+002
+012,+002
+012,+002
+012,+002
+012,+002
+012,+002
+012,+002
+012,+002
+012,+002
+014,+002
+014,+002
+014,+002
+014,+002
+014,+002
+014,+002
+014,+002
+014,+002
+014,+002
+014,+002
+014,+002
+014,+002
+014,+002
+014,+002
+014,+002
+014,+002
+014,+002
+014,+002
+014,+002
+014,+002
+014,+002
+014,+002
+014,+002
+014,+002
+014,+002
+014,+002
+014,+002
+014,+002
+014,+002
+014,+002
+014,+002
+014,+002
+014,+002
+014,+002
+014,+002
+014,+002
+014,+002
+014,+002
+016,+002
+016,+002
+016,+002
+016,+002
+016,+002
+016,+002
+016,+002
+016,+002
+016,+002
+016,+002
+016,+002
+016,+002
+016,+002
+016,+002
+016,+002
+016,+002
+016,+002
+016,+002
+016,+002
+016,+002
+016,+002
+016,+002
+016,+002
+016,+002
+016,+002
+016,+002
+016,+002
+016,+002
+016,+002
+016,+002
+016,+002
+016,+002
+016,+002
+016,+002
+018,+002
+018,+002
+018,+002
+018,+002
+018,+002
+018,+002
+018,+002
+018,+002
+018,+002
+018,+002
+018,+002
+018,+002
+018,+002
+020,+002
+020,+002
+020,+002
+020,+002
+020,+002
+020,+002
+020,+002
+020,+002
+020,+002
+020,+002
+020,+002
+020,+002
+020,+002
+020,+002
+020,+002
+020,+002
+020,+002
+020,+002
+020,+002
+020,+002
+020,+002
+020,+002
+020,+002
+020,+002
+020,+002
+020,+002
+020,+002
+020,+002
+020,+002
+020,+002
+020,+002
+020,+002
+020,+002
+020,+002
+020,+002
+020,+002
+018,+002
+018,+002
+018,+002
+018,+002
+018,+002
+018,+002
+018,+002
+018,+002
+018,+002
+018,+002
+016,+002
+016,+002
+016,+002
+016,+002
+016,+002
+016,+002
+014,+002
+014,+002
+014,+002
+014,+002
+014,+002
+014,+002
+014,+002
+012,+002
+012,+000
+012,+000
+012,+000
+012,+000
+012,+000
+012,+000
+012,+000
+012,+000
+010,+000
+010,+000
+010,+000
+010,+000
+010,+000
+010,+000
+010,+000
+010,+000
+010,+000
+010,+000
+010,+000
+010,+000
+010,+000
+010,+000
+010,+000
+010,+000
+010,+000
+010,+000
+010,+000
+010,+000
+010,+000
+010,+000
+010,+000
+010,+000
+010,+000
+010,+000
+010,+000
+010,+000
+008,+000
+008,+000
+008,+000
+008,+000
+008,+000
+008,+000
+008,+000
+008,+000
+008,+000
+008,+000
+008,+000
+008,+000
+008,+000
+008,+000
+008,+000
+008,+000
+008,+000
+008,+000
+008,+000
+008,+000
+008,+000
+010,+000
+010,+000
+010,+000
+010,+000
+010,+000
+010,+000
+010,+000
+010,+000
+010,+000
+010,+000
+010,+000
+010,+000
+012,+000
+012,+000
+012,+000
+012,+000
+012,+000
+012,+000
+012,+000
+012,+000
+012,+000
+012,+000
+012,+000
+012,+000
+014,+000
+014,+000
+014,+000
+014,+000
+014,+000
+014,+000
+014,+000
+014,+000
+014,+000
+014,+000
+014,+000
+014,+000
+014,+000
+016,+000
+016,+000
+016,+000
+016,+000
+016,+000
+016,+000
+016,+000
+016,+000
+016,+000
+016,+000
+016,+000
+016,+000
+016,+000
+016,+000
+018,+000
+018,+000
+018,+000
+018,+000
+018,+000
+018,+000
+018,+000
+018,+000
+018,+000
+018,+000
+018,+000
+018,+000
+018,+000
+018,+000
+020,+000
+020,+000
+020,+000
+020,+000
+020,+000
+020,+000
+020,+000
+020,+000
+020,+000
+022,+000
+022,+000
+022,+000
+022,+000
+022,+000
+022,+000
+022,+000
+022,+000
+022,+002
+022,+002
+022,+002
+022,+002
+022,+002
+022,+002
+022,+002
+022,+002
+024,+002
+024,+002
+024,+002
+024,+002
+024,+002
+024,+002
+024,+002
+024,+002
+024,+002
+024,+002
+024,+002
+024,+002
+024,+002
+024,+002
+024,+002
+024,+002
+022,+002
+022,+002
+022,+002
+022,+002
+022,+002
+022,+002
+022,+004
+022,+004
+022,+004
+022,+004
+022,+004
+022,+004
+020,+004
+020,+004
+020,+004
+020,+004
+020,+004
+020,+006
+020,+006
+020,+006
+020,+006
+018,+006
+018,+006
+018,+006
+018,+006
+018,+006
+016,+006
+016,+006
+016,+006
+016,+006
+016,+006
+016,+006
+016,+006
+016,+006
+016,+006
+014,+008
+014,+008
+014,+008
+014,+008
+014,+008
+014,+008
+014,+008
+014,+008
+014,+008
+014,+008
+012,+008
+012,+008
+012,+008
+012,+008
+012,+008
+012,+008
+012,+008
+012,+008
+012,+006
+012,+006
+012,+006
+012,+006
+010,+006
+010,+006
+010,+006
+010,+006
+010,+006
+010,+006
+010,+006
+010,+006
+010,+006
+010,+006
+010,+006
+010,+006
+010,+006
+010,+004
+010,+004
+010,+004
+010,+004
+010,+004
+010,+004
+010,+004
+010,+004
+010,+004
+010,+004
+010,+004
+012,+004
+012,+004
+012,+004
+012,+004
+012,+004
+012,+004
+012,+004
+012,+004
+012,+004
+012,+002
+012,+002
+012,+002
+012,+002
+012,+002
+012,+002
+012,+002
+012,+000
+012,+000
+012,+000
+012,+000
+012,+000
+012,+000
+012,+000
+012,+000
+012,+000
+012,+000
+012,+000
+012,+000
+012,+000
+012,+000
+012,+000
+012,+000
+012,+000
+012,+000
+012,+000
+012,+000
+014,+000
+014,+000
+014,+000
+014,+000
+014,+000
+014,+002
+014,+002
+014,+002
+014,+002
+014,+002
+014,+002
+014,+002
+014,+002
+014,+002
+014,+002
+016,+002
+016,+002
+016,+002
+016,+002
+016,+002
+016,+002
+016,+002
+016,+002
+016,+002
+016,+002
+016,+002
+016,+002
+016,+002
+016,+002
+016,+002
+018,+002
+018,+002
+018,+002
+018,+002
+018,+002
+018,+002
+018,+002
+018,+002
+018,+002
+018,+002
+018,+002
+018,+002
+018,+002
+018,+002
+018,+002
+018,+002
+018,+002
+018,+002
+018,+002
+018,+002
+018,+002
+018,+002
+018,+002
+018,+002
+018,+002
+018,+002
+018,+002
+018,+002
+018,+002
+018,+002
+018,+002
+018,+002
+018,+002
+018,+002
+018,+002
+018,+002
+018,+002
+018,+002
+018,+002
+018,+002
+018,+002
+018,+002
+018,+002
+018,+002
+018,+002
+018,+002
+018,+002
+018,+002
+018,+002
+018,+002
+018,+002
+018,+002
+018,+002
+018,+002
+018,+002
+018,+002
+018,+002
+018,+002
+018,+002
+018,+002
+018,+002
+018,+002
+018,+002
+018,+002
+018,+002
+018,+002
+018,+002
+020,+002
+020,+002
+020,+002
+020,+002
+020,+002
+020,+002
+020,+002
+020,+002
+020,+002
+020,+002
+020,+002
+020,+002
+020,+002
+020,+002
+020,+002
+020,+002
+020,+002
+020,+002
+020,+002
+020,+002
+020,+002
+020,+002
+020,+002
+020,+002
+020,+002
+020,+002
+020,+002
+020,+002
+020,+002
+020,+002
+020,+002
+020,+002
+020,+002
+020,+002
+020,+002
+020,+002
+020,+002
+020,+002
+020,+002
+020,+002
+020,+002
+020,+002
+020,+002
+020,+002
+020,+002
+020,+004
+020,+004
+020,+004
+020,+004
+020,+004
+020,+004
+020,+004
+020,+004
+020,+004
+020,+004
+020,+004
+020,+004
+020,+004
+020,+004
+020,+004
+020,+004
+020,+004
+020,+004
+020,+004
+020,+004
+020,+004
+018,+004
+018,+004
+018,+004
+018,+004
+018,+004
+018,+004
+018,+004
+018,+004
+018,+004
+018,+004
+018,+004
+018,+004
+018,+004
+018,+004
+018,+004
+018,+004
+018,+004
+018,+004
+018,+004
+018,+004
+018,+004
+018,+004
+018,+004
+018,+004
+018,+004
+018,+004
+018,+004
+018,+004
+018,+004
+018,+002
+018,+002
+018,+002
+018,+002
+018,+002
+018,+002
+018,+002
+018,+002
+018,+002
+018,+002
+018,+002
+018,+002
+018,+002
+018,+002
+018,+002
+018,+002
+018,+002
+018,+002
+018,+002
+018,+002
+018,+002
+018,+002
+018,+002
+018,+002
+018,+002
+018,+002
+018,+004
+018,+004
+018,+004
+018,+004
+018,+004
+018,+004
+018,+004
+018,+004
+018,+004
+018,+004
+020,+002
+020,+002
+020,+002
+020,+002
+020,+002
+020,+002
+020,+002
+020,+002
+020,+002
+020,+002
+020,+002
+020,+002
+020,+002
+020,+002
+020,+002
+020,+002
+020,+002
+020,+002
+020,+002
+020,+002
+020,+002
+020,+002
+020,+002
+020,+002
+020,+002
+020,+002
+020,+002
+020,+002
+020,+002
+020,+002
+020,+002
+020,+002
+020,+002
+020,+002
+020,+002
+020,+002
+020,+002
+020,+002
+020,+002
+020,+002
+020,+002
+020,+002
+020,+002
+020,+002
+020,+002
+020,+002
+020,+002
+020,+002
+020,+002
+020,+002
+020,+002
+020,+002
+020,+002
+020,+002
+020,+002
+020,+002
+020,+002
+020,+002
+020,+002
+020,+002
+020,+002
+020,+002
+020,+002
+020,+002
+020,+002
+020,+002
+020,+002
+020,+002
+020,+002
+020,+002
+020,+002
+020,+002
+020,+002
+020,+002
+020,+002
+020,+002
+020,+002
+020,+002
+020,+002
+020,+002
+020,+002
+020,+002
+020,+002
+020,+002
+020,+002
+020,+002
+020,+002
+020,+002
+020,+002
+020,+002
+020,+002
+020,+002
+020,+002
+020,+002
+020,+002
+020,+002
+020,+002
+022,+002
+022,+002
+022,+002
+022,+002
+022,+002
+022,+002
+022,+002
+022,+002
+022,+002
+022,+002
+022,+002
+022,+002
+022,+002
+022,+002
+022,+002
+022,+002
+022,+002
+022,+002
+022,+002
+022,+002
+022,+002
+022,+002
+022,+002
+022,+002
+022,+002
+022,+002
+022,+002
+022,+002
+022,+002
+022,+002
+022,+002
+022,+002
+022,+002
+022,+002
+022,+002
+022,+002
+022,+002
+022,+002
+022,+002
+022,+002
+022,+002
+022,+002
+022,+002
+022,+002
+022,+002
+022,+002
+022,+002
+022,+002
+022,+002
+022,+002
+022,+002
+022,+002
+022,+002
+022,+002
+022,+002
+022,+002
+022,+002
+022,+002
+022,+002
+022,+002
+022,+002
+020,+002
+020,+002
+020,+002
+020,+002
+020,+002
+020,+002
+020,+002
+020,+002
+020,+002
+020,+002
+020,+002
+020,+002
+022,+002
+022,+002
+022,+002
+022,+002
+022,+002
+022,+002
+022,+002
+022,+002
+022,+002
+022,+002
+022,+002
+022,+002
+022,+002
+022,+002
+022,+002
+020,+002
+020,+002
+020,+002
+020,+002
+020,+002
+020,+002
+020,+002
+020,+002
+020,+002
+020,+002
+020,+002
+020,+002
+020,+002
+020,+002
+022,+002
+022,+002
+022,+002
+022,+002
+022,+002
+022,+002
+022,+002
+022,+002
+022,+002
+022,+002
+022,+002
+022,+002
+022,+002
+022,+002
+022,+002
+022,+002
+022,+002
+022,+002
+022,+002
+022,+002
+022,+002
+022,+002
+022,+002
+022,+002
+022,+002
+022,+002
+022,+002
+022,+002
+022,+002
+022,+002
+022,+002
+022,+002
+022,+002
+022,+002
+022,+002
+022,+002
+022,+002
+022,+002
+022,+002
+022,+002
+022,+002
+022,+000
+022,+000
+022,+000
+022,+000
+022,+000
+022,+000
+022,+000
+022,+000
+022,+000
+022,+000
+022,+000
+022,+000
+022,+000
+022,+000
+022,+000
+022,+000
+022,+000
+022,+000
+020,+000
+020,+000
+020,+000
+020,+000
+020,+000
+020,+000
+020,+000
+020,+000
+020,+000
+020,+000
+020,+000
+020,+000
+020,+000
+020,+000
+020,+000
+020,+000
+020,+000
+020,+000
+020,+000
+020,+000
+020,+000
+020,+000
+020,+000
+020,+000
+018,+000
+018,+000
+018,+000
+018,+000
+018,+000
+018,+000
+018,+000
+018,+000
+018,+000
+018,+000
+018,+000
+018,+000
+018,+000
+018,+000
+018,+000
+018,+000
+018,+000
+018,+000
+018,+000
+018,+000
+018,+000
+018,+000
+018,+000
+018,+000
+018,+000
+018,+000
+018,+000
+018,+000
+018,+000
+018,+000
+018,+000
+018,+000
+018,+000
+018,+000
+018,+000
+018,+000
+018,+000
+018,+000
+018,+000
+018,+000
+018,+000
+018,+000
+018,+000
+018,+000
+018,+000
+018,+000
+018,+000
+018,+000
+018,+000
+018,+000
+018,+000
+018,+000
+018,+000
+018,+000
+018,+000
+018,+000
+018,+000
+018,+000
+018,+000
+018,+000
+018,+000
+018,+000
+018,+000
+018,+000
+018,+000
+018,+000
+018,+000
+018,+000
+018,+000
+018,+000
+018,+000
+018,+000
+018,+000
+018,+000
+018,+000
+018,+000
+018,+000
+018,+000
+020,+000
+020,+000
+020,+002
+020,+002
+020,+002
+020,+002
+020,+002
+020,+002
+020,+002
+020,+002
+020,+002
+020,+002
+020,+002
+020,+002
+020,+002
+020,+002
+020,+002
+020,+002
+020,+002
+020,+002
+020,+002
+020,+002
+020,+002
+020,+002
+020,+002
+020,+002
+020,+002
+020,+002
+020,+002
+020,+002
+020,+002
+020,+002
+022,+002
+022,+002
+022,+002
+022,+002
+022,+002
+022,+002
+022,+002
+022,+004
+022,+004
+022,+004
+022,+004
+024,+004
+024,+004
+024,+004
+024,+004
+024,+004
+024,+004
+024,+004
+024,+004
+024,+004
+024,+004
+024,+004
+024,+004
+024,+004
+024,+004
+024,+004
+024,+004
+024,+004
+024,+004
+024,+004
+024,+004
+024,+004
+024,+004
+024,+004
+024,+002
+024,+002
+024,+002
+024,+002
+024,+002
+024,+002
+024,+002
+024,+002
+024,+002
+024,+002
+024,+002
+024,+002
+024,+002
+024,+002
+024,+002
+024,+002
+024,+002
+024,+000
+024,+000
+024,+000
+024,+000
+024,+000
+024,+000
+024,+000
+024,+000
+022,+000
+022,+000
+022,+000
+022,+000
+022,+000
+022,+000
+022,+000
+022,+000
+022,+000
+022,+000
+022,+000
+022,+000
+022,+000
+022,+000
+020,+000
+020,+000
+020,+002
+020,+002
+020,+002
+020,+002
+020,+002
+020,+002
+020,+002
+020,+002
+020,+002
+020,+002
+020,+002
+020,+002
+020,+002
+020,+002
+020,+002
+020,+002
+020,+002
+020,+002
+020,+002
+020,+002
+020,+002
+020,+002
+020,+002
+020,+002
+020,+002
+020,+002
+020,+002
+020,+002
+018,+002
+018,+002
+018,+002
+018,+002
+018,+002
+018,+004
+018,+004
+018,+004
+018,+004
+018,+004
+018,+004
+018,+004
+018,+004
+018,+004
+018,+004
+018,+004
+018,+004
+018,+004
+018,+004
+016,+004
+016,+004
+016,+004
+016,+004
+016,+004
+016,+004
+016,+004
+016,+004
+016,+004
+016,+004
+016,+004
+016,+004
+016,+004
+016,+004
+016,+002
+016,+002
+016,+002
+016,+002
+016,+002
+016,+002
+016,+002
+016,+002
+016,+002
+016,+002
+016,+002
+016,+002
+016,+002
+016,+002
+016,+002
+016,+002
+016,+002
+016,+002
+016,+002
+016,+002
+016,+002
+016,+002
+016,+002
+016,+002
+016,+002
+016,+002
+016,+002
+016,+002
+016,+002
+016,+002
+016,+002
+016,+002
+016,+002
+016,+002
+016,+002
+016,+002
+016,+002
+016,+000
+016,+000
+016,+000
+016,+000
+016,+000
+016,+000
+016,+000
+016,+000
+016,+000
+016,+000
+016,+000
+016,+000
+016,+000
+016,+000
+016,+000
+016,+000
+016,+000
+016,+000
+016,+000
+016,+000
+016,+000
+016,+000
+016,+000
+016,+000
+016,+000
+018,+000
+018,+000
+018,+000
+018,+000
+018,+000
+018,+000
+018,+000
+018,+000
+018,+000
+018,+000
+018,+000
+018,+000
+018,+000
+018,+002
+018,+002
+018,+002
+018,+002
+018,+002
+018,+002
+018,+002
+018,+002
+018,+002
+018,+002
+018,+002
+018,+002
+018,+004
+018,+004
+018,+004
+018,+004
+018,+004
+018,+004
+018,+004
+018,+004
+018,+004
+018,+004
+018,+004
+018,+004
+018,+004
+018,+004
+018,+004
+018,+004
+018,+004
+018,+004
+018,+004
+018,+004
+018,+006
+018,+006
+018,+006
+018,+006
+018,+006
+018,+006
+018,+006
+018,+006
+018,+006
+018,+006
+018,+006
+018,+006
+018,+006
+018,+006
+018,+006
+018,+008
+018,+008
+018,+008
+018,+008
+018,+008
+018,+008
+018,+008
+018,+008
+018,+008
+018,+008
+018,+008
+018,+008
+018,+008
+018,+008
+018,+008
+018,+008
+018,+008
+018,+008
+018,+008
+018,+008
+018,+008
+018,+008
+018,+008
+018,+008
+018,+008
+018,+008
+018,+008
+018,+008
+018,+008
+018,+008
+018,+008
+018,+008
+018,+008
+018,+008
+018,+008
+018,+008
+018,+008
+018,+008
+018,+008
+018,+008
+018,+008
+018,+008
+018,+008
+018,+008
+018,+008
+018,+008
+018,+008
+018,+008
+018,+008
+018,+008
+018,+008
+018,+008
+018,+008
+018,+008
+018,+008
+018,+008
+018,+008
+018,+008
+018,+008
+018,+008
+018,+008
+018,+008
+016,+008
+016,+008
+016,+008
+016,+008
+016,+008
+016,+008
+016,+008
+016,+008
+016,+008
+016,+008
+016,+008
+016,+008
+016,+008
+016,+008
+016,+008
+016,+008
+016,+008
+016,+008
+016,+008
+016,+008
+016,+008
+016,+008
+016,+008
+018,+008
+018,+008
+018,+008
+018,+008
+018,+008
+018,+008
+018,+008
+018,+008
+018,+008
+018,+008
+018,+008
+018,+008
+018,+008
+018,+008
+018,+008
+018,+008
+018,+008
+018,+008
+018,+008
+018,+008
+018,+008
+018,+008
+018,+008
+018,+008
+018,+008
+018,+008
+018,+008
+018,+008
+018,+008
+018,+008
+018,+008
+018,+008
+018,+008
+018,+008
+018,+008
+018,+010
+018,+010
+018,+010
+018,+010
+018,+010
+016,+010
+016,+010
+016,+010
+016,+010
+016,+010
+016,+010
+016,+010
+016,+010
+016,+010
+016,+010
+016,+010
+016,+010
+016,+010
+016,+010
+016,+008
+016,+008
+016,+008
+016,+008
+016,+008
+016,+008
+016,+008
+016,+008
+016,+008
+016,+008
+016,+008
+016,+008
+016,+008
+016,+008
+016,+008
+016,+008
+016,+008
+016,+008
+016,+008
+016,+008
+016,+008
+016,+008
+016,+008
+016,+008
+016,+008
+016,+008
+016,+008
+016,+008
+016,+008
+016,+008
+016,+008
+016,+008
+016,+008
+016,+008
+016,+008
+016,+008
+016,+008
+016,+008
+016,+008
+016,+008
+016,+008
+016,+008
+016,+008
+016,+008
+016,+008
+016,+008
+016,+008
+016,+008
+016,+008
+016,+008
+016,+008
+016,+008
+016,+008
+016,+008
+016,+010
+016,+010
+016,+010
+016,+010
+016,+010
+016,+010
+016,+010
+016,+010
+016,+010
+016,+010
+016,+010
+016,+012
+016,+012
+016,+012
+016,+012
+016,+012
+016,+012
+016,+012
+016,+014
+016,+014
+016,+014
+016,+014
+016,+014
+016,+014
+016,+014
+016,+014
+016,+014
+016,+014
+016,+014
+016,+014
+016,+014
+016,+014
+016,+014
+016,+014
+016,+014
+016,+014
+016,+014
+016,+016
+016,+016
+016,+016
+016,+016
+016,+016
+016,+016
+016,+016
+016,+018
+016,+018
+014,+018
+014,+018
+014,+018
+014,+018
+014,+018
+014,+018
+014,+020
+014,+020
+014,+020
+014,+020
+014,+020
+014,+020
+014,+020
+014,+020
+014,+020
+014,+020
+014,+020
+014,+022
+014,+022
+014,+022
+014,+022
+014,+022
+014,+022
+014,+022
+014,+022
+014,+024
+014,+024
+014,+024
+012,+024
+012,+024
+012,+027
+012,+027
+009,+027
+009,+027
+009,+029
+009,+029
+009,+029
+009,+029
+009,+029
+009,+029
+009,+029
+009,+029
+009,+029
+009,+029
+009,+031
+009,+031
+009,+031
+009,+031
+009,+031
+009,+031
+009,+031
+009,+031
+009,+031
+009,+033
+009,+033
+009,+033
+009,+033
+009,+033
+011,+033
+011,+035
+011,+035
+011,+035
+011,+035
+011,+035
+011,+037
+011,+037
+011,+037
+011,+037
+011,+037
+011,+039
+011,+039
+011,+039
COP Area(S): 000359
COP Area(R): 000628