+000,-000
+001,-000
+004,-000
+004,-000
+004,-000
+004,-000
+004,-003
+004,-003
+004,-003
+004,-003
+006,-006
+006,-006
+006,-006
+006,-006
+006,-006
+006,-006
+006,-006
+006,-006
+006,-006
+006,-006
+006,-006
+006,-006
+006,-006
+006,-006
+006,-005
+006,-004
+006,-004
+006,-003
+004,-001
+004,-000
+004,-001
+004,-002
+002,-003
+002,-004
+002,-005
+000,-006
+000,-007
+000,-007
+002,-007
+002,-008
+002,-008
+002,-008
+002,-008
+002,-008
+002,-008
+002,-008
+002,-008
+002,-008
+002,-005
+002,-005
+002,-005
+002,-005
+002,-005
+002,-005
+002,-005
+002,-005
+002,-002
+002,-002
+002,-002
+002,-002
+002,-002
+002,-001
+002,-001
+002,-001
+002,-001
+002,-001
+000,-001
+000,-001
+000,-001
+000,-001
+000,-001
+000,-001
+000,-001
+000,-001
+000,-001
+000,-001
+000,-000
+000,-000
+000,-001
+000,-002
+000,-002
+000,-003
+002,-003
+002,-004
+002,-004
+002,-004
+002,-004
+002,-004
+002,-005
+002,-005
+002,-005
+002,-005
+002,-005
+002,-005
+002,-005
+002,-005
+002,-005
+002,-005
+002,-005
+002,-006
+000,-006
+000,-007
+000,-007
+000,-007
+000,-008
+000,-008
+000,-009
+000,-009
+000,-009
+000,-010
+002,-010
+002,-012
+004,-012
+004,-012
+004,-012
+004,-012
+004,-008
+004,-008
+004,-008
+004,-005
+004,-005
+004,-005
+004,-005
+004,-002
+004,-002
+004,-002
+004,-002
+004,-002
+004,-002
+004,-002
+004,-002
+004,-002
+004,-002
+004,-002
+004,-002
+004,-002
+004,-002
+004,-002
+004,-002
+004,-002
+004,-002
+004,-002
+004,-002
+004,-002
+004,-002
+004,-002
+004,-002
+004,-002
+004,-003
+004,-003
+004,-003
+004,-004
+004,-005
+004,-005
+004,-006
+006,-008
+006,-009
+006,-009
+006,-009
+006,-009
+008,-009
+008,-009
+008,-009
+008,-009
+008,-009
+010,-006
+010,-006
+010,-006
+010,-006
+010,-006
+012,-006
+012,-006
+012,-006
+012,-003
+014,-004
+014,-004
+014,-004
+014,-004
+014,-004
+014,-004
+014,-004
+014,-004
+016,-004
+016,-004
+016,-005
+016,-005
+016,-005
+016,-005
+016,-005
+016,-005
+016,-005
+018,-005
+018,-005
+018,-002
+018,-002
+018,-002
+018,-002
+018,-002
+018,-001
+018,-001
+018,-001
+018,-001
+018,-004
+018,-004
+016,-004
+016,-007
+016,-007
+016,-007
+013,-011
+013,-011
+013,-011
+013,-011
+013,-011
+013,-011
+013,-011
+013,-011
+013,-011
+013,-011
+013,-011
+015,+014
+015,+014
+015,+014
+015,+014
+015,+014
+015,+014
+015,+014
+017,+014
+017,+014
+017,+014
+017,+014
+017,+014
+017,+014
+017,+014
+021,-012
+021,-011
+021,-011
+021,-010
+023,-009
+023,-009
+023,-008
+025,-007
+025,-007
+025,-006
+027,-005
+027,-005
+027,-004
+029,-004
+029,-003
+031,-002
+031,-002
+031,-001
+033,-001
+033,-001
+033,-001
+033,-001
+035,-001
+035,-001
+035,-001
+035,-001
+035,-001
+035,-001
+035,-001
+035,-001
+035,-001
+035,-001
+035,-001
+035,-001
+035,-001
+035,-001
+035,-001
+035,-001
+035,-001
+035,-001
+035,-001
+035,-001
+033,-001
+033,-001
+033,-001
+033,-001
+033,-001
+033,-001
+033,-001
+033,-000
+033,-000
+033,-001
+031,-001
+031,-001
+031,-001
+031,-001
+031,-002
+031,-002
+031,-002
+031,-002
+031,-002
+031,-002
+031,-002
+031,-002
+031,-002
+031,-003
+031,-003
+031,-003
+031,-003
+031,-003
+031,-003
+033,-003
+033,-003
+033,-004
+033,-004
+035,-005
+035,-005
+035,-005
+035,-005
+035,-005
+035,-005
+035,-005
+035,-005
+035,-005
+035,-005
+035,-005
+035,-006
+035,-006
+035,-006
+035,-007
+035,-007
+035,-007
+035,-008
+035,-009
+035,-009
+035,-010
+035,-011
+035,-012
+035,-013
+035,-013
+035,-014
+035,-014
+035,-014
+035,-014
+035,-014
+035,-014
+035,-014
+035,-014
+035,-014
+035,-014
+035,-014
+035,-014
+035,-014
+035,-014
+035,-014
+035,-014
+035,-014
+035,-014
+035,-014
+035,-014
+035,-014
+035,-014
+035,-014
+035,-014
+035,-014
+035,-014
+035,-014
+035,-014
+035,-014
+035,-014
+033,-014
+033,-014
+033,-014
+033,-014
+033,-014
+031,-014
+031,-014
+031,-014
+031,-014
+031,-014
+029,-014
+029,-014
+029,-014
+029,-014
+029,-011
+029,-011
+029,-011
+029,-011
+029,-011
+026,-008
+026,-008
+026,-008
+026,-005
+026,-005
+026,-005
+024,-005
+024,-005
+024,-005
+024,-005
+024,-005
+024,-005
+024,-005
+024,-005
+024,-005
+024,-005
+024,-005
+024,-005
+024,-006
+024,-006
+024,-006
+024,-006
+024,-007
+024,-008
+024,-008
+024,-008
+024,-008
+024,-008
+024,-008
+022,-009
+022,-009
+022,-010
+022,-010
+022,-010
+022,-010
+022,-011
+022,-012
+022,-012
+022,-012
+022,-013
+022,-013
+022,-013
+022,-014
+022,-014
+022,-014
+022,-014
+022,-014
+020,-015
+020,-015
+020,-015
+020,-015
+020,-015
+020,-015
+020,-015
+018,-015
+018,-015
+018,-015
+018,-015
+018,-015
+018,-015
+018,-016
+016,-016
+016,-016
+016,-017
+016,-017
+016,-017
+016,-017
+014,-017
+014,-017
+014,-018
+014,-018
+014,-018
+014,-018
+014,-019
+012,-019
+012,-019
+012,-019
+012,-019
+012,-019
+012,-019
+012,-019
+012,-019
+012,-019
+012,-019
+012,-019
+012,-019
+012,-019
+012,-019
+010,-016
+010,-017
+010,-017
+010,-017
+010,-017
+010,-017
+010,-017
+010,-017
+010,-017
+010,-017
+010,-017
+010,-017
+010,-017
+010,-018
+010,-018
+010,-018
+010,-018
+010,-018
+010,-018
+010,-018
+010,-018
+010,-018
+010,-018
+010,-018
+010,-018
+010,-019
+010,-019
+010,-019
+010,-019
+010,-019
+010,-019
+010,-016
+010,-016
+010,-016
+010,-013
+010,-013
+008,-013
+008,-010
+008,-010
+008,-007
+008,-007
+006,-003
+006,-003
+006,-003
+006,-003
+006,-000
+006,-000
+006,-000
+006,-000
+006,-000
+006,-000
+006,-000
+006,-000
+006,-000
+006,-000
+006,-000
+006,-000
+006,-000
+006,-000
+006,-000
+006,-000
+006,-000
+006,-000
+006,-000
+006,-000
+006,-000
+006,-000
+006,-000
+006,-000
+006,-000
+006,-000
+006,-000
+006,-001
+006,-001
+006,-001
+004,-001
+004,-002
+004,-002
+004,-002
+004,-003
+004,-003
+004,-004
+004,-004
+004,-004
+004,-005
+004,-005
+004,-005
+004,-005
+004,-005
+004,-005
+004,-005
+004,-005
+004,-005
+004,-005
+004,-005
+004,-005
+006,-005
+006,-005
+006,-005
+006,-005
+006,-002
+006,-003
+006,-003
+006,-003
+006,-003
+006,-003
+006,-003
+006,-003
+008,-003
+008,-003
+008,-003
+008,-003
+008,-003
+008,-003
+008,-003
+008,-003
+008,-003
+008,-003
+011,-005
+011,-006
+011,-006
+011,-006
+011,-007
+011,-007
+011,-007
+011,-008
+011,-008
+013,-008
+013,-008
+013,-008
+013,-008
+013,-008
+013,-008
+013,-008
+013,-008
+013,-005
+013,-005
+013,-005
+013,-005
+013,-002
+013,-002
+013,-002
+010,-002
+010,-002
+010,-002
+010,-002
+010,-002
+010,-002
+010,-002
+010,-002
+010,-002
+010,-002
+010,-002
+010,-002
+010,-002
+010,-002
+010,-002
+010,-002
+010,-001
+010,-000
+013,-001
+013,-002
+013,-003
+013,-003
+013,-004
+013,-005
+013,-005
+013,-006
+013,-007
+013,-007
+013,-008
+013,-008
+013,-009
+013,-009
+013,-010
+013,-010
+013,-010
+013,-010
+013,-010
+013,-010
+013,-010
+013,-010
+013,-010
+013,-010
+013,-010
+013,-010
+013,-010
+013,-010
+013,-010
+015,-010
+015,-010
+015,-010
+015,-007
+015,-007
+015,-007
+015,-007
+015,-007
+015,-007
+015,-007
+015,-007
+015,-007
+015,-007
+015,-008
+015,-008
+015,-008
+015,-009
+015,-009
+015,-009
+015,-009
+015,-009
+015,-009
+015,-009
+015,-009
+015,-009
+015,-009
+015,-009
+015,-009
+015,-009
+015,-009
+015,-009
+015,-009
+015,-009
+015,-009
+015,-009
+015,-009
+015,-009
+015,-009
+015,-009
+015,-009
+015,-009
+015,-009
+015,-009
+015,-009
+015,-006
+015,-006
+015,-006
+015,-006
+015,-006
+015,-006
+015,-006
+015,-003
+015,-003
+015,-003
+015,-003
+015,-003
+015,-003
+015,-003
+015,-003
+015,-003
+015,-003
+015,-003
+015,-003
+015,-003
+015,-003
+015,-003
+015,-003
+015,-003
+015,-000
+013,-000
+013,-000
+013,-000
+013,-000
+011,-000
+011,-000
+011,-000
+011,-000
+011,-000
+011,-000
+011,-000
+011,-000
+011,-000
+011,-000
+011,-000
+011,-000
+011,-000
+011,-000
+011,-000
+013,-000
+013,-001
+013,-001
+013,-002
+013,-002
+013,-003
+013,-003
+013,-003
+013,-003
+013,-003
+013,-003
+013,-003
+013,-003
+013,-003
+013,-003
+013,-003
+013,-003
+013,-003
+013,-003
+013,-003
+015,-000
+015,-000
+015,-000
+015,-000
+015,-000
+015,-000
+015,-000
+015,-000
+015,-000
+015,-000
+015,-000
+015,-000
+015,-003
+015,-003
+015,-003
+015,-006
+015,-006
+015,-006
+013,-006
+013,-006
+013,-006
+013,-009
+013,-009
+013,-009
+013,-009
+013,-009
+013,-009
+015,-009
+015,-009
+015,-012
+015,-012
+015,-012
+015,-012
+015,-012
+015,-012
+015,-012
+015,-012
+015,-012
+015,-011
+015,-011
+015,-011
+015,-011
+015,-011
+015,-011
+015,-011
+015,-011
+015,-011
+015,-011
+015,-011
+015,-011
+015,-011
+015,-011
+015,-011
+015,-011
+015,-011
+015,-011
+015,-011
+015,-011
+015,-011
+015,-011
+015,-011
+015,-011
+015,-011
+015,+014
+015,+014
+015,+014
+017,+014
+017,+014
+017,+014
+017,+014
+017,+014
+017,+014
+017,+014
+017,+014
+017,+014
+017,+014
+017,+014
+017,+014
+017,+014
+017,+014
+017,+014
+017,+014
+017,+014
+017,+014
+017,+014
+017,-013
+017,-013
+017,-013
+017,-013
+017,-012
+017,-012
+017,-012
+017,-011
+017,-011
+017,-011
+017,-010
+017,-010
+017,-010
+017,-010
+017,-010
+017,-009
+017,-009
+017,-009
+017,-008
+017,-008
+017,-007
+017,-007
+017,-007
+017,-007
+017,-007
+017,-007
+017,-007
+017,-007
+017,-007
+017,-007
+017,-007
+017,-007
+017,-010
+017,-010
+017,-010
+017,-010
+017,-010
+017,-010
+017,-010
+017,-010
+017,-010
+017,-010
+017,-010
+017,-010
+017,-010
+017,-010
+017,-009
+017,-008
+019,-008
+019,-007
+019,-007
+019,-006
+019,-006
+019,-006
+019,-006
+019,-006
+019,-006
+019,-006
+019,-006
+019,-006
+019,-006
+019,-006
+019,-006
+019,-006
+019,-006
+019,-006
+019,-006
+019,-006
+019,-006
+019,-006
+019,-005
+019,-005
+019,-005
+019,-005
+019,-005
+019,-005
+019,-004
+019,-004
+019,-004
+019,-003
+019,-003
+019,-002
+019,-002
+019,-002
+019,-002
+019,-002
+019,-002
+019,-002
+019,-002
+019,-002
+019,-002
+019,-002
+019,-002
+019,-002
+019,-002
+019,-002
+019,-002
+019,-002
+019,-002
+019,-002
+019,-001
+019,-001
+019,-001
+019,-001
+019,-001
+019,-001
+019,-001
+019,-001
+019,-001
+019,-001
+019,-000
+019,-000
+019,-000
+019,-000
+019,-000
+019,-001
+019,-001
+019,-001
+019,-001
+019,-001
+019,-001
+019,-001
+019,-001
+019,-001
+019,-001
+019,-001
+019,-001
+019,-001
+019,-002
+019,-002
+019,-002
+019,-002
+019,-002
+019,-002
+019,-002
+019,-002
+019,-002
+019,-002
+019,-002
+019,-002
+019,-002
+019,-002
+019,-002
+019,-002
+019,-002
+019,-002
+019,-002
+019,-002
+019,-002
+019,-002
+017,-001
+017,-001
+017,-001
+017,-001
+017,-001
+017,-000
+017,-000
+017,-000
+017,-001
+017,-001
+017,-001
+017,-001
+017,-001
+017,-002
+017,-002
+017,-002
+017,-002
+017,-002
+017,-002
+017,-002
+017,-002
+017,-002
+017,-002
+015,-002
+015,-002
+015,-002
+015,-002
+015,-002
+015,-002
+015,-002
+015,-002
+015,-002
+015,-002
+015,-002
+015,-002
+015,-002
+015,-002
+015,-002
+015,-002
+015,-001
+015,-001
+015,-001
+015,-001
+013,-001
+013,-001
+013,-001
+013,-001
+013,-001
+013,-001
+013,-001
+011,-001
+011,-001
+011,-001
+011,-001
+011,-001
+011,-001
+011,-001
+011,-001
+011,-001
+011,-001
+011,-001
+011,-001
+011,-001
+011,-001
+011,-001
+011,-001
+011,-001
+011,-001
+011,-001
+011,-001
+011,-001
+011,-001
+011,-001
+011,-001
+013,-000
+013,-000
+013,-000
+013,-001
+013,-001
+013,-001
+013,-001
+013,-001
+013,-001
+013,-001
+011,-001
+011,-001
+011,-001
+011,-001
+011,-002
+013,-002
+013,-003
+013,-003
+013,-003
+013,-003
+013,-003
+013,-003
+013,-003
+013,-003
+013,-003
+013,-003
+013,-003
+013,-003
+013,-003
+013,-000
+013,-000
+013,-000
+013,-000
+013,-000
+011,-000
+011,-000
+011,-000
+011,-000
+011,-000
+011,-000
+011,-000
+011,-000
+011,-000
+011,-000
+011,-000
+011,-000
+011,-000
+011,-003
+011,-003
+011,-003
+011,-003
+011,-003
+011,-003
+011,-003
+011,-003
+011,-003
+011,-003
+011,-003
+011,-003
+011,-003
+011,-003
+011,-003
+011,-003
+011,-003
+011,-003
+011,-003
+011,-003
+011,-003
+011,-003
+011,-003
+011,-003
+011,-003
+011,-003
+011,-003
+011,-003
+011,-003
+011,-003
+011,-003
+011,-003
+011,-002
+011,-002
+011,-002
+013,-000
+013,-000
+013,-001
+013,-002
+013,-002
+013,-003
+013,-003
+013,-003
+013,-003
+013,-003
+013,-004
+013,-004
+013,-004
+013,-004
+013,-004
+013,-004
+013,-005
+013,-005
+013,-005
+013,-006
+013,-006
+013,-006
+013,-006
+013,-006
+013,-006
+013,-006
+013,-006
+013,-006
+013,-006
+013,-006
+013,-006
+013,-006
+013,-006
+013,-006
+013,-006
+013,-006
+013,-006
+013,-006
+013,-006
+013,-006
+013,-006
+013,-006
+013,-006
+013,-006
+013,-006
+013,-006
+013,-006
+013,-006
+013,-006
+013,-006
+013,-006
+013,-006
+013,-006
+013,-006
+013,-006
+013,-006
+013,-006
+013,-006
+013,-006
+013,-006
+013,-006
+013,-006
+013,-006
+013,-006
+013,-006
+013,-006
+013,-006
+013,-006
+013,-006
+013,-006
+013,-006
+013,-006
+013,-006
+013,-006
+013,-006
+013,-006
+013,-006
+013,-006
+013,-006
+013,-006
+013,-006
+013,-006
+013,-006
+013,-006
+013,-006
+013,-006
+013,-006
+013,-006
+013,-006
+013,-006
+013,-006
+013,-006
+013,-006
+013,-006
+013,-006
+013,-006
+013,-006
+013,-006
+013,-006
+013,-006
+013,-006
+013,-006
+013,-006
+013,-006
+013,-006
+013,-006
+013,-006
+013,-006
+013,-006
+013,-006
+013,-006
+013,-006
+013,-006
+013,-006
+013,-006
+013,-006
+013,-006
+013,-006
+013,-006
+013,-006
+013,-006
+013,-006
+013,-006
+013,-006
+013,-006
+013,-006
+013,-006
+013,-006
+013,-006
+013,-006
+013,-006
+013,-006
+013,-006
+013,-006
+013,-006
+013,-006
+013,-006
+013,-006
+013,-006
+013,-006
+013,-006
+013,-006
+013,-006
+013,-006
+013,-006
+013,-006
+013,-006
+013,-006
+013,-006
+013,-006
+013,-006
+013,-006
+013,-006
+013,-006
+013,-006
+013,-006
+013,-006
+013,-007
+013,-007
+013,-007
+013,-007
+013,-007
+013,-007
+013,-007
+013,-007
+013,-007
+013,-007
+011,-007
+011,-007
+011,-007
+011,-007
+011,-007
+011,-007
+011,-007
+011,-007
+011,-007
+011,-007
+011,-007
+011,-007
+011,-007
+011,-007
+011,-007
+011,-007
+011,-007
+011,-008
+011,-008
+011,-008
+011,-008
+011,-008
+011,-008
+011,-008
+011,-008
+011,-008
+011,-008
+011,-009
+011,-009
+011,-009
+011,-009
+011,-009
+011,-009
+011,-009
+011,-010
+011,-010
+011,-010
+011,-010
+011,-010
+011,-010
+011,-010
+011,-010
+011,-010
+011,-010
+011,-010
+011,-010
+011,-010
+011,-010
+011,-010
+011,-010
+011,-010
+011,-010
+011,-010
+011,-007
+011,-007
+011,-007
+011,-007
+011,-007
+011,-007
+011,-007
+011,-007
+011,-007
+011,-007
+011,-007
+011,-007
+011,-007
+011,-007
+011,-007
+011,-007
+011,-007
+011,-007
+011,-007
+011,-007
+011,-007
+011,-007
+011,-007
+011,-007
+011,-007
+011,-007
+011,-007
+011,-007
+011,-007
+011,-007
+011,-007
+011,-007
+011,-007
+011,-007
+013,-007
+013,-007
+013,-007
+013,-007
+013,-007
+013,-007
+013,-007
+013,-007
+013,-007
+013,-007
+013,-007
+013,-007
+013,-007
+013,-008
+013,-008
+013,-008
+013,-008
+013,-008
+015,-008
+015,-008
+015,-008
+015,-008
+015,-008
+015,-008
+015,-008
+015,-008
+015,-008
+015,-008
+015,-008
+015,-008
+015,-009
+015,-009
+015,-009
+015,-009
+015,-009
+015,-009
+015,-009
+015,-009
+015,-009
+015,-009
+015,-009
+015,-009
+015,-009
+015,-009
+015,-009
+015,-009
+015,-009
+015,-010
+015,-010
+015,-010
+015,-010
+015,-010
+015,-010
+015,-010
+015,-010
+015,-010
+015,-010
+015,-010
+015,-010
+015,-007
+015,-007
+015,-007
+017,-007
+017,-007
+017,-007
+017,-007
+017,-007
+017,-007
+017,-007
+017,-007
+017,-007
+017,-007
+017,-007
+017,-007
+017,-007
+017,-007
+017,-007
+017,-007
+017,-007
+017,-007
+017,-007
+017,-007
+017,-007
+017,-007
+017,-007
+017,-007
+017,-008
+017,-008
+017,-008
+017,-008
+017,-008
+017,-008
+017,-008
+017,-009
+017,-009
+017,-009
+017,-009
+017,-009
+017,-009
+017,-010
+017,-010
+017,-010
+017,-010
+017,-011
+017,-011
+017,-011
+017,-011
+017,-011
+017,-011
+017,-011
+017,-011
+019,-011
+019,-011
+019,-012
+019,-012
+019,-012
+019,-012
+019,-012
+021,-012
+021,-012
+021,-013
+021,-013
+021,-013
+021,-013
+021,-013
+021,-013
+021,-014
+021,-014
+021,-014
+021,-014
+021,-014
+021,-014
+021,-014
+021,-014
+021,-014
+021,-014
+021,-014
+021,-014
+021,-014
+021,-014
+021,-014
+021,-014
+021,-014
+021,-014
+021,-014
+021,-014
+021,-014
+021,-014
+021,-014
+021,-014
+021,-014
+021,-014
+021,-014
+021,-014
+021,-014
+021,-014
+021,-014
+021,-014
+021,-014
+021,-014
+021,-014
+023,-014
+023,-014
+023,-014
+023,-014
+023,-014
+023,-014
+023,-014
+023,-011
+023,-011
+023,-011
+023,-011
+023,-011
+023,-011
+023,-011
+023,-011
+023,-011
+023,-011
+023,-011
+023,-011
+023,-011
+023,-011
+023,-011
+023,-011
+023,-011
+023,-011
+023,-011
+021,-008
+021,-008
+021,-008
+021,-008
+021,-008
+021,-008
+021,-008
+021,-008
+021,-008
+021,-008
+021,-008
+021,-008
+021,-008
+019,-008
+019,-008
+019,-008
+019,-008
+019,-008
+019,-008
+019,-008
+019,-008
+019,-008
+019,-008
+019,-008
+019,-008
+019,-008
+019,-008
+019,-008
+019,-008
+019,-008
+019,-008
+019,-008
+019,-008
+019,-009
+019,-009
+019,-009
+019,-009
+019,-010
+019,-010
+019,-010
+019,-011
+019,-011
+019,-011
+019,-012
+019,-012
+019,-013
+019,-013
+019,-014
+019,-014
+017,-014
+017,-014
+017,-014
+017,-015
+017,-015
+017,-015
+017,-015
+015,-015
+015,-016
+015,-016
+015,-016
+015,-017
+015,-017
+015,-017
+015,-017
+015,-017
+015,-017
+013,-017
+013,-017
+013,-014
+013,-014
+013,-014
+013,-014
+013,-014
+013,-014
+013,-014
+013,-014
+013,-014
+013,-015
+013,-015
+013,-015
+013,-015
+013,-015
+013,-015
+013,-015
+013,-016
+013,-016
+013,-016
+013,-017
+013,-017
+013,-017
+013,-017
+013,-017
+013,-017
+013,-017
+013,-017
+013,-017
+013,-017
+013,-017
+013,-017
+013,-017
+013,-017
+013,-017
+013,-014
+013,-015
+013,-015
+013,-015
+013,-015
+011,-015
+011,-015
+011,-015
+011,-015
+011,-015
+011,-015
+011,-015
+011,-015
+011,-015
+011,-015
+011,-015
+011,-015
+011,-015
+011,-015
+011,-015
+011,-015
+011,-015
+011,-015
+011,-015
+011,-015
+011,-015
+011,-015
+011,-015
+011,-015
+011,-015
+011,-015
+011,-015
+011,-015
+011,-015
+011,-012
+011,-012
+011,-012
+011,-012
+011,-012
+011,-012
+011,-012
+011,-009
+011,-009
+011,-009
+011,-009
+011,-009
+009,-005
+007,-005
+007,-005
+007,-005
+007,-005
+007,-002
+007,-002
+007,-002
+007,-002
+007,-002
+007,-002
+007,-002
+007,-002
+007,-002
+007,-002
+007,-002
+007,-002
+007,-002
+007,-002
+007,-002
+007,-002
+007,-002
+007,-002
+007,-002
+007,-002
+007,-002
+007,-002
+007,-002
+007,-003
+007,-003
+007,-003
+007,-003
+007,-003
+007,-003
+007,-003
+007,-003
+007,-003
+007,-003
+007,-003
+007,-003
+007,-003
+007,-003
+007,-003
+007,-003
+007,-003
+007,-003
+007,-003
+007,-003
+007,-003
+007,-003
+007,-003
+007,-003
+007,-004
+007,-004
+007,-005
+009,-006
+009,-007
+011,-007
+011,-008
+011,-008
+011,-008
+011,-009
+011,-009
+011,-010
+011,-010
+011,-010
+011,-010
+011,-011
+011,-011
+011,-011
+013,-011
+013,-012
+013,-012
+013,-012
+013,-012
+013,-012
+013,-013
+013,-013
+013,-014
+015,-016
+015,-016
+015,-016
+015,-017
+015,-017
+015,-017
+015,-017
+015,-017
+015,-017
+015,-017
+015,-017
+015,-017
+015,-017
+015,-017
+013,-014
+013,-014
+013,-014
+013,-014
+013,-014
+013,-014
+013,-014
+011,-014
+011,-014
+011,-014
+011,-014
+011,-014
+011,-014
+011,-014
+011,-014
+011,-014
+011,-011
+011,-011
+009,-011
+009,-011
+009,-011
+009,-011
+009,-011
+009,-011
+009,-011
+009,-011
+009,-011
+009,-008
+009,-008
+009,-008
+009,-008
+009,-008
+009,-009
+009,-009
+009,-009
+009,-010
+009,-010
+009,-010
+009,-010
+009,-011
+009,-011
+009,-011
+009,-012
+009,-012
+009,-012
+009,-013
+009,-013
+009,-014
+009,-015
+011,-018
+011,-018
+011,-018
+011,-019
+011,-019
+011,-020
+011,-020
+011,-020
+011,-020
+011,-020
+011,-021
+011,-021
+011,-021
+011,-021
+011,-021
+011,-021
+011,-021
+011,-021
+011,-021
+011,-021
+011,-021
+011,-021
+011,-021
+011,-021
+011,-021
+011,-021
+011,-021
+011,-021
+011,-021
+011,-021
+011,-021
+011,-021
+011,-021
+011,-021
+011,-021
+011,-021
+011,-021
+011,-021
+011,-021
+011,-021
+011,-021
+011,-021
+011,-021
+011,-021
+011,-021
+011,-021
+011,-018
+011,-018
+011,-015
+011,-015
+011,-015
+011,-015
+011,-015
+011,-015
+011,-012
+011,-012
+011,-012
+011,-012
+011,-012
+011,-012
+011,-012
+011,-012
+011,-012
+011,-012
+013,-012
+013,-012
+013,-012
+013,-012
+013,-012
+013,-012
+013,-012
+013,-012
+013,-012
+013,-013
+013,-013
+013,-013
+013,-013
+013,-013
+013,-015
+013,-015
+013,-016
+013,-016
+013,-016
+013,-016
+013,-016
+013,-016
+013,-016
+013,-016
+013,-016
+013,-016
+013,-016
+013,-016
+013,-016
+013,-016
+013,-013
+011,-013
+011,-013
+011,-013
+011,-013
+011,-013
+011,-013
+011,-013
+011,-013
+011,-013
+011,-013
+011,-013
+011,-013
+011,-013
+011,-013
+011,-014
+011,-014
+011,-014
+011,-014
+011,-014
+011,-014
+011,-014
+011,-014
+013,-015
+013,-015
+013,-016
+013,-016
+013,-017
+013,-017
+013,-017
+013,-017
+013,-017
+013,-017
+013,-017
+013,-017
+013,-014
+013,-014
+013,-014
+013,-014
+013,-014
+013,-014
+013,-014
+013,-014
+013,-014
+013,-014
+013,-014
+013,-014
+013,-011
+013,-011
+013,-011
+013,-011
+013,-011
+013,-011
+013,-011
+013,-011
+013,-011
+013,-011
+013,-011
+013,-011
+013,-011
+013,-011
+013,-011
+013,-011
+013,-011
+013,-011
+013,-011
+013,-008
+013,-008
+013,-008
+013,-008
+013,-008
+013,-008
+013,-008
+013,-008
+013,-005
+013,-005
+013,-005
+013,-005
+013,-005
+011,-005
+011,-001
+009,-001
+009,-001
+009,-001
+009,-001
+009,-001
+009,-001
+009,-001
+009,-001
+009,-001
+009,-001
+009,-001
+009,-001
+009,-001
+009,-001
+009,-001
+009,-001
+009,-001
+009,-001
+009,-001
+009,-001
+009,-001
+009,-001
+009,-001
+009,-001
+009,-001
+009,-001
+009,-001
+009,-001
+007,-001
+007,-001
+007,-001
+007,-001
+007,-001
+007,-001
+007,-001
+007,-001
+007,-001
+007,-001
+007,-001
+007,-001
+007,-001
+007,-001
+007,-001
+007,-001
+007,-001
+007,-001
+007,-001
+007,-001
+007,-001
+007,-001
+007,-001
+007,-001
+007,-001
+007,-001
+007,-001
+007,-001
+007,-001
+007,-001
+007,-002
+007,-002
+007,-002
+007,-002
+007,-002
+007,-002
+007,-002
+007,-003
+007,-003
+007,-003
+007,-003
+007,-003
+007,-003
+009,-004
+009,-004
+009,-005
+009,-005
+011,-005
+011,-005
+011,-005
+011,-005
+011,-005
+011,-005
+011,-005
+011,-005
+011,-005
+011,-005
+011,-005
+011,-002
+009,-002
+009,-002
+009,-002
+009,-002
+009,-002
+009,-002
+009,-001
+009,-001
+009,-001
+009,-001
+009,-001
+009,-004
+009,-004
+009,-004
+009,-004
+009,-004
+009,-004
+009,-004
+009,-004
+009,-007
+011,-007
+011,-006
+011,-006
+011,-006
+011,-006
+011,-006
+011,-006
+011,-006
+011,-006
+011,-006
+011,-006
+011,-006
+011,-006
+011,-006
+011,-006
+011,-006
+011,-006
+011,-006
+011,-006
+011,-006
+011,-006
+011,-006
+011,-006
+011,-006
+011,-006
+011,-006
+011,-006
+011,-006
+011,-006
+011,-006
+011,-006
+011,-006
+011,-006
+011,-006
+011,-006
+011,-006
+011,-006
+011,-006
+011,-006
+011,-006
+011,-006
+011,-006
+011,-006
+011,-006
+011,-006
+011,-006
+013,-006
+013,-006
+013,-006
+013,-006
+013,-006
+013,-006
+013,-006
+013,-006
+013,-006
+013,-006
+013,-006
+013,-006
+013,-006
+013,-006
+013,-006
+013,-006
+013,-006
+013,-006
+013,-006
+013,-006
+013,-006
+013,-006
+013,-006
+013,-006
+013,-006
+013,-006
+013,-006
+013,-006
+013,-006
+013,-006
+013,-006
+013,-006
+013,-006
+013,-009
+013,-009
+013,-009
+013,-009
+013,-009
+013,-009
+013,-009
+013,-009
+013,-009
+013,-009
+013,-009
+013,-009
+015,-009
+015,-009
+015,-009
+015,-009
+015,-009
+015,-009
+015,-009
+015,-009
+015,-009
+015,-009
+015,-009
+015,-009
+015,-009
+015,-009
+015,-009
+015,-009
+015,-009
+015,-009
+015,-009
+015,-009
+015,-008
+015,-008
+015,-008
+015,-007
+015,-007
+015,-006
+017,-005
+017,-004
+017,-004
+017,-003
+017,-003
+017,-002
+017,-002
+017,-001
+017,-001
+017,-001
+017,-001
+017,-001
+017,-001
+017,-001
+017,-001
+017,-001
+017,-001
+017,-001
+017,-001
+019,-001
+019,-004
+019,-004
+019,-004
+019,-004
+019,-004
+019,-004
+019,-004
+019,-004
+019,-004
+019,-007
+019,-006
+019,-006
+019,-006
+019,-005
+019,-005
+019,-005
+019,-005
+019,-004
+019,-004
+019,-004
+019,-003
+019,-003
+019,-003
+019,-003
+019,-003
+019,-003
+019,-003
+019,-002
+019,-002
+019,-002
+019,-002
+019,-002
+019,-002
+019,-001
+019,-001
+019,-001
+019,-001
+019,-001
+019,-000
+019,-000
+019,-000
+019,-001
+019,-001
+019,-001
+019,-001
+019,-001
+019,-001
+019,-001
+019,-001
+019,-001
+019,-001
+019,-001
+019,-001
+019,-001
+019,-001
+019,-001
+019,-001
+019,-001
+019,-001
+019,-001
+019,-001
+019,-001
+019,-001
+019,-001
+019,-001
+019,-001
+019,-001
+019,-001
+019,-001
+019,-001
+019,-001
+019,-001
+019,-001
+019,-001
+019,-001
+019,-001
+019,-001
+019,-001
+019,-002
+019,-002
+019,-002
+019,-002
+019,-002
+019,-002
+019,-002
+019,-002
+019,-002
+019,-002
+019,-002
+019,-002
+019,-002
+019,-002
+019,-002
+019,-002
+019,-002
+017,-002
+017,-005
+017,-005
+017,-005
+017,-005
+017,-005
+017,-005
+017,-004
+017,-004
+017,-003
+017,-003
+017,-003
+017,-003
+017,-003
+017,-003
+017,-003
+017,-002
+017,-002
+017,-002
+017,-002
+017,-002
+017,-002
+017,-002
+017,-002
+017,-002
+017,-002
+017,-002
+017,-002
+017,-002
+017,-002
+017,-002
+017,-002
+017,-002
+017,-002
+017,-002
+017,-002
+017,-002
+017,-002
+017,-002
+017,-002
+017,-002
+017,-002
+017,-002
+017,-002
+017,-002
+017,-002
+017,-005
+017,-005
+017,-005
+017,-005
+015,-009
+015,-009
+015,-009
+015,-009
+015,-009
+015,-009
+015,-009
+015,-009
+015,-009
+015,-009
+015,-009
+015,-012
+015,-011
+015,-011
+015,-011
+015,-011
+015,-011
+015,-011
+015,-011
+015,-011
+015,-011
+015,-011
+015,-011
+015,-011
+015,-011
+015,-011
+015,-011
+015,-011
+015,-011
+015,-011
+015,-011
+015,-011
+015,-011
+015,-011
+015,-011
+015,-011
+015,-011
+015,-011
+015,-011
+015,-011
+015,-011
+017,-011
+017,-011
+017,-011
+017,-011
+017,-011
+017,-011
+017,-011
+017,-011
+017,-011
+017,-011
+017,-011
+017,-011
+017,-011
+017,-011
+017,-011
+017,-011
+017,-011
+017,-011
+017,-011
+017,-011
+017,-011
+017,-011
+017,-011
+017,+014
+017,+014
+017,+014
+017,+014
+017,+014
+017,+014
+017,+014
+017,+014
+017,+014
+017,+014
+017,+014
+017,+014
+017,+014
+017,+014
+017,+014
+017,+014
+017,+014
+017,+014
+017,+014
+017,+014
+017,+014
+017,+014
+017,+014
+017,+014
+017,+014
+017,+014
+017,+014
+017,+014
+017,+014
+017,+014
+017,+014
+017,+014
+017,+014
+017,+014
+017,+016
+017,+016
+017,+016
+017,+016
+017,+016
+017,+016
+017,+016
+017,+016
+017,+016
+017,+016
+017,+016
+017,+014
+017,+014
+017,+014
+017,+014
+017,+014
+017,+014
+017,+014
+017,-013
+017,-013
+017,-013
+017,-013
+017,-013
+017,-013
+015,-012
+015,-012
+015,-012
+015,-012
+015,-012
+015,-012
+015,-012
+015,-012
+015,-012
+015,-012
+015,-012
+015,-012
+015,-012
+015,-012
+015,-012
+015,-012
+015,-012
+015,-012
+015,-012
+015,-012
+015,-012
+015,-012
+015,-012
+015,-012
+015,-012
+015,-012
+015,-012
+015,-012
+015,-012
+015,-012
+015,-012
+015,-012
+015,-012
+015,-012
+015,-012
+015,-012
+015,-012
+015,-012
+015,-012
+015,-012
+015,-012
+015,-012
+015,-012
+015,-012
+015,-012
+015,-012
+015,-012
+015,-012
+015,-012
+015,-012
+015,-011
+015,-011
+015,-011
+015,-011
+015,-010
+015,-010
+015,-010
+015,-010
+015,-010
+015,-010
+015,-009
+015,-009
+015,-009
+015,-009
+015,-009
+015,-009
+015,-009
+015,-009
+015,-009
+015,-009
+015,-009
+015,-009
+015,-008
+015,-008
+015,-008
+015,-008
+015,-008
+015,-008
+015,-008
+015,-008
+015,-007
+015,-007
+015,-007
+015,-007
+015,-007
+015,-007
+015,-007
+015,-007
+015,-007
+015,-007
+015,-007
+015,-007
+015,-007
+015,-007
+015,-007
+015,-007
+015,-007
+015,-007
+015,-007
+015,-007
+015,-007
+015,-007
+015,-007
+015,-007
+015,-007
+015,-007
+015,-007
+015,-007
+015,-007
+015,-010
+015,-010
+015,-010
+015,-010
+015,-010
+015,-010
+015,-010
+015,-010
+015,-010
+015,-010
+015,-010
+015,-010
+015,-010
+015,-010
+015,-009
+015,-009
+015,-009
+015,-009
+015,-008
+017,-008
+017,-008
+017,-006
+019,-005
+019,-005
+019,-005
+019,-005
+019,-005
+019,-005
+019,-005
+019,-005
+019,-005
+019,-005
+019,-005
+019,-005
+019,-005
+019,-005
+019,-005
+019,-008
+019,-008
+017,-008
+017,-008
+017,-008
+017,-011
+017,-011
+017,-011
+017,-011
+017,-011
+017,-011
+017,-010
+017,-010
+017,-010
+017,-010
+017,-010
+017,-010
+017,-010
+017,-009
+017,-009
+017,-009
+017,-009
+017,-008
+017,-007
+017,-006
+017,-006
+017,-006
+017,-006
+019,-006
+019,-006
+019,-005
+019,-005
+019,-005
+019,-005
+019,-005
+019,-005
+019,-005
+019,-005
+019,-005
+019,-005
+019,-005
+019,-005
+019,-005
+019,-005
+019,-005
+019,-005
+019,-005
+019,-005
+019,-005
+019,-005
+019,-005
+019,-004
+019,-004
+019,-004
+019,-004
+019,-004
+019,-004
+019,-004
+019,-004
+019,-004
+019,-004
+019,-003
+019,-003
+019,-003
+019,-003
+019,-003
+019,-003
+019,-003
+019,-003
+019,-003
+019,-003
+019,-003
+019,-003
+019,-003
+019,-003
+019,-003
+019,-003
+019,-003
+019,-003
+019,-003
+019,-003
+019,-003
+019,-003
+019,-003
+019,-003
+019,-003
+019,-003
+019,-003
+019,-003
+019,-003
+019,-003
+019,-003
+019,-003
+019,-003
+017,-003
+017,-006
+017,-006
+015,-006
+015,-006
+015,-006
+015,-006
+015,-006
+015,-006
+015,-006
+015,-006
+015,-006
+015,-006
+015,-006
+015,-006
+015,-006
+015,-009
+015,-008
+015,-008
+015,-008
+015,-008
+015,-008
+015,-008
+015,-008
+015,-008
+015,-008
+015,-008
+015,-008
+015,-008
+015,-008
+015,-008
+015,-008
+015,-008
+015,-008
+015,-008
+015,-008
+017,-007
+017,-006
+019,-005
+019,-005
+019,-005
+019,-005
+019,-005
+019,-005
+019,-004
+019,-004
+019,-004
+019,-004
+019,-004
+019,-004
+019,-004
+019,-004
+019,-004
+019,-004
+019,-004
+019,-004
+017,-007
+017,-007
+017,-007
+017,-007
+017,-007
+017,-007
+017,-007
+017,-007
+017,-007
+017,-007
+017,-007
+017,-007
+017,-007
+017,-007
+017,-007
+017,-007
+017,-007
+017,-007
+017,-006
+017,-006
+017,-006
+017,-005
+017,-005
+017,-005
+017,-005
+017,-004
+017,-004
+017,-004
+017,-004
+017,-004
+017,-004
+017,-004
+017,-004
+017,-004
+017,-003
+017,-003
+017,-003
+017,-003
+017,-003
+017,-002
+017,-002
+017,-002
+017,-002
+017,-002
+017,-002
+017,-002
+017,-002
+017,-002
+017,-002
+015,-002
+015,-002
+013,-002
+013,-002
+013,-002
+013,-002
+013,-002
+013,-002
+013,-002
+013,-002
+013,-002
+013,-002
+013,-002
+013,-002
+013,-002
+013,-002
+013,-002
+013,-002
+013,-002
+013,-002
+013,-002
+013,-002
+013,-002
+015,-001
+015,-001
+015,-000
+015,-000
+015,-000
+015,-000
+015,-000
+015,-000
+015,-000
+015,-000
+015,-000
+015,-000
+015,-000
+015,-000
+015,-000
+015,-000
+015,-000
+015,-000
+015,-003
+015,-002
+015,-002
+015,-002
+015,-002
+015,-002
+015,-002
+015,-002
+015,-001
+015,-001
+015,-001
+015,-001
+015,-000
+015,-000
+015,-000
+015,-000
+015,-000
+015,-000
+015,-000
+015,-000
+015,-000
+015,-000
+015,-000
+015,-000
+015,-000
+015,-000
+015,-000
+015,-000
+015,-000
+015,-000
+015,-000
+015,-000
+015,-000
+015,-000
+015,-000
+015,-001
+015,-001
+015,-001
+015,-001
+015,-001
+015,-001
+015,-001
+015,-002
+015,-002
+015,-002
+015,-002
+015,-002
+015,-002
+015,-002
+015,-002
+015,-002
+015,-002
+015,-003
+015,-003
+015,-003
+015,-003
+015,-003
+015,-003
+015,-003
+015,-004
+015,-004
+015,-004
+015,-004
+015,-004
+015,-004
+015,-005
+015,-005
+015,-005
+015,-005
+015,-005
+015,-005
+015,-005
+015,-005
+013,-005
+013,-005
+013,-005
+013,-005
+013,-005
+013,-005
+013,-005
+013,-005
+013,-005
+013,-005
+013,-005
+013,-005
+013,-005
+011,-005
+011,-005
+011,-005
+011,-002
+011,-002
+011,-002
+011,-002
+009,-002
+009,-002
+009,-002
+009,-002
+009,-002
+009,-003
+009,-003
+009,-003
+009,-003
+009,-003
+009,-003
+009,-003
+009,-004
+009,-004
+009,-005
+011,-006
+011,-006
+011,-006
+011,-006
+011,-006
+011,-006
+011,-006
+011,-006
+011,-006
+011,-006
+011,-006
+011,-006
+011,-006
+011,-006
+011,-006
+011,-006
+011,-006
+011,-006
+011,-006
+011,-006
+011,-006
+011,-006
+011,-006
+011,-006
+011,-006
+011,-006
+011,-006
+011,-006
+011,-006
+011,-006
+011,-006
+011,-006
+011,-006
+011,-006
+011,-007
+011,-007
+011,-007
+011,-007
+011,-007
+013,-007
+013,-007
+013,-007
+013,-007
+013,-007
+013,-008
+013,-008
+013,-008
+013,-008
+013,-008
+013,-008
+013,-008
+013,-008
+013,-008
+013,-008
+013,-008
+013,-008
+013,-008
+013,-008
+013,-008
+013,-008
+013,-008
+013,-008
+015,-008
+015,-008
+015,-008
+015,-008
+015,-008
+015,-008
+015,-008
+015,-008
+015,-008
+015,-008
+015,-008
+015,-009
+015,-009
+015,-009
+015,-009
+015,-009
+015,-009
+015,-009
+015,-009
+015,-009
+015,-009
+015,-009
+015,-009
+015,-009
+015,-009
+015,-009
+015,-009
+015,-006
+015,-006
+015,-006
+015,-006
+015,-006
+015,-006
+015,-006
+015,-006
+015,-006
+015,-006
+015,-006
+015,-006
+015,-006
+015,-006
+015,-006
+015,-006
+015,-006
+015,-006
+015,-006
+015,-006
+015,-006
+015,-003
+015,-003
+015,-003
+015,-003
+015,-003
+015,-003
+015,-003
+015,-003
+012,-001
+012,-001
+012,-001
+012,-001
+012,-001
+012,-001
+012,-001
+012,-001
+012,-001
+012,-001
+012,-001
+014,-000
+014,-000
+014,-001
+014,-001
+014,-001
+014,-001
+014,-001
+014,-001
+014,-001
+014,-001
+014,-001
+014,-001
+014,-001
+014,-001
+014,-001
+014,-001
+014,-001
+014,-001
+014,-001
+014,-001
+012,-002
+012,-002
+012,-002
+012,-002
+012,-002
+012,-002
+012,-002
+012,-002
+012,-002
+012,-002
+012,-002
+012,-001
+012,-001
+012,-001
+012,-001
+012,-001
+012,-001
+012,-001
+012,-001
+012,-001
+012,-001
+012,-001
+012,-001
+012,-001
+012,-001
+012,-001
+012,-001
+012,-001
+012,-001
+012,-001
+012,-001
+012,-001
+012,-001
+012,-001
+012,-001
+012,-001
+012,-001
+012,-001
+012,-001
+012,-001
+012,-001
+012,-001
+012,-001
+012,-001
+012,-001
+012,-001
+012,-001
+012,-001
+012,-001
+012,-001
+012,-001
+012,-001
+012,-001
+012,-001
+012,-001
+012,-001
+012,-001
+012,-001
+012,-001
+012,-001
+012,-001
+012,-001
+012,-001
+012,-001
+012,-001
+012,-001
+012,-004
+012,-003
+012,-003
+012,-003
+012,-003
+012,-003
+012,-003
+012,-003
+012,-003
+012,-003
+012,-003
+012,-003
+012,-003
+012,-003
+012,-003
+012,-003
+012,-003
+012,-003
+012,-003
+012,-003
+012,-003
+012,-003
+012,-003
+012,-003
+012,-003
+012,-003
+012,-003
+012,-003
+012,-003
+012,-003
+012,-003
+012,-003
+012,-003
+012,-003
+012,-003
+012,-003
+012,-003
+012,-003
+012,-003
+012,-003
+012,-003
+012,-003
+012,-003
+012,-003
+012,-003
+012,-003
+012,-003
+012,-003
+012,-003
+012,-003
+012,-003
+012,-003
+012,-003
+012,-003
+012,-003
+012,-003
+012,-003
+012,-003
+012,-003
+012,-003
+012,-003
+012,-003
+012,-003
+012,-003
+012,-003
+012,-003
+012,-003
+012,-003
+012,-003
+012,-003
+012,-003
+012,-003
+012,-006
+012,-006
+012,-006
+012,-006
+012,-006
+012,-006
+012,-006
+012,-006
+012,-006
+014,-006
+014,-006
+014,-006
+014,-006
+014,-006
+014,-006
+014,-006
+014,-005
+014,-005
+014,-005
+014,-005
+014,-005
+014,-005
+014,-005
+014,-005
+014,-005
+014,-005
+014,-005
+014,-005
+014,-005
+014,-005
+014,-005
+014,-005
+014,-005
+014,-005
+014,-005
+014,-005
+014,-005
+014,-005
+014,-005
+014,-005
+014,-005
+014,-005
+014,-005
+014,-005
+014,-005
+014,-005
+014,-005
+014,-005
+014,-005
+014,-005
+014,-005
+014,-005
+014,-005
+014,-005
+014,-005
+014,-005
+014,-005
+014,-005
+014,-005
+014,-005
+014,-005
+014,-005
+014,-005
+014,-005
+014,-005
+014,-005
+014,-005
+014,-005
+014,-005
+014,-005
+014,-005
+014,-005
+014,-005
+014,-005
+014,-005
+014,-005
+014,-005
+014,-004
+014,-004
+014,-004
+014,-004
+014,-004
+014,-004
+014,-004
+014,-004
+014,-004
+014,-004
+014,-002
+014,-002
+014,-001
+014,-001
+014,-001
+014,-001
+014,-001
+014,-000
+016,-000
+016,-000
+016,-000
+016,-000
+016,-000
+016,-000
+016,-000
+016,-000
+016,-000
+016,-001
+016,-001
+016,-001
+016,-001
+016,-001
+016,-001
+016,-001
+016,-001
+016,-001
+016,-001
+016,-002
+016,-002
+016,-002
+016,-002
+016,-002
+016,-002
+016,-002
+016,-003
+016,-003
+016,-003
+016,-003
+016,-003
+016,-003
+016,-004
+016,-004
+016,-004
+016,-004
+016,-004
+018,-004
+018,-004
+018,-004
+018,-004
+018,-004
+018,-004
+018,-004
+018,-004
+018,-004
+018,-004
+018,-004
+018,-004
+018,-004
+018,-004
+018,-004
+018,-004
+018,-004
+018,-004
+018,-004
+018,-004
+018,-004
+018,-004
+018,-004
+018,-004
+018,-004
+018,-004
+018,-004
+018,-004
+018,-004
+018,-004
+018,-004
+018,-004
+018,-004
+018,-004
+018,-004
+018,-004
+018,-004
+018,-004
+018,-004
+018,-004
+018,-004
+018,-004
+018,-004
+018,-004
+018,-004
+018,-004
+018,-004
+018,-004
+018,-004
+018,-004
+018,-004
+018,-004
+018,-004
+018,-004
+018,-004
+018,-004
+018,-004
+018,-004
+018,-004
+018,-004
+018,-004
+018,-004
+018,-004
+018,-004
+018,-004
+018,-004
+018,-004
+018,-004
+018,-004
+018,-004
+018,-004
+016,-004
+016,-004
+016,-004
+016,-004
+016,-004
+016,-004
+016,-004
+016,-004
+016,-004
+016,-004
+016,-004
+016,-004
+016,-004
+016,-004
+016,-004
+016,-004
+016,-004
+016,-004
+016,-004
+016,-001
+016,-001
+016,-001
+016,-001
+016,-001
+016,-001
+016,-001
+016,-001
+016,-001
+016,-001
+016,-001
+016,-001
+014,-001
+014,-001
+014,-001
+012,-001
+012,-001
+012,-001
+012,-001
+012,-001
+012,-001
+012,-001
+012,-001
+012,-001
+012,-001
+012,-001
+012,-001
+012,-002
+012,-002
+012,-002
+012,-002
+012,-002
+012,-002
+012,-002
+012,-002
+012,-002
+012,-002
+012,-002
+012,-002
+012,-002
+012,-002
+012,-002
+012,-002
+012,-002
+012,-002
+012,-002
+012,-002
+012,-002
+012,-002
+012,-002
+012,-002
+012,-002
+012,-002
+012,-002
+012,-002
+012,-002
+012,-002
+012,-002
+012,-002
+012,-002
+012,-002
+012,-002
+012,-002
+012,-002
+012,-002
+012,-002
+012,-002
+012,-002
+012,-002
+012,-001
+012,-001
+012,-001
+012,-001
+010,-001
+010,-001
+010,-001
+010,-001
+010,-001
+010,-001
+010,-001
+010,-001
+010,-000
+010,-000
+010,-000
+010,-000
+010,-000
+010,-000
+010,-000
+010,-000
+010,-000
+010,-000
+010,-000
+010,-000
+010,-000
+010,-000
+010,-000
+010,-000
+010,-000
+010,-000
+010,-000
+010,-000
+010,-000
+010,-000
+010,-000
+010,-000
+010,-000
+010,-000
+010,-000
+010,-000
+010,-000
+010,-000
+010,-000
+010,-000
+010,-000
+010,-000
+010,-000
+010,-000
+010,-000
+010,-000
+010,-000
+010,-000
+010,-000
+010,-001
+010,-001
+010,-001
+010,-001
+010,-001
+010,-001
+010,-001
+010,-001
+010,-001
+010,-001
+010,-001
+010,-001
+010,-001
+010,-001
+010,-001
+010,-001
+010,-001
+010,-001
+010,-001
+010,-001
+010,-001
+010,-001
+010,-001
+010,-001
+010,-001
+010,-001
+010,-001
+010,-001
+010,-001
+010,-001
+010,-001
+010,-001
+010,-001
+010,-001
+010,-001
+010,-001
+010,-001
+010,-001
+010,-001
+010,-001
+010,-001
+010,-002
+010,-002
+010,-002
+010,-002
+010,-002
+010,-002
+010,-002
+010,-002
+010,-002
+010,-002
+010,-002
+010,-002
+010,-002
+010,-002
+010,-002
+010,-002
+010,-002
+010,-002
+010,-002
+010,-002
+010,-002
+010,-002
+010,-002
+010,-002
+010,-002
+010,-002
+010,-002
+010,-002
+010,-002
+010,-002
+010,-002
+010,-002
+010,-002
+010,-002
+010,-002
+010,-002
+010,-002
+010,-002
+010,-002
+010,-002
+010,-002
+010,-002
+010,-002
+010,-002
+010,-002
+010,-002
+010,-002
+010,-002
+010,-002
+010,-002
+010,-002
+010,-002
+010,-002
+010,-002
+010,-002
+010,-002
+010,-002
+010,-002
+010,-002
+010,-002
+010,-002
+010,-002
+010,-002
+010,-002
+010,-002
+010,-002
+010,-002
+010,-002
+010,-002
+010,-002
+010,-002
+010,-002
+010,-002
+010,-002
+010,-002
+010,-002
+010,-002
+010,-002
+010,-002
+010,-002
+010,-002
+010,-002
+010,-002
+010,-002
+010,-002
+010,-002
+010,-002
+010,-002
+010,-002
+010,-002
+010,-002
+010,-002
+010,-002
+010,-002
+010,-002
+010,-002
+010,-002
+010,-002
+010,-002
+010,-002
+010,-002
+010,-002
+010,-002
+010,-002
+010,-002
+013,-001
+013,-001
+013,-000
+013,-000
+013,-001
+013,-001
+013,-001
+013,-001
+013,-001
+015,-001
+015,-002
+015,-002
+015,-002
+015,-002
+015,-003
+015,-003
+015,-003
+015,-004
+015,-004
+015,-004
+015,-004
+015,-004
+015,-004
+015,-005
+015,-005
+015,-005
+015,-005
+015,-005
+015,-005
+015,-005
+015,-005
+015,-005
+015,-005
+015,-005
+015,-005
+015,-005
+015,-005
+015,-005
+015,-005
+015,-005
+015,-005
+015,-005
+015,-005
+015,-005
+015,-005
+015,-005
+017,-005
+017,-005
+017,-005
+017,-005
+017,-005
+017,-005
+017,-005
+017,-005
+017,-005
+017,-005
+017,-005
+017,-005
+017,-005
+017,-005
+017,-005
+017,-005
+017,-005
+017,-005
+017,-005
+017,-005
+017,-005
+017,-005
+017,-005
+017,-005
+017,-005
+017,-005
+017,-005
+017,-005
+017,-005
+017,-005
+017,-005
+017,-005
+017,-005
+017,-005
+017,-006
+017,-006
+019,-006
+019,-006
+019,-006
+019,-006
+019,-006
+019,-006
+019,-006
+019,-006
+019,-006
+019,-006
+019,-006
+019,-006
+019,-006
+019,-006
+019,-006
+019,-006
+019,-006
+019,-006
+019,-006
+019,-006
+019,-006
+019,-006
+019,-006
+019,-006
+019,-006
+019,-006
+019,-006
+019,-006
+019,-006
+019,-006
+019,-006
+019,-006
+019,-007
+019,-007
+019,-007
+019,-007
+019,-007
+019,-007
+019,-007
+019,-007
+019,-007
+019,-008
+019,-008
+019,-008
+019,-008
+019,-008
+019,-008
+019,-008
+019,-008
+019,-008
+019,-008
+019,-008
+019,-008
+019,-008
+019,-008
+019,-008
+019,-008
+019,-008
+019,-008
+019,-009
+019,-009
+019,-009
+019,-009
+019,-009
+019,-009
+019,-009
+019,-009
+019,-009
+019,-009
+019,-010
+019,-010
+019,-010
COP Area(S): 000361
COP Area(R): 000770