+000,-000
+000,-000
+000,-001
+000,-001
+000,-001
+000,-001
+000,-002
+000,-002
+000,-002
+000,-002
+000,-002
+000,-002
+000,-002
+002,-002
+002,-002
+002,-002
+002,-002
+002,-002
+002,-002
+002,-002
+002,-002
+002,-002
+002,-002
+002,-002
+002,-002
+002,-002
+002,-002
+002,-002
+002,-002
+002,-002
+002,-002
+002,-002
+002,-002
+002,-002
+002,-002
+002,-002
+002,-002
+002,-002
+002,-002
+002,-002
+002,-001
+002,-001
+002,-001
+002,-001
+002,-001
+002,-001
+002,-001
+002,-001
+002,-001
+002,-001
+002,-001
+002,-001
+002,-001
+002,-001
+002,-001
+002,-001
+002,-001
+002,-001
+002,-001
+002,-001
+002,-001
+002,-001
+002,-001
+002,-001
+002,-004
+002,-003
+002,-003
+002,-003
+002,-003
+002,-003
+002,-003
+002,-003
+002,-003
+002,-003
+002,-003
+002,-003
+002,-003
+000,-003
+000,-003
+000,-003
+000,-003
+000,-003
+000,-003
+000,-003
+000,-003
+000,-003
+000,-006
+000,-006
+000,-006
+000,-006
+000,-006
+000,-006
+000,-006
+000,-006
+000,-006
+000,-006
+000,-006
+000,-006
+000,-006
+000,-006
+000,-009
+000,-009
+000,-009
+000,-009
+000,-009
+000,-009
+000,-009
+000,-009
+000,-009
+000,-009
+000,-009
+000,-009
+000,-009
+000,-009
+000,-009
+000,-009
+000,-009
+000,-009
+000,-009
+000,-009
+000,-009
+000,-009
+000,-009
+000,-009
+000,-009
+002,-009
+002,-009
+002,-009
+002,-009
+002,-009
+002,-009
+002,-009
+002,-009
+002,-009
+002,-009
+002,-009
+002,-009
+002,-012
+002,-011
+002,-011
+002,-011
+002,-011
+002,-011
+002,-011
+002,-011
+002,-011
+002,-011
+002,-011
+002,-011
+002,-011
+002,-011
+002,-011
+002,-011
+002,-011
+002,-011
+002,-011
+002,-011
+002,-014
+002,-013
+002,-013
+002,-013
+002,-013
+002,-013
+002,-013
+002,-013
+002,-013
+002,-013
+002,-013
+002,-013
+002,-013
+002,-013
+002,-013
+002,-013
+002,-013
+002,-013
+002,-013
+004,-013
+004,-013
+004,-013
+004,-013
+004,-013
+004,-013
+004,-013
+004,-013
+004,-013
+004,-013
+004,-013
+004,-013
+004,-013
+004,-013
+004,-013
+004,-013
+004,-013
+004,-013
+004,-013
+004,-013
+004,-013
+004,-013
+004,-013
+004,-013
+004,-013
+004,-013
+004,-013
+004,-013
+004,-013
+004,-013
+004,-013
+004,-013
+004,-013
+004,-013
+004,-013
+004,-013
+004,-013
+004,-013
+004,-013
+004,-013
+004,-013
+004,-013
+004,-013
+004,-013
+004,-013
+004,-013
+004,-013
+004,-013
+004,-013
+004,-013
+004,-013
+004,-013
+004,-013
+004,-013
+004,-013
+004,-013
+004,-013
+004,-013
+004,-013
+004,-013
+004,-013
+004,-013
+004,-013
+004,-013
+004,-013
+004,-013
+004,-013
+004,-013
+004,-013
+004,-013
+004,-013
+004,-013
+004,-013
+004,-013
+004,-013
+004,-013
+004,-013
+004,-013
+004,-013
+004,-013
+004,-013
+004,-013
+004,-013
+004,-013
+004,-013
+004,-013
+004,-013
+004,-013
+004,-013
+006,-013
+006,-013
+006,-013
+006,-013
+006,-012
+006,-012
+006,-012
+006,-012
+006,-012
+006,-012
+006,-012
+006,-012
+006,-012
+006,-012
+006,-012
+006,-012
+006,-012
+006,-012
+006,-012
+006,-011
+006,-011
+006,-011
+006,-011
+006,-011
+006,-010
+006,-010
+006,-010
+008,-010
+008,-010
+008,-009
+008,-009
+008,-009
+008,-009
+008,-009
+008,-008
+008,-008
+008,-008
+008,-008
+008,-008
+008,-007
+008,-007
+008,-007
+008,-007
+008,-007
+008,-006
+008,-006
+008,-006
+010,-006
+010,-006
+010,-006
+010,-005
+010,-005
+010,-005
+010,-005
+010,-005
+010,-005
+010,-004
+010,-004
+010,-004
+010,-004
+010,-004
+010,-004
+010,-004
+010,-004
+010,-004
+010,-004
+010,-004
+010,-003
+010,-003
+010,-003
+012,-003
+012,-003
+012,-003
+012,-003
+012,-003
+012,-003
+012,-003
+012,-003
+012,-003
+012,-003
+012,-003
+012,-003
+012,-003
+012,-003
+014,-003
+014,-003
+014,-003
+014,-003
+014,-003
+014,-003
+014,-003
+014,-003
+014,-003
+014,-003
+014,-003
+014,-003
+014,-003
+014,-003
+014,-003
+014,-003
+014,-003
+014,-003
+014,-003
+014,-003
+016,-003
+016,-003
+016,-003
+016,-003
+016,-003
+016,-003
+016,-003
+016,-003
+016,-003
+016,-003
+016,-003
+016,-003
+016,-003
+016,-003
+016,-003
+016,-003
+016,-003
+016,-003
+016,-003
+016,-003
+016,-003
+016,-003
+016,-003
+016,-003
+016,-003
+016,-003
+016,-003
+016,-003
+016,-003
+016,-003
+018,-002
+018,-002
+018,-002
+018,-002
+018,-002
+018,-002
+018,-002
+018,-002
+018,-002
+018,-002
+018,-002
+018,-001
+018,-001
+018,-001
+018,-001
+018,-001
+018,-001
+018,-001
+018,-001
+018,-001
+018,-001
+018,-001
+018,-001
+018,-000
+018,-000
+018,-000
+018,-000
+018,-000
+018,-000
+018,-000
+018,-000
+016,-000
+016,-000
+016,-001
+016,-001
+016,-001
+016,-001
+016,-001
+016,-001
+016,-001
+016,-001
+016,-001
+016,-001
+016,-001
+016,-001
+016,-001
+016,-001
+016,-001
+016,-001
+016,-001
+016,-001
+016,-001
+016,-001
+016,-001
+016,-001
+016,-001
+016,-001
+016,-001
+014,-001
+014,-001
+014,-001
+014,-001
+014,-001
+014,-001
+014,-001
+014,-001
+014,-001
+014,-001
+014,-001
+014,-001
+014,-001
+014,-001
+014,-001
+014,-001
+014,-001
+014,-001
+014,-001
+014,-001
+014,-001
+014,-001
+014,-001
+014,-002
+014,-002
+014,-002
+014,-002
+014,-002
+014,-002
+014,-001
+014,-001
+014,-001
+014,-001
+014,-001
+012,-001
+012,-001
+012,-001
+012,-001
+012,-001
+012,-001
+012,-001
+012,-001
+012,-001
+012,-001
+012,-001
+012,-001
+012,-001
+012,-001
+012,-001
+012,-001
+012,-001
+012,-001
+012,-001
+012,-001
+012,-001
+012,-001
+012,-001
+012,-001
+012,-001
+012,-001
+012,-001
+012,-001
+012,-001
+012,-001
+012,-001
+012,-001
+012,-001
+012,-001
+012,-001
+012,-001
+012,-001
+012,-001
+012,-001
+012,-001
+010,-001
+010,-001
+010,-001
+010,-001
+010,-001
+010,-001
+010,-001
+010,-001
+010,-001
+010,-001
+010,-001
+010,-001
+010,-001
+010,-001
+010,-001
+010,-001
+010,-001
+010,-001
+010,-001
+010,-001
+010,-001
+010,-001
+010,-001
+010,-001
+010,-001
+010,-001
+010,-001
+010,-001
+010,-001
+010,-001
+010,-001
+010,-001
+010,-001
+010,-001
+010,-001
+010,-001
+010,-001
+010,-001
+010,-001
+010,-001
+010,-001
+010,-001
+010,-001
+010,-001
+010,-001
+008,-001
+008,-001
+008,-001
+008,-001
+008,-001
+008,-001
+008,-001
+008,-001
+008,-001
+008,-001
+008,-001
+008,-001
+008,-001
+008,-001
+008,-001
+008,-001
+008,-001
+008,-001
+008,-001
+008,-001
+008,-001
+008,-001
+008,-001
+008,-001
+008,-001
+008,-001
+008,-001
+008,-001
+006,-001
+006,-001
+006,-001
+006,-001
+006,-001
+006,-001
+006,-001
+006,-001
+006,-001
+006,-001
+006,-001
+006,-001
+006,-001
+006,-001
+006,-001
+006,-001
+006,-001
+006,-001
+006,-001
+006,-001
+006,-001
+006,-001
+006,-001
+006,-001
+006,-001
+006,-001
+006,-001
+006,-001
+006,-001
+006,-001
+006,-001
+006,-001
+006,-001
+006,-001
+006,-001
+006,-001
+006,-001
+006,-001
+006,-001
+006,-001
+006,-001
+006,-001
+006,-001
+004,-004
+004,-004
+004,-003
+004,-003
+004,-003
+004,-003
+004,-003
+004,-003
+004,-003
+004,-003
+004,-003
+004,-003
+004,-003
+004,-003
+004,-003
+004,-003
+004,-003
+004,-003
+004,-003
+004,-003
+004,-003
+004,-003
+004,-003
+004,-003
+004,-003
+004,-003
+004,-003
+004,-003
+004,-003
+004,-003
+004,-003
+004,-003
+004,-003
+004,-003
+004,-003
+004,-003
+004,-003
+004,-003
+004,-003
+004,-003
+004,-003
+004,-003
+004,-003
+004,-003
+004,-003
+004,-003
+004,-003
+004,-003
+004,-003
+004,-003
+004,-003
+004,-003
+004,-003
+004,-003
+004,-003
+004,-003
+004,-003
+002,-003
+002,-003
+002,-003
+002,-003
+002,-003
+002,-003
+002,-003
+002,-003
+002,-003
+002,-003
+002,-003
+002,-003
+002,-003
+002,-003
+002,-003
+002,-003
+002,-003
+002,-003
+002,-003
+002,-003
+002,-003
+002,-003
+002,-003
+002,-003
+002,-003
+002,-003
+002,-003
+002,-003
+002,-003
+002,-003
+002,-003
+002,-003
+002,-003
+002,-003
+002,-003
+002,-003
+002,-003
+002,-003
+002,-003
+002,-003
+002,-003
+002,-003
+002,-003
+002,-003
+002,-003
+002,-003
+002,-003
+002,-003
+002,-003
+002,-003
+002,-003
+002,-003
+002,-003
+002,-003
+002,-003
+002,-003
+002,-003
+002,-003
+002,-003
+002,-003
+002,-003
+002,-003
+002,-003
+002,-003
+002,-003
+002,-003
+002,-003
+002,-003
+002,-003
+002,-003
+002,-003
+002,-003
+002,-003
+002,-003
+002,-003
+002,-003
+002,-003
+002,-003
+002,-003
+002,-003
+002,-003
+002,-003
+002,-003
+002,-003
+002,-003
+002,-003
+002,-003
+000,-003
+000,-003
+000,-003
+000,-003
+000,-003
+000,-003
+000,-003
+000,-003
+000,-003
+000,-003
+000,-003
+000,-003
+000,-003
+000,-003
+000,-003
+000,-003
+000,-003
+000,-003
+000,-003
+000,-003
+000,-003
+000,-003
+000,-003
+000,-003
+000,-003
+000,-003
+000,-003
+000,-003
+000,-003
+000,-003
+000,-003
+000,-002
+000,-002
+000,-002
+000,-002
+000,-002
+000,-002
+000,-002
+000,-002
+000,-002
+000,-002
+000,-002
+000,-001
+000,-001
+000,-001
+000,-001
+000,-001
+000,-001
+000,-000
+000,-000
+000,-000
+000,-000
+000,-000
+000,-000
+000,-000
+000,-001
+000,-001
+000,-001
+000,-001
+000,-001
+000,-001
+000,-002
+000,-002
+000,-002
+000,-002
+000,-002
+000,-003
+000,-003
+002,-003
+002,-003
+002,-003
+002,-004
+002,-004
+002,-004
+002,-004
+002,-004
+002,-004
+002,-004
+002,-004
+002,-004
+002,-004
+002,-004
+002,-004
+002,-004
+002,-004
+002,-004
+002,-004
+002,-004
+002,-004
+002,-004
+002,-004
+002,-004
+002,-004
+002,-004
+002,-004
+002,-004
+002,-004
+002,-004
+002,-004
+002,-004
+002,-004
+002,-004
+002,-004
+002,-004
+002,-004
+002,-004
+002,-004
+002,-004
+002,-004
+002,-004
+002,-004
+002,-004
+002,-004
+002,-004
+002,-004
+002,-004
+002,-004
+002,-004
+002,-004
+002,-004
+002,-004
+002,-004
+002,-004
+002,-004
+002,-004
+002,-004
+002,-004
+002,-004
+002,-004
+002,-004
+002,-004
+002,-004
+002,-004
+002,-004
+002,-004
+002,-004
+002,-004
+002,-004
+002,-004
+002,-004
+002,-004
+002,-004
+002,-004
+002,-004
+002,-004
+002,-004
+002,-004
+002,-004
+002,-004
+002,-004
+002,-004
+002,-004
+002,-004
+002,-004
+002,-004
+002,-004
+002,-004
+002,-004
+002,-004
+002,-004
+002,-004
+002,-004
+002,-004
+002,-004
+002,-004
+002,-004
+002,-004
+002,-004
+002,-004
+002,-004
+002,-004
+002,-004
+002,-004
+002,-004
+002,-004
+002,-004
+002,-004
+002,-004
+002,-004
+002,-004
+002,-004
+002,-004
+004,-004
+004,-004
+004,-004
+004,-004
+004,-004
+004,-004
+004,-004
+004,-004
+004,-004
+004,-004
+004,-004
+004,-004
+004,-004
+004,-004
+004,-004
+004,-004
+004,-004
+004,-004
+004,-004
+004,-004
+004,-004
+004,-004
+004,-004
+004,-004
+004,-004
+004,-004
+004,-004
+004,-004
+004,-004
+004,-004
+004,-004
+004,-004
+004,-004
+004,-004
+004,-004
+004,-004
+004,-004
+004,-004
+004,-004
+004,-004
+004,-004
+004,-004
+004,-004
+004,-004
+004,-004
+004,-004
+004,-004
+004,-004
+004,-004
+004,-004
+004,-004
+004,-004
+004,-004
+004,-004
+004,-004
+004,-004
+004,-004
+004,-004
+004,-004
+004,-004
+004,-004
+004,-004
+004,-004
+004,-004
+004,-004
+004,-004
+004,-004
+004,-004
+004,-004
+004,-004
+004,-004
+004,-004
+004,-004
+004,-004
+004,-004
+004,-004
+004,-004
+004,-004
+004,-004
+004,-005
+004,-005
+004,-005
+004,-005
+004,-005
+004,-005
+004,-005
+004,-005
+004,-005
+004,-005
+004,-006
+004,-006
+004,-006
+004,-006
+004,-006
+004,-006
+004,-006
+004,-006
+004,-006
+004,-006
+004,-006
+004,-006
+004,-006
+004,-006
+004,-006
+004,-006
+004,-006
+004,-007
+004,-007
+004,-007
+004,-007
+004,-007
+004,-007
+004,-007
+004,-007
+004,-007
+004,-007
+004,-007
+004,-007
+004,-007
+004,-007
+004,-007
+004,-007
+004,-007
+004,-007
+004,-007
+004,-007
+004,-007
+004,-007
+004,-007
+004,-007
+004,-007
+004,-007
+004,-007
+004,-007
+004,-007
+004,-007
+004,-007
+004,-007
+004,-007
+004,-007
+004,-007
+004,-007
+004,-007
+004,-007
+004,-007
+004,-007
+004,-007
+004,-007
+004,-007
+004,-007
+004,-007
+004,-007
+004,-007
+004,-007
+004,-007
+004,-007
+004,-007
+004,-007
+004,-007
+004,-007
+004,-007
+004,-007
+004,-007
+004,-007
+004,-007
+004,-007
+004,-007
+004,-007
+004,-007
+004,-007
+004,-007
+004,-007
+004,-007
+004,-007
+004,-007
+004,-007
+004,-007
+004,-007
+004,-007
+004,-007
+004,-007
+004,-007
+004,-007
+004,-007
+004,-007
+004,-007
+004,-007
+004,-007
+004,-007
+004,-008
+004,-008
+004,-008
+004,-008
+004,-008
+004,-008
+004,-008
+004,-008
+004,-008
+004,-008
+004,-008
+004,-008
+004,-008
+004,-008
+004,-009
+004,-009
+004,-009
+004,-009
+004,-009
+004,-009
+004,-010
+004,-010
+004,-010
+004,-010
+004,-010
+004,-010
+004,-010
+004,-010
+004,-011
+004,-011
+004,-011
+004,-011
+004,-011
+004,-011
+004,-011
+004,-011
+004,-012
+004,-012
+004,-012
+004,-012
+004,-013
+002,-013
+002,-013
+002,-013
+002,-013
+002,-013
+002,-013
+002,-013
+002,-013
+002,-013
+002,-014
+002,-014
+002,-014
+002,-014
+002,-014
+002,-014
+002,-014
+002,-014
+002,-014
+002,-014
+002,-014
+002,-014
+002,-014
+002,-014
+002,-014
+002,-014
+002,-014
+002,-014
+002,-014
+002,-014
+002,-014
+002,-014
+002,-014
+002,-014
+002,-014
+002,-014
+002,-014
+002,-014
+002,-014
+002,-014
+002,-014
+002,-014
+002,-014
+002,-014
+002,-014
+002,-014
+002,-014
+002,-014
+002,-014
+002,-014
+002,-014
+002,-014
+002,-014
+002,-014
+002,-014
+002,-014
+002,-014
+002,-014
+002,-014
+002,-014
+002,-014
+002,-014
+002,-014
+002,-014
+002,-015
+002,-015
+002,-015
+002,-015
+002,-015
+002,-015
+002,-015
+002,-016
+002,-016
+002,-016
+002,-016
+002,-016
+002,-016
+002,-016
+002,-016
+002,-016
+002,-017
+002,-017
+002,-017
+002,-017
+002,-017
+002,-017
+002,-017
+002,-018
+002,-018
+002,-018
+002,-019
+002,-019
+000,-019
+000,-019
+000,-020
+000,-020
+000,-020
+000,-020
+000,-020
+000,-020
+000,-020
+000,-020
+000,-020
+000,-020
+000,-020
+000,-020
+000,-020
+000,-020
+000,-020
+000,-020
+000,-020
+000,-020
+000,-020
+000,-020
+000,-020
+000,-020
+000,-020
+000,-020
+000,-020
+000,-020
+000,-020
+000,-020
+000,-020
+000,-020
+000,-020
+000,-020
+000,-020
+000,-020
+000,-020
+000,-020
+000,-020
+000,-020
+000,-020
+000,-020
+000,-020
+000,-020
+000,-020
+000,-021
+000,-021
+002,-021
+002,-021
+002,-021
+002,-021
+002,-021
+002,-021
+002,-021
+002,-021
+002,-021
+002,-021
+002,-021
+002,-021
+002,-021
+002,-021
+002,-021
+002,-021
+002,-021
+002,-021
+002,-021
+002,-021
+002,-021
+002,-021
+002,-021
+002,-021
+004,-021
+004,-021
+004,-021
+004,-021
+004,-021
+004,-021
+004,-021
+004,-021
+004,-021
+004,-021
+004,-021
+004,-021
+004,-021
+004,-021
+004,-021
+004,-021
+004,-021
+006,-021
+006,-021
+006,-021
+006,-021
+006,-021
+006,-021
+006,-021
+006,-021
+006,-021
+006,-021
+006,-021
+006,-021
+006,-021
+006,-021
+006,-021
+006,-021
+006,-021
+006,-021
+006,-021
+008,-018
+008,-019
+008,-019
+008,-019
+008,-019
+008,-019
+008,-019
+008,-019
+008,-019
+008,-019
+008,-019
+008,-019
+008,-019
+008,-019
+008,-019
+008,-019
+008,-019
+008,-019
+008,-019
+008,-019
+008,-019
+008,-019
+008,-019
+010,-019
+010,-019
+010,-019
+010,-019
+010,-019
+010,-019
+010,-019
+010,-016
+010,-017
+010,-017
+010,-017
+010,-017
+010,-017
+010,-017
+010,-017
+010,-017
+010,-017
+010,-017
+010,-017
+010,-017
+010,-017
+010,-017
+010,-017
+010,-017
+010,-017
+010,-017
+010,-017
+010,-017
+010,-017
+010,-017
+012,-017
+012,-017
+012,-017
+012,-017
+012,-017
+012,-017
+012,-017
+012,-017
+012,-017
+012,-017
+012,-017
+012,-017
+012,-017
+012,-017
+012,-017
+012,-017
+012,-017
+012,-017
+012,-017
+012,-017
+012,-017
+012,-017
+012,-017
+012,-017
+012,-017
+012,-017
+012,-017
+012,-014
+012,-015
+012,-015
+012,-015
+012,-015
+012,-015
+012,-015
+012,-015
+012,-015
+012,-015
+012,-015
+012,-015
+012,-015
+012,-015
+012,-015
+012,-015
+012,-015
+014,-015
+014,-015
+014,-015
+014,-015
+014,-015
+014,-015
+014,-015
+014,-015
+014,-015
+014,-015
+014,-015
+014,-015
+014,-015
+016,-015
+016,-015
+016,-015
+016,-015
+016,-015
+016,-015
+016,-015
+016,-015
+016,-015
+016,-015
+016,-012
+018,-012
+018,-012
+018,-012
+018,-012
+018,-012
+018,-012
+018,-012
+018,-012
+018,-012
+018,-012
+020,-012
+020,-012
+020,-012
+020,-012
+020,-012
+020,-012
+020,-012
+020,-012
+022,-012
+022,-012
+022,-012
+022,-012
+022,-012
+022,-012
+022,-012
+022,-012
+022,-012
+022,-012
+024,-012
+024,-012
+024,-012
+024,-012
+024,-012
+024,-012
+024,-012
+024,-012
+024,-012
+026,-012
+026,-012
+026,-012
+026,-012
+026,-012
+026,-012
+026,-012
+026,-012
+028,-012
+028,-012
+028,-012
+028,-012
+028,-012
+028,-012
+028,-012
+028,-012
+028,-012
+030,-012
+030,-012
+030,-012
+030,-012
+030,-012
+030,-012
+030,-012
+030,-012
+030,-012
+030,-012
+032,-012
+032,-012
+032,-012
+032,-012
+032,-012
+032,-012
+032,-012
+032,-012
+032,-012
+032,-012
+032,-012
+032,-012
+034,-012
+034,-012
+034,-012
+034,-012
+034,-012
+034,-012
+034,-012
+034,-012
+034,-012
+034,-012
+034,-012
+034,-012
+034,-012
+034,-012
+034,-012
+034,-012
+034,-012
+034,-012
+034,-012
+034,-012
+034,-012
+034,-012
+034,-012
+034,-012
+034,-012
+034,-012
+034,-009
+034,-010
+034,-010
+034,-010
+034,-010
+034,-010
+034,-010
+034,-010
+034,-010
+034,-010
+034,-010
+034,-010
+034,-010
+034,-010
+034,-010
+034,-010
+034,-010
+034,-010
+034,-010
+034,-010
+034,-010
+034,-010
+034,-010
+034,-010
+034,-010
+034,-010
+034,-010
+034,-010
+034,-010
+034,-010
+034,-007
+034,-007
+032,-007
+032,-007
+032,-007
+032,-007
+032,-007
+032,-007
+032,-007
+032,-007
+032,-007
+032,-007
+032,-007
+032,-007
+032,-007
+032,-007
+032,-007
+032,-007
+032,-007
+032,-007
+032,-007
+032,-007
+032,-007
+032,-007
+032,-007
+032,-007
+032,-007
+032,-007
+032,-007
+032,-007
+032,-007
+032,-007
+032,-007
+032,-007
+032,-007
+032,-007
+032,-007
+032,-007
+032,-007
+032,-007
+032,-007
+032,-007
+032,-007
+032,-007
+032,-007
+032,-007
+032,-007
+032,-007
+032,-007
+032,-007
+032,-007
+032,-007
+032,-007
+032,-007
+032,-007
+032,-007
+032,-007
+032,-007
+032,-007
+032,-007
+032,-007
+032,-007
+032,-007
+032,-007
+032,-007
+032,-007
+032,-007
+032,-007
+032,-007
+032,-007
+032,-007
+032,-007
+032,-007
+032,-007
+032,-007
+032,-007
+032,-007
+032,-007
+032,-007
+032,-007
+032,-007
+032,-007
+032,-007
+032,-007
+032,-007
+032,-007
+032,-007
+032,-007
+030,-007
+030,-007
+030,-004
+030,-004
+030,-004
+030,-004
+030,-004
+030,-004
+030,-004
+030,-004
+030,-004
+030,-004
+030,-004
+030,-004
+030,-004
+030,-004
+030,-004
+030,-004
+030,-004
+030,-004
+030,-004
+030,-004
+030,-004
+030,-004
+030,-004
+030,-004
+030,-004
+028,-004
+028,-004
+028,-004
+028,-004
+028,-004
+028,-004
+028,-004
+028,-004
+028,-004
+028,-004
+028,-004
+028,-004
+028,-004
+028,-004
+028,-004
+028,-004
+028,-004
+028,-004
+028,-004
+028,-004
+028,-004
+028,-004
+028,-004
+026,-004
+026,-004
+026,-004
+026,-004
+026,-004
+026,-004
+026,-004
+026,-004
+026,-004
+026,-004
+026,-004
+026,-004
+026,-004
+026,-004
+026,-004
+026,-004
+026,-004
+026,-005
+026,-005
+026,-005
+026,-005
+026,-005
+026,-005
+026,-005
+024,-005
+024,-005
+024,-005
+024,-005
+024,-005
+024,-005
+024,-005
+024,-005
+024,-005
+024,-005
+024,-005
+024,-005
+024,-005
+024,-005
+024,-005
+024,-005
+024,-005
+024,-005
+024,-005
+024,-005
+024,-005
+024,-005
+024,-006
+024,-006
+024,-006
+024,-006
+024,-006
+024,-006
+024,-006
+024,-006
+024,-006
+024,-006
+024,-006
+024,-006
+024,-006
+024,-006
+022,-006
+022,-007
+022,-007
+022,-007
+022,-007
+022,-007
+022,-007
+022,-007
+022,-007
+022,-007
+022,-007
+022,-007
+022,-007
+022,-007
+022,-008
+022,-008
+022,-008
+022,-008
+022,-008
+022,-008
+022,-008
+022,-008
+022,-008
+022,-008
+022,-008
+022,-008
+022,-008
+022,-008
+022,-008
+022,-008
+022,-008
+022,-008
+022,-008
+022,-008
+022,-008
+022,-008
+022,-008
+022,-008
+022,-008
+022,-008
+022,-008
+022,-008
+022,-008
+022,-008
+022,-008
+022,-008
+022,-008
+022,-008
+022,-008
+022,-008
+022,-008
+022,-008
+022,-008
+022,-008
+022,-008
+022,-009
+020,-009
+020,-010
+020,-010
+020,-010
+020,-010
+020,-010
+020,-010
+020,-010
+020,-010
+020,-010
+020,-010
+020,-010
+020,-010
+020,-010
+020,-010
+020,-011
+020,-011
+020,-011
+020,-011
+018,-011
+018,-011
+018,-011
+018,-011
+018,-011
+018,-011
+018,-011
+018,-011
+018,-011
+018,-011
+018,-011
+018,-011
+018,-011
+018,-011
+018,-011
+018,-011
+018,-011
+018,-011
+018,-011
+018,-011
+018,-011
+018,-011
+018,-011
+018,-011
+018,-011
+016,-011
+016,-011
+016,-011
+016,-011
+016,-012
+016,-012
+016,-012
+016,-012
+016,-012
+016,-012
+016,-012
+016,-012
+016,-012
+016,-012
+016,-012
+016,-012
+016,-012
+016,-012
+016,-012
+016,-012
+016,-012
+016,-012
+016,-012
+016,-013
+016,-013
+016,-013
+016,-013
+016,-013
+016,-013
+016,-013
+016,-013
+016,-013
+016,-013
+016,-013
+016,-014
+016,-014
+016,-014
+016,-014
+016,-014
+016,-014
+016,-014
+016,-014
+016,-014
+016,-014
+016,-014
+016,-014
+016,-014
+016,-014
+016,-014
+016,-014
+016,-014
+016,-014
+016,-014
+016,-014
+016,-014
+016,-014
+016,-014
+016,-014
+016,-014
+016,-014
+016,-014
+016,-014
+016,-014
+016,-014
+016,-014
+016,-014
+016,-014
+016,-014
+016,-014
+016,-014
+016,-014
+016,-014
+016,-014
+016,-014
+016,-014
+016,-014
+016,-014
+016,-014
+016,-014
+016,-014
+016,-014
+016,-014
+016,-014
+016,-014
+016,-014
+016,-014
+016,-014
+016,-014
+016,-014
+016,-014
+016,-014
+016,-014
+016,-014
+016,-014
+016,-014
+016,-014
+016,-014
+016,-014
+016,-014
+016,-014
+016,-014
+016,-014
+016,-014
+016,-014
+016,-014
+016,-014
+016,-014
+016,-014
+016,-014
+016,-014
+016,-014
+016,-014
+016,-014
+016,-014
+016,-014
+016,-014
+016,-014
+016,-014
+016,-014
+016,-014
+016,-014
+016,-014
+016,-014
+016,-014
+016,-014
+016,-014
+016,-014
+016,-014
+016,-014
+016,-014
+016,-014
+016,-014
+016,-014
+016,-014
+016,-014
+016,-014
+016,-014
+016,-014
+016,-014
+016,-014
+016,-014
+016,-015
+016,-015
+016,-015
+016,-015
+016,-015
+016,-015
+016,-015
+016,-015
+016,-015
+016,-015
+016,-015
+016,-015
+016,-015
+016,-015
+016,-015
+016,-015
+016,-015
+016,-015
+016,-015
+016,-015
+016,-015
+016,-015
+016,-015
+016,-015
+016,-015
+016,-015
+016,-015
+016,-015
+016,-015
+016,-015
+016,-015
+016,-015
+016,-015
+016,-015
+016,-015
+016,-015
+016,-015
+016,-015
+016,-015
+016,-015
+016,-016
+016,-016
+016,-016
+016,-016
+016,-016
+016,-016
+016,-016
+016,-016
+016,-016
+016,-016
+016,-016
+016,-016
+016,-016
+016,-016
+016,-016
+016,-016
+016,-016
+016,-016
+016,-016
+016,-016
+016,-016
+016,-016
+016,-016
+016,-016
+016,-016
+016,-016
+016,-016
+016,-016
+016,-016
+016,-016
+016,-016
+016,-016
+016,-016
+016,-016
+016,-016
+016,-016
+016,-016
+016,-016
+016,-016
+016,-016
+016,-016
+016,-016
+016,-016
+016,-016
+016,-016
+016,-016
+016,-016
+016,-016
+016,-016
+016,-016
+016,-016
+016,-016
+016,-016
+016,-016
+016,-016
+016,-016
+016,-016
+016,-016
+016,-016
+016,-016
+016,-016
+016,-016
+016,-016
+016,-016
+016,-013
+016,-014
+016,-014
+016,-014
+016,-014
+016,-014
+018,-014
+018,-014
+018,-014
+018,-014
+018,-014
+018,-014
+018,-014
+018,-014
+018,-014
+018,-014
+018,-014
+018,-014
+018,-014
+018,-014
+018,-014
+018,-014
+018,-014
+018,-014
+018,-014
+018,-014
+018,-014
+018,-014
+018,-014
+018,-014
+018,-014
+018,-014
+018,-014
+020,-014
+020,-014
+020,-014
+020,-014
+020,-014
+020,-014
+020,-014
+020,-014
+020,-014
+020,-014
+020,-014
+020,-014
+020,-014
+020,-014
+020,-014
+020,-014
+020,-014
+020,-014
+020,-014
+020,-014
+022,-014
+022,-014
+022,-014
+022,-014
+022,-014
+022,-014
+022,-014
+022,-014
+022,-014
+022,-014
+022,-014
+022,-014
+022,-014
+022,-014
+022,-014
+022,-014
+022,-014
+022,-014
+022,-014
+022,-014
+022,-014
+022,-014
+022,-014
+022,-015
+022,-015
+022,-015
+022,-015
+022,-015
+022,-015
+022,-015
+022,-015
+022,-015
+022,-015
+022,-015
+022,-015
+022,-015
+022,-015
+022,-015
+024,-015
+024,-015
+024,-015
+024,-015
+024,-015
+024,-015
+024,-015
+024,-015
+024,-015
+024,-015
+024,-015
+024,-015
+024,-015
+024,-015
+024,-015
+024,-015
+024,-015
+024,-015
+024,-015
+024,-015
+024,-015
+024,-015
+024,-015
+024,-015
+024,-015
+024,-015
+024,-012
+024,-012
+024,-012
+024,-012
+024,-012
+024,-012
+024,-012
+024,-012
+024,-012
+024,-012
+024,-012
+024,-012
+024,-012
+024,-012
+024,-012
+024,-012
+024,-012
+024,-012
+024,-012
+024,-012
+024,-012
+024,-012
+024,-012
+024,-012
+024,-012
+024,-012
+024,-012
+024,-012
+024,-012
+024,-012
+024,-012
+024,-012
+024,-012
+024,-012
+024,-012
+024,-012
+024,-012
+024,-012
+024,-012
+024,-012
+024,-012
+024,-012
+024,-012
+024,-012
+024,-012
+024,-012
+024,-012
+024,-012
+024,-012
+024,-012
+024,-012
+024,-012
+024,-012
+024,-012
+024,-012
+024,-012
+024,-012
+024,-012
+024,-012
+024,-012
+024,-012
+024,-012
+024,-012
+024,-012
+024,-012
+024,-012
+024,-012
+024,-012
+024,-012
+024,-012
+024,-012
+024,-012
+024,-012
+024,-012
+024,-012
+024,-012
+024,-012
+024,-012
+024,-012
+024,-012
+024,-012
+024,-012
+024,-012
+024,-012
+024,-012
+024,-012
+024,-012
+024,-012
+024,-012
+022,-012
+022,-009
+022,-009
+022,-009
+022,-009
+022,-009
+022,-009
+022,-009
+022,-009
+022,-009
+022,-009
+022,-009
+022,-009
+022,-009
+022,-009
+022,-009
+022,-009
+022,-009
+022,-009
+022,-009
+022,-009
+022,-009
+022,-009
+022,-009
+022,-009
+022,-009
+022,-009
+022,-009
+022,-006
+022,-006
+022,-006
+022,-006
+022,-006
+022,-006
+022,-006
+022,-006
+022,-006
+022,-006
+022,-006
+022,-006
+022,-006
+022,-006
+022,-006
+022,-006
+022,-006
+022,-006
+022,-006
+022,-006
+022,-006
+022,-006
+022,-006
+022,-006
+022,-006
+022,-006
+022,-006
+024,-006
+024,-006
+024,-006
+024,-006
+024,-006
+024,-006
+024,-006
+024,-006
+024,-006
+024,-006
+024,-006
+024,-006
+024,-006
+024,-006
+024,-006
+024,-006
+024,-006
+024,-003
+024,-004
+024,-004
+024,-004
+024,-004
+024,-004
+024,-004
+024,-004
+024,-004
+024,-004
+024,-004
+024,-004
+024,-004
+024,-004
+024,-004
+024,-004
+024,-001
+024,-001
+024,-001
+024,-001
+024,-001
+024,-001
+024,-001
+024,-001
+024,-001
+024,-001
+024,-001
+024,-001
+024,-001
+024,-001
+024,-001
+024,-001
+024,-001
+024,-001
+024,-001
+024,-001
+024,-001
+024,-001
+024,-001
+024,-001
+024,-001
+024,-001
+024,-001
+024,-001
+024,-002
+024,-002
+024,-002
+024,-002
+024,-002
+024,-002
+024,-002
+024,-002
+024,-002
+024,-002
+024,-002
+024,-002
+024,-002
+024,-002
+024,-002
+024,-002
+024,-002
+024,-002
+024,-002
+024,-002
+024,-002
+024,-002
+024,-002
+024,-002
+024,-002
+024,-002
+024,-002
+024,-002
+024,-002
+024,-002
+024,-002
+024,-002
+024,-002
+024,-002
+024,-002
+024,-002
+024,-002
+024,-002
+024,-002
+026,-002
+026,-002
+026,-002
+026,-002
+026,-002
+026,-002
+026,-002
+026,-002
+026,-002
+026,-002
+026,-002
+026,-002
+026,-002
+026,-002
+026,-002
+026,-002
+026,-002
+026,-002
+026,-002
+026,-002
+026,-002
+026,-002
+026,-002
+026,-002
+026,-002
+026,-002
+026,-002
+026,-002
+026,-002
+026,-002
+026,-002
+026,-002
+026,-002
+026,-002
+026,-002
+026,-002
+026,-002
+026,-002
+026,-002
+026,-002
+028,-002
+028,-001
+028,-001
+028,-001
+028,-001
+028,-001
+028,-001
+028,-001
+028,-001
+028,-001
+028,-001
+028,-000
+028,-000
+028,-000
+028,-000
+028,-000
+028,-000
+028,-000
+028,-000
+028,-000
+028,-000
+028,-000
+028,-000
+028,-000
+028,-000
+028,-000
+028,-000
+028,-000
+028,-000
+028,-000
+028,-000
+028,-000
+028,-000
+028,-000
+028,-000
+028,-000
+028,-000
+028,-000
+028,-000
+028,-000
+028,-000
+028,-000
+028,-000
+028,-000
+028,-000
+028,-000
+028,-000
+028,-000
+028,-000
+028,-000
+028,-000
+028,-000
+028,-001
+028,-001
+028,-001
+028,-001
+028,-001
+028,-001
+028,-001
+028,-001
+028,-001
+028,-001
+028,-001
+028,-001
+028,-001
+028,-001
+028,-001
+028,-001
+028,-001
+028,-001
+028,-001
+028,-001
+028,-001
+028,-001
+028,-001
+028,-001
+028,-001
+028,-001
+028,-001
+028,-001
+028,-001
+028,-001
+028,-001
+028,-001
+028,-001
+028,-001
+028,-001
+028,-001
+028,-001
+028,-001
+028,-001
+028,-002
+028,-002
+028,-002
+028,-002
+028,-002
+028,-002
+028,-002
+028,-002
+028,-002
+028,-002
+030,-002
+030,-002
+030,-002
+030,-002
+030,-002
+030,-002
+030,-002
+030,-002
+030,-002
+030,-002
+030,-002
+030,-003
+030,-003
+030,-003
+030,-003
+030,-003
+030,-003
+030,-003
+030,-003
+030,-004
+030,-004
+030,-004
+030,-004
+030,-004
+030,-004
+030,-004
+030,-004
+030,-004
+030,-004
+030,-004
+030,-004
+030,-005
+030,-005
+030,-005
+030,-005
+030,-005
+030,-005
+030,-006
+030,-006
+030,-006
+030,-006
+030,-007
+030,-007
+030,-007
+030,-007
+030,-008
+030,-008
+030,-008
+030,-008
+030,-008
+030,-008
+030,-009
+030,-009
+030,-009
+030,-009
+030,-009
+030,-009
+030,-009
+030,-009
+030,-009
+030,-009
+030,-009
+030,-009
+030,-009
+030,-009
+030,-009
+030,-009
+030,-009
+030,-009
+030,-009
+030,-009
+030,-009
+030,-009
+030,-009
+030,-009
+030,-009
+030,-009
+030,-009
+030,-009
+030,-009
+030,-009
+030,-009
+030,-009
+030,-009
+030,-009
+030,-009
+030,-009
+030,-009
+030,-009
+030,-009
+030,-009
+030,-009
+030,-009
+030,-009
+028,-009
+028,-009
+028,-009
+028,-009
+028,-009
+028,-009
+028,-009
+028,-009
+028,-010
+028,-010
+028,-010
+028,-010
+028,-010
+028,-010
+028,-010
+028,-010
+028,-010
+028,-010
+028,-010
+028,-010
+028,-011
+028,-011
+028,-011
+028,-011
+028,-011
+028,-011
+028,-012
+028,-012
+028,-012
+028,-012
+028,-012
+028,-012
+028,-012
+028,-012
+028,-013
+028,-013
+028,-013
+028,-013
+028,-013
+028,-013
+028,-013
+028,-013
+028,-013
+028,-013
+028,-014
+028,-014
+028,-014
+028,-014
+028,-014
+028,-014
+028,-014
+028,-014
+028,-014
+028,-014
+028,-014
+028,-014
+028,-014
+028,-014
+028,-014
+028,-014
+028,-015
+028,-015
+028,-015
+028,-015
+028,-015
+028,-015
+028,-015
+028,-015
+028,-015
+028,-015
+028,-015
+028,-015
+028,-015
+028,-015
+028,-015
+028,-015
+028,-015
+028,-015
+028,-015
+028,-015
+028,-015
+028,-015
+028,-015
+028,-015
+028,-015
+028,-015
+028,-015
+028,-015
+028,-015
+028,-015
+028,-015
+028,-015
+028,-015
+028,-015
+028,-015
+028,-015
+028,-015
+028,-015
+028,-015
+028,-015
+028,-015
+028,-015
+028,-015
+028,-015
+028,-015
+028,-015
+028,-015
+028,-015
+028,-015
+028,-015
+028,-015
+028,-015
+028,-015
+028,-015
+028,-015
+028,-015
+028,-016
+028,-016
+028,-016
+028,-016
+028,-016
+028,-016
+028,-016
+028,-016
+028,-017
+028,-017
+028,-017
+028,-017
+028,-017
+028,-017
+028,-017
+028,-017
+028,-017
+028,-018
+028,-018
+028,-018
+028,-018
+028,-018
+028,-018
+028,-018
+026,-018
+026,-018
+026,-018
+026,-018
+026,-018
+026,-018
+026,-018
+026,-018
+026,-019
+026,-019
+026,-019
+026,-019
+026,-019
+026,-019
+026,-019
+026,-019
+026,-019
+026,-019
+026,-019
+026,-019
+026,-020
+026,-020
+026,-020
+026,-020
+026,-020
+026,-020
+026,-020
+026,-021
+026,-021
+026,-021
+026,-021
+026,-021
+026,-021
+026,-021
+026,-021
+026,-021
+026,-021
+026,-021
+026,-021
+026,-021
+026,-021
+026,-021
+026,-021
+026,-021
+026,-021
+026,-021
+026,-021
+026,-021
+026,-021
+026,-021
+026,-021
+026,-021
+026,-021
+026,-021
+026,-022
+026,-022
+026,-022
+026,-022
+026,-022
+026,-022
+026,-022
+026,-022
+026,-022
+026,-022
+026,-022
+026,-022
+026,-022
+026,-022
+026,-022
+026,-022
+026,-022
+026,-022
+026,-022
+026,-022
+024,-022
+024,-022
+024,-022
+024,-022
+024,-022
+024,-022
+024,-022
+024,-022
+024,-022
+024,-022
+024,-022
+024,-022
+024,-022
+024,-022
+024,-022
+024,-022
+024,-022
+024,-022
+024,-022
+024,-022
+024,-022
+024,-022
+024,-022
+024,-022
+024,-022
+024,-022
+024,-022
+024,-022
+024,-022
+024,-022
+024,-022
+024,-022
+024,-022
+024,-022
+024,-022
+024,-022
+024,-022
+024,-022
+024,-022
+024,-022
+022,-022
+022,-022
+022,-022
+022,-022
+022,-022
+022,-022
+022,-022
+022,-022
+022,-022
+022,-022
+022,-022
+022,-022
+022,-022
+020,-022
+020,-022
+020,-022
+020,-022
+020,-022
+020,-022
+020,-022
+020,-022
+020,-022
+020,-022
+020,-022
+020,-022
+020,-022
+020,-022
+020,-022
+018,-022
+018,-022
+018,-022
+018,-022
+018,-022
+018,-022
+018,-022
+018,-022
+018,-022
+018,-022
+018,-022
+018,-022
+016,-022
+016,-022
+016,-022
+016,-022
+016,-022
+016,-022
+016,-022
+016,-022
+016,-022
+016,-022
+016,-022
+016,-022
+016,-022
+016,-022
+016,-022
+016,-022
+016,-022
+016,-022
+016,-022
+016,-022
+016,-022
+016,-022
+016,-022
+016,-022
+016,-022
+016,-022
+016,-022
+016,-019
+016,-020
+016,-020
+016,-020
+016,-020
+014,-020
+014,-020
+014,-020
+014,-020
+014,-020
+014,-020
+014,-020
+014,-020
+014,-020
+014,-020
+014,-020
+014,-020
+014,-020
+014,-020
+014,-020
+014,-020
+014,-020
+014,-020
+014,-020
+014,-020
+014,-020
+012,-020
+012,-020
+012,-020
+012,-017
+012,-018
+012,-018
+012,-018
+012,-018
+012,-018
+012,-018
+012,-018
+012,-018
+012,-018
+012,-018
+012,-018
+012,-018
+012,-018
+012,-018
+012,-018
+012,-018
+012,-018
+012,-018
+012,-018
+012,-018
+012,-019
+012,-019
+012,-019
+012,-019
+012,-019
+012,-019
+012,-019
+012,-019
+012,-019
+012,-019
+012,-019
+012,-019
+012,-019
+012,-020
+012,-020
+012,-020
+012,-020
+012,-020
+012,-020
+012,-020
+012,-020
+012,-020
+012,-020
+012,-020
+012,-020
+012,-020
+012,-020
+012,-020
+012,-020
+012,-020
+012,-020
+012,-020
+012,-020
+010,-020
+010,-020
+010,-020
+010,-020
+010,-020
+010,-020
+010,-020
+010,-020
+010,-020
+010,-020
+010,-020
+010,-020
+010,-020
+010,-020
+010,-020
+010,-020
+010,-020
+010,-020
+010,-020
+010,-020
+010,-020
+010,-020
+010,-020
+010,-020
+010,-020
+010,-020
+010,-020
+010,-020
+008,-020
+008,-020
+008,-020
+008,-020
+008,-020
+008,-020
+008,-020
+008,-020
+008,-020
+008,-020
+008,-020
+008,-020
+008,-020
+008,-020
+008,-020
+006,-021
+006,-021
+006,-021
+006,-021
+006,-021
+006,-021
+006,-021
+006,-022
+006,-022
+006,-022
+004,-022
+004,-022
+004,-022
+004,-022
+004,-023
+004,-023
+004,-023
+004,-023
+004,-023
+004,-024
+004,-024
+002,-025
+002,-025
+002,-025
+002,-025
+002,-025
+002,-025
+002,-025
+002,-025
+002,-025
+002,-025
+002,-025
+002,-025
+002,-025
+002,-025
+002,-025
+002,-025
+002,-025
+000,-025
+000,-025
+000,-025
+000,-025
+000,-025
+000,-025
+000,-025
+000,-025
+002,-025
+002,-025
+002,-025
+002,-025
+002,-025
+002,-025
+002,-025
+002,-025
+002,-025
+002,-025
+002,-025
+002,-025
+002,-025
+002,-022
+002,-022
+002,-022
+002,-022
+002,-022
+004,-022
+004,-022
+004,-022
+004,-022
+004,-022
+004,-022
+004,-022
+004,-022
+004,-022
+004,-022
+004,-022
+004,-022
+004,-022
+004,-022
+004,-022
+004,-022
+004,-022
+004,-022
+004,-022
+004,-022
+004,-022
+004,-022
+004,-022
+004,-022
+004,-022
+004,-022
+004,-022
+004,-022
+004,-022
+004,-022
+004,-022
+004,-022
+004,-022
+004,-022
+004,-022
+004,-022
+004,-022
+004,-022
+004,-022
+004,-022
+004,-022
+004,-022
+004,-022
+004,-022
+004,-022
+004,-022
+004,-022
+004,-022
+004,-022
+004,-022
+004,-022
+004,-022
+004,-022
+004,-022
+004,-022
+004,-022
+004,-022
+004,-022
+004,-022
+004,-022
+004,-022
+004,-022
+004,-022
+004,-022
+004,-022
+004,-022
+004,-022
+004,-022
+004,-022
+004,-022
+006,-019
+006,-019
+006,-019
+006,-019
+008,-019
+008,-019
+008,-019
+008,-016
+008,-016
+008,-016
+008,-016
+008,-016
+008,-016
+008,-016
+008,-016
+008,-016
+008,-016
+008,-016
+008,-016
+008,-016
+008,-016
+008,-016
+008,-016
+008,-016
+008,-016
+008,-016
+008,-016
+008,-016
+008,-016
+008,-016
+008,-016
+008,-016
+008,-013
+010,-014
+010,-014
+010,-014
+010,-014
+010,-014
+010,-014
+010,-014
+010,-014
+010,-014
+010,-014
+010,-014
+010,-014
+010,-014
+010,-014
+010,-014
+010,-014
+010,-014
+010,-014
+010,-014
+010,-014
+010,-014
+010,-014
+010,-014
+010,-014
+010,-014
+010,-014
+010,-014
+010,-014
+012,-014
+012,-014
+012,-014
+012,-014
+012,-014
+012,-014
+012,-014
+012,-014
+012,-014
+012,-014
+012,-014
+012,-014
+012,-014
+012,-014
+012,-014
+012,-014
+012,-014
+012,-014
+012,-014
+012,-014
+012,-014
+014,-014
+014,-011
+014,-011
+014,-011
+014,-011
+014,-011
+014,-011
+014,-011
+014,-011
+014,-012
+014,-012
+014,-012
+014,-012
+014,-012
+014,-012
+014,-012
+014,-012
+014,-012
+014,-012
+014,-012
+014,-012
+014,-013
+014,-013
+014,-013
+014,-013
+014,-013
+014,-013
+012,-013
+012,-013
+012,-013
+012,-013
+012,-013
+012,-013
+012,-013
+012,-013
+012,-013
+012,-013
+012,-013
+012,-013
+012,-013
+012,-013
+012,-013
+012,-013
+012,-013
+012,-013
+012,-013
+012,-013
+012,-013
+012,-013
+012,-013
+012,-013
+012,-013
+012,-013
+010,-013
+010,-013
+010,-013
+010,-013
+010,-013
+010,-013
+010,-013
+010,-013
+010,-013
+010,-013
+010,-013
+010,-013
+010,-013
+010,-013
+010,-013
+010,-013
+010,-013
+008,-013
+008,-013
+008,-013
+008,-013
+008,-013
+008,-013
+008,-013
+008,-013
+008,-013
+008,-013
+008,-013
+008,-013
+008,-013
+008,-013
+008,-013
+008,-013
+008,-013
+008,-013
+008,-013
+008,-013
+008,-013
+008,-013
+008,-013
+008,-013
+008,-013
+008,-013
+008,-013
+008,-013
+008,-013
+008,-013
+008,-013
+008,-013
+008,-013
+006,-013
+006,-013
+006,-013
+006,-013
+006,-013
+006,-013
+006,-013
+006,-013
+006,-013
+006,-013
+006,-013
+006,-013
+006,-013
+006,-013
+006,-013
+006,-013
+006,-013
+006,-013
+006,-013
+006,-013
+004,-013
+004,-014
+002,-014
+002,-014
+002,-014
+002,-014
+002,-014
+002,-014
+002,-014
+002,-014
+002,-014
+002,-014
+002,-014
+000,-014
+000,-014
+000,-014
+000,-014
+000,-014
+000,-014
+000,-014
+000,-014
+000,-014
+000,-014
+002,-014
+002,-014
+002,-014
+002,-014
+002,-014
+002,-014
+002,-014
+004,-014
+004,-014
+004,-014
+004,-014
+004,-014
+004,-014
+004,-014
+004,-014
+004,-014
+006,-014
+006,-014
+006,-014
+006,-014
+006,-014
+006,-014
+006,-014
+006,-014
+006,-014
+006,-014
+006,-014
+006,-014
+006,-014
+006,-014
+006,-014
+006,-014
+006,-014
+006,-014
+006,-014
+006,-014
+006,-014
+006,-014
+006,-014
+006,-014
+006,-014
+006,-014
+006,-014
+006,-014
+006,-014
+006,-014
+006,-014
+006,-014
+006,-014
+006,-014
+006,-014
+006,-014
+006,-014
+006,-014
+006,-014
+006,-014
+006,-014
+006,-014
+006,-014
+006,-014
+006,-014
+006,-014
+006,-014
+006,-014
+006,-014
+006,-014
+006,-014
+006,-014
+006,-014
+006,-014
+006,-014
+006,-014
+006,-014
+006,-014
+006,-014
+006,-014
+006,-014
+006,-014
+006,-014
+006,-014
+006,-014
+006,-014
+006,-015
+006,-015
+006,-015
+006,-015
+006,-015
+006,-015
+006,-015
+006,-016
+006,-016
+006,-016
+006,-016
+006,-016
+006,-017
+006,-017
+006,-017
+006,-017
+006,-017
+006,-017
+006,-017
+006,-018
+006,-018
+006,-018
+008,-018
+008,-018
+008,-018
+008,-018
+008,-018
+008,-018
+008,-018
+008,-018
+008,-018
+008,-018
+008,-018
+008,-018
+008,-019
+008,-019
+008,-019
+008,-019
+008,-019
+008,-019
+008,-019
+008,-019
+008,-019
+008,-019
+008,-019
+008,-019
+008,-019
+008,-019
+008,-019
+008,-019
+008,-019
+008,-019
+008,-019
+010,-019
+010,-019
+010,-020
+010,-020
+010,-020
+010,-020
+010,-020
+010,-020
+010,-020
+010,-021
+010,-021
+010,-021
+010,-021
+010,-021
+010,-022
+012,-022
+012,-022
+012,-022
+012,-022
+012,-022
+012,-022
+012,-022
+012,-022
+012,-022
+012,-022
+012,-022
+012,-022
+012,-022
+012,-022
+012,-022
+012,-022
+012,-022
+012,-022
+012,-022
+012,-023
+012,-023
+012,-023
+012,-023
+012,-023
+012,-023
+012,-023
+012,-023
+012,-023
+012,-023
+012,-023
+012,-023
+012,-023
+012,-023
+012,-023
+012,-023
+012,-023
+012,-023
+012,-023
+012,-023
+012,-023
+012,-023
+012,-023
+012,-023
+012,-023
+012,-023
+012,-023
+012,-023
+012,-023
+012,-023
+012,-023
+012,-023
+012,-023
+012,-023
+012,-023
+012,-023
+012,-023
+012,-023
+012,-023
+012,-023
+012,-023
+012,-023
+012,-023
+012,-023
+012,-023
+012,-023
+012,-023
+012,-023
+012,-023
+012,-023
+012,-023
+012,-020
+012,-020
+012,-020
+012,-020
+012,-020
+012,-020
+012,-020
+012,-020
+012,-020
+012,-020
+012,-020
+012,-020
+012,-020
+012,-020
+012,-020
+012,-020
+010,-020
+010,-020
+010,-020
+010,-020
+010,-020
+010,-020
+010,-020
+010,-020
+010,-020
+010,-020
+010,-020
+010,-020
+010,-020
+010,-020
+010,-020
+010,-017
+010,-018
+010,-018
+010,-018
+010,-018
+010,-018
+010,-018
+010,-018
+010,-018
+010,-018
+010,-018
+010,-018
+010,-018
+010,-018
+010,-018
+010,-018
+010,-018
+010,-018
+010,-018
+010,-018
+010,-018
+010,-018
+010,-018
+010,-018
+010,-018
+010,-018
+010,-018
+010,-018
+010,-018
+010,-018
+010,-018
+010,-018
+010,-018
+010,-018
+010,-018
+010,-018
+010,-018
+010,-018
+010,-018
+010,-018
+010,-018
+010,-018
+010,-018
+010,-015
+010,-016
+010,-016
+010,-016
+010,-016
+010,-016
+012,-016
+012,-016
+012,-016
+012,-016
+012,-016
+012,-016
+012,-016
+012,-016
+012,-016
+012,-016
+012,-016
+012,-016
+012,-016
+012,-016
+012,-016
+012,-016
+012,-016
+012,-016
+012,-016
+012,-016
+012,-016
+012,-016
+012,-016
+012,-016
+012,-016
+012,-016
+012,-016
+012,-016
+012,-016
+012,-016
+012,-016
+012,-016
+012,-016
+012,-016
+012,-016
+012,-016
+012,-016
+012,-016
+012,-016
+012,-016
+012,-016
+012,-016
+014,-016
+014,-016
+014,-016
+014,-016
+014,-016
+014,-016
+014,-016
+014,-016
+014,-016
+014,-016
+014,-016
+014,-016
+014,-016
+014,-016
+014,-016
+014,-016
+014,-016
+014,-016
+014,-016
+014,-016
+014,-016
+014,-016
+014,-016
+014,-016
+014,-016
+014,-016
+014,-016
+014,-016
+014,-016
+014,-016
+014,-016
+014,-016
+014,-016
+014,-016
+014,-016
+014,-016
+014,-016
+014,-016
+014,-016
+014,-013
+014,-014
+014,-014
+014,-014
+014,-014
+014,-014
+014,-014
+014,-014
+014,-014
+014,-014
+014,-014
+014,-014
+016,-014
+016,-014
+016,-014
+016,-014
+016,-014
COP Area(S): 000602
COP Area(R): 000968