+000,-000
+001,-001
+001,-001
+001,-001
+001,-001
+001,-001
+001,-001
+001,-001
+001,-001
+001,-001
+001,-001
+001,-001
+001,-001
+001,-001
+001,-001
+001,-001
+001,-002
+001,-002
+001,-002
+001,-002
+001,-002
+001,-002
+001,-002
+001,-002
+001,-002
+001,-002
+001,-002
+001,-002
+001,-002
+001,-002
+001,-002
+001,-002
+001,-002
+001,-002
+001,-002
+001,-002
+001,-002
+001,-001
+001,-001
+001,-001
+001,-001
+001,-001
+001,-001
+001,-001
+001,-001
+001,-001
+001,-001
+001,-001
+001,-001
+001,-001
+001,-001
+001,-001
+001,-001
+001,-001
+001,-001
+001,-001
+001,-001
+002,-004
+002,-004
+002,-004
+002,-004
+002,-004
+002,-004
+002,-004
+002,-004
+002,-004
+004,-004
+004,-004
+004,-004
+004,-004
+004,-004
+004,-004
+004,-004
+006,+006
+006,+006
+006,+006
+006,+006
+008,+006
+008,+006
+008,+006
+008,+006
+008,+006
+008,+006
+008,+008
+008,+008
+008,+008
+008,+008
+008,+008
+010,+008
+010,+008
+010,+008
+010,+008
+010,+008
+010,+008
+010,+008
+010,+010
+010,+010
+010,+010
+010,+010
+010,+010
+010,+010
+010,+010
+010,+010
+010,+010
+010,+010
+010,+010
+010,+010
+010,+010
+010,+010
+010,+010
+010,+010
+010,+010
+010,+010
+010,+010
+010,+010
+010,+010
+012,+010
+012,+012
+012,+012
+012,+012
+012,+012
+012,+012
+012,+012
+012,+012
+012,+012
+012,+012
+012,+012
+012,+012
+012,+012
+012,+012
+012,+012
+012,+012
+012,+012
+012,+012
+012,+012
+012,+012
+012,+012
+012,+012
+012,+012
+012,+012
+012,+012
+012,+012
+012,+012
+012,+012
+012,+012
+012,+012
+012,+012
+012,+012
+012,+012
+012,+012
+012,+012
+012,+012
+014,+012
+014,+012
+014,+012
+014,+012
+014,+014
+014,+014
+014,+014
+014,+014
+014,+014
+014,+014
+014,+014
+014,+014
+014,+014
+014,+014
+014,+014
+014,+016
+014,+016
+014,+016
+014,+016
+014,+016
+014,+016
+014,+016
+014,+016
+014,+016
+014,+016
+014,+016
+014,+016
+014,+016
+014,+016
+014,+016
+014,+016
+014,+016
+014,+016
+014,+018
+014,+018
+014,+018
+014,+018
+014,+018
+014,+018
+014,+018
+014,+018
+014,+018
+014,+018
+014,+018
+014,+018
+012,+021
+014,+021
+014,+021
+012,+021
+012,+021
+012,+023
+012,+023
+012,+023
+012,+023
+012,+023
+012,+023
+012,+023
+012,+025
+012,+025
+012,+025
+012,+025
+012,+025
+012,+025
+012,+025
+012,+025
+012,+025
+012,+025
+012,+025
+012,+025
+012,+025
+012,+025
+012,+025
+012,+025
+012,+023
+012,+023
+012,+023
+012,+023
+012,+023
+012,+021
+012,+021
+012,+021
+012,+021
+012,+021
+012,+019
+012,+019
+014,+019
+014,+019
+014,+019
+014,+019
+014,+019
+014,+016
+014,+016
+014,+016
+014,+016
+012,+016
+012,+016
+012,+016
+012,+014
+012,+014
+012,+014
+012,+014
+012,+014
+012,+014
+012,+014
+012,+012
+012,+012
+012,+012
+012,+012
+010,+012
+010,+012
+010,+012
+010,+012
+010,+012
+010,+012
+010,+010
+010,+010
+010,+010
+010,+010
+010,+010
+010,+010
+010,+010
+010,+010
+010,+010
+010,+010
+010,+010
+010,+010
+010,+010
+010,+010
+010,+010
+010,+010
+010,+010
+010,+010
+010,+010
+010,+010
+010,+010
+010,+010
+010,+010
+010,+010
+010,+010
+010,+010
+010,+010
+010,+010
+012,+010
+012,+010
+012,+010
+012,+010
+012,+010
+012,+010
+012,+010
+012,+010
+012,+010
+012,+010
+012,+010
+012,+010
+012,+010
+012,+010
+012,+010
+012,+010
+012,+010
+012,+008
+014,+008
+014,+008
+014,+008
+014,+008
+014,+008
+014,+008
+014,+008
+014,+008
+014,+008
+014,+008
+014,+006
+014,+006
+014,+006
+014,+006
+014,+006
+014,+006
+014,+006
+014,+006
+014,+006
+014,+006
+014,+006
+014,+006
+014,+006
+014,+006
+014,+006
+014,+006
+014,+006
+014,+006
+014,+006
+014,+006
+014,+006
+014,+006
+012,+006
+012,+006
+012,+006
+012,+006
+012,+006
+012,+006
+012,+006
+012,+006
+012,+006
+012,+006
+012,+006
+012,+006
+012,+006
+012,+006
+012,+006
+012,+006
+012,+006
+012,+006
+012,+006
+012,+006
+012,+006
+012,+006
+012,+006
+012,+006
+012,+006
+010,+006
+010,+006
+010,+006
+010,+006
+010,+006
+010,+006
+010,+006
+010,+006
+010,+006
+010,+006
+010,+006
+010,+006
+010,+006
+010,+006
+010,+006
+010,+006
+010,+006
+010,+006
+010,+006
+010,+006
+010,+006
+010,+006
+010,+006
+010,+006
+010,+006
+010,+006
+010,+006
+010,+006
+010,+006
+010,+006
+010,+006
+010,+006
+010,+006
+010,+006
+010,+006
+010,+006
+010,+006
+010,+006
+010,+006
+010,+006
+010,+006
+012,+006
+012,+006
+012,+005
+012,+005
+012,+005
+012,+005
+012,+005
+012,+005
+012,+005
+012,-004
+012,-004
+012,-004
+012,-004
+012,-004
+012,-004
+012,-004
+012,-004
+012,-004
+012,-004
+012,-004
+012,-004
+012,-004
+012,-003
+012,-003
+012,-003
+012,-003
+010,-003
+010,-003
+010,-003
+010,-003
+010,-003
+010,-003
+010,-002
+010,-002
+010,-002
+010,-002
+010,-002
+010,-002
+010,-002
+010,-001
+010,-001
+010,-001
+010,-001
+010,-001
+010,-001
+010,-001
+008,-001
+008,-001
+008,-001
+008,-001
+008,-001
+008,-001
+008,-000
+008,-000
+008,-000
+008,-000
+008,-000
+008,-000
+008,-000
+008,-000
+008,-000
+008,-000
+008,-000
+008,-000
+008,-000
+008,-000
+008,-000
+008,-000
+008,-000
+008,-001
+008,-001
+008,-001
+008,-001
+008,-001
+008,-001
+008,-001
+008,-001
+008,-001
+008,-001
+008,-001
+008,-001
+008,-001
+008,-001
+008,-001
+008,-001
+008,-002
+008,-002
+008,-002
+008,-002
+008,-002
+008,-002
+008,-002
+008,-003
+008,-003
+008,-003
+008,-003
+008,-003
+008,-003
+008,-003
+006,-004
+006,-004
+006,-004
+006,-004
+006,-004
+006,-004
+006,-004
+006,-004
+006,-004
+006,-004
+006,-005
+006,-005
+006,-005
+006,-005
+006,-005
+006,-005
+006,-005
+006,-005
+006,-005
+006,-006
+006,-006
+006,-006
+006,-006
+006,-006
+006,-006
+006,-006
+006,-006
+006,-006
+006,-006
+006,-006
+006,-006
+006,-006
+006,-006
+006,-006
+006,-007
+006,-007
+006,-007
+006,-008
+006,-008
+006,-008
+006,-008
+008,-009
+008,-009
+008,-009
+008,-009
+006,-009
+006,-009
+006,-009
+006,-009
+006,-009
+004,-009
+004,-009
+004,-009
+004,-009
+004,-009
+004,-009
+004,-009
+004,-009
+004,-009
+004,-009
+004,-009
+004,-009
+004,-009
+004,-009
+004,-009
+004,-009
+004,-009
+002,-009
+002,-009
+002,-009
+002,-009
+002,-009
+002,-009
+002,-009
+002,-009
+002,-009
+000,-009
+000,-009
+000,-009
+000,-009
+000,-009
+000,-009
+000,-009
+000,-009
+000,-009
+000,-009
+000,-009
+000,-009
+000,-009
+000,-009
+000,-009
+000,-009
+000,-009
+002,-009
+002,-009
+002,-009
+002,-009
+002,-009
+002,-006
+002,-006
+002,-007
+002,-007
+002,-007
+002,-007
+002,-007
+002,-007
+002,-007
+002,-007
+002,-007
+002,-007
+002,-007
+002,-007
+002,-007
+004,-007
+004,-004
+004,-004
+004,-004
+004,-004
+004,-004
+004,-004
+004,-004
+004,-004
+004,-004
+004,-004
+004,-004
+004,-004
+004,-004
+004,-004
+004,-004
+004,-004
+004,-004
+002,-004
+002,-004
+002,-004
+002,-004
+002,-001
+002,-001
+002,-001
+002,-001
+002,-001
+002,-001
+000,-001
+000,-001
+000,-001
+000,-001
+000,-001
+000,-001
+000,-001
+000,-001
+000,-001
+000,-001
+002,-002
+002,-002
+002,-002
+002,-002
+004,-002
+004,-002
+004,-002
+004,-002
+006,-002
+006,-002
+006,+005
+008,+005
+008,+005
+010,+005
+010,+005
+010,+005
+010,+005
+012,+005
+012,+005
+012,+005
+012,+005
+012,+005
+014,+005
+014,+005
+014,+005
+014,+005
+014,+005
+014,+005
+014,+005
+014,+005
+014,+005
+016,+005
+016,+005
+016,+005
+016,+005
+016,+005
+016,+005
+016,+005
+016,+005
+016,+005
+016,+005
+016,+005
+016,+005
+016,+005
+016,+005
+016,+005
+016,+005
+016,+005
+016,+005
+016,+005
+016,+005
+016,+005
+016,+005
+016,+005
+016,+005
+016,+005
+014,+005
+014,+005
+014,+005
+014,+005
+014,+005
+014,+005
+014,+005
+014,+005
+014,+005
+014,+005
+014,+005
+014,+005
+014,+005
+012,+005
+012,+005
+012,+005
+012,+005
+012,+005
+012,+005
+012,+005
+010,+005
+010,+005
+010,+005
+010,+005
+008,+005
+008,+005
+008,+005
+006,+005
+006,+005
+006,+005
+006,+005
+006,+005
+006,+005
+004,+005
+004,+005
+004,+005
+004,+005
+004,+005
+004,+005
+002,+005
+002,+005
+002,+005
+002,+005
+002,-004
+002,-004
+002,-004
+002,-004
+002,-004
+002,-004
+002,-004
+002,-004
+002,-004
+002,-004
+000,-004
+000,-004
+000,-004
+000,-004
+000,-004
+000,-004
+000,-004
+000,-004
+000,-004
+000,-004
+000,-004
+000,-004
+000,-004
+000,-004
+000,-004
+000,-004
+000,-004
+000,-004
+000,-004
+000,-004
+000,-004
+000,-004
+000,-004
+000,-004
+000,-004
+000,-004
+000,-004
+000,-004
+000,-004
+000,-004
+000,-004
+000,-004
+000,-004
+000,-004
+000,-004
+000,-004
+000,-004
+000,-003
+000,-003
+000,-003
+000,-003
+000,-003
+000,-003
+002,-003
+002,-003
+002,-003
+002,-003
+002,-003
+002,-003
+002,-003
+002,-003
+002,-003
+002,-003
+002,-003
+002,-003
+002,-003
+002,-003
+002,-003
+002,-003
+002,-003
+002,-003
+002,-003
+002,-003
+002,-003
+002,-003
+004,-003
+004,-003
+004,-003
+004,-003
+004,-003
+004,-003
+004,-003
+004,-003
+004,-003
+006,-003
+006,-003
+006,+005
+006,+005
+004,-004
+006,-004
+006,-004
+006,-004
+006,-004
+006,-004
+006,-004
+006,-003
+006,-003
+006,-003
+006,-003
+006,-003
+006,-002
+006,-002
+006,-002
+006,-002
+006,-002
+006,-001
+006,-001
+006,-001
+006,-001
+006,-001
+006,-001
+006,-001
+006,-001
+006,-001
+006,-001
+006,-001
+006,-001
+006,-000
+006,-000
+006,-000
+006,-000
+006,-000
+006,-000
+009,-000
+009,-000
+009,-000
+009,-000
+009,-000
+009,-003
+011,-003
+011,-003
+011,-003
+011,-002
+011,-002
+011,-002
+011,-002
+013,-002
+013,-002
+013,-002
+013,-002
+013,-001
+013,-001
+013,-001
+013,-001
+013,-001
+015,-001
+015,-001
+015,-001
+015,-001
+015,-000
+015,-000
+015,-000
+015,-000
+015,-001
+015,-001
+015,-001
+015,-001
+015,-001
+015,-002
+015,-002
+015,-002
+015,-003
+015,-003
+013,-004
+013,-004
+013,-004
+013,-005
+013,-005
+013,-005
+013,-005
+013,-005
+013,-005
+013,-005
+013,-005
+013,-005
+013,-005
+013,-005
+013,-005
+011,-005
+011,-005
+011,-005
+011,-005
+011,-005
+011,-005
+011,-005
+011,-005
+011,-005
+011,-005
+009,-005
+009,-005
+009,-005
+009,-002
+009,-002
+009,-002
+009,-002
+009,-002
+009,-002
+009,-002
+007,-002
+007,-002
+007,-002
+007,-002
+007,-002
+007,-002
+007,-002
+005,-002
+005,-002
+005,-002
+005,-002
+005,-002
+005,-002
+005,-002
+005,-002
+005,-002
+005,-002
+003,-001
+003,-001
+003,-001
+003,-001
+003,-001
+003,-001
+003,-001
+003,-001
+003,-001
+003,-001
+003,-001
+003,-001
+003,-001
+003,-001
+003,-001
+003,-001
+003,-001
+003,-001
+003,-001
+003,-001
+001,-001
+001,-001
+001,-001
+001,-001
+001,-001
+001,-001
+001,-001
+001,-001
+001,-001
+001,-001
+001,-004
+001,-003
+001,-003
+001,-003
+001,-003
+001,-003
+003,-003
+003,-003
+003,-002
+003,-002
+003,-002
+003,-002
+003,-002
+003,-002
+003,-002
+003,-002
+003,-002
+003,-002
+003,-002
+003,-002
+005,-002
+005,-002
+005,-002
+005,-002
+005,-002
+005,-002
+005,-002
+005,-002
+005,-002
+005,-002
+005,-002
+005,-002
+005,-002
+005,-002
+005,-002
+005,-001
+005,-001
+005,-001
+005,-001
+005,-001
+005,-001
+005,-001
+005,-001
+005,-001
+005,-001
+005,-001
+005,-001
+005,-001
+005,-001
+005,-001
+005,-001
+005,-001
+005,-001
+005,-001
+005,-001
+005,-001
+005,-001
+005,-001
+005,-001
+005,-001
+005,-001
+005,-001
+005,-001
+005,-001
+005,-001
+005,-001
+005,-001
+005,-001
+005,-001
+005,-001
+005,-001
+005,-001
+005,-001
+005,-001
+005,-001
+005,-001
+005,-001
+005,-001
+005,-001
+005,-001
+005,-001
+005,-001
+005,-001
+005,-001
+005,-001
+005,-001
+005,-001
+003,-001
+003,-001
+003,-001
+003,-001
+003,-001
+003,-001
+003,-001
+003,-001
+003,-001
+003,-004
+003,-004
+003,-004
+003,-004
+003,-004
+003,-004
+003,-004
+003,-004
+003,-004
+003,-004
+003,-004
+003,-004
+003,-004
+003,-004
+003,-004
+003,-004
+003,-004
+003,-004
+003,-004
+003,-004
+003,-004
+003,-004
+003,-004
+003,-004
+005,-004
+005,-004
+005,-004
+005,-004
+005,-004
+005,-004
+005,-004
+005,-004
+005,-004
+005,-004
+005,-004
+005,-004
+005,-004
+005,-004
+005,-004
+005,-004
+005,-004
+005,-004
+005,-004
+005,-004
+005,-004
+005,-004
+005,-004
+005,-004
+005,-004
+005,-004
+005,-004
+005,-004
+005,-004
+005,-004
+005,-004
+005,-004
+005,-004
+005,-004
+005,-004
+005,-004
+005,-004
+005,-004
+005,-004
+005,-004
+003,-004
+003,-004
+003,-004
+003,-004
+003,-004
+003,-004
+003,-004
+003,-004
+003,-004
+003,-004
+003,-004
+003,-004
+003,-004
+003,-004
+003,-004
+003,-004
+003,-004
+003,-004
+003,-004
+003,-004
+003,-004
+003,-004
+003,-004
+003,-004
+003,-004
+003,-004
+003,-004
+003,-004
+003,-004
+003,-004
+003,-004
+003,-004
+003,-004
+003,-004
+003,-004
+001,-004
+001,-004
+001,-004
+001,-004
+001,-004
+001,-004
+001,-004
+001,-004
+001,-004
+001,-004
+001,-004
+001,-004
+001,-004
+001,-004
+001,-004
+001,-004
+001,-004
+001,-004
+001,-004
+001,-004
+001,-004
+001,+006
+001,+006
+001,+006
+001,+006
+001,+006
+001,+006
+001,+006
+001,+006
+001,+006
+001,+006
+001,+006
+001,+006
+001,+006
+001,+006
+001,+006
+001,+006
+001,+006
+003,+006
+003,+006
+003,+006
+003,+006
+003,+006
+003,+006
+003,+006
+003,+006
+003,+008
+005,+008
+005,+008
+005,+008
+005,+008
+005,+008
+005,+008
+005,+008
+007,+008
+007,+008
+007,+008
+007,+008
+007,+008
+007,+008
+007,+008
+007,+008
+007,+010
+007,+010
+007,+010
+007,+010
+007,+010
+007,+010
+009,+010
+009,+010
+009,+010
+009,+010
+009,+010
+009,+010
+009,+010
+011,+010
+011,+010
+011,+010
+011,+010
+011,+010
+011,+010
+011,+010
+011,+010
+011,+010
+011,+010
+011,+010
+011,+010
+013,+010
+013,+010
+013,+010
+013,+010
+013,+010
+013,+010
+013,+010
+013,+010
+013,+010
+013,+010
+013,+010
+013,+010
+013,+010
+013,+010
+013,+010
+013,+010
+013,+010
+013,+010
+013,+010
+013,+010
+013,+010
+013,+010
+013,+010
+013,+010
+013,+010
+013,+010
+013,+010
+013,+010
+013,+010
+013,+010
+013,+008
+013,+008
+013,+008
+013,+008
+013,+008
+013,+008
+013,+008
+013,+008
+013,+008
+013,+008
+013,+008
+013,+008
+013,+008
+013,+008
+013,+008
+013,+008
+013,+008
+013,+008
+011,+008
+011,+008
+011,+008
+011,+010
+011,+010
+011,+010
+011,+010
+011,+010
+011,+010
+011,+010
+011,+010
+011,+010
+009,+010
+009,+010
+009,+010
+009,+010
+009,+010
+009,+010
+009,+010
+009,+010
+009,+010
+007,+010
+007,+010
+007,+010
+007,+010
+007,+010
+007,+010
+007,+010
+007,+010
+007,+010
+005,+008
+005,+008
+005,+008
+005,+008
+005,+008
+003,+008
+003,+008
+003,+008
+003,+008
+003,+008
+003,+008
+001,+008
+001,+008
+001,+008
+001,+008
+001,+008
+001,+008
+001,+008
+001,+008
+001,+008
+001,+008
+001,+008
+001,+006
+001,+006
+001,+006
+001,+006
+001,+006
+001,+006
+001,+006
+001,+006
+001,+006
+001,+006
+001,+006
+001,+006
+001,+006
+001,+006
+001,+006
+001,+006
+001,+006
+001,+006
+001,+006
+001,+006
+001,+006
+001,+006
+001,+006
+001,+006
+001,+006
+001,+006
+001,+005
+001,+005
+001,+005
+001,+005
+001,+005
+001,+005
+001,+005
+001,+005
+001,+005
+001,+005
+001,+005
+001,+005
+001,+005
+001,+005
+001,+005
+001,+005
+001,+005
+001,+005
+001,+005
+001,+005
+001,+005
+001,+005
+001,+005
+001,+005
+001,+005
+001,+005
+001,+005
+001,+005
+001,+005
+001,+005
+001,+005
+001,+005
+001,+005
+001,+005
+001,+005
+001,-004
+001,-004
+001,-004
+001,-004
+001,-004
+001,-004
+001,-004
+001,-004
+001,-004
+001,-004
+001,-004
+001,-004
+001,-004
+001,-004
+001,-004
+001,-003
+001,-003
+001,-003
+001,-003
+001,-002
+001,-002
+001,-002
+001,-001
+001,-001
+001,-001
+001,-001
+001,-001
+001,-001
+001,-000
+001,-000
+001,-000
+001,-000
+001,-000
+001,-000
+001,-000
+001,-000
+001,-000
+001,-000
+001,-000
+001,-000
+001,-000
+001,-000
+001,-000
+001,-000
+001,-000
+001,-000
+001,-000
+001,-000
+001,-000
+001,-000
+001,-000
+001,-000
+001,-000
+001,-000
+001,-000
+001,-000
+001,-000
+001,-000
+001,-000
+001,-000
+001,-003
+001,-002
+001,-002
+001,-002
+001,-002
+001,-002
+001,-002
+001,-002
+001,-002
+001,-002
+001,-002
+001,-002
+001,-002
+001,-002
+001,-002
+001,-002
+001,-002
+001,-001
+001,-001
+001,-001
+001,-001
+001,-001
+001,-001
+001,-001
+001,-001
+001,-001
+001,-001
+003,-001
+003,-001
+003,-001
+003,-001
+003,-001
+003,-001
+003,-001
+003,-001
+003,-001
+003,-001
+005,-001
+005,-001
+005,-001
+005,-001
+005,-001
+005,-001
+005,-001
+005,-001
+005,-001
+007,-001
+007,-001
+007,-001
+007,-001
+007,-001
+007,-001
+007,-001
+007,-001
+007,-001
+007,-001
+007,-001
+007,-001
+007,-001
+007,-001
+007,-001
+007,-001
+007,-001
+007,-001
+007,-000
+007,-000
+007,-000
+007,-000
+007,-001
+007,-001
+007,-001
+007,-001
+007,-001
+007,-001
+007,-002
+007,-002
+007,-002
+007,-002
+007,-003
+007,-003
+007,-003
+007,-004
+007,-005
+007,-005
+007,-005
+007,-005
+007,-005
+007,-005
+007,-005
+007,-005
+007,-005
+007,-005
+007,-005
+007,-005
+007,-005
+007,-005
+007,-005
+007,-005
+007,-005
+007,-005
+007,-005
+007,-005
+007,-005
+007,-005
+007,-005
+007,-005
+007,-005
+007,-005
+007,-005
+007,-005
+007,-005
+007,-005
+007,-005
+007,-005
+007,-005
+007,-005
+007,-002
+007,-003
+007,-003
+009,-003
+009,-003
+009,-003
+009,-003
+009,-003
+009,-003
+009,-003
+009,-003
+009,-003
+009,-003
+009,-003
+009,-003
+009,-003
+009,-003
+009,-003
+009,-003
+009,-003
+009,-003
+009,-003
+009,-003
+009,-003
+009,-003
+009,-003
+007,-003
+007,-003
+007,-003
+007,-003
+007,-003
+007,-003
+007,-003
+007,-003
+007,-003
+007,-003
+007,-003
+007,-003
+007,-003
+007,-003
+007,-003
+007,-003
+007,-003
+007,-003
+007,-003
+007,-003
+007,-003
+007,-003
+007,-003
+007,-003
+007,-003
+007,-003
+007,-003
+007,-003
+007,-003
+007,-003
+007,-003
+007,-003
+007,-003
+007,-003
+007,-003
+007,-003
+007,-003
+007,-003
+007,-003
+007,-003
+007,-003
+007,-003
+007,-003
+007,-003
+007,-003
+007,-003
+007,-003
+007,-003
+007,-003
+007,-003
+007,-003
+007,-003
+007,-003
+005,-003
+005,-003
+005,-003
+005,-003
+005,-003
+005,-003
+005,-003
+005,-003
+003,-003
+003,-003
+003,-003
+003,-003
+003,-003
+003,-003
+003,-003
+003,-003
+003,-003
+003,-003
+003,-003
+003,-003
+003,-003
+003,-003
+003,-003
+001,-003
+001,-003
+001,-003
+001,-003
+001,-003
+001,-003
+001,-003
+001,-003
+001,-003
+001,-003
+001,-003
+001,-003
+001,-003
+001,-003
+001,-003
+001,-003
+001,-003
+001,-003
+001,-003
+001,-003
+001,-003
+001,-003
+001,-003
+001,-003
+001,-003
+001,-003
+001,-003
+001,-003
+001,-003
+001,-003
+001,-003
+001,-003
+001,-003
+001,-003
+001,-003
+001,-003
+001,-003
+001,-003
+001,-003
+001,-003
+001,-004
+001,-004
+001,-004
+001,-004
+001,-004
+001,-004
+001,-004
+001,-005
+001,-005
+001,-005
+001,-005
+001,-005
+001,-005
+001,-005
+001,-006
+001,-006
+001,-006
+001,-006
+001,-006
+001,-006
+001,-006
+001,-006
+001,-006
+001,-006
+001,-007
+001,-007
+001,-007
+001,-007
+001,-007
+003,-007
+003,-008
+003,-008
+003,-008
+003,-008
+003,-008
+003,-008
+003,-008
+003,-008
+003,-008
+003,-008
+003,-008
+003,-008
+003,-008
+003,-008
+003,-008
+003,-008
+003,-008
+003,-008
+003,-008
+003,-008
+003,-008
+003,-008
+003,-008
+003,-008
+001,-008
+001,-008
+001,-008
+001,-008
+001,-008
+001,-008
+001,-008
+001,-008
+001,-008
+001,-008
+001,-008
+001,-008
+001,-008
+001,-008
+001,-008
+001,-008
+001,-009
+001,-009
+001,-009
+001,-009
+001,-009
+001,-009
+001,-009
+001,-009
+001,-009
+001,-009
+001,-009
+001,-009
+001,-009
+001,-009
+001,-009
+001,-009
+001,-009
+001,-009
+001,-009
+001,-006
+001,-006
+001,-006
+001,-006
+001,-006
+001,-006
+001,-006
+001,-006
+001,-006
+001,-006
+001,-006
+001,-006
+001,-006
+001,-006
+001,-006
+001,-006
+001,-006
+001,-006
+001,-006
+001,-006
+001,-006
+001,-006
+001,-006
+001,-003
+001,-004
+001,-004
+001,-004
+003,-004
+003,-004
+003,-004
+003,-004
+003,-004
+003,-004
+003,-004
+003,-004
+003,-004
+003,-004
+003,-004
+003,-004
+003,-004
+003,-004
+003,-004
+003,-004
+003,-004
+003,-004
+003,-004
+003,-004
+003,-005
+003,-005
+003,-005
+003,-005
+003,-005
+003,-006
+003,-006
+003,-006
+003,-006
+003,-006
+003,-006
+003,-006
+003,-006
+003,-006
+003,-006
+003,-006
+003,-007
+003,-007
+003,-007
+003,-007
+003,-007
+003,-007
+003,-007
+003,-008
+003,-008
+003,-008
+001,-009
+001,-009
+001,-009
+001,-009
+001,-010
+001,-011
+001,-011
+001,-011
+001,-011
+001,-011
+001,-011
+001,-011
+001,-011
+001,-011
+001,-011
+001,-011
+001,-011
+001,-011
+001,-011
+001,-011
+001,-011
+001,-011
+001,-011
+001,-011
+001,-011
+001,-011
+001,-011
+001,-011
+001,-011
+001,-011
+001,-011
+001,-011
+001,-011
+001,-011
+001,-011
+001,-011
+001,-011
+001,-011
+001,-011
+001,-011
+001,-008
+001,-008
+001,-008
+001,-008
+001,-008
+001,-008
+001,-008
+001,-008
+001,-008
+001,-008
+001,-008
+001,-008
+001,-008
+001,-008
+001,-008
+001,-008
+001,-008
+001,-008
+001,-005
+001,-005
+001,-005
+001,-005
+001,-005
+001,-005
+001,-005
+001,-005
+001,-005
+001,-005
+001,-005
+001,-005
+001,-005
+001,-005
+001,-005
+001,-005
+001,-005
+001,-005
+001,-005
+001,-005
+001,-005
+001,-005
+001,-005
+001,-005
+001,-005
+001,-005
+001,-005
+001,-005
+001,-005
+001,-005
+001,-005
+001,-005
+001,-005
+001,-005
+001,-005
+001,-005
+001,-005
+001,-005
+001,-005
+001,-005
+001,-005
+001,-005
+001,-005
+001,-005
+001,-005
+001,-005
+001,-005
+001,-005
+001,-005
+001,-005
+001,-005
+001,-005
+001,-005
+001,-005
+001,-005
+001,-005
+001,-005
+001,-005
+001,-005
+001,-005
+001,-005
+001,-005
+001,-005
+001,-005
+001,-005
+001,-005
+001,-005
+001,-005
+001,-005
+001,-005
+001,-005
+001,-005
+001,-002
+001,-003
+001,-003
+001,-003
+001,-003
+001,-003
+001,-003
+001,-003
+001,-003
+001,-003
+001,-003
+001,-003
+001,-003
+001,-003
+001,-003
+001,-003
+001,-003
+001,-003
+001,-000
+001,-001
+003,-001
+003,-001
+003,-001
+003,-001
+003,-001
+003,-001
+005,-001
+005,-002
+005,-001
+005,-001
+005,-001
+005,-001
+005,-001
+005,-001
+005,-001
+005,-001
+007,-001
+007,-001
+007,-001
+007,-001
+007,-001
+007,-001
+007,-001
+007,-001
+007,-001
+007,-001
+007,-001
+007,-001
+007,-001
+007,-001
+009,-001
+009,-001
+009,-001
+009,-004
+009,-004
+009,-004
+009,-004
+009,-004
+009,-004
+009,-004
+009,-004
+009,-004
+009,-004
+009,-004
+009,+006
+009,+006
+009,+006
+009,+006
+009,+006
+009,+006
+009,+006
+009,+006
+009,+006
+009,+006
+009,+006
+009,+006
+009,+006
+009,+006
+009,+006
+009,+006
+009,+008
+009,+008
+009,+008
+009,+008
+009,+008
+009,+008
+009,+008
+009,+008
+009,+008
+009,+008
+009,+008
+009,+008
+009,+008
+009,+008
+009,+008
+009,+008
+009,+008
+009,+008
+009,+008
+009,+008
+009,+008
+009,+008
+009,+008
+009,+008
+009,+008
+007,+008
+007,+008
+007,+008
+007,+008
+007,+008
+007,+008
+007,+008
+007,+008
+007,+008
+007,+008
+007,+008
+007,+008
+007,+008
+007,+008
+007,+008
+007,+008
+007,+008
+007,+010
+007,+010
+007,+010
+007,+010
+007,+010
+007,+010
+007,+010
+007,+010
+007,+010
+007,+010
+007,+010
+007,+010
+007,+010
+007,+010
+007,+010
+007,+010
+007,+010
+007,+010
+007,+010
+007,+010
+007,+010
+007,+010
+007,+010
+007,+010
+007,+010
+007,+010
+007,+010
+007,+010
+009,+010
+009,+010
+009,+010
+009,+010
+009,+010
+009,+010
+009,+010
+009,+010
+009,+010
+009,+010
+009,+010
+009,+010
+009,+010
+009,+010
+009,+010
+009,+010
+009,+010
+009,+010
+009,+010
+009,+010
+009,+010
+009,+010
+009,+010
+009,+010
+009,+010
+009,+010
+009,+010
+009,+010
+009,+010
+009,+010
+009,+010
+009,+010
+009,+010
+009,+010
+009,+010
+009,+010
+009,+010
+009,+010
+009,+010
+009,+010
+009,+010
+009,+010
+009,+010
+009,+010
+009,+010
+009,+010
+009,+010
+009,+010
+009,+010
+009,+010
+009,+010
+009,+010
+009,+010
+009,+010
+009,+010
+009,+010
+009,+010
+009,+010
+009,+010
+009,+010
+009,+010
+009,+010
+009,+010
+009,+010
+009,+010
+009,+010
+009,+010
+009,+012
+009,+012
+009,+012
+009,+012
+009,+012
+009,+012
+009,+012
+009,+012
+009,+012
+009,+012
+009,+012
+009,+012
+009,+012
+009,+012
+009,+012
+009,+012
+009,+012
+009,+012
+009,+012
+009,+012
+011,+012
+011,+012
+011,+012
+011,+012
+011,+012
+011,+012
+011,+012
+011,+014
+011,+014
+013,+014
+013,+014
+013,+014
+013,+014
+013,+014
+013,+014
+013,+014
+013,+014
+013,+014
+013,+014
+015,+014
+015,+014
+015,+014
+015,+014
+015,+014
+015,+014
+015,+014
+015,+014
+015,+014
+015,+014
+015,+014
+015,+014
+015,+014
+015,+014
+015,+014
+015,+014
+015,+014
+015,+014
+015,+014
+015,+014
+015,+014
+015,+014
+015,+014
+015,+014
+015,+014
+015,+014
+015,+014
+015,+014
+015,+012
+015,+012
+015,+012
+015,+012
+015,+012
+015,+012
+015,+012
+015,+012
+015,+012
+015,+012
+015,+012
+015,+012
+015,+012
+015,+012
+015,+012
+015,+012
+015,+012
+015,+012
+015,+010
+015,+010
+015,+010
+015,+010
+015,+010
+015,+010
+015,+010
+015,+010
+015,+010
+015,+010
+015,+010
+015,+010
+015,+010
+015,+010
+015,+010
+015,+008
+015,+008
+015,+008
+015,+008
+013,+008
+013,+008
+013,+008
+013,+008
+013,+008
+013,+008
+013,+008
+011,+008
+011,+008
+011,+008
+011,+008
+011,+008
+011,+008
+011,+008
+011,+008
+011,+008
+011,+008
+011,+008
+011,+008
+011,+008
+011,+008
+011,+008
+011,+008
+011,+008
+011,+008
+011,+008
+011,+008
+011,+008
+011,+008
+011,+008
+011,+008
+011,+008
+011,+008
+011,+008
+011,+008
+011,+008
+011,+008
+011,+008
+011,+008
+011,+008
+011,+008
+011,+008
+011,+008
+011,+008
+011,+008
+011,+008
+011,+010
+011,+010
+011,+010
+011,+010
+011,+010
+011,+010
+011,+010
+011,+010
+011,+010
+011,+010
+011,+010
+009,+010
+009,+010
+009,+010
+009,+010
+009,+010
+009,+010
+009,+010
+009,+010
+009,+010
+009,+010
+009,+010
+009,+010
+009,+010
+009,+010
+009,+010
+009,+010
+009,+010
+009,+010
+009,+010
+009,+010
+009,+010
+009,+010
+009,+010
+009,+010
+009,+010
+009,+010
+009,+010
+009,+010
+009,+010
+009,+010
+009,+008
+009,+008
+009,+008
+009,+008
+009,+008
+009,+008
+009,+008
+007,+008
+007,+008
+007,+008
+007,+008
+007,+008
+007,+008
+007,+008
+007,+008
+007,+008
+007,+008
+007,+008
+007,+008
+007,+008
+007,+008
+007,+008
+007,+008
+007,+008
+007,+008
+007,+008
+007,+008
+007,+008
+007,+008
+007,+008
+005,+008
+005,+008
+005,+008
+005,+006
+005,+006
+005,+006
+005,+006
+005,+006
+005,+006
+005,+006
+005,+006
+005,+006
+005,+006
+005,+006
+005,+006
+005,+006
+005,+006
+005,+006
+005,+006
+005,+006
+005,+006
+005,+006
+005,+006
+005,+006
+005,+006
+005,+006
+005,+006
+005,+006
+005,+006
+005,+006
+005,+006
+005,+006
+005,+006
+005,+006
+005,+006
+005,+006
+005,+006
+005,+006
+005,+006
+005,+006
+005,+006
+005,+006
+005,+006
+005,+006
+005,+006
+005,+006
+005,+006
+005,+006
+005,+006
+005,+008
+005,+008
+005,+008
+005,+008
+005,+008
+005,+008
+005,+008
+005,+008
+005,+008
+005,+008
+005,+008
+005,+008
+005,+008
+005,+008
+005,+008
+005,+008
+005,+008
+005,+008
+005,+008
+005,+008
+005,+008
+005,+008
+005,+008
+005,+008
+005,+008
+005,+008
+005,+008
+005,+008
+005,+008
+005,+008
+005,+008
+005,+008
+005,+008
+005,+008
+005,+008
+005,+008
+005,+008
+005,+008
+005,+008
+005,+008
+005,+008
+005,+008
+005,+008
+005,+008
+005,+008
+007,+008
+007,+008
+007,+008
+007,+008
+007,+008
+007,+008
+007,+008
+007,+008
+007,+008
+007,+008
+007,+008
+007,+008
+007,+008
+007,+008
+007,+008
+007,+008
+007,+008
+007,+008
+007,+008
+007,+008
+007,+008
+007,+008
+007,+008
+007,+008
+007,+008
+007,+008
+007,+008
+007,+008
+007,+008
+007,+008
+007,+008
+007,+008
+007,+008
+007,+008
+007,+008
+007,+008
+007,+008
+007,+008
+007,+010
+007,+010
+007,+010
+007,+010
+007,+010
+007,+010
+007,+010
+007,+010
+007,+010
+007,+010
+007,+010
+007,+010
+007,+010
+007,+012
+007,+012
+007,+012
+009,+012
+009,+012
+009,+012
+009,+012
+009,+012
+009,+012
+009,+012
+009,+012
+009,+012
+009,+012
+009,+012
+009,+012
+009,+012
+009,+012
+009,+012
+009,+012
+009,+012
+009,+012
+009,+012
+009,+012
+009,+012
+009,+012
+009,+012
+009,+012
+009,+012
+009,+012
+009,+012
+009,+012
+009,+012
+009,+012
+009,+012
+009,+012
+009,+012
+009,+012
+011,+012
+011,+012
+011,+012
+011,+012
+011,+012
+011,+012
+011,+012
+011,+012
+011,+012
+011,+012
+011,+012
+011,+012
+011,+012
+011,+012
+011,+012
+011,+012
+011,+012
+011,+012
+011,+012
+011,+014
+011,+014
+011,+014
+011,+014
+011,+014
+011,+014
+013,+014
+013,+014
+013,+014
+013,+014
+013,+014
+013,+014
+013,+014
+013,+014
+015,+014
+015,+014
+015,+014
+015,+014
+015,+014
+015,+014
+015,+014
+015,+014
+015,+014
+015,+014
+015,+014
+015,+014
+015,+014
+017,+014
+017,+014
+017,+014
+017,+014
+017,+014
+017,+014
+017,+014
+017,+014
+019,+014
+019,+014
+019,+014
+019,+014
+019,+014
+019,+014
+019,+012
+019,+012
+019,+012
+019,+012
+019,+012
+019,+012
+019,+012
+019,+012
+019,+012
+019,+012
+019,+012
+019,+012
+019,+012
+019,+012
+019,+012
+019,+012
+019,+012
+019,+012
+019,+012
+019,+012
+019,+012
+019,+012
+019,+012
+019,+012
+019,+012
+019,+012
+019,+012
+019,+012
+019,+012
+019,+012
+019,+012
+019,+012
+019,+012
+019,+012
+019,+012
+019,+012
+019,+012
+019,+012
+019,+012
+017,+012
+017,+012
+017,+012
+017,+012
+017,+012
+017,+012
+017,+012
+017,+014
+017,+014
+017,+014
+017,+014
+017,+014
+015,+014
+015,+014
+015,+014
+015,+014
+015,+014
+015,+014
+015,+014
+015,+014
+015,+014
+015,+014
+015,+014
+015,+014
+015,+014
+013,+014
+013,+014
+013,+014
+013,+014
+013,+014
+013,+014
+013,+014
+013,+014
+013,+014
+013,+014
+013,+014
+013,+014
+013,+014
+013,+014
+013,+014
+013,+014
+013,+016
+013,+016
+013,+016
+015,+016
+015,+016
+015,+016
+015,+016
+015,+016
+015,+016
+015,+016
+015,+016
+015,+016
+015,+016
+015,+016
+015,+016
+015,+016
+015,+016
+015,+016
+015,+016
+015,+016
+017,+016
+017,+016
+017,+016
+017,+016
+017,+016
+017,+016
+017,+016
+017,+016
+017,+016
+017,+016
+017,+016
+017,+016
+017,+016
+019,+016
+019,+016
+019,+016
+019,+016
+019,+016
+019,+016
+019,+016
+019,+016
+019,+016
+019,+016
+019,+016
+019,+016
+019,+016
+019,+016
+019,+016
+021,+016
+021,+016
+021,+016
+021,+016
+021,+016
+021,+016
+021,+016
+021,+016
+021,+016
+021,+016
+021,+016
+021,+016
+021,+016
+021,+016
+021,+016
+021,+016
+021,+016
+021,+016
+021,+016
+021,+016
+021,+016
+021,+016
+021,+016
+021,+016
+021,+016
+021,+016
+021,+016
+021,+016
+021,+016
+021,+016
+021,+016
+021,+016
+021,+016
+021,+016
+021,+016
+021,+016
+021,+016
+021,+016
+021,+016
+021,+016
+021,+016
+021,+016
+021,+016
+021,+016
+021,+016
+021,+016
+021,+016
+021,+016
+021,+016
+021,+016
+021,+016
+021,+016
+021,+018
+021,+018
+021,+018
+021,+018
+021,+018
+021,+018
+021,+018
+021,+018
+021,+018
+021,+018
+021,+018
+021,+018
+021,+018
+021,+020
+021,+020
+021,+020
+021,+020
+021,+020
+021,+020
+021,+020
+021,+020
+021,+020
+021,+020
+021,+020
+021,+020
+021,+020
+021,+020
+021,+020
+021,+020
+021,+020
+021,+022
+021,+022
+021,+022
+021,+022
+021,+022
+021,+022
+021,+022
+021,+022
+021,+022
+021,+022
+021,+022
+021,+022
+021,+022
+021,+022
+021,+022
+021,+022
+021,+022
+021,+022
+019,+022
+019,+022
+019,+022
+019,+022
+019,+022
+019,+022
+019,+022
+019,+022
+019,+022
+019,+022
+019,+022
+019,+022
+019,+022
+017,+022
+017,+024
+015,+024
+015,+024
+015,+024
+015,+024
+015,+026
+015,+026
+015,+026
+015,+026
+015,+026
+015,+026
+015,+026
+015,+026
+015,+026
+015,+026
+015,+026
+015,+026
+015,+026
+015,+026
+015,+026
+015,+026
+015,+026
+015,+026
+015,+026
+015,+026
+015,+026
+015,+026
+015,+026
+015,+026
+015,+026
+015,+026
+015,+026
+015,+026
+015,+026
+015,+026
+015,+026
+015,+026
+015,+026
+015,+026
+015,+026
+015,+026
+015,+026
+015,+026
+015,+026
+015,+026
+015,+026
+015,+026
+015,+026
+015,+026
+015,+028
+015,+028
+015,+028
+015,+028
+015,+028
+015,+028
+015,+028
+015,+028
+015,+028
+015,+026
+015,+026
+015,+026
+015,+026
+017,+026
+017,+026
+017,+026
+017,+024
+017,+024
+019,+024
+019,+024
+019,+024
+019,+022
+019,+022
+019,+022
+019,+022
+019,+022
+019,+022
+019,+022
+019,+022
+019,+022
+019,+022
+019,+022
+019,+022
+019,+022
+019,+022
+019,+020
+019,+020
+019,+020
+019,+020
+019,+020
+019,+020
+019,+020
+019,+020
+017,+020
+017,+020
+017,+020
+017,+020
+017,+020
+017,+020
+017,+020
+017,+018
+017,+018
+017,+018
+017,+018
+017,+018
+017,+018
+017,+018
+017,+018
+017,+018
+017,+018
+017,+018
+015,+018
+015,+018
+015,+016
+015,+016
+015,+016
+015,+016
+015,+016
+015,+016
+015,+016
+015,+016
+015,+014
+015,+014
+015,+014
+015,+014
+013,+014
+013,+014
+013,+014
+013,+014
+013,+014
+013,+014
+013,+012
+013,+012
+013,+012
+013,+012
+013,+012
+013,+012
+013,+012
+013,+012
+013,+012
+013,+012
+011,+012
+011,+012
+011,+012
+011,+012
+011,+012
+011,+012
+011,+012
+011,+012
+011,+012
+011,+012
+011,+012
+011,+012
+011,+012
+011,+012
+011,+012
+011,+012
+011,+012
+011,+012
+011,+012
+011,+012
+011,+012
+011,+012
+011,+012
+011,+012
+011,+012
+011,+012
+011,+012
+011,+012
+011,+012
+011,+012
+011,+012
+011,+012
+011,+012
+011,+012
+011,+012
+009,+012
+009,+012
+009,+012
+009,+012
+009,+012
+009,+012
+009,+012
+009,+012
+009,+012
+009,+012
+009,+012
+009,+012
+009,+012
+009,+012
+009,+012
+009,+012
+009,+012
+009,+012
+009,+012
+009,+012
+009,+012
+009,+012
+009,+012
+009,+012
+009,+012
+009,+012
+009,+012
+009,+012
+009,+012
+009,+012
+009,+012
+009,+012
+009,+012
+009,+012
+009,+012
+009,+012
+009,+012
+009,+012
+009,+012
+009,+012
+009,+012
+009,+012
+009,+012
+009,+012
+009,+012
+009,+010
+009,+010
+009,+010
+009,+010
+009,+010
+009,+010
+009,+010
+009,+010
+009,+010
+009,+010
+009,+010
+009,+010
+009,+010
+009,+010
+009,+010
+009,+010
+009,+010
+009,+010
+009,+010
+009,+010
+009,+008
+009,+008
+009,+008
+009,+008
+009,+008
+009,+008
+007,+008
+007,+008
+007,+008
+007,+008
+007,+008
+007,+008
+007,+008
+007,+008
+007,+008
+007,+008
+007,+008
+007,+008
+007,+008
+007,+008
+007,+008
+007,+006
+007,+006
+007,+006
+007,+006
+007,+006
+007,+006
+007,+006
+007,+006
+007,+006
+007,+006
+007,+006
+007,+005
+007,+005
+007,+005
+007,+005
+007,+005
+007,+005
+007,+005
+007,+005
+007,+005
+007,+005
+007,+005
+007,+005
+007,-004
+007,-004
+007,-004
+005,-004
+005,-004
+005,-004
+005,-004
+005,-004
+005,-004
+005,-004
+005,-004
+005,-004
+005,-004
+005,-004
+005,-004
+003,-004
+003,-004
+003,-004
+003,-004
+003,-004
+003,-004
+003,-004
+003,-004
+003,-004
+003,-004
+003,-004
+003,-004
+001,-004
+001,-004
+001,-004
+001,-004
+001,-004
+001,-004
+001,-004
+001,-004
+001,-004
+001,-004
+001,-004
+001,-004
+001,-004
+001,-004
+001,+006
+004,+006
+004,+006
+004,+008
+004,+008
+004,+006
+004,+006
+004,+006
+006,+006
+006,+006
+006,+006
+006,+006
+006,+006
+006,+006
+006,+006
+006,+006
+006,+008
+006,+008
+006,+008
+006,+008
+006,+008
+006,+008
+006,+008
+006,+008
+006,+008
+006,+008
+006,+010
+006,+010
+006,+010
+006,+010
+006,+010
+004,+010
+004,+010
+004,+010
+004,+010
+004,+010
+004,+010
+004,+010
+004,+010
+004,+010
+002,+010
+002,+010
+002,+010
+002,+012
+002,+012
+002,+012
+002,+012
+002,+012
+002,+012
+000,+012
+000,+012
+000,+012
+000,+012
+000,+012
+000,+012
+000,+012
+002,+012
+002,+012
+002,+012
+002,+012
+002,+012
+004,+012
+004,+012
+004,+012
+004,+012
+004,+012
+004,+012
+004,+012
+004,+010
+004,+012
+004,+012
+004,+012
+004,+012
+004,+010
+004,+010
+004,+010
+004,+010
+004,+010
+004,+010
+004,+010
+006,+010
+004,+010
+004,+010
+004,+010
+004,+012
+004,+012
+004,+012
+004,+012
+004,+012
+004,+012
+004,+012
+004,+012
+004,+012
+004,+012
+004,+010
+004,+010
+004,+010
+006,+010
+006,+010
+006,+010
+006,+010
+006,+010
+006,+010
+006,+010
+006,+010
+006,+010
+006,+010
+006,+010
+006,+010
+006,+010
+006,+010
+006,+010
+006,+010
+006,+010
+006,+010
+006,+010
+006,+010
+006,+010
+006,+010
+006,+010
+006,+010
+006,+010
+006,+010
+006,+010
+006,+010
+006,+010
+006,+010
+006,+010
+006,+010
+006,+010
+006,+010
+006,+010
+006,+010
+006,+010
+006,+010
+006,+010
+006,+010
+006,+010
+006,+010
+006,+010
+006,+010
+006,+010
+006,+010
+006,+010
+006,+010
+006,+010
+006,+010
+006,+010
+006,+010
+006,+010
+006,+010
+006,+010
+006,+010
+006,+010
+006,+010
+006,+010
+006,+010
+006,+010
+006,+010
+006,+010
+006,+010
+006,+010
+006,+010
+008,+010
+008,+010
+008,+010
+008,+012
+008,+012
+008,+012
+008,+012
+008,+012
+008,+012
+008,+012
+008,+012
+008,+012
+008,+012
+008,+012
+008,+012
+008,+014
+008,+014
+006,+014
+006,+016
+006,+016
+006,+016
+006,+016
+006,+016
+006,+016
+006,+016
+006,+016
+006,+016
+006,+018
+006,+018
+006,+018
+006,+018
+006,+018
+006,+018
+006,+018
+006,+018
+006,+018
+006,+018
+006,+018
+006,+018
+006,+018
+006,+018
+006,+018
+006,+018
+006,+018
+006,+018
+006,+018
+006,+018
+006,+018
+006,+018
+006,+018
+006,+018
+006,+018
+004,+018
+004,+018
+004,+018
+004,+018
+004,+018
+004,+018
+004,+018
+004,+018
+004,+018
+004,+018
+004,+018
+004,+018
+004,+018
+004,+018
+004,+018
+004,+018
+004,+018
+004,+018
+006,+018
+006,+018
+006,+018
+006,+018
+006,+018
+006,+018
+006,+018
+006,+018
+006,+018
+006,+018
+006,+018
+006,+018
+006,+018
+006,+018
+006,+018
+006,+018
+006,+018
+006,+018
+006,+018
+006,+018
+006,+018
+006,+018
+006,+018
+006,+018
+006,+018
+006,+018
+006,+018
+006,+018
+006,+018
+006,+018
+006,+018
+006,+018
+006,+018
+006,+018
+006,+018
+006,+018
+006,+018
+006,+018
+006,+018
+006,+018
+006,+018
+006,+018
+006,+018
+006,+018
+006,+018
+006,+018
+006,+018
+006,+018
+006,+018
+006,+018
+006,+018
+006,+018
+006,+018
+006,+018
+008,+018
+008,+018
+008,+018
+008,+018
+008,+018
+008,+018
+008,+018
+008,+018
+006,+018
+006,+018
+006,+018
+006,+018
+006,+018
+006,+018
+006,+018
+006,+018
+006,+018
+006,+018
+006,+018
+006,+018
+006,+018
+006,+018
+006,+018
+006,+018
+006,+018
+006,+018
+006,+018
+006,+018
+006,+018
+006,+018
+006,+018
+006,+018
+006,+018
+006,+018
+006,+018
+006,+018
+006,+018
+006,+018
+006,+018
+006,+018
+006,+018
+006,+018
+006,+018
+006,+018
+006,+018
+006,+018
+006,+018
+006,+018
+006,+018
+006,+018
+006,+018
+006,+018
+004,+018
+004,+018
+004,+018
+004,+018
+004,+018
+004,+018
+004,+018
+004,+018
+004,+018
+004,+018
+004,+018
+004,+018
+004,+018
+004,+018
+004,+018
+004,+018
+004,+018
+004,+018
+004,+018
+004,+018
+004,+018
+004,+018
+004,+018
+004,+018
+004,+018
+004,+018
+004,+018
+004,+018
+004,+018
+004,+016
+004,+016
+004,+016
+004,+016
+004,+016
+004,+016
+006,+014
+006,+014
+006,+014
+006,+014
+006,+014
+008,+012
+008,+014
+008,+012
+008,+012
+008,+012
+008,+012
+008,+012
+008,+012
+008,+012
+008,+012
+008,+012
+008,+012
+008,+012
+008,+012
+008,+012
+008,+012
+008,+012
+008,+012
+008,+012
+008,+012
+008,+012
+010,+012
+010,+012
+010,+012
+010,+012
+010,+012
+010,+012
+010,+012
+010,+012
+010,+012
+010,+012
+010,+012
+010,+012
+010,+012
+010,+012
+010,+012
+010,+012
+010,+012
+010,+012
+010,+012
+010,+012
+010,+012
+010,+012
+010,+012
+010,+012
+010,+012
+010,+012
+010,+012
+010,+012
+010,+012
+010,+012
+010,+012
+010,+012
+008,+012
+008,+012
+008,+012
+008,+012
+008,+012
+008,+012
+008,+012
+008,+012
+008,+012
+008,+012
+008,+012
+008,+012
+008,+012
+008,+012
+008,+012
+008,+012
+008,+012
+008,+012
+006,+012
+006,+012
+006,+012
+004,+014
+004,+014
+004,+014
+004,+014
+004,+014
+004,+014
+004,+014
+004,+014
+004,+014
+002,+014
+002,+014
+002,+014
+002,+016
+002,+016
+002,+016
+002,+016
+002,+016
+002,+016
+002,+016
+002,+016
+002,+016
+002,+016
+002,+016
+002,+016
+002,+016
+002,+016
+002,+016
+002,+016
+002,+016
+004,+016
+004,+016
+004,+016
+004,+016
+004,+016
+004,+016
+004,+016
+004,+016
+006,+014
+006,+014
+006,+014
+008,+014
+008,+014
+008,+012
+008,+012
+008,+012
+008,+012
+008,+012
+008,+012
+008,+012
+008,+012
+008,+012
+008,+012
+008,+012
+008,+012
+010,+012
+010,+012
+010,+012
+010,+012
+010,+012
+010,+012
+010,+012
+010,+012
+010,+010
+010,+010
+010,+010
+010,+010
+010,+010
+010,+010
+010,+010
+010,+010
+010,+010
+010,+010
+008,+010
+008,+010
+008,+010
+008,+010
+008,+010
+008,+010
+008,+008
+008,+008
+008,+008
+008,+008
+008,+008
+008,+008
+008,+008
+008,+008
+008,+008
+008,+008
+008,+008
+008,+008
+008,+008
+008,+008
+008,+008
+008,+008
+008,+008
+008,+008
+008,+008
+008,+008
+008,+008
+008,+006
+008,+006
+008,+006
+008,+006
+008,+006
+008,+006
+008,+006
+008,+006
+008,+006
+008,+006
+008,+006
+008,+006
+008,+006
+008,+006
+008,+006
+008,+006
+008,+006
+008,+006
+008,+006
+008,+006
+008,+006
+008,+008
+008,+008
+008,+008
+008,+008
+008,+008
+008,+008
+008,+008
+008,+008
+008,+008
+008,+008
+008,+008
+008,+008
+008,+008
+008,+008
+008,+008
+008,+008
+008,+008
+008,+008
+008,+008
+008,+008
+008,+008
+008,+008
+008,+008
+008,+008
+008,+008
+008,+008
+008,+008
+008,+008
+008,+008
+008,+008
+008,+008
+008,+008
+008,+008
+006,+008
+006,+008
+006,+008
+006,+008
+006,+008
+006,+008
+006,+008
+006,+008
+006,+008
+006,+008
+006,+008
+006,+008
+006,+008
+006,+008
+006,+008
+006,+008
+006,+008
+006,+008
+006,+008
+006,+008
+006,+008
+006,+008
+006,+008
+006,+008
+006,+008
+006,+008
+006,+008
+006,+008
+006,+008
+006,+008
+006,+008
+006,+008
+006,+008
+006,+008
+006,+008
+006,+008
+006,+008
+006,+008
+006,+008
+006,+008
+006,+008
+006,+008
+006,+008
+006,+008
+006,+010
+006,+010
+006,+010
+006,+010
+006,+010
+006,+010
+006,+010
+006,+010
+006,+010
+006,+010
+006,+010
+006,+010
+006,+010
+006,+010
+006,+010
+006,+010
+006,+010
+006,+010
+006,+010
+006,+010
+006,+010
+006,+010
+006,+010
+006,+010
+006,+010
+006,+010
+006,+010
+006,+010
+006,+010
+006,+010
+006,+010
+004,+010
+004,+010
+004,+012
+004,+012
+004,+012
+002,+014
+002,+014
+002,+014
+002,+014
+002,+014
+002,+014
+002,+014
+002,+014
+002,+014
+002,+014
COP Area(S): 000266
COP Area(R): 000422