+000,+000
+000,-002
+000,-003
+000,-003
+000,-004
+000,-004
+000,-005
+000,-005
+000,-005
+000,-006
+000,-006
+002,-006
+002,-007
+002,-007
+002,-007
+002,-007
+002,-007
+002,-007
+004,-008
+004,-009
+004,-009
+006,-010
+006,-010
+006,-010
+008,-010
+008,-010
+008,-010
+008,-010
+008,-010
+010,-010
+010,-010
+010,-010
+010,-010
+010,-010
+010,-007
+010,-007
+010,-007
+012,-007
+012,-007
+012,-007
+012,-007
+012,-007
+012,-007
+012,-007
+014,-007
+014,-007
+014,-007
+014,-007
+014,-007
+014,-007
+014,-004
+016,-004
+016,-004
+016,-004
+016,-004
+016,-004
+016,-004
+017,-004
-018,-001
-018,-001
-019,-002
-020,-002
-021,-002
-022,-002
-023,-002
-024,+000
-025,+000
-026,+000
-027,+002
-028,+002
-029,+002
-030,+002
-031,+002
-031,+002
-032,+002
-033,+002
-034,+002
-035,+002
-035,+002
-036,+002
-036,+002
-036,+002
-036,+002
-036,+002
-037,+002
-037,+002
-037,+002
-037,+002
-037,+002
-037,+002
-037,+002
-037,+002
-037,+002
-037,+002
-034,+002
-034,+000
-034,+000
-034,+000
-034,+000
-034,-001
-034,-001
-034,-001
-031,-002
-031,-003
-031,-003
-031,-004
-031,-004
-031,-004
-031,-005
-031,-006
-031,-006
-031,-007
-031,-008
-031,-008
-031,-008
-031,-009
-031,-009
-031,-009
-031,-009
-028,-009
-028,-009
-028,-009
-028,-009
-028,-009
-028,-009
-028,-009
-028,-009
-028,-009
-028,-009
-028,-009
-028,-009
-028,-009
-028,-009
-025,-009
-025,-009
-025,-009
-025,-009
-025,-009
-025,-009
-025,-009
-025,-009
-025,-009
-025,-009
-026,-009
-026,-009
-026,-009
-027,-009
-027,-009
-027,-009
-027,-009
-028,-009
-028,-009
-029,-009
-029,-009
-030,-009
-030,-009
-030,-009
-031,-009
-031,-009
-031,-009
-032,-009
-032,-009
-032,-009
-032,-009
-032,-009
-032,-009
-032,-009
-033,-009
-033,-009
-033,-009
-033,-009
-033,-009
-033,-009
-033,-009
-033,-009
-033,-009
-033,-010
-033,-010
-033,-010
-033,-011
-033,-011
-033,-012
-033,-012
-033,-012
-033,-013
-033,-013
-033,-013
-033,-013
-033,-013
-033,-014
-033,-014
-034,-015
-034,-015
-034,-015
-035,-015
-035,-016
-035,-016
-035,-016
-036,-017
-036,-017
-036,-017
-036,-018
-036,-018
-036,-018
-036,-018
-036,-018
-036,-018
-036,-018
-033,-018
-033,-018
-033,-018
-033,-018
-030,-018
-030,-018
-030,-018
-030,-018
-026,-018
-026,-018
-026,-018
-023,-018
-023,-018
-023,-015
-020,-015
-020,-016
-020,-016
-020,-016
+017,-016
+017,-016
+017,-016
+017,-016
+017,-016
+015,-016
+015,-016
+015,-016
+015,-016
+015,-016
+015,-016
+015,-016
+015,-016
+015,-016
+015,-016
+015,-013
+015,-014
+015,-014
+017,-014
+017,-014
+017,-014
+017,-014
+017,-014
+017,-014
-018,-014
-018,-014
-019,-014
-019,-014
-020,-014
-020,-011
-020,-011
-021,-011
-021,-011
-021,-011
-021,-011
-021,-011
-021,-011
-021,-011
-021,-011
-021,-011
-021,-011
-021,-008
-021,-008
-021,-008
-021,-008
-021,-008
-018,-008
-018,-008
-018,-005
-018,-005
-018,-005
-018,-005
-018,-005
-018,-005
-018,-005
-018,-005
-018,-005
-018,-002
-018,-002
-018,-002
-018,-002
-018,-002
-018,-002
-018,-002
-018,-002
-018,+000
-019,+000
-019,+000
-020,+000
-020,+000
-021,+000
-021,+000
-022,+000
-022,+000
-022,+000
-023,+000
-023,+000
-023,+002
-023,+002
-024,+002
-024,+002
-024,+002
-024,+002
-024,+002
-024,+002
-024,+002
-024,+002
-024,+002
-024,+002
-024,+002
-024,+002
-024,+002
-021,+002
-021,+002
-021,+000
-021,+000
-021,+000
-021,+000
-021,+000
-021,+000
-021,+000
-021,+000
-021,+000
-021,+000
-022,+000
-022,+000
-022,+000
-023,+000
-023,+000
-024,+000
-024,+000
-025,+000
-026,+000
-026,-001
-027,-001
-028,-001
-028,-001
-029,-001
-030,-001
-030,-001
-030,-002
-031,-002
-031,-002
-032,-003
-032,-003
-033,-003
-033,-003
-033,-004
-033,-004
-033,-004
-033,-005
-033,-005
-033,-005
-033,-005
-033,-005
-033,-005
-033,-005
-033,-005
-033,-005
-030,-005
-030,-005
-030,-005
-030,-005
-030,-005
-030,-005
-030,-005
-030,-002
-030,-002
-027,-002
-027,-002
-027,-002
-027,-002
-027,-002
-027,-002
-027,+000
-027,+000
-027,+000
-027,+000
-027,+000
-027,+000
-027,+002
-027,+002
-027,+002
-027,+002
-027,+002
-027,+002
-027,+002
-024,+002
-024,+002
-024,+002
-024,+002
-024,+002
-024,+002
-024,+002
-024,+002
-021,+002
-021,+002
-021,+002
-021,+002
-021,+002
-021,+000
-021,+000
-021,+000
-021,+000
-021,+000
-021,+000
-018,+000
-018,+000
-018,+000
-018,+000
-018,+000
-018,+000
-018,+000
-018,+000
-018,+000
-018,+000
-018,+000
-018,+000
-019,+000
-019,+000
-019,+000
-020,+000
-020,+000
-020,+000
-021,+000
-021,+002
-021,+002
-022,+002
-022,+002
-022,+002
-022,+002
-023,+002
-023,+002
-024,+002
-024,+002
-025,+002
-025,+002
-026,+002
-027,+002
-027,+002
-027,+002
-027,+002
-027,+002
-027,+002
-027,+002
-028,+002
-028,+002
-028,+002
-028,+002
-028,+002
-028,+002
-028,+002
-028,+002
-028,+002
-028,+002
-028,+002
-028,+002
-028,+002
-028,+002
-028,+002
-028,+002
-028,+002
-028,+002
-028,+002
-028,+002
-028,+002
-028,+002
-028,+002
-028,+002
-029,+002
-029,+002
-029,+002
-029,+002
-030,+002
-030,+002
-030,+004
-031,+004
-031,+004
-031,+004
-032,+004
-032,+004
-032,+004
-032,+004
-032,+004
-032,+004
-032,+004
-032,+004
-032,+004
-033,+004
-033,+004
-033,+004
-033,+004
-033,+004
-033,+004
-033,+004
-033,+004
-033,+002
-033,+002
-033,+002
-030,+002
-030,+002
-030,+002
-030,+002
-030,+002
-030,+002
-030,+002
-030,+002
-030,+002
-030,+002
-030,+002
-030,+002
-031,+002
-031,+002
-031,+002
-031,+002
-032,+002
-032,+000
-032,+000
-032,+000
-033,+000
-033,+000
-033,+000
-034,+000
-034,+000
-034,+000
-035,+000
-035,+000
-035,+000
-035,+000
-036,+000
-036,-001
-036,-001
-036,-001
-036,-002
-036,-002
-036,-002
-036,-002
-036,-003
-036,-003
-036,-003
-036,-003
-036,-003
-036,-004
-036,-004
-036,-005
-036,-005
-033,-006
-033,-006
-033,-006
-033,-007
-033,-008
-033,-008
-033,-008
-033,-009
-033,-010
-033,-010
-033,-011
-033,-012
-033,-012
-033,-013
-033,-013
-033,-014
-033,-015
-033,-016
-033,-016
-033,-016
-033,-017
-033,-017
-033,-018
-033,-018
-033,-018
-033,-018
-033,-019
-033,-019
-033,-019
-033,-019
-033,-019
-033,-019
-033,-019
-033,-019
-033,-019
-033,-019
-033,-019
-033,-019
-033,-019
-033,-019
-033,-019
-033,-019
-034,-019
-034,-019
-034,-019
-034,-019
-034,-019
-034,-019
-034,-019
-035,-019
-035,-016
-035,-016
-035,-016
-035,-016
-035,-016
-035,-016
-035,-016
-035,-016
-036,-016
-036,-016
-036,-016
-036,-013
-036,-013
-036,-013
-036,-013
-036,-013
-036,-013
-036,-013
-036,-013
-036,-013
-033,-013
-033,-010
-033,-010
-033,-010
-033,-010
-033,-010
-033,-010
-030,-010
-030,-010
-030,-010
-030,-010
-027,-010
-027,-007
-027,-007
-027,-007
-024,-007
-024,-007
-024,-007
-024,-007
-021,-004
-021,-004
-021,-004
-018,-004
-018,-004
-018,-004
-018,-004
-018,-004
+015,-004
+015,-004
+015,-004
+013,-004
+013,-004
+013,-004
+013,-004
+009,-004
+009,-001
+007,-001
+007,-001
+007,-001
+005,-001
+005,-001
+005,-001
+003,-001
+003,-001
+003,-001
+001,-001
+001,+001
+001,+001
+001,+003
+001,+003
+001,+003
+001,+003
+001,+003
+001,+003
+001,+003
+001,+003
+001,+003
+001,+003
+001,+003
+001,+003
+001,+003
+001,+003
+001,+003
+001,+003
+001,+001
+001,+001
+001,+001
+001,+000
+001,+000
+001,+000
+001,+000
+001,-001
+001,-001
+001,-001
+001,-001
+001,-001
+001,-002
+001,-002
+001,-002
+001,-002
+001,-002
+001,-002
+001,-002
+001,-002
+001,-002
+001,-002
+001,-002
+001,-002
+001,-002
+001,-002
+001,-002
+001,-002
+001,-002
+001,-002
+001,-002
+001,-002
+001,-002
+001,+000
+001,+000
+001,+000
+001,+000
+001,+000
+001,+002
+001,+002
+001,+002
+001,+002
+001,+002
+001,+004
+001,+004
+001,+004
+001,+004
+001,+004
+001,+004
+001,+004
+001,+004
+001,+006
+001,+006
+001,+006
+001,+006
+001,+006
+001,+006
+001,+006
+001,+006
+001,+006
+001,+006
+001,+006
+001,+006
+001,+006
+001,+006
+001,+006
+001,+006
+001,+006
+001,+006
+001,+006
+001,+008
+001,+008
+001,+008
+001,+008
+003,+008
+003,+008
+003,+010
+005,+010
+005,+010
+005,+010
+005,+010
+007,+010
+007,+010
+007,+010
+009,+012
+009,+012
+009,+012
+009,+012
+011,+014
+011,+014
+011,+014
+011,+014
+011,+014
+011,+014
+011,+014
+013,+014
+013,+014
+013,+014
+013,+014
+013,+014
+013,+014
+013,+014
+013,+014
+013,+014
+013,+014
+013,+014
+013,+014
+013,+014
+013,+014
+013,+014
+011,+014
+011,+014
+011,+014
+011,+014
+011,+014
+011,+014
+011,+014
+011,+014
+011,+014
+011,+014
+011,+014
+011,+014
+011,+014
+011,+014
+011,+014
+011,+014
+011,+014
+011,+014
+011,+016
+011,+016
+009,+016
+009,+016
+009,+016
+009,+016
+009,+016
+009,+016
+009,+016
+009,+016
+009,+016
+009,+016
+009,+016
+009,+016
+009,+016
+009,+016
+009,+016
+009,+016
+009,+016
+009,+016
+009,+016
+009,+016
+009,+016
+009,+016
+009,+016
+009,+016
+009,+016
+009,+016
+009,+016
+009,+016
+011,+016
+011,+016
+011,+016
+011,+016
+011,+016
+011,+016
+011,+016
+011,+016
+011,+016
+014,+013
+014,+013
+016,+011
+016,+011
+016,+011
+016,+011
+017,+009
+017,+009
-018,+009
-019,+009
-020,+006
-021,+006
-022,+006
-022,+006
-022,+006
-023,+006
-023,+004
-024,+004
-024,+004
-024,+004
-025,+004
-026,+004
-027,+004
-027,+004
-027,+004
-028,+002
-028,+002
-028,+002
-028,+002
-028,+002
-028,+002
-028,+002
-028,+002
-028,+002
-028,+002
-028,+002
-028,+002
-028,+004
-028,+004
-028,+004
-025,+004
-026,+004
-026,+004
-026,+004
-026,+004
-026,+004
-026,+004
-026,+004
-026,+004
-023,+004
-023,+004
-023,+006
-023,+006
-023,+006
-024,+006
-024,+006
-024,+006
-024,+006
-024,+006
-024,+006
-024,+006
-024,+006
-024,+006
-024,+006
-024,+006
-024,+006
-024,+006
-024,+006
-024,+006
-024,+006
-024,+006
-024,+006
-024,+006
-024,+004
-024,+004
-024,+004
-024,+004
-024,+004
-024,+002
-024,+002
-024,+002
-024,+002
-024,+002
-024,+002
-024,+002
-024,+000
-024,+000
-024,+000
-024,+000
-021,+000
-021,+000
-021,+000
-021,+000
-021,-001
-021,-001
-021,-001
-021,-001
-021,-001
-021,-001
-021,-002
-021,-002
-021,-002
-021,-002
-021,-002
-021,-002
-018,-002
-019,-002
-019,-002
-019,-002
-019,-002
-019,-002
-019,-002
-019,-002
-019,-002
-019,-002
-019,-002
-019,-002
-019,-002
-019,-002
+017,-002
+017,-002
+017,-002
+017,-002
+017,-002
+017,-002
+017,-002
+017,-002
+017,-002
+017,-002
+017,-002
+017,-002
+017,-002
+017,-002
+017,-002
+017,-002
+017,-002
+017,-002
+017,-002
+017,-002
+017,-002
+017,-002
+017,-002
+017,-002
+017,-002
+017,-002
+017,-002
+017,-002
+017,-002
+017,-002
+017,-002
+017,-002
+017,-002
+017,-002
+017,-002
+017,-002
+017,-002
+017,-002
+017,-002
+017,-002
+017,-003
+017,-003
+017,-003
+017,-003
+017,-003
+017,-003
-018,-003
-018,-003
-018,-003
-019,-003
-019,-003
-020,-003
-020,-003
-020,-003
-021,-003
-022,-003
-022,-003
-023,-003
-023,-003
-024,-003
-024,-003
-025,-003
-025,-003
-026,-003
-026,-003
-026,-003
-026,-003
-026,-003
-026,-003
-026,-003
-026,-003
-026,-003
-026,-003
-026,-003
-026,-003
-026,-003
-026,-003
-026,-003
-026,-003
-026,-003
-026,-003
-026,-003
-023,-003
-023,-003
-023,-003
-023,-003
-023,-003
-023,-003
-024,-003
-024,-003
-024,-003
-024,-003
-024,-003
-025,-003
-025,-003
-025,-003
-026,-003
-026,-003
-026,-003
-026,-003
-026,-003
-026,-003
-027,-003
-027,-003
-027,-003
-027,-003
-027,-003
-027,-003
-027,-003
-027,-003
-027,-003
-027,-003
-027,-003
-027,-003
-027,-003
-027,-003
-027,-003
-027,-003
-027,-003
-027,-003
-027,-003
-027,-003
-027,-003
-027,-003
-027,-003
-027,-003
-027,-003
-027,-004
-027,-004
-027,-004
-027,-004
-027,-004
-027,-004
-027,-004
-027,-004
-027,-004
-027,-004
-027,-004
-027,-004
-027,-005
-027,-005
-027,-005
-027,-005
-027,-005
-027,-006
-027,-006
-027,-006
-027,-006
-027,-006
-027,-006
-027,-006
-028,-006
-028,-006
-028,-006
-028,-006
-028,-006
-028,-007
-028,-007
-028,-007
-028,-007
-028,-007
-028,-008
-028,-008
-028,-008
-028,-008
-028,-008
-028,-008
-028,-008
-028,-008
-028,-008
-029,-009
-029,-009
-029,-009
-029,-009
-029,-009
-029,-009
-030,-010
-030,-010
-030,-010
-030,-010
-030,-010
-031,-010
-031,-010
-031,-011
-031,-011
-031,-011
-032,-011
-032,-011
-032,-011
-032,-011
-032,-011
-032,-011
-032,-011
-033,-011
-033,-011
-033,-011
-033,-011
-033,-011
-033,-011
-033,-011
-033,-011
-033,-008
-033,-008
-033,-008
-033,-008
-033,-008
-033,-008
-033,-008
-033,-005
-033,-005
-033,-005
-033,-005
-033,-002
-033,-002
-033,-002
-033,-002
-033,-002
-033,-002
-033,-002
-033,+000
-033,+000
-033,+000
-033,+000
-033,+002
-033,+002
-033,+002
-033,+004
-033,+004
-033,+004
-033,+004
-033,+006
-033,+006
-033,+006
-033,+006
-033,+006
-033,+008
-033,+008
-033,+008
-033,+008
-033,+008
-030,+008
-030,+008
-030,+010
-030,+010
-030,+010
-030,+010
-030,+010
-030,+010
-030,+010
-030,+010
-030,+010
-030,+010
-030,+010
-027,+010
-027,+010
-027,+010
-027,+010
-027,+010
-027,+010
-027,+010
-027,+010
-027,+010
-027,+010
-027,+010
-024,+010
-024,+010
-024,+010
-024,+010
-024,+010
-024,+010
-024,+010
-024,+010
-024,+008
-024,+008
-024,+008
-025,+008
-025,+008
-025,+008
-025,+008
-026,+008
-026,+008
-027,+008
-027,+008
-028,+008
-028,+008
-029,+006
-029,+006
-030,+006
-030,+006
-031,+006
-032,+006
-032,+006
-033,+006
-033,+006
-034,+006
-034,+006
-034,+006
-035,+006
-035,+006
-035,+006
-035,+006
-035,+006
-035,+006
-035,+006
-035,+006
-035,+006
-035,+006
-035,+006
-035,+006
-035,+006
-032,+006
-032,+006
-032,+006
-032,+006
-032,+006
-032,+006
-032,+006
-032,+006
-032,+006
-032,+006
-032,+008
-032,+008
-032,+008
-032,+008
-032,+008
-032,+008
-032,+008
-032,+008
-032,+010
-032,+010
-032,+010
-032,+010
-032,+010
-032,+010
-032,+010
-032,+010
-032,+010
-029,+010
-030,+012
-030,+012
-030,+012
-030,+012
-030,+012
-030,+012
-030,+012
-030,+012
-030,+012
-030,+012
-030,+012
-030,+012
-026,+014
-026,+014
-026,+014
-026,+014
-026,+016
-026,+016
-026,+016
-023,+016
-023,+016
-023,+016
-023,+014
-023,+014
-023,+014
-023,+014
-023,+014
-023,+014
-023,+014
-023,+012
-024,+012
-024,+012
-025,+010
-025,+010
-026,+010
-026,+010
-026,+010
-026,+010
-026,+010
-026,+010
-026,+010
-026,+008
-026,+008
-026,+008
-026,+008
-026,+008
-026,+008
-026,+008
-026,+008
-026,+008
-026,+010
-026,+010
-026,+010
-022,+010
-022,+010
-022,+010
-022,+010
-022,+010
-022,+010
-022,+010
-022,+010
-019,+010
-019,+010
-019,+010
-019,+010
-019,+010
-019,+010
-019,+010
-019,+010
-019,+010
-019,+010
-019,+008
-019,+008
-019,+006
+017,+006
+017,+006
+017,+006
+017,+006
+017,+004
+017,+004
+017,+004
+015,+004
+015,+004
+015,+002
+015,+002
+015,+002
+013,+000
+013,+000
+013,-002
+013,-002
+013,-003
+013,-004
+013,-005
+013,-006
+013,-006
+013,-007
+013,-008
+011,-008
+011,-008
+011,-009
+011,-009
+011,-010
+011,-010
+011,-010
+011,-011
+011,-011
+011,-011
+011,-011
+011,-011
+011,-012
+011,-012
+011,-012
+011,-012
+011,-012
+011,-012
+011,-013
+011,-013
+011,-013
+011,-013
+011,-014
+013,-014
+013,-015
+013,-016
+013,-016
+013,-016
+013,-017
+013,-017
+013,-017
+013,-017
+013,-018
+013,-018
+013,-018
+011,-018
+011,-018
+011,-018
+011,-018
+011,-018
+011,-018
+011,-018
+011,-018
+009,-018
+009,-018
+009,-018
+009,-018
+009,-018
+009,-018
+007,-018
+007,-018
+007,-018
+007,-018
+007,-018
+007,-018
+007,-018
+007,-018
+007,-018
+007,-018
+007,-018
+009,-015
+009,-015
+009,-016
+009,-016
+011,-016
+011,-016
+011,-016
+011,-016
+011,-016
+013,-016
+013,-016
+013,-016
+013,-016
+013,-016
+013,-016
+013,-016
+015,-016
+015,-016
+015,-016
+015,-016
+015,-016
+015,-016
+015,-016
+015,-016
+015,-016
+015,-016
+015,-016
+015,-016
+015,-016
+015,-016
+015,-016
+015,-016
+015,-016
+017,-016
+017,-016
+017,-016
+017,-016
+017,-016
-018,-016
-019,-013
-019,-013
-020,-013
-021,-013
-022,-013
-023,-013
-024,-013
-024,-013
-025,-010
-026,-010
-027,-010
-028,-010
-028,-010
-029,-010
-030,-010
-030,-007
-031,-007
-031,-007
-032,-007
-032,-007
-032,-007
-032,-004
-032,-004
-032,-004
-032,-004
-032,-004
-032,-001
-032,-001
-032,-001
-032,-001
-029,-001
-029,-001
-029,+001
-029,+001
-029,+001
-026,+001
-026,+001
-026,+001
-026,+001
-026,+001
-023,+001
-023,+001
-023,+001
-023,+001
-023,+001
-023,+001
-020,+001
-020,+001
-020,+001
-020,+001
-020,+001
-020,+001
-020,+001
-020,+001
-020,+001
-020,+001
-020,+001
-020,+001
-020,+001
-020,+001
-020,+001
-020,+001
-020,+001
+017,+003
+017,+003
+017,+003
+017,+003
+015,+005
+015,+005
+015,+005
+015,+005
+015,+005
+015,+005
+015,+005
+015,+005
+015,+005
+015,+005
+015,+005
+015,+005
+015,+005
+015,+005
+015,+005
+015,+005
+015,+005
+015,+005
+015,+005
+017,+005
+017,+005
-018,+005
-019,+003
-020,+003
-021,+003
-021,+003
-021,+003
-022,+003
-023,+003
-023,+005
-024,+005
-025,+005
-025,+005
-026,+007
-026,+007
-027,+007
-028,+007
-028,+009
-029,+009
-030,+009
-030,+009
-031,+009
-031,+011
-031,+011
-032,+011
-032,+011
-033,+013
-033,+013
-034,+013
-034,+013
-034,+013
-034,+015
-034,+015
-034,+015
-034,+015
-034,+015
-034,+015
-030,+013
-030,+013
-030,+013
-030,+013
-030,+013
-030,+013
-030,+013
-030,+013
-030,+013
-030,+013
-030,+013
-030,+013
-030,+011
-030,+011
-030,+011
-030,+011
-030,+011
-030,+011
-030,+011
-027,+011
-027,+011
-028,+011
-028,+011
-028,+011
-028,+011
-028,+009
-028,+009
-028,+009
-028,+009
-028,+009
-028,+009
-028,+009
-028,+009
-028,+009
-028,+009
-028,+009
-028,+009
-028,+009
-028,+009
-025,+009
-025,+009
-025,+009
-025,+009
-025,+009
-025,+009
-025,+009
-025,+009
-025,+009
-025,+007
-025,+007
-025,+007
-025,+007
-025,+007
-025,+007
-022,+007
-023,+007
-023,+005
-023,+005
-023,+005
-023,+005
-023,+005
-024,+005
-024,+005
-024,+005
-024,+005
-024,+005
-024,+005
-025,+005
-025,+005
-025,+005
-025,+005
-026,+005
-026,+003
-026,+003
-027,+003
-027,+003
-027,+003
-027,+003
-027,+003
-027,+003
-027,+003
-027,+003
-027,+003
-027,+003
-027,+003
-027,+003
-027,+003
-027,+003
-024,+003
-024,+003
-024,+003
-024,+003
-024,+003
-024,+003
-024,+003
-024,+003
-024,+003
-024,+003
-024,+003
-024,+003
-024,+003
-024,+003
-024,+003
-024,+003
-024,+003
-024,+003
-021,+003
-022,+003
-022,+003
-022,+001
-022,+001
-022,+001
-022,+001
-022,+001
-022,+001
-022,+001
-022,+000
-022,+000
-023,+000
-023,+000
-023,+000
-023,+000
-023,-001
-024,-001
-024,-001
-024,-002
-024,-002
-025,-002
-025,-002
-025,-002
-026,-003
-026,-003
-026,-003
-027,-003
-027,-003
-027,-004
-027,-004
-028,-004
-028,-004
-028,-005
-028,-005
-028,-005
-028,-006
-028,-006
-028,-006
-028,-006
-028,-006
-025,-007
-025,-007
-025,-007
-025,-007
-025,-007
-025,-007
-025,-007
-025,-008
-025,-008
-025,-008
-022,-008
-022,-009
-022,-009
-022,-009
-022,-009
-022,-009
-022,-009
-022,-009
-022,-009
-022,-009
-022,-009
-023,-009
-023,-009
-023,-009
-023,-009
-023,-009
-024,-009
-024,-009
-024,-009
-024,-009
-024,-009
-025,-009
-025,-009
-025,-009
-025,-009
-025,-009
-025,-009
-025,-009
-025,-009
-025,-009
-025,-009
-025,-009
-025,-009
-025,-009
-025,-009
-022,-009
-022,-009
-022,-009
-022,-009
-022,-009
-022,-009
-022,-009
-022,-009
-019,-009
-019,-009
-019,-009
-019,-009
-019,-009
-019,-009
-019,-009
-019,-009
-019,-009
-019,-009
-019,-009
-019,-009
-019,-009
-019,-009
-019,-009
-019,-009
-019,-009
-019,-009
-019,-009
-019,-009
-019,-009
-020,-009
-020,-009
-020,-006
-020,-006
-020,-007
-020,-007
-020,-007
-020,-007
-020,-007
-020,-007
-020,-007
-020,-007
-020,-004
-020,-004
-020,-004
-020,-005
-020,-005
-020,-005
-020,-005
-020,-005
-020,-005
-020,-005
+017,-005
-018,-005
-018,-005
-018,-005
-018,-005
-018,-005
-018,-005
-018,-005
-018,-005
-018,-005
-018,-002
-019,-002
-019,-002
-019,-002
-019,-002
-020,-002
-020,-002
-021,-002
-021,-002
-021,-002
-022,-002
-023,-002
-023,-002
-024,-002
-024,-002
-025,-002
-026,-002
-026,-002
-026,-002
-026,-002
-027,-002
-027,-002
-028,-002
-028,-002
-028,-002
-028,-002
-028,-002
-028,-002
-028,-002
-028,-002
-028,-002
-028,-002
-028,-002
-028,-002
-028,-002
-028,-002
-025,-003
-025,-003
-025,-003
-025,-003
-025,-003
-025,-003
-025,-003
-025,-003
-025,-003
-025,-003
-025,-003
-025,-003
-025,-003
-025,-003
-025,+000
-025,+000
-025,+000
-025,+000
-025,+000
-025,+000
-025,+000
-025,+000
-025,+000
-025,+000
-025,+000
-025,+000
-025,+000
-025,+000
-026,+002
-026,+002
-026,+002
-026,+002
-026,+002
-026,+002
-026,+002
-026,+002
-026,+002
-026,+002
-026,+002
-023,+002
-023,+002
-023,+004
-023,+004
-023,+004
-023,+004
-023,+004
-023,+004
-023,+004
-023,+004
-023,+004
-023,+004
-023,+006
-023,+006
-023,+006
-023,+006
-023,+008
-020,+008
-020,+010
-020,+010
-020,+010
-020,+010
-020,+010
-020,+010
-020,+012
-020,+012
-020,+012
-020,+012
-020,+012
-020,+012
-020,+012
+017,+012
+017,+012
+017,+012
+017,+012
+017,+012
+017,+012
+017,+014
+017,+014
+017,+014
+017,+014
+017,+014
+017,+014
+017,+014
+017,+014
+017,+014
+017,+014
+017,+014
+017,+014
+017,+014
+017,+014
+017,+014
+017,+014
+017,+014
+017,+012
+017,+012
+017,+012
-018,+012
-018,+012
-019,+012
-019,+012
-019,+012
-020,+012
-020,+012
-020,+012
-020,+012
-020,+012
-020,+012
-021,+012
-021,+012
-021,+012
-022,+012
-022,+012
-023,+012
-023,+010
-024,+010
-024,+010
-024,+010
-024,+010
-024,+010
-024,+010
-024,+008
-024,+008
-024,+008
-024,+008
-024,+008
-024,+008
-024,+008
-024,+008
-024,+008
-024,+008
-024,+006
-024,+006
-024,+006
-024,+006
-024,+006
-024,+006
-024,+006
-024,+006
-024,+006
-024,+006
-024,+006
-024,+006
-024,+006
-024,+006
-024,+006
-025,+006
-025,+006
-025,+006
-025,+006
-025,+006
-025,+006
-025,+006
-025,+006
-025,+006
-025,+006
-025,+008
-025,+008
-025,+008
-025,+008
-025,+008
-025,+008
-025,+006
-025,+006
-025,+006
-025,+006
-025,+006
-022,+006
-022,+006
-022,+004
-022,+004
-022,+004
-022,+004
-018,+004
-018,+004
-018,+004
-018,+004
-018,+004
+016,+004
+017,+004
+017,+004
+017,+004
+017,+002
+017,+002
+017,+002
+015,+002
+015,+002
+015,+002
+015,+002
+015,+002
+015,+002
+015,+000
+015,+000
+015,+000
+015,+000
+015,+000
+015,+000
+015,+000
+015,-001
+015,-001
+015,-001
+015,-001
+015,-001
+015,-001
+015,-001
+015,-001
+015,-001
+015,-001
+015,-002
+015,-002
+015,-002
+015,-002
+015,-003
+015,-003
+015,-003
+015,-003
+015,-003
+015,-004
+015,-004
+015,-004
+015,-004
+015,-004
+015,-004
+015,-005
+015,-005
+015,-005
+015,-005
+015,-005
+015,-005
+015,-005
+015,-005
+015,-005
+017,-005
+017,-005
+017,-005
-018,-005
-018,-005
-018,-005
-019,-005
-020,-005
-020,-005
-021,-005
-021,-005
-022,-005
-022,-005
-023,-005
-023,-005
-023,-005
-023,-005
-023,-005
-023,-005
-023,-005
-023,-005
-023,-005
-023,-005
-023,-005
-023,-005
-023,-005
-023,-005
-023,-005
-023,-005
-020,-005
-020,-005
-020,-005
-020,-005
-020,-005
-020,-005
-020,-005
-020,-005
-020,-005
-020,-005
-020,-005
-021,-005
-021,-005
-022,-005
-022,-005
-023,-005
-023,-005
-023,-005
-023,-005
-024,-005
-024,-005
-025,-002
-025,-002
-025,-002
-026,-002
-026,-002
-026,-002
-026,-002
-026,-002
-026,-002
-026,-002
-026,-002
-026,-002
-026,-003
-026,-003
-026,-003
-026,-004
-026,-005
-026,-005
-026,-005
-026,-005
-026,-005
-026,-006
-026,-006
-026,-006
-026,-007
-026,-007
-026,-008
-026,-008
-026,-008
-026,-009
-026,-009
-026,-009
-026,-010
-026,-010
-026,-011
-026,-011
-027,-012
-027,-012
-027,-012
-028,-012
-028,-012
-029,-012
-029,-012
-029,-012
-029,-012
-030,-013
-030,-013
-031,-013
-031,-013
-031,-013
-032,-013
-032,-013
-032,-013
-033,-013
-033,-013
-033,-013
-033,-013
-033,-013
-033,-013
-033,-013
-033,-013
-033,-013
-033,-013
-033,-013
-033,-013
-033,-013
-033,-013
-033,-013
-033,-013
-033,-013
-034,-013
-034,-013
-034,-013
-034,-013
-034,-013
-034,-013
-034,-013
-035,-013
-035,-013
-035,-013
-035,-010
-035,-011
-035,-011
-035,-011
-035,-011
-035,-012
-035,-012
-036,-012
-036,-012
-036,-012
-036,-012
-036,-012
-036,-012
-036,-012
-036,-012
-036,-012
-036,-012
-036,-012
-036,-012
-036,-012
-036,-012
-036,-012
-036,-012
-036,-012
-036,-012
-036,-012
-036,-012
-036,-012
-036,-012
-036,-012
-036,-012
-036,-012
-036,-012
-036,-012
-036,-012
-036,-012
-036,-012
-036,-012
-036,-012
-036,-012
-036,-012
-036,-012
-036,-012
-036,-012
-036,-012
-036,-012
-036,-012
-036,-012
-036,-012
-036,-012
-036,-012
-036,-012
-036,-012
-037,-012
-037,-012
-037,-012
-037,-012
-037,-012
-037,-012
-037,-012
-037,-009
-037,-009
-037,-009
-037,-009
-037,-009
-037,-009
-037,-009
-037,-009
-037,-009
-037,-009
-037,-009
-037,-006
-037,-006
-037,-006
-037,-006
-037,-006
-037,-006
-037,-006
-037,-006
-037,-003
-037,-003
-037,-003
-037,-003
-037,-003
-037,-003
-037,-003
-037,-003
-038,+000
-038,+000
-038,+000
-038,+000
-038,+000
-038,+000
-038,+000
-038,+000
-038,+002
-038,+002
-038,+002
-038,+002
-038,+002
-035,+002
-035,+002
-035,+002
-035,+002
-035,+002
-035,+004
-035,+004
-035,+004
-032,+004
-032,+004
-032,+006
-032,+006
-029,+006
-029,+006
-029,+006
-029,+006
-029,+006
-029,+006
-029,+006
-026,+006
-026,+006
-026,+006
-026,+006
-026,+006
-026,+006
-026,+006
-026,+006
-026,+006
-026,+006
-026,+006
-026,+006
-026,+006
-026,+006
-026,+006
-026,+006
-026,+006
-026,+006
-026,+006
-026,+006
-026,+006
-026,+006
-026,+006
-026,+006
-026,+006
-026,+004
-023,+004
-023,+004
-023,+004
-023,+004
-023,+004
-023,+004
-023,+004
-023,+002
-023,+002
-023,+002
-023,+002
-023,+002
-023,+002
-023,+002
-023,+002
-024,+002
-024,+002
-024,+002
-024,+002
-024,+002
-024,+002
-025,+002
-025,+002
-025,+002
-025,+002
-026,+002
-026,+002
-026,+002
-027,+002
-027,+002
-027,+002
-027,+002
-028,+002
-028,+002
-028,+002
-028,+002
-028,+002
-028,+002
-029,+002
-029,+000
-029,+000
-029,+000
-030,+000
-030,+000
-030,+000
-030,+000
-030,+000
-030,+000
-030,+000
-030,+000
-030,+000
-030,+000
-030,+000
-030,+000
-030,+000
-030,+000
-030,+000
-030,+000
-030,+000
-027,+000
-028,+000
-028,+002
-028,+002
-028,+002
-028,+002
-028,+002
-028,+002
-028,+002
-029,+002
-029,+002
-029,+002
-030,+004
-030,+004
-031,+004
-031,+004
-031,+004
-032,+004
-032,+004
-032,+006
-033,+006
-033,+006
-034,+006
-034,+006
-035,+006
-035,+006
-035,+006
-035,+006
-036,+006
-036,+006
-036,+006
-036,+006
-037,+006
-037,+006
-037,+006
-038,+006
-038,+006
-038,+006
-038,+006
-038,+006
-038,+006
-038,+006
-038,+006
-038,+004
-038,+004
-038,+004
-038,+004
-038,+002
-039,+002
-039,+002
-039,+002
-040,+002
-040,+002
-040,+000
-040,+000
-040,+000
-040,+000
-041,+000
-041,+000
-041,+000
-041,+000
-041,+000
-041,+000
-042,+000
-042,+000
-042,+000
-042,+000
-042,+000
-042,+000
-042,+000
-042,+000
-042,+000
-042,+000
-042,+000
-042,+000
-042,-001
-042,-001
-042,-001
-042,-001
-039,-001
-039,-001
-039,-002
-039,-002
-039,-002
-039,-002
-039,-003
-039,-003
-039,-003
-039,-003
-039,-003
-039,-003
-039,-004
-039,-004
-039,-004
-036,-004
-036,-004
-036,-004
-036,-004
-036,-004
-036,-004
-036,-004
-036,-004
-036,-004
-036,-004
-036,-004
-036,-004
-033,-004
-033,-004
-033,-004
-033,-004
-033,-001
-033,-001
-030,-001
-030,-001
-030,-001
-030,-001
-030,-001
-027,-001
-027,-001
-027,-001
-027,-001
-024,-001
-024,-001
-024,-001
-024,-001
-024,-001
-024,-001
-021,-001
-021,-001
-021,-001
-021,-001
-021,-001
-021,-001
-021,-001
-021,-001
-021,-002
-018,-002
-018,-002
-018,-002
-018,-002
-018,-002
-018,-002
-018,-002
-018,-002
-018,-002
-018,-003
-018,-003
-018,-003
-018,-003
-018,-003
-018,-003
-018,-003
-018,-003
-018,-003
-018,-003
-018,-003
-018,-003
-018,-003
-018,-004
-018,-004
+016,-004
+016,-004
+016,-005
+016,-005
+016,-005
+016,-005
+016,-005
+016,-005
+016,-005
+016,-005
+016,-005
+016,-005
+016,-005
+016,-005
+016,-005
+016,-005
+016,-005
+016,-005
+016,-005
+016,-005
+016,-005
+016,-005
+016,-005
+016,-005
+016,-005
+016,-005
+016,-002
+016,-002
+016,-002
+017,-002
+017,-002
+017,-002
-018,-002
-018,-002
-018,-002
-018,-002
-019,-002
-019,-002
-019,-002
-019,-002
-019,+000
-019,+000
-019,+000
-019,+000
-019,+000
-019,+000
-019,+000
-019,+000
-019,+000
-019,+000
-019,+000
-019,-001
-019,-001
-019,-001
-019,-001
-019,-001
-019,-001
-019,-001
-019,-002
-019,-002
-019,-002
-019,-002
-019,-002
-019,-002
-019,-002
-019,-003
-019,-003
-019,-003
-019,-003
-019,-003
-019,-003
-019,-003
-019,-003
-020,-003
-020,-003
-020,-003
-020,-003
-021,-003
-021,-003
-022,-003
-022,-003
-022,-003
-022,-003
-023,-003
-023,-003
-023,-003
-023,-003
-023,-003
-023,-003
-023,-003
-023,-003
-023,-003
-023,-003
-023,-003
-023,-003
-023,-004
-023,-004
-023,-004
-020,-004
-020,-004
-020,-004
-020,-004
-020,-004
-020,-004
-020,-004
-020,-004
+017,-004
+017,-004
+017,-004
+017,-004
+017,-004
+017,-005
+017,-005
+017,-005
+017,-005
+015,-005
+015,-005
+015,-005
+015,-005
+015,-005
+015,-006
+015,-006
+015,-007
+015,-007
+013,-007
+013,-008
+013,-008
+013,-008
+013,-008
+013,-009
+013,-009
+013,-009
+013,-009
+013,-010
+011,-010
+011,-011
+011,-011
+011,-011
+011,-011
+011,-012
+011,-012
+008,-012
+008,-013
+008,-013
+008,-013
+008,-013
+008,-013
+008,-013
+008,-014
+008,-014
+008,-014
+006,-014
+006,-014
+006,-014
+006,-014
+006,-014
+006,-014
+006,-014
+006,-014
+006,-014
+006,-014
+006,-014
+008,-014
+008,-014
+008,-014
+008,-014
+008,-014
+008,-014
+008,-014
+008,-014
+008,-014
+008,-014
+008,-014
+008,-014
+008,-014
+008,-014
+008,-014
+008,-014
+008,-014
+008,-014
+008,-014
+008,-014
+008,-014
+008,-014
+008,-014
+008,-014
+008,-014
+008,-014
+008,-014
+008,-014
+006,-014
+006,-014
+006,-014
+006,-014
+006,-014
+006,-014
+004,-014
+004,-014
+004,-014
+004,-014
+004,-014
+004,-014
+004,-014
+004,-014
+004,-014
+004,-014
+004,-014
+004,-014
+004,-014
+004,-014
+004,-014
+004,-014
+004,-014
+006,-014
+006,-011
+006,-011
+006,-011
+008,-011
+008,-011
+008,-011
+010,-011
+010,-008
+010,-008
+012,-008
+012,-008
+012,-008
+012,-008
+014,-008
+014,-008
+014,-005
+014,-005
+014,-005
+014,-005
+016,-005
+016,-005
+016,-005
+016,-005
+016,-002
+016,-002
+016,-002
+016,-002
+016,-002
+016,-002
+016,-002
+016,-002
+016,-002
+014,-002
+014,-002
+014,-002
+014,-002
+014,-002
+014,-002
+012,+000
+012,+000
+012,+000
+012,+000
+012,+002
+012,+002
+012,+002
+012,+002
+014,+002
+014,+002
+014,+004
+014,+004
+016,+004
+016,+004
+016,+006
-018,+006
-018,+006
-020,+006
-020,+006
-021,+006
-022,+006
-022,+006
-022,+006
-022,+006
-023,+006
-023,+006
-023,+006
-024,+006
-024,+006
-024,+006
-025,+006
-025,+006
-025,+006
-025,+006
-026,+006
-026,+006
-026,+006
-026,+006
-026,+006
-026,+006
-026,+006
-026,+006
-026,+006
-026,+006
-026,+006
-026,+006
-026,+006
-026,+006
-026,+006
-026,+006
-026,+006
-026,+006
-026,+006
-026,+006
-026,+006
-026,+008
-026,+008
-026,+008
-026,+008
-026,+008
-026,+008
-026,+008
-026,+008
-026,+008
-027,+010
-027,+010
-027,+010
-027,+010
-028,+010
-028,+010
-028,+010
-028,+010
-028,+010
-028,+010
-029,+010
-029,+010
-029,+010
-029,+010
-029,+010
-029,+010
-029,+010
-029,+010
-029,+010
-029,+010
-029,+010
-026,+010
-026,+008
-026,+008
-026,+008
-023,+010
-023,+010
-023,+010
-023,+010
-020,+010
-020,+012
-020,+012
-020,+012
-020,+012
+017,+012
+017,+012
+017,+012
+017,+012
+017,+012
+014,+014
+012,+014
+012,+014
+012,+014
+012,+014
+012,+014
+012,+014
+012,+014
+012,+014
+012,+014
+010,+014
+010,+014
+010,+014
+010,+014
+010,+014
+010,+014
+010,+014
+010,+014
+010,+014
+010,+014
+010,+014
+010,+014
+010,+012
+012,+010
+012,+010
+012,+010
+012,+010
+012,+008
+012,+008
+012,+008
+012,+008
+012,+008
+012,+008
+012,+008
+012,+008
+012,+006
+012,+006
+012,+006
+012,+006
+012,+006
+012,+006
+010,+006
+010,+006
+010,+006
+010,+006
+010,+006
+010,+006
+010,+006
+010,+006
+010,+006
+010,+006
+010,+006
+010,+006
+010,+006
+010,+006
+010,+006
+010,+006
+010,+006
+010,+006
+012,+006
+012,+006
+012,+006
+012,+006
+012,+006
+012,+006
+012,+006
+012,+006
+012,+006
+014,+006
+014,+006
+014,+006
+014,+006
+014,+006
+014,+006
+014,+006
+014,+006
+014,+006
+014,+004
+014,+004
+014,+004
+014,+004
+014,+004
+014,+004
+014,+004
+014,+004
+014,+004
+014,+004
+012,+004
+012,+004
+012,+004
+012,+004
+012,+004
+012,+004
+012,+004
+012,+004
+012,+004
+012,+004
+012,+004
+012,+004
+012,+004
+012,+004
+012,+004
+012,+004
+014,+004
+014,+004
+014,+004
+014,+004
+014,+004
+014,+002
+014,+002
+014,+002
+016,+002
+016,+002
+016,+000
+016,+000
+016,+000
+016,+000
+016,+000
+016,+000
+016,+000
+016,-001
+016,-001
+016,-001
+016,-001
+016,-001
+016,-001
+016,-001
+016,-001
+016,-001
+014,-001
+014,-001
+014,-001
+014,-001
+012,-001
+012,-001
+012,-001
+012,-001
+012,-001
+012,+001
+012,+001
+012,+001
+012,+001
+012,+001
+012,+001
+012,+001
+012,+001
+012,+001
+012,+001
+012,+001
+012,+001
+012,+001
+012,+001
+012,+001
+012,+001
+014,+001
+014,+001
+014,+001
+016,+001
+016,+001
+016,+001
+016,+001
+017,+001
+017,+001
+017,+001
+017,+001
-018,+001
-018,+001
-018,+001
-018,+001
-018,+001
-018,+001
-018,+001
-018,+001
-018,+001
-018,+001
-018,+001
-018,+000
-018,+000
-018,+000
-018,+000
-018,+000
-018,+000
-018,+000
-018,+000
-018,-001
-018,-001
-018,-001
-018,-001
-018,-001
-018,-001
-018,-001
-018,-001
-019,-001
-019,-001
-019,-001
-019,-001
-020,-001
-020,-001
-020,-001
-020,-001
-021,-001
-021,-001
-022,-001
-022,-001
-023,-001
-023,-001
-023,-001
-024,-001
-025,-001
-025,-001
-025,-001
-026,-001
-026,-002
-026,-002
-027,-002
-027,-002
-027,-002
-028,-002
-028,-003
-028,-003
-028,-003
-029,-003
-029,-004
-029,-004
-029,-004
-029,-004
-030,-005
-030,-005
-030,-005
-031,-006
-031,-006
-031,-006
-032,-006
-032,-006
-033,-007
-033,-007
-033,-007
-033,-007
-033,-007
-034,-007
-034,-007
-034,-007
-034,-007
-034,-007
-035,-007
-035,-007
-035,-007
-035,-007
-036,-007
-036,-007
-036,-007
-036,-007
-037,-007
-037,-007
-037,-007
-037,-007
-037,-007
-037,-007
-037,-007
-037,-007
-037,-007
-038,-007
-038,-004
-038,-005
-038,-005
-038,-005
-038,-005
-038,-005
-038,-005
-038,-005
-038,-005
-038,-005
-038,-005
-038,-005
-038,-005
-038,-005
-035,-005
-035,-005
-035,-005
-035,-005
-035,-005
-035,-005
-035,-005
-035,-005
-035,-005
-035,-005
-035,-005
-035,-002
-035,-003
-035,-003
-035,-003
-035,-003
-035,-003
-035,-003
-035,-003
-035,-003
-035,-003
-035,-003
-035,-003
-035,-003
-035,-003
-035,-003
-035,-003
-035,-003
-035,-003
-035,-003
-035,-003
-035,-003
-035,-003
-035,-003
-035,-003
-035,-003
-035,-003
-035,-003
-035,-004
-035,-004
-035,-004
-035,-005
-035,-005
-032,-005
-032,-005
-032,-005
-032,-005
-032,-006
-032,-006
-032,-006
-029,-006
-029,-006
-029,-006
-029,-006
-029,-006
-029,-007
-029,-007
-026,-007
-026,-007
-026,-007
-026,-007
-026,-007
-026,-007
-026,-008
-026,-008
-026,-008
-026,-008
-026,-008
-026,-008
-026,-008
-026,-008
-026,-009
-026,-009
-026,-009
-026,-009
-026,-009
-026,-009
-026,-009
-026,-009
-026,-009
-026,-009
-026,-009
-026,-009
-026,-009
-026,-009
-026,-009
-026,-009
-023,-009
-023,-009
-023,-009
-023,-009
-023,-009
-023,-009
-023,-009
-023,-009
-023,-009
-023,-009
-023,-009
-023,-009
-023,-009
-023,-009
-023,-009
-023,-009
-020,-009
-021,-009
-021,-009
-021,-009
-021,-009
-021,-009
-021,-009
-021,-009
-021,-009
-021,-009
-021,-009
-021,-009
-021,-009
-021,-009
-021,-009
-021,-009
-021,-009
-021,-009
-021,-009
-021,-009
-021,-009
-021,-009
-021,-006
-021,-006
-021,-006
-021,-006
-018,-006
-018,-006
-018,-006
-018,-006
-018,-006
-018,-006
-018,-006
-018,-006
+016,-006
+016,-006
+016,-006
+016,-006
+016,-006
+016,-006
+016,-006
+016,-006
+016,-006
+016,-006
+016,-006
+016,-006
+016,-006
+014,-006
+014,-006
+014,-006
+014,-006
+014,-006
+014,-006
+014,-006
+014,-006
+014,-006
+014,-006
+014,-006
+014,-006
+014,-006
+014,-006
+014,-006
+012,-006
+012,-006
+012,-006
+012,-006
+012,-006
+012,-006
+012,-007
+012,-007
+012,-007
+012,-007
+012,-007
+012,-007
+012,-007
+012,-007
+012,-007
+012,-007
+012,-007
+012,-007
+012,-007
+012,-007
+014,-007
+014,-007
+014,-008
+014,-008
+014,-008
+014,-008
+014,-008
+014,-008
+014,-008
+014,-008
+014,-008
+014,-008
+014,-008
+014,-008
+014,-008
+014,-008
+014,-008
+014,-008
+014,-008
+014,-008
+014,-008
+014,-008
+014,-008
+014,-008
+014,-008
+014,-008
+014,-008
+014,-008
+014,-008
+014,-009
+014,-009
+014,-009
+014,-009
+014,-009
+014,-009
+014,-009
+014,-009
+014,-009
+014,-010
+014,-010
+016,-010
+016,-010
+016,-011
+016,-011
+016,-011
+016,-012
+016,-012
+016,-012
+016,-012
+016,-013
+016,-013
+016,-013
+016,-013
+016,-013
+016,-013
+016,-013
+016,-013
+016,-013
+016,-013
+016,-013
+016,-013
+016,-013
+016,-013
+016,-013
+016,-013
+016,-013
+016,-013
+016,-013
+016,-013
+016,-013
+016,-013
+016,-013
+016,-013
+016,-013
+017,-013
+017,-013
+017,-013
-018,-013
-018,-013
-018,-013
-019,-013
-019,-013
-020,-013
-020,-013
-020,-013
-020,-013
-020,-013
-021,-010
-021,-010
-022,-010
-022,-010
-022,-010
-022,-010
-022,-010
-023,-010
-023,-010
-023,-010
-023,-010
-023,-010
-023,-010
-023,-010
-023,-010
-023,-010
-023,-010
-023,-010
-023,-010
-023,-010
-020,-010
-020,-010
-020,-010
-020,-010
-020,-010
-020,-010
-020,-010
-020,-010
-020,-010
-020,-010
-020,-010
-020,-010
-020,-010
-021,-010
-021,-010
-021,-010
-021,-010
-022,-010
-022,-010
-022,-010
-022,-010
-022,-010
-022,-010
-023,-010
-023,-010
-023,-010
-023,-010
-023,-010
-023,-010
-023,-010
-023,-010
-023,-010
-023,-010
-023,-010
-023,-010
-023,-010
-023,-010
-023,-010
-023,-010
-023,-010
-023,-010
-023,-010
-023,-010
-023,-010
-023,-010
-023,-010
-023,-010
-023,-010
-023,-010
-023,-010
-023,-010
-023,-010
-023,-010
-023,-010
-023,-010
-023,-010
-023,-010
-023,-010
-023,-010
-023,-010
-023,-010
-023,-010
-023,-010
-023,-010
-023,-010
-023,-010
-023,-010
-023,-010
-023,-010
-023,-010
-023,-010
-023,-010
-023,-011
-023,-011
-023,-011
-023,-011
-023,-011
-023,-011
-023,-012
-023,-012
-023,-012
-023,-012
-023,-012
-023,-012
-023,-012
-023,-012
-023,-012
-023,-012
-023,-012
-023,-012
-020,-012
-020,-012
-020,-012
-020,-012
-020,-012
-020,-012
-020,-012
-020,-012
-020,-013
-020,-013
-020,-013
-020,-013
-020,-013
-020,-013
-020,-013
-020,-013
-020,-013
-020,-013
-020,-013
-020,-013
-020,-013
-020,-013
-020,-013
-020,-013
-020,-013
-020,-013
-020,-013
-020,-013
-020,-013
-020,-013
-020,-013
-020,-013
-020,-013
-020,-013
-020,-013
-020,-013
-020,-013
-020,-013
-020,-013
-020,-013
-020,-013
-020,-013
-020,-013
-020,-013
-020,-013
-020,-013
-020,-013
-020,-013
-020,-013
-020,-013
-020,-013
-020,-013
-020,-013
-020,-013
-020,-013
-020,-013
-020,-013
-020,-013
-020,-013
-020,-013
-020,-013
-020,-013
-020,-013
-020,-013
-020,-013
-020,-013
-020,-013
-020,-013
-020,-010
-020,-010
-020,-010
-020,-010
-020,-010
-020,-010
-020,-010
-020,-010
-020,-010
-020,-010
-020,-010
-020,-010
-020,-010
-020,-010
-020,-010
-020,-010
-020,-010
+017,-010
+017,-010
-018,-010
-018,-007
-018,-007
-018,-007
-018,-007
-018,-007
-018,-007
-019,-007
-019,-007
-019,-007
-019,-007
-019,-007
-019,-007
-019,-007
-019,-007
-019,-007
-020,-007
-020,-004
-020,-005
-020,-005
-020,-005
-020,-005
-020,-005
-020,-005
-020,-005
-020,-005
-020,-005
-020,-005
-020,-005
-020,-005
-020,-005
-020,-005
-020,-005
-020,-005
-020,-005
-020,-005
-020,-005
-020,-005
-020,-005
-020,-005
-020,-005
-020,-005
-020,-005
-020,-005
-020,-005
-020,-005
-020,-005
-020,-005
-020,-005
-020,-005
-021,-005
-021,-002
-021,-002
-021,-002
-022,-002
-022,-002
-023,-002
-023,-002
-023,-002
-023,-002
-023,-002
-024,-002
-024,-002
-024,+000
-024,+000
-024,+000
-025,+000
-025,+000
-025,+000
-025,+000
-025,+000
-025,+000
-025,+000
-025,+000
-026,+000
-026,+000
-026,+000
-026,+000
-026,+000
-026,+000
-026,+000
-026,+000
-027,+000
-027,+000
-027,+000
-027,+000
-027,+000
-027,+000
-027,+000
-027,+000
-027,+000
-027,+000
-027,+000
-027,+000
-027,+000
-027,+000
-027,+000
-027,+000
-027,+000
-027,+000
-027,+000
-027,+000
-027,+000
-027,+000
-027,+000
-027,+000
-027,+000
-027,+000
-027,+000
-028,+000
-028,+000
-028,+000
-028,+000
-028,+000
-028,+000
-028,+000
-028,+000
-028,+000
-028,+000
-028,+000
-028,+000
-028,+000
-028,+000
-028,+000
-028,+000
-028,+000
-028,+000
-028,+000
-028,+000
-028,+000
-028,+000
-025,+000
-025,+000
-025,+000
-025,+000
-025,+000
-025,+000
-025,+000
-025,+000
-025,+002
-025,+002
-025,+002
-025,+002
-025,+002
-025,+002
-025,+002
-025,+002
-025,+002
-025,+002
-025,+002
-025,+002
-025,+002
-025,+002
-025,+002
-025,+002
-025,+002
-025,+002
-025,+002
-025,+002
-025,+002
-025,+002
-022,+002
-023,+002
-023,+002
-023,+002
-023,+002
-023,+002
-023,+002
-023,+002
-023,+000
-023,+000
-023,+000
-020,+000
-021,+000
-021,+000
-021,+000
-021,+000
-021,-001
-021,-001
-021,-001
-021,-002
-021,-002
-021,-002
-021,-002
-021,-002
-018,-003
-018,-003
-018,-003
-018,-003
-018,-003
-018,-003
-018,-004
-018,-004
-019,-004
-019,-004
-019,-004
-019,-004
-019,-004
-019,-004
-019,-004
-020,-004
-020,-004
-020,-004
-020,-004
-020,-004
-020,-004
-021,-004
-021,-004
-021,-004
-021,-004
-021,-004
-022,-004
-022,-004
-022,-004
-022,-004
-022,-004
-023,-004
-023,-004
-023,-004
-023,-004
-023,-004
-024,-004
-024,-004
-024,-004
-024,-004
-024,-004
-024,-004
-025,-004
-025,-004
-025,-004
-025,-004
-025,-004
-025,-005
-025,-005
-025,-005
-025,-005
-025,-005
-025,-005
-025,-005
-025,-005
-026,-006
-026,-006
-026,-006
-026,-006
-026,-006
-026,-006
-026,-006
-026,-006
-026,-006
-026,-006
-023,-006
-023,-006
-023,-006
-023,-006
-023,-006
-023,-006
COP Area(S): 000588
COP Area(R): 001728