+000,-000
+000,-000
-001,-000
-001,-000
-001,-000
-001,-000
-001,-000
-001,-000
-001,-000
-001,-000
-001,-000
-001,-001
-001,-001
-001,-001
-001,-001
-001,-001
-001,-001
-001,-001
-001,-001
-001,-001
-001,-001
-001,-001
-001,-001
-001,-001
-001,-001
-001,-001
-001,-001
-001,-001
-001,-001
-002,-001
-002,-001
-002,-001
-002,-001
-002,-001
-002,-001
-002,-001
-002,-001
-002,-001
-002,-001
-002,-001
-002,-001
-002,-001
-002,-001
-002,-001
-002,-001
-002,-001
-002,-001
-002,-001
-002,-001
-002,-001
-002,-001
-002,-001
-002,-001
-002,-001
-002,-001
-002,-001
-002,-002
-002,-001
-002,-001
-002,-001
-002,-001
-002,-001
-002,-001
-002,-001
-002,-001
-002,-001
-002,-001
-002,-001
-002,-001
-002,-001
-002,-001
-002,-001
-002,-001
-002,-004
-002,-003
-002,-003
-002,-003
-002,-003
-002,-003
-002,-003
-002,-003
-002,-003
-002,-003
-002,-003
-002,-003
-002,-003
-002,-003
-002,-003
-002,-003
-002,-003
-002,-003
-002,-003
-002,-006
-002,-006
-002,-006
-002,-006
-002,-006
-002,-006
-002,-006
-002,-006
-002,-006
-002,-006
-002,-006
-002,-006
-002,-006
-002,-006
-002,-006
-002,-006
-002,-006
-002,-006
-002,-006
-002,-006
-002,-006
-002,-006
-002,-005
-002,-005
-002,-005
-002,-005
-002,-005
-002,-005
-002,-005
-002,-005
-002,-005
-002,-005
-002,-005
-002,-005
-002,-005
-002,-005
-002,-005
-002,-005
-002,-005
-002,-005
-002,-005
-002,-005
-002,-005
-002,-005
-002,-005
-002,-005
-002,-005
-002,-008
-002,-008
-002,-008
-002,-008
-002,-008
-002,-008
-002,-008
-002,-008
-002,-008
-002,-008
-002,-008
-002,-008
-002,-008
-002,-008
-002,-008
-002,-008
-002,-008
-002,-011
-002,-011
-002,-011
-002,-011
-002,-011
-002,-011
-002,-011
-002,-011
-002,-011
-002,-011
-002,-011
-002,-010
-002,-010
-002,-010
-002,-010
-002,-010
-002,-010
-002,-010
-002,-010
-002,-010
-002,-010
-002,-010
-002,-010
-002,-010
-002,-010
-002,-010
-002,-010
-002,-010
-002,-010
-002,-010
-002,-010
-002,-010
-002,-010
-002,-010
-002,-010
-002,-010
-002,-010
-002,-010
-002,-010
-002,-010
-002,-010
-002,-010
-002,-010
+000,-010
+000,-010
+000,-010
+000,-010
+000,-010
+000,-010
+000,-010
+000,-010
+000,-010
+000,-010
+000,-010
+000,-010
+000,-010
+000,-010
+000,-010
+000,-010
+000,-010
+000,-010
+000,-010
+000,-010
+000,-010
+000,-010
+000,-010
+000,-010
+000,-010
+002,-010
+002,-010
+002,-010
+002,-010
+002,-010
+002,-010
+002,-010
+002,-010
+002,-010
+002,-010
+002,-010
+002,-010
+002,-010
+002,-010
+002,-010
+002,-013
+002,-012
+002,-012
+002,-012
+004,-012
+004,-012
+004,-012
+004,-012
+004,-012
+004,-012
+004,-012
+004,-012
+004,-012
+004,-012
+004,-012
+004,-012
+004,-012
+004,-012
+004,-012
+004,-012
+004,-012
+004,-012
+004,-012
+004,-012
+004,-012
+004,-012
+004,-012
+004,-012
+004,-012
+004,-012
+004,-012
+004,-012
+004,-012
+004,-012
+004,-012
+004,-012
+004,-015
+004,-014
+004,-014
+004,-014
+004,-014
+004,-014
+004,-014
+004,-014
+004,-014
+004,-014
+004,-014
+004,-014
+004,-014
+004,-014
+004,-014
+004,-014
+004,-014
+004,-014
+004,-014
+006,-014
+006,-014
+006,-014
+006,-014
+006,-014
+006,-014
+006,-014
+006,-014
+006,-014
+006,-014
+006,-014
+006,-014
+006,-014
+006,-014
+006,-014
+006,-014
+006,-014
+006,-014
+006,-014
+006,-014
+006,-014
+006,-014
+006,-014
+006,-014
+006,-014
+006,-014
+006,-014
+006,-014
+006,-014
+006,-014
+006,-014
+006,-014
+006,-014
+006,-014
+006,-014
+006,-014
+006,-014
+006,-014
+006,-014
+006,-014
+006,-013
+006,-013
+006,-013
+006,-013
+006,-013
+006,-013
+006,-013
+006,-013
+006,-013
+006,-013
+006,-013
+006,-013
+006,-013
+006,-013
+006,-012
+006,-012
+006,-012
+006,-012
+006,-012
+006,-012
+006,-012
+006,-012
+006,-012
+006,-012
+006,-011
+006,-011
+006,-011
+006,-011
+006,-011
+006,-011
+006,-011
+006,-011
+006,-011
+006,-011
+006,-010
+006,-010
+006,-010
+006,-010
+006,-010
+006,-010
+006,-010
+006,-010
+006,-010
+006,-010
+006,-010
+006,-010
+006,-010
+006,-010
+006,-010
+006,-010
+006,-010
+006,-010
+006,-010
+006,-010
+006,-010
+006,-010
+006,-010
+006,-010
+006,-010
+006,-010
+006,-010
+006,-010
+006,-010
+006,-010
+006,-010
+006,-010
+006,-010
+006,-010
+006,-010
+004,-010
+004,-009
+004,-009
+004,-009
+004,-009
+004,-009
+004,-009
+004,-009
+004,-009
+004,-009
+004,-009
+004,-009
+004,-009
+004,-009
+004,-009
+004,-008
+004,-008
+004,-008
+004,-008
+004,-008
+004,-008
+004,-008
+004,-008
+004,-008
+004,-008
+004,-008
+004,-008
+004,-008
+004,-008
+004,-008
+004,-008
+004,-008
+004,-008
+002,-008
+002,-007
+002,-007
+002,-007
+002,-007
+002,-007
+002,-007
+002,-007
+002,-006
+002,-006
+002,-006
+002,-006
+002,-006
+002,-006
+002,-006
+002,-006
+002,-006
+002,-006
+002,-006
+002,-006
+002,-006
+002,-005
+002,-005
+002,-005
+002,-005
+002,-005
+002,-005
+002,-005
+002,-005
+002,-005
+002,-005
+002,-005
+002,-005
+002,-005
+002,-005
+002,-005
+002,-004
+002,-004
+002,-004
+002,-004
+002,-004
+002,-004
+002,-004
+002,-004
+002,-004
+002,-004
+002,-004
+002,-004
+002,-004
+002,-004
+002,-004
+002,-004
+000,-004
+000,-004
+000,-004
+000,-004
+000,-004
+000,-004
+000,-004
+000,-004
+000,-004
+000,-004
+000,-004
+000,-004
+000,-004
+000,-004
+000,-004
+000,-004
+000,-004
+000,-004
+000,-004
+000,-004
+000,-004
+000,-004
+000,-004
+000,-004
+000,-004
+000,-004
+000,-004
+000,-004
+000,-004
+000,-004
+000,-004
+000,-004
+000,-004
+000,-004
+000,-004
+000,-004
+000,-004
+000,-004
+000,-007
+000,-006
+000,-006
+000,-006
+000,-006
+000,-006
+000,-006
+000,-006
+000,-006
+000,-006
+000,-006
+000,-006
+000,-006
+000,-006
+000,-006
+000,-006
+000,-006
+000,-006
+000,-006
+000,-006
+000,-006
+000,-006
+000,-006
+000,-006
+000,-006
+000,-006
+000,-006
+000,-006
+000,-006
+000,-006
+000,-006
+000,-006
+000,-006
+000,-006
+000,-006
+000,-006
+000,-006
+000,-006
+000,-006
+000,-006
+000,-006
+000,-006
+000,-006
+000,-006
+000,-006
+000,-006
+000,-006
+000,-006
+000,-006
+000,-006
+000,-006
+000,-006
+000,-006
+000,-006
+000,-006
+000,-006
+000,-006
+000,-006
+000,-006
+000,-005
+000,-005
+000,-005
+000,-005
+000,-005
+000,-005
+000,-005
+000,-005
+000,-005
+000,-004
+000,-004
-001,-004
-001,-004
-001,-004
-001,-004
-001,-004
-001,-004
-001,-004
-001,-004
-001,-004
-001,-004
-001,-004
-001,-004
-001,-004
-001,-004
-001,-004
-001,-004
-001,-004
-001,-004
-001,-004
-001,-004
-001,-004
-001,-004
-001,-004
-002,-004
-002,-004
-002,-004
-002,-004
-002,-004
-002,-004
-002,-004
-002,-004
-002,-004
-002,-004
-002,-004
-002,-004
-002,-003
-002,-003
-002,-003
-002,-003
-002,-003
-002,-003
-002,-003
-002,-003
-002,-003
-002,-003
-002,-003
-002,-003
-002,-003
-002,-002
-002,-002
-002,-002
-002,-002
-002,-002
-002,-002
-002,-002
-002,-002
-002,-002
-002,-002
-002,-002
-002,-002
-002,-002
-002,-002
-002,-002
-002,-002
-002,-002
-002,-002
-002,-002
-002,-002
-002,-002
-002,-002
-002,-002
-002,-002
-002,-002
-002,-002
-002,-002
-002,-002
-002,-002
-002,-002
-002,-002
-002,-002
-002,-002
-002,-002
-002,-002
-002,-002
-002,-002
-002,-002
-002,-002
-002,-002
-002,-002
-002,-002
-002,-002
-002,-002
-002,-002
-002,-002
-002,-002
-002,-002
-002,-002
-002,-002
-002,-002
-002,-002
-002,-002
-002,-002
-002,-002
-002,-002
-002,-002
-002,-002
-002,-005
-002,-005
-002,-005
-002,-005
-002,-005
+000,-005
+000,-005
+000,-005
+000,-005
+000,-005
+000,-005
+000,-005
+000,-005
+000,-005
+000,-005
+000,-005
+000,-005
+000,-005
+000,-005
+000,-005
+000,-005
+000,-005
+000,-005
+000,-005
+000,-005
+000,-005
+000,-005
+000,-005
+000,-005
+000,-005
+000,-005
+000,-005
+000,-005
+000,-005
+000,-005
+000,-005
+000,-005
+000,-005
+000,-005
+000,-005
+000,-005
+000,-005
+002,-005
+002,-005
+002,-005
+002,-005
+002,-005
+002,-005
+002,-005
+002,-005
+002,-005
+002,-005
+002,-005
+002,-005
+002,-005
+002,-005
+002,-005
+002,-005
+002,-005
+002,-005
+002,-005
+002,-005
+002,-005
+002,-005
+002,-005
+002,-005
+002,-005
+002,-005
+002,-005
+002,-005
+002,-005
+002,-005
+002,-005
+002,-005
+002,-005
+002,-005
+002,-005
+002,-005
+002,-005
+002,-005
+002,-005
+002,-005
+002,-005
+002,-005
+002,-005
+002,-005
+002,-005
+002,-005
+002,-005
+002,-005
+002,-005
+002,-005
+002,-005
+002,-005
+002,-005
+002,-005
+002,-005
+004,-005
+004,-004
+004,-004
+004,-004
+004,-003
+004,-003
+004,-003
+004,-003
+004,-003
+004,-003
+004,-003
+004,-003
+004,-003
+004,-003
+004,-006
+004,-005
+004,-005
+004,-005
+004,-005
+004,-005
+004,-005
+004,-005
+004,-005
+004,-004
+004,-004
+004,-004
+004,-004
+004,-003
+004,-003
+006,-003
+006,-003
+006,-003
+006,-003
+006,-003
+006,-003
+006,-003
+006,-003
+006,-003
+006,-003
+006,-002
+006,-002
+006,-002
+006,-002
+006,-002
+006,-002
+006,-002
+006,-002
+006,-002
+006,-002
+006,-002
+006,-002
+006,-002
+006,-002
+006,-002
+006,-002
+006,-002
+006,-002
+006,-002
+006,-002
+006,-002
+006,-002
+006,-002
+006,-002
+006,-002
+006,-002
+006,-002
+006,-002
+006,-002
+004,-002
+004,-005
+004,-005
+004,-005
+004,-005
+004,-005
+004,-005
+004,-005
+004,-005
+004,-005
+004,-005
+004,-005
+004,-005
+004,-005
+004,-004
+006,-003
+006,-002
+006,-002
+006,-002
+006,-002
+006,-002
+006,-002
+006,-002
+006,-002
+006,-002
+006,-002
+006,-002
+006,-002
+006,-001
+006,-001
+006,-001
+006,-001
+006,-001
+006,-001
+008,-001
+008,-001
+008,-001
+008,-001
+008,-001
+008,-001
+008,-000
+008,-000
+008,-000
+008,-000
+008,-000
+008,-000
+008,-000
+008,-000
+008,-001
+008,-001
+008,-001
+008,-001
+008,-001
+008,-001
+008,-002
+008,-002
+008,-002
+008,-002
+008,-002
+008,-002
+008,-002
+008,-002
+008,-002
+008,-002
+008,-002
+008,-002
+008,-002
+008,-002
+008,-002
+008,-002
+008,-002
+008,-002
+008,-002
+008,-002
+008,-002
+008,-002
+008,-002
+008,-002
+008,-001
+008,-001
+008,-001
+008,-001
+008,-001
+008,-001
+008,-001
+008,-001
+008,-001
+008,-001
+008,-001
+008,-001
+008,-001
+008,-001
+008,-001
+008,-001
+008,-001
+008,-001
+008,-001
+008,-001
+008,-001
+008,-001
+008,-001
+008,-001
+008,-004
+008,-004
+008,-003
+008,-003
+008,-003
+008,-003
+008,-003
+006,-003
+006,-003
+006,-003
+006,-003
+006,-002
+006,-002
+006,-002
+006,-002
+006,-002
+006,-002
+006,-002
+006,-002
+006,-002
+006,-002
+006,-002
+006,-002
+006,-002
+006,-002
+006,-002
+006,-002
+006,-002
+006,-001
+006,-001
+006,-001
+006,-001
+006,-001
+006,-001
+006,-001
+006,-001
+006,-001
+006,-001
+006,-001
+006,-001
+006,-001
+006,-001
+006,-000
+006,-000
+006,-000
+006,-000
+006,-000
+006,-000
+006,-000
+006,-000
+006,-000
+006,-000
+006,-000
+006,-000
+006,-000
+006,-000
+006,-000
+006,-000
+006,-000
+006,-000
+006,-000
+006,-000
+006,-000
+006,-000
+006,-000
+006,-000
+006,-000
+006,-000
+006,-000
+006,-000
+006,-000
+006,-000
+006,-000
+006,-000
+006,-000
+006,-000
+006,-000
+006,-000
+006,-000
+006,-000
+006,-000
+006,-000
+006,-001
+006,-001
+006,-001
+006,-001
+006,-001
+006,-001
+006,-001
+006,-001
+006,-001
+006,-001
+006,-001
+006,-001
+006,-001
+006,-001
+006,-001
+006,-001
+006,-001
+006,-001
+006,-001
+006,-001
+006,-001
+006,-001
+006,-001
+006,-001
+006,-001
+006,-001
+006,-001
+004,-001
+004,-002
+004,-001
+004,-001
+004,-001
+004,-001
+004,-001
+004,-001
+004,-001
+004,-001
+004,-001
+004,-001
+004,-001
+004,-001
+002,-004
+002,-004
+002,-004
+002,-004
+002,-004
+002,-004
+002,-004
+002,-004
+002,-004
+002,-004
+002,-004
+002,-004
+002,-004
+002,-004
+002,-004
+002,-004
+002,-004
+002,-004
+002,-004
+002,-004
+002,-004
+002,-004
+002,-004
+002,-004
+002,-004
+002,-004
+002,-004
+002,-004
+002,-004
+002,-004
+002,-004
+000,-004
+000,-004
+000,-004
+000,-004
+000,-004
+000,-004
+000,-004
+000,-004
+000,-004
+000,-004
+000,-004
+000,-004
+000,-004
+000,-004
+000,-004
+000,-004
+000,-004
+000,-004
+000,-004
+000,-004
+000,-004
+000,-004
+000,-004
+000,-004
+000,-004
+000,-004
+000,-004
+000,-004
+000,-004
+000,-004
+000,-004
+000,-004
+000,-004
+000,-004
+000,-004
+000,-004
+000,-004
+000,-004
+000,-004
+000,-004
+000,-004
+000,-004
+000,-004
+000,-004
+000,-004
+000,-004
+000,-004
+000,-004
+000,-004
+000,-004
+000,-004
+000,-004
+000,-004
+000,-004
+000,-004
+000,-004
+000,-004
+000,-004
+000,-004
+000,-004
+000,-004
+000,-004
+000,-004
+000,-004
+000,-004
+000,-004
+000,-004
+000,-004
+000,-003
+000,-003
+000,-003
+000,-003
+000,-003
+000,-003
+000,-003
+000,-003
+000,-003
+000,-003
+000,-003
+000,-003
-001,-003
-001,-003
-001,-003
-001,-003
-001,-003
-001,-002
-001,-002
-001,-002
-001,-002
-001,-002
-001,-002
-001,-002
-001,-002
-001,-002
-001,-002
-001,-002
-001,-002
-001,-002
-001,-001
-001,-001
-001,-001
-001,-001
-001,-001
-001,-001
-001,-001
-001,-001
-001,-001
-001,-001
-001,-001
-001,-001
-001,-001
-001,-001
-001,-001
-001,-001
-001,-001
-001,-001
-001,-001
-001,-001
-001,-001
-001,-001
-001,-001
-001,-001
-001,-001
-001,-001
-001,-001
-001,-001
-001,-001
-001,-001
-001,-001
-001,-001
-001,-001
-001,-001
-001,-001
-001,-001
-001,-001
-001,-001
-001,-001
-001,-001
-001,-001
-001,-001
-001,-001
-001,-001
-001,-001
-001,-001
-001,-001
-001,-001
-001,-001
-001,-001
-001,-001
-001,-001
-001,-001
-001,-001
-001,-001
-001,-001
-001,-001
-001,-001
-001,-001
-001,-001
-001,-001
-001,-001
-001,-001
-001,-001
-001,-001
-001,-001
-001,-001
-001,-001
-001,-001
-001,-001
-001,-001
-001,-001
-001,-001
-001,-001
-001,-001
-001,-001
-001,-001
-001,-001
-001,-001
-001,-001
-001,-001
-001,-001
-001,-001
-001,-001
-001,-001
-001,-001
-001,-001
-001,-001
-001,-001
-001,-001
-001,-001
-001,-001
-002,-001
-002,-001
-002,-001
-002,-001
-002,-001
-002,-001
-002,-001
-002,-001
-002,-001
-002,-001
-002,-001
-002,-001
-002,-001
-002,-001
-002,-001
-002,-001
-002,-001
-002,-001
-002,-001
-002,-001
-002,-001
-002,-001
-002,-001
-002,-001
-002,-001
-002,-001
-002,-001
-002,-001
-002,-001
-002,-001
-002,-001
-002,-001
-002,-001
-002,-001
-002,-001
-002,-001
-002,-001
-002,-001
-002,-001
-002,-001
-002,-001
-002,-001
-002,-001
-002,-001
-002,-001
-002,-001
-002,-001
-002,-004
-002,-003
-002,-003
-002,-003
-002,-003
-002,-003
-002,-003
-002,-003
-002,-003
-002,-003
-002,-003
-002,-003
-002,-003
-002,-003
-002,-003
-002,-003
-002,-003
-002,-003
-002,-003
-002,-003
-002,-003
-002,-003
-002,-003
-002,-003
-002,-003
-002,-003
-002,-003
-002,-003
-002,-003
-002,-006
-002,-006
-002,-006
-002,-006
-002,-006
-002,-006
-002,-006
-002,-006
-002,-006
-002,-006
-002,-006
-002,-006
-002,-006
-002,-006
-002,-006
-002,-006
-002,-006
-002,-006
-002,-006
-002,-006
-002,-006
-002,-006
-002,-006
-002,-006
-002,-006
-002,-006
-002,-006
-002,-006
-002,-006
-002,-006
-002,-006
-002,-006
-002,-006
-002,-006
-002,-006
-002,-006
-002,-006
-002,-006
-002,-006
-002,-006
-002,-006
-002,-006
-002,-006
-002,-006
-002,-006
-002,-006
-002,-006
-002,-006
-002,-006
+000,-006
+000,-006
+000,-006
+000,-006
+000,-006
+000,-006
+000,-006
+000,-006
+000,-006
+000,-006
+000,-006
+000,-006
+000,-006
+000,-006
+000,-006
+000,-006
+000,-006
+000,-006
+000,-006
+000,-006
+000,-006
+000,-006
+000,-006
+000,-006
+000,-006
+000,-006
+000,-006
+000,-006
+000,-006
+000,-006
+000,-006
+000,-006
+000,-006
+000,-006
+000,-006
+000,-006
+000,-006
+000,-006
+000,-006
+000,-006
+000,-006
+000,-006
+000,-006
+000,-006
+000,-006
+000,-006
+000,-006
+000,-006
+000,-006
+000,-006
+000,-006
+000,-006
+000,-006
+000,-006
+000,-006
+000,-006
+000,-006
+000,-006
+000,-006
+000,-006
+000,-006
+000,-006
+000,-006
+000,-006
+000,-006
+000,-006
+000,-006
+000,-006
+000,-006
+000,-006
+000,-006
+000,-006
+000,-006
+000,-006
+000,-006
+000,-006
+000,-006
+000,-006
+000,-006
+000,-006
+000,-006
+000,-006
+000,-006
+000,-006
+000,-006
+000,-006
+000,-006
+000,-006
+000,-006
+000,-006
+000,-006
+000,-006
+000,-006
+000,-006
+000,-006
+000,-006
+000,-006
+000,-006
+000,-006
+000,-005
+000,-005
+000,-005
+000,-005
+000,-005
+000,-005
+000,-005
+000,-005
+000,-005
+000,-005
+000,-005
+000,-005
+000,-005
+000,-005
+000,-005
+000,-005
+000,-005
+000,-005
+000,-005
+000,-005
+000,-005
+000,-004
+000,-004
+000,-004
+000,-004
+000,-004
+000,-004
+000,-004
+000,-004
+000,-004
+000,-004
+000,-004
+000,-004
+000,-004
+000,-004
+000,-004
+000,-004
+000,-004
+000,-004
+000,-004
+000,-004
+000,-004
+000,-004
+000,-004
+000,-004
+000,-004
+000,-004
+000,-004
+000,-004
+000,-004
+000,-004
+000,-004
+000,-004
+000,-004
+000,-003
+000,-003
+000,-003
+000,-003
+000,-003
+000,-003
+000,-003
+000,-003
+000,-003
+000,-003
+000,-003
+000,-003
+000,-003
+000,-003
+000,-003
+000,-003
+000,-003
+000,-003
+000,-003
+000,-003
+000,-003
+000,-003
+000,-003
+000,-003
+000,-003
+000,-003
+000,-003
+000,-003
+000,-003
+000,-003
+000,-003
+000,-003
+000,-003
+000,-003
+000,-003
+000,-003
+000,-003
+000,-003
+000,-003
+000,-003
+000,-003
+000,-003
+000,-003
+000,-003
+000,-003
+000,-003
+000,-003
+000,-003
+000,-003
+000,-003
+000,-003
+000,-003
+000,-003
+000,-003
+000,-003
+000,-003
+000,-003
+000,-003
+000,-003
+000,-003
+000,-003
+000,-003
+000,-003
+000,-003
+000,-003
+000,-003
+000,-003
+000,-003
+000,-003
+000,-003
+000,-003
+000,-003
+000,-003
+000,-003
+000,-003
+000,-003
+000,-003
+000,-003
+000,-003
+000,-003
+000,-003
+000,-003
+000,-003
+000,-003
+000,-003
+000,-003
+000,-003
+000,-003
+000,-003
+000,-003
+000,-003
+000,-003
+000,-003
+000,-003
+000,-003
+000,-003
+000,-003
+000,-003
+000,-003
+000,-003
+000,-003
+000,-003
+000,-003
+000,-003
+000,-003
+000,-003
+000,-003
+000,-003
+000,-003
+000,-003
+000,-003
+000,-003
-001,-003
-001,-003
-001,-003
-001,-003
-001,-003
-001,-003
-001,-003
-001,-003
-001,-003
-001,-003
-001,-003
-001,-003
-001,-003
-001,-003
-001,-003
-001,-003
-001,-003
-001,-003
-001,-003
-001,-003
-001,-003
-001,-003
-001,-003
-001,-003
-001,-003
-001,-003
-001,-003
-001,-003
-001,-003
-001,-003
-001,-003
-001,-003
-001,-003
-001,-003
-001,-003
-001,-003
-001,-003
-001,-006
-001,-005
-001,-005
-001,-005
-001,-005
-001,-005
-001,-005
-001,-005
-001,-005
-001,-005
-001,-005
-001,-005
-001,-005
-001,-005
-001,-005
-001,-005
-001,-005
-001,-005
-001,-005
-001,-008
-001,-008
-001,-008
-001,-008
-001,-008
-001,-008
-001,-008
-001,-008
-001,-008
-001,-008
-001,-008
-001,-008
-001,-008
-001,-008
-001,-008
-001,-008
-001,-008
-001,-008
-001,-008
-001,-008
-001,-008
-001,-008
-001,-008
-001,-008
-001,-008
-001,-008
-001,-008
-001,-008
-001,-008
-001,-008
-001,-008
-001,-008
-001,-008
-001,-008
-001,-008
-001,-008
-001,-008
-001,-008
-001,-008
-001,-008
-001,-008
-001,-008
-001,-008
-001,-008
-001,-008
-001,-008
-001,-008
-001,-008
-001,-007
-001,-007
-001,-007
-001,-007
-001,-007
-001,-007
-001,-007
-001,-007
-001,-007
-001,-007
-001,-007
-001,-006
-001,-006
-001,-006
-001,-006
-001,-006
-001,-006
-001,-006
-001,-006
-001,-006
-001,-006
-001,-006
-001,-006
-001,-006
-001,-006
-001,-006
-001,-006
-001,-006
-001,-006
-001,-006
-001,-006
-001,-006
-001,-006
-001,-006
+001,-006
+001,-006
+001,-006
+001,-006
+001,-006
+001,-006
+001,-006
+001,-006
+001,-009
+001,-009
+001,-009
+001,-009
+001,-009
+001,-009
+001,-009
+001,-009
+001,-009
+001,-009
+001,-009
+001,-009
+001,-009
+001,-009
+001,-009
+001,-009
+001,-009
+001,-012
+001,-012
+001,-012
+001,-012
+001,-012
+001,-012
+001,-012
+001,-012
+001,-012
+001,-012
+001,-012
+001,-012
+001,-012
+001,-012
+001,-012
+001,-012
+001,-012
+001,-012
+001,-012
+001,-012
+001,-012
+001,-012
+001,-012
+001,-012
+001,-012
+001,-012
+001,-012
+001,-012
+001,-012
+001,-012
+001,-012
+001,-012
+001,-012
+001,-012
+001,-012
+001,-012
+001,-012
+001,-012
+001,-012
+001,-012
+001,-012
+001,-012
+001,-012
+001,-012
+001,-012
+001,-011
+000,-011
+000,-011
+000,-011
+000,-011
+000,-011
+000,-011
+000,-011
+000,-011
+000,-011
+000,-011
+000,-011
+000,-011
+000,-011
+000,-010
+000,-010
+000,-010
+000,-010
+000,-010
-001,-010
-001,-010
-001,-010
-001,-010
-001,-010
-001,-010
-001,-010
-001,-010
-001,-010
-001,-010
-001,-010
-001,-010
-001,-010
-001,-010
-001,-010
-001,-010
-001,-010
-001,-010
-001,-010
-001,-010
-001,-010
-001,-010
-002,-010
-002,-010
-002,-010
-002,-010
-002,-010
-002,-010
-002,-010
-002,-010
-002,-010
-002,-010
-003,-010
-003,-010
-003,-010
-003,-010
-003,-010
-003,-010
-003,-010
-003,-010
-003,-010
-003,-010
-003,-010
-003,-010
-003,-010
-003,-010
-003,-010
-003,-010
-003,-010
-003,-010
-003,-010
-003,-010
-003,-010
-004,-010
-004,-010
-004,-010
-004,-010
-004,-013
-004,-012
-004,-012
-004,-012
-004,-012
-004,-012
-004,-012
-004,-012
-004,-012
-004,-012
-004,-012
-004,-012
-005,-012
-005,-012
-005,-012
-005,-012
-005,-012
-005,-012
-005,-012
-005,-012
-005,-012
-005,-012
-005,-012
-005,-012
-005,-012
-005,-012
-006,-012
-006,-012
-006,-011
-006,-011
-006,-011
-006,-011
-006,-011
-006,-011
-006,-011
-006,-011
-006,-011
-006,-011
-006,-011
-006,-011
-006,-011
-006,-011
-006,-011
-006,-011
-007,-011
-007,-011
-007,-011
-007,-011
-007,-011
-007,-011
-007,-011
-007,-011
-007,-011
-007,-011
-007,-011
-007,-011
-007,-011
-008,-011
-008,-011
-008,-011
-008,-011
-008,-011
-008,-011
-008,-011
-008,-011
-008,-011
-008,-011
-008,-011
-008,-011
-008,-011
-008,-011
-008,-011
-008,-011
-008,-011
-009,-011
-009,-011
-009,-011
-009,-011
-009,-011
-009,-011
-009,-011
-009,-011
-009,-011
-009,-011
-009,-011
-009,-011
-009,-011
-009,-011
-009,-011
-009,-011
-009,-011
-009,-011
-009,-011
-009,-011
-009,-011
-009,-011
-009,-011
-009,-011
-009,-010
-009,-010
-009,-010
-009,-010
-009,-010
-009,-010
-009,-010
-009,-010
-009,-010
-009,-010
-009,-009
-009,-009
-009,-009
-009,-009
-009,-009
-009,-009
-009,-009
-009,-009
-009,-009
-009,-009
-009,-009
-009,-009
-009,-009
-009,-009
-009,-009
-009,-009
-009,-009
-009,-009
-009,-009
-009,-009
-009,-009
-009,-009
-009,-009
-006,-008
-006,-008
-006,-008
-006,-008
-006,-008
-006,-008
-006,-008
-006,-008
-006,-008
-006,-008
-006,-008
-006,-008
-006,-008
-006,-007
-006,-007
-006,-007
-006,-007
-006,-007
-006,-007
-006,-007
-006,-007
-006,-007
-006,-007
-006,-007
-006,-007
-006,-007
-006,-007
-006,-007
-006,-007
-003,-007
-003,-007
-003,-007
-003,-007
-003,-007
-003,-007
-003,-007
-003,-007
-003,-007
-003,-007
-003,-007
-003,-007
-003,-007
-003,-007
-003,-007
-003,-007
-003,-007
-003,-007
-003,-006
-003,-006
-003,-006
-003,-006
-003,-006
-003,-006
-003,-006
-003,-006
-003,-006
-003,-006
-003,-006
-003,-006
-003,-006
-003,-006
-003,-006
-003,-006
-003,-006
-003,-006
-003,-006
-003,-006
-003,-006
-003,-006
-003,-006
-003,-006
-003,-006
-003,-006
-003,-006
-003,-006
-003,-006
-003,-006
-003,-006
-003,-006
-003,-006
-003,-006
-003,-006
-004,-006
-004,-006
-004,-006
-004,-006
-004,-006
-004,-006
-004,-006
-004,-006
-004,-006
-004,-006
-004,-006
-004,-006
-004,-006
-005,-009
-005,-009
-005,-009
-005,-009
-005,-009
-005,-009
-006,-009
-006,-009
-006,-009
-006,-009
-006,-009
-007,-009
-007,-009
-007,-009
-007,-009
-007,-009
-007,-009
-007,-009
-007,-009
-007,-009
-008,-009
-008,-009
-008,-009
-008,-009
-008,-009
-008,-009
-008,-009
-008,-009
-008,-009
-008,-009
-008,-009
-008,-009
-008,-009
-008,-009
-008,-009
-008,-009
-008,-009
-008,-009
-008,-009
-008,-009
-008,-009
-008,-008
-008,-008
-008,-008
-008,-008
-008,-008
-008,-008
-008,-008
-008,-008
-008,-008
-008,-008
-008,-008
-008,-008
-008,-008
-008,-008
-008,-007
-008,-007
-008,-007
-008,-007
-008,-006
-008,-006
-008,-006
-008,-006
-008,-006
-008,-006
-008,-006
-008,-006
-008,-006
-008,-006
-008,-006
-008,-006
-008,-006
-008,-005
-008,-005
-008,-005
-008,-005
-008,-005
-008,-005
-008,-005
-008,-005
-008,-005
-008,-005
-008,-005
-008,-005
-008,-004
-008,-004
-008,-004
-008,-004
-008,-004
-008,-003
-008,-003
-008,-003
-008,-003
-008,-003
-008,-003
-008,-003
-008,-002
-008,-002
-008,-002
-008,-002
-008,-002
-008,-001
-009,-000
-009,-000
-009,-000
-009,-000
-010,-000
-010,-000
-010,-000
-010,-000
-010,-000
-010,-000
-010,-000
-011,-000
-011,-000
-011,-001
-011,-001
-011,-001
-011,-001
-011,-001
-012,-001
-012,-001
-012,-001
-012,-001
-012,-001
-012,-001
-012,-001
-012,-001
-012,-001
-012,-002
-012,-002
-012,-002
-012,-002
-012,-002
-012,-003
-012,-003
-012,-003
-013,-003
-013,-004
-013,-004
-013,-004
-013,-004
-013,-005
-013,-005
-013,-005
-013,-005
-013,-005
-013,-005
-013,-005
-013,-005
-013,-005
-013,-005
-013,-005
-013,-005
-013,-005
-013,-005
-013,-005
-013,-005
-013,-005
-013,-005
-013,-005
-013,-005
-013,-005
-013,-005
-013,-005
-013,-005
-013,-002
-013,-002
-013,-002
-013,-002
-013,-002
-013,-002
-013,-002
-013,-002
-013,-002
-013,-002
-013,-002
-013,-001
-013,-001
-013,-001
-013,-001
-013,-001
-013,-001
-013,-001
-013,-001
-013,-001
-013,-001
-013,-001
-013,-001
-013,-001
-013,-001
-013,-001
-013,-001
-013,-001
-013,-001
-013,-001
-013,-001
-013,-001
-013,-001
-013,-001
-013,-001
-013,-001
-013,-001
-013,-001
-013,-001
-013,-001
-013,-004
-013,-004
-013,-004
-013,-004
-013,-004
-013,-004
-013,-004
-013,-004
-013,-004
-013,-004
-013,-004
-013,-004
-013,-004
-013,-004
-013,-007
-013,-007
-013,-007
-013,-007
-013,-007
-010,-007
-010,-007
-011,-007
-011,-007
-011,-007
-011,-007
-011,-007
-011,-007
-011,-007
-011,-007
-011,-007
-011,-007
-011,-007
-011,-007
-011,-007
-011,-007
-011,-007
-011,-007
-011,-007
-011,-007
-011,-007
-011,-007
-011,-007
-012,-006
-013,-005
-013,-005
-014,-005
-014,-005
-014,-005
-014,-004
-014,-004
-014,-004
-014,-004
-014,-004
-014,-004
-014,-004
-015,-003
-015,-003
-015,-003
-015,-003
-016,-003
-016,-002
-016,-002
-016,-002
-017,-002
-017,-002
-017,-002
-017,-001
-018,-001
-018,-001
-019,-001
-019,-001
-019,-001
-019,-001
-020,-001
-020,-001
-020,-001
-020,-001
-020,-001
-020,-001
-020,-001
-020,-001
-021,-001
-021,-001
-021,-001
-021,-001
-021,-001
-021,-001
-021,-001
-021,-001
-021,-001
-021,-001
-021,-001
-021,-001
-021,-001
-021,-001
-021,-001
-021,-001
-021,-004
-021,-004
-018,-003
-018,-003
-018,-003
-018,-003
-018,-003
-018,-003
-018,-003
-018,-003
-018,-003
-018,-003
-018,-003
-018,-003
-018,-003
-018,-003
-018,-003
-018,-006
-018,-005
-018,-005
-018,-005
-018,-005
-018,-005
-018,-005
-018,-005
-018,-005
-018,-005
-018,-005
-018,-005
-018,-005
-018,-005
-018,-005
-018,-005
-018,-005
-018,-005
-018,-005
-018,-005
-018,-005
-018,-005
-018,-005
-018,-005
-018,-005
-018,-005
-018,-005
-018,-005
-018,-005
-018,-005
-018,-008
-018,-008
-015,-008
-015,-008
-015,-011
-015,-011
-015,-011
-015,-011
-015,-011
-015,-011
-015,-011
-015,-011
-015,-011
-015,-011
-015,-011
-015,-011
-015,-011
-015,-011
-015,-011
-015,-011
-015,-011
-015,-011
-015,-011
-015,-011
-015,-011
-015,-011
-015,-014
-015,-013
-015,-013
-015,-013
-015,-013
-015,-013
-015,-013
-015,-013
-015,-013
-015,-013
-015,-013
-015,-013
-015,-013
-015,-013
-015,-013
-015,-013
-015,-013
-015,-013
-015,-013
-015,-013
-015,-013
-015,-013
-015,-013
-015,-013
-015,-013
-015,-013
-015,-013
-015,-013
-015,-013
-015,-013
-015,-013
-015,-013
-015,-013
-015,-013
-015,-013
-015,-013
-015,-013
-015,-013
-015,-013
-015,-013
-015,-013
-012,-013
-012,-013
-013,-013
-013,-013
-013,-013
-013,-013
-013,-013
-013,-013
-013,-013
-013,-013
-010,-013
-010,-013
-010,-013
-010,-016
-010,-016
-010,-016
-010,-016
-010,-016
-010,-016
-010,-016
-010,-016
-010,-016
-010,-016
-007,-016
-007,-019
-007,-019
-007,-019
-007,-019
-007,-019
-007,-019
-007,-019
-007,-019
-007,-019
-007,-019
-007,-019
-007,-019
-007,-022
-007,-022
-007,-022
-007,-022
-007,-022
-007,-022
-007,-022
-007,-022
-007,-022
-007,-022
-007,-025
-007,-025
-007,-025
-007,-025
-007,-025
-007,-025
-007,-025
-007,-025
-007,-025
-007,-025
-007,-025
-007,-025
-007,-025
-007,-025
-007,-025
-007,-025
-007,-025
-007,-025
-007,-024
-007,-024
-007,-024
-007,-024
-007,-024
-007,-024
-007,-024
-007,-024
-007,-024
-007,-024
-007,-024
-007,-024
-007,-024
-007,-024
-007,-024
-007,-024
-007,-024
-007,-024
-007,-024
-007,-024
-008,-024
-008,-024
-008,-024
-008,-024
-008,-024
-008,-024
-008,-024
-008,-023
-008,-023
-008,-023
-008,-023
-008,-023
-008,-022
-008,-022
-008,-022
-009,-021
-009,-021
-009,-021
-009,-021
-009,-020
-009,-020
-009,-019
-009,-019
-010,-019
-010,-018
-010,-018
-010,-018
-010,-017
-010,-017
-010,-017
-011,-016
-011,-016
-011,-016
-011,-016
-011,-016
-011,-016
-011,-015
-012,-015
-012,-015
-012,-015
-012,-015
-012,-015
-012,-015
-012,-015
-012,-015
-012,-015
-012,-015
-012,-015
-012,-015
-012,-015
-012,-015
-012,-015
-012,-015
-012,-015
-012,-015
-012,-015
-013,-018
-013,-018
-013,-018
-013,-018
-013,-018
-013,-018
-013,-018
-013,-018
-013,-018
-013,-018
-013,-018
-013,-018
-013,-018
-014,-018
-014,-018
-014,-018
-014,-018
-014,-018
-014,-018
-014,-018
-014,-018
-014,-018
-014,-018
-015,-018
-015,-018
-015,-018
-016,-018
-016,-018
-016,-018
-016,-018
-016,-018
-016,-018
-016,-018
-016,-021
-016,-021
-016,-021
-017,-021
-017,-021
-017,-021
-017,-021
-017,-021
-018,-021
-018,-021
-018,-021
-018,-021
-018,-021
-018,-021
-018,-021
-018,-021
-019,-021
-019,-021
-019,-021
-019,-021
-019,-021
-019,-021
-019,-021
-019,-021
-019,-021
-019,-021
-019,-021
-019,-021
-019,-021
-019,-021
-019,-021
-019,-021
-019,-021
-019,-021
-019,-021
-019,-021
-019,-021
-019,-021
-019,-021
-019,-021
-019,-021
-019,-021
-019,-021
-019,-021
-019,-021
-019,-021
-019,-021
-019,-021
-019,-021
-019,-021
-019,-021
-019,-021
-019,-021
-019,-021
-019,-021
-016,-021
-016,-021
-016,-021
-016,-021
-016,-021
-016,-021
-016,-021
-016,-021
-016,-021
-016,-021
-016,-021
-016,-021
-016,-021
-016,-021
-016,-021
-016,-021
-016,-021
-016,-020
-016,-020
-016,-020
-016,-020
-016,-020
-016,-020
-013,-019
-014,-019
-014,-019
-014,-019
-014,-019
-014,-019
-014,-019
-014,-019
-014,-019
-014,-019
-014,-018
-014,-018
-011,-018
-011,-018
-011,-018
-011,-018
-011,-018
-011,-018
-011,-018
-011,-018
-011,-018
-011,-018
-011,-018
-011,-018
-011,-018
-011,-018
-008,-018
-008,-018
-008,-018
-008,-021
-008,-021
-008,-021
-008,-021
-008,-021
-008,-021
-008,-021
-008,-021
-008,-021
-008,-021
-008,-021
-005,-021
-005,-021
-006,-021
-006,-021
-006,-021
-006,-021
-006,-021
-006,-021
-006,-021
-006,-021
-006,-021
-006,-021
-006,-021
-003,-021
-003,-021
-003,-021
-003,-021
-003,-021
-003,-021
-003,-021
-003,-021
-003,-021
-003,-021
-003,-021
-003,-021
-003,-021
-003,-021
-003,-021
-003,-021
-003,-021
-003,-021
-003,-020
-003,-020
-003,-020
-003,-020
-003,-020
-003,-020
-003,-020
-003,-019
-003,-019
-003,-019
-003,-019
-003,-019
-003,-019
-003,-019
-003,-019
-003,-018
-003,-018
-003,-018
-003,-018
-003,-018
-003,-017
-003,-017
-003,-017
-003,-017
-003,-017
-003,-017
-003,-017
-003,-016
-003,-016
-003,-016
-003,-016
-003,-016
-003,-016
-003,-016
-003,-015
-003,-015
-003,-015
-003,-015
-003,-015
-003,-015
-003,-015
-004,-015
-004,-014
-004,-014
-004,-014
-004,-014
-005,-014
-005,-014
-005,-014
-005,-014
-005,-014
-005,-013
-005,-013
-005,-013
-005,-013
-005,-013
-005,-013
-005,-013
-006,-013
-006,-013
-006,-013
-006,-013
-006,-013
-006,-012
-006,-012
-006,-012
-006,-012
-006,-012
-006,-011
-006,-011
-006,-011
-006,-011
-007,-011
-007,-010
-007,-010
-007,-010
-007,-010
-007,-010
-007,-010
-007,-010
-007,-010
-007,-010
-007,-009
-007,-009
-007,-009
-007,-009
-007,-008
-007,-008
-007,-008
-007,-008
-007,-008
-007,-008
-007,-008
-007,-007
-007,-007
-007,-007
-007,-007
-007,-007
-007,-007
-007,-007
-007,-007
-007,-007
-007,-006
-007,-006
-007,-006
-007,-006
-007,-006
-007,-006
-007,-006
-007,-006
-007,-006
-007,-006
-007,-005
-007,-005
-007,-005
-007,-005
-007,-005
-007,-005
-007,-005
-007,-005
-007,-005
-007,-005
-007,-005
-007,-005
-007,-005
-007,-005
-007,-005
-007,-005
-007,-005
-007,-005
-007,-005
-007,-005
-007,-005
-007,-008
-007,-008
-007,-008
-007,-008
-007,-008
-007,-008
-007,-008
-007,-008
-007,-008
-007,-008
-007,-008
-007,-008
-007,-008
-007,-011
-007,-011
-007,-011
-007,-011
-007,-011
-007,-011
-007,-011
-007,-011
-007,-011
-007,-011
-007,-011
-007,-011
-007,-011
-007,-014
-007,-014
-007,-014
-007,-014
-004,-014
-004,-014
-004,-014
-004,-014
-004,-014
-004,-014
-004,-014
-004,-014
-004,-014
-004,-014
-004,-014
-004,-014
-004,-014
-004,-014
-004,-014
-004,-014
-004,-014
-004,-014
-004,-014
-004,-014
-004,-014
-004,-014
-004,-014
-004,-014
-004,-014
-004,-014
-004,-014
-004,-014
-004,-014
-004,-014
-004,-014
-004,-014
-004,-014
-004,-014
-004,-014
-001,-014
-002,-014
-002,-014
-002,-014
-002,-014
-002,-014
-002,-014
-002,-014
-002,-014
-002,-014
-002,-014
-002,-014
-002,-014
-002,-014
-002,-014
-002,-014
-002,-014
-002,-017
-002,-016
-002,-016
-002,-016
-002,-016
+000,-016
+000,-016
+000,-016
+000,-016
+000,-016
+000,-016
+000,-016
+000,-016
+000,-016
+000,-016
+000,-016
+000,-016
+000,-016
+000,-016
+000,-016
+000,-016
+000,-016
+000,-016
+000,-016
+000,-016
+000,-016
+000,-016
+000,-016
+000,-019
+000,-019
+000,-019
+000,-019
+000,-019
+000,-019
+000,-019
+000,-019
+000,-019
+000,-019
+000,-019
+000,-019
+000,-019
+000,-019
+000,-019
+000,-019
+000,-019
+000,-019
+000,-019
+000,-019
+000,-018
+000,-018
+000,-018
+000,-018
+000,-018
+000,-018
+000,-017
+000,-017
+000,-017
+000,-017
+000,-016
+000,-016
+002,-016
+002,-016
+002,-016
+002,-016
+002,-016
+002,-016
+002,-016
+002,-016
+002,-015
+002,-015
+002,-015
+002,-015
+002,-015
+002,-015
+002,-014
+002,-014
+002,-014
+002,-014
+002,-014
+002,-014
+002,-014
+002,-014
+002,-014
+002,-014
+002,-014
+002,-014
+002,-014
+002,-014
+002,-014
+002,-014
+002,-014
+002,-014
+002,-014
+002,-014
+002,-014
+002,-014
+000,-014
+000,-014
+000,-014
+000,-014
+000,-014
+000,-014
+000,-014
+000,-014
+000,-014
+000,-014
+000,-014
+000,-014
+000,-014
+000,-014
+000,-014
+000,-014
+000,-014
+000,-014
+000,-014
+000,-013
+000,-013
+000,-013
+000,-013
+000,-013
+000,-013
+000,-012
+000,-012
+000,-012
+000,-012
+000,-012
+000,-012
+000,-011
+000,-011
+000,-011
+000,-011
+000,-011
+000,-010
+000,-010
+000,-010
+000,-010
+000,-010
+000,-010
+000,-009
+000,-009
+000,-009
+000,-009
+000,-009
+000,-009
+000,-009
+000,-008
+000,-008
+000,-008
+000,-008
+000,-008
+000,-008
+000,-008
+000,-008
+000,-008
+000,-008
+000,-008
+000,-008
+000,-008
+000,-008
+000,-008
+000,-008
+000,-008
+000,-008
+000,-008
+000,-008
+000,-008
-001,-008
-001,-008
-001,-008
-001,-008
-001,-008
-001,-008
-001,-008
-001,-008
-001,-008
-001,-008
-001,-008
-001,-008
-001,-008
-001,-008
-001,-008
-001,-008
-001,-008
-001,-008
-001,-008
-001,-008
-001,-008
-002,-008
-002,-008
-002,-008
-002,-008
-002,-008
-002,-008
-002,-008
-002,-007
-002,-007
-002,-007
-002,-007
-002,-006
-002,-006
-002,-006
-002,-006
-002,-006
-002,-006
-002,-006
-002,-006
-002,-006
-002,-006
-002,-006
-002,-006
-002,-006
-002,-006
-002,-006
-002,-006
-002,-006
-002,-006
-002,-006
-002,-006
-002,-006
-002,-006
-002,-006
-002,-006
-002,-006
-002,-006
-002,-006
-002,-006
-002,-006
-002,-006
-002,-006
-002,-006
-002,-006
-002,-006
-002,-006
-002,-006
-002,-006
-002,-006
-002,-006
-002,-006
-002,-006
-002,-006
-002,-005
-002,-005
-002,-005
-002,-005
-002,-005
-002,-005
-002,-005
-002,-005
-002,-005
-002,-005
-002,-005
-002,-005
+000,-005
+000,-005
+000,-005
+000,-005
+000,-005
+000,-005
+000,-005
+000,-005
+000,-005
+000,-005
+000,-005
+000,-005
+000,-005
+000,-005
+000,-005
+000,-005
+000,-005
+000,-005
+000,-005
+000,-005
+000,-005
+000,-005
+000,-005
+002,-005
+002,-005
+002,-005
+002,-005
+002,-005
+002,-005
+002,-005
+002,-005
+002,-005
+002,-005
+002,-005
+002,-005
+002,-005
+002,-005
+002,-005
+002,-005
+002,-005
+002,-005
+002,-005
+002,-005
+002,-005
+002,-005
+002,-008
+002,-007
+002,-007
+002,-007
+002,-007
+002,-007
+002,-007
+002,-007
+002,-007
+002,-007
+002,-007
+002,-007
+002,-007
+002,-007
+002,-007
+002,-007
+002,-007
+002,-007
+002,-007
+000,-007
+000,-007
+000,-007
+000,-007
+000,-007
+000,-007
+000,-006
+000,-006
+000,-006
+000,-006
+000,-006
+000,-006
+000,-005
+000,-005
+000,-005
+000,-005
+000,-005
+000,-005
+000,-004
+000,-004
+000,-004
+000,-004
+000,-004
-001,-004
-001,-004
-001,-004
-001,-004
-001,-004
-001,-004
-001,-004
-001,-003
-001,-003
-001,-003
-001,-003
-001,-003
-001,-003
-001,-003
-001,-003
-001,-003
-001,-003
-001,-003
-001,-003
-001,-003
-001,-003
-002,-003
-002,-003
-002,-003
-002,-003
-002,-006
-002,-006
-002,-006
-002,-006
-002,-006
-002,-006
-003,-006
-003,-006
-003,-006
-003,-006
-003,-006
-003,-006
-003,-006
-003,-006
-003,-006
-003,-006
-004,-006
-004,-006
-004,-006
-004,-006
-004,-006
-004,-006
-004,-006
-004,-006
-004,-006
-004,-006
-004,-006
-004,-006
-004,-006
-004,-009
-004,-008
-004,-008
-005,-008
-005,-008
-005,-008
-005,-008
-005,-008
-005,-008
-005,-008
-006,-008
-006,-008
-006,-008
-006,-008
-006,-008
-006,-008
-006,-008
-006,-008
-007,-008
-007,-008
-007,-008
-007,-008
-007,-008
-007,-008
-007,-008
-007,-008
-007,-008
-007,-008
-007,-008
-007,-008
-007,-008
-007,-008
-007,-008
-008,-008
-008,-008
-008,-008
-008,-008
-008,-008
-008,-008
-008,-008
-008,-008
-008,-008
-008,-008
-008,-008
-008,-008
-008,-008
-008,-008
-008,-008
-008,-008
-008,-008
-008,-008
-008,-008
-008,-008
-008,-008
-008,-008
-008,-008
-008,-008
-008,-011
-008,-011
-008,-011
-008,-011
-008,-011
-008,-011
-008,-011
-008,-011
-008,-011
-008,-011
-008,-011
-008,-011
-008,-011
-008,-011
-008,-011
-008,-011
-008,-011
-008,-011
-008,-011
-008,-011
-008,-011
-008,-011
-008,-011
-008,-011
-008,-011
-008,-011
-008,-011
-008,-011
-008,-011
-008,-011
-008,-011
-008,-011
-008,-011
-008,-011
-008,-011
-008,-011
-008,-011
-008,-014
-008,-014
-008,-014
-008,-014
-008,-014
-008,-014
-008,-014
-008,-014
-008,-014
-009,-014
-009,-014
-009,-014
-009,-014
-009,-014
-009,-013
-009,-013
-009,-013
-009,-013
-009,-013
-009,-013
-009,-013
-009,-012
-009,-012
-009,-012
-009,-012
-009,-012
-009,-012
-009,-012
-009,-012
-009,-012
-009,-012
-009,-012
-009,-012
-009,-012
-009,-011
-009,-011
-009,-011
-009,-011
-009,-011
-009,-011
-009,-011
-009,-011
-009,-011
-009,-011
-009,-011
-009,-011
-009,-011
-009,-011
-009,-011
-009,-011
-009,-011
-009,-010
-009,-010
-010,-010
-010,-010
-010,-010
-010,-010
-010,-010
-010,-010
-010,-010
-010,-010
-010,-010
-010,-010
-010,-010
-010,-010
-010,-010
-010,-010
-010,-010
-010,-010
-010,-010
-010,-010
-010,-010
-010,-010
-010,-010
-010,-010
-010,-010
-010,-010
-010,-010
-010,-010
-010,-010
-010,-010
-010,-010
-010,-010
-010,-010
-010,-010
-010,-010
-010,-010
-010,-010
-010,-010
-010,-010
-010,-010
-010,-010
-010,-009
-010,-009
-010,-009
-010,-009
-010,-009
-010,-009
-010,-009
-010,-009
-010,-009
-010,-008
-010,-008
-010,-008
-010,-008
-010,-008
-010,-008
-010,-007
-010,-007
-010,-007
-010,-007
-010,-007
-010,-006
-010,-006
-011,-005
-012,-004
-013,-003
-013,-003
-013,-003
-013,-003
-013,-003
-013,-002
-013,-002
-013,-002
-013,-002
-013,-002
-013,-002
-013,-002
-013,-002
-013,-002
-013,-002
-013,-002
-013,-002
-014,-002
-014,-002
-014,-002
-014,-002
-014,-002
-014,-002
-014,-002
-014,-002
-014,-005
-014,-005
-014,-005
-014,-005
-014,-005
-014,-005
-014,-005
-014,-004
-014,-004
-014,-004
-014,-004
-014,-004
-014,-004
-014,-004
-014,-004
-015,-004
-015,-004
-015,-003
-015,-003
-015,-003
-015,-003
-015,-003
-015,-003
-015,-003
-015,-003
-015,-003
-015,-003
-015,-003
-015,-003
-015,-003
-015,-003
-015,-003
-015,-003
-015,-003
-015,-002
-015,-002
-015,-002
-015,-002
-015,-002
-015,-002
-015,-001
-015,-001
-015,-001
-015,-001
-015,-001
-015,-001
-015,-001
-015,-001
-015,-001
-015,-001
-015,-001
-015,-001
-015,-001
-015,-001
-012,-001
-013,-001
-013,-001
-013,-001
-013,-001
-013,-001
-013,-001
-013,-001
-013,-001
-013,-001
-013,-001
-013,-001
-013,-001
-009,-004
-009,-004
-009,-004
-009,-004
-009,-004
-009,-004
-009,-004
-009,-004
-009,-004
-009,-004
-009,-004
-009,-004
-009,-004
-009,-004
-009,-004
-009,-004
-009,-004
-009,-004
-009,-004
-009,-004
-006,-004
-006,-004
-006,-004
-006,-004
-006,-004
-006,-004
-006,-004
-006,-004
-006,-004
-006,-004
-006,-004
-006,-004
-006,-004
-006,-004
-006,-004
-006,-004
-006,-004
-006,-004
-006,-004
-006,-004
-006,-004
-006,-007
-007,-007
-007,-007
-007,-007
-007,-007
-007,-007
-007,-007
-007,-007
-007,-007
-007,-007
-007,-007
-007,-007
-007,-007
-007,-007
-007,-007
-007,-007
-007,-007
-007,-007
-007,-007
-007,-007
-007,-007
-007,-007
-007,-007
-007,-007
-007,-007
-007,-007
-007,-007
-007,-007
-007,-007
-007,-007
-007,-007
-007,-007
-007,-007
-007,-007
-007,-007
-007,-007
-007,-007
-007,-007
-007,-007
-007,-007
-007,-007
-007,-007
-007,-007
-007,-007
-007,-007
-007,-007
-007,-007
-007,-010
-007,-010
-007,-010
-007,-010
-007,-010
-007,-010
-007,-010
-007,-010
-007,-010
-007,-010
-007,-010
-007,-010
-007,-010
-007,-010
-007,-010
-007,-010
-007,-010
-007,-010
-007,-010
-007,-010
-007,-010
-007,-010
-007,-010
-007,-010
-007,-010
-007,-010
-007,-010
-007,-010
-007,-010
-007,-010
-007,-010
-007,-010
-007,-010
-007,-010
-007,-010
-004,-010
-005,-010
-005,-010
-005,-010
-005,-010
-005,-010
-005,-010
-005,-010
-005,-010
-005,-010
-005,-010
-005,-009
-005,-009
-005,-009
-005,-009
COP Area(S): 000155
COP Area(R): 000264