+000,+000
+000,+001
+000,+001
+000,+001
+000,+001
+000,+001
+000,+001
+000,+001
+000,+001
+000,+001
+000,+001
+000,+001
+000,+001
+000,+001
+000,+001
+000,+001
+000,+001
+000,+001
+000,+001
+000,+003
+000,+003
+000,+003
+000,+003
+000,+003
+000,+003
+000,+003
+000,+003
+000,+003
+000,+003
+000,+003
+000,+003
+000,+003
+000,+003
+000,+003
+000,+003
+000,+003
+000,+003
+000,+003
+000,+003
+000,+003
+000,+003
+000,+003
+000,+003
+000,+003
+000,+003
+000,+003
+000,+003
+000,+003
+000,+003
+000,+003
+000,+003
+000,+003
+000,+003
+000,+003
+000,+003
+000,+003
+000,+003
+000,+003
+000,+003
+000,+003
+000,+003
+000,+003
+000,+003
+000,+003
+000,+003
+000,+003
+000,+003
+000,+003
+000,+003
+000,+003
+000,+003
+000,+003
+000,+003
+000,+003
+000,+003
+000,+003
+000,+003
+000,+003
+000,+003
+000,+003
+000,+003
+000,+003
+000,+003
+000,+003
+000,+003
+000,+003
+000,+003
+000,+003
+000,+003
+000,+003
+000,+003
+000,+003
+000,+003
+000,+003
+000,+003
+000,+003
+000,+003
+000,+003
+002,+003
+002,+003
+002,+003
+002,+003
+002,+003
+002,+003
+002,+003
+002,+003
+002,+003
+002,+003
+002,+003
+002,+003
+002,+003
+002,+003
+002,+003
+002,+003
+002,+003
+002,+003
+002,+003
+002,+003
+002,+003
+002,+003
+000,+003
+000,+005
+000,+005
+000,+005
+000,+005
+000,+005
+000,+005
+000,+005
+000,+005
+000,+005
+000,+007
+000,+007
+000,+007
+000,+007
+000,+007
+000,+007
+000,+007
+002,+007
+002,+009
+002,+009
+002,+009
+002,+009
+002,+009
+002,+009
+002,+009
+002,+011
+002,+011
+002,+011
+002,+011
+002,+011
+002,+011
+002,+011
+002,+011
+002,+011
+002,+011
+002,+011
+002,+011
+002,+011
+002,+011
+002,+011
+002,+013
+002,+013
+002,+013
+000,+013
+000,+013
+003,+013
+000,+013
+000,+013
+000,+013
+000,+013
+000,+013
+000,+013
+000,+013
+000,+013
+000,+015
+000,+015
+000,+015
+000,+015
+000,+015
+000,+015
+000,+015
+000,+015
+000,+015
+000,+015
+000,+015
+000,+015
+000,+015
+000,+015
+000,+015
+000,+015
+000,+017
+000,+017
+000,+017
+002,+017
+002,+017
+002,+017
+002,+017
+002,+017
+002,+017
+002,+017
+002,+017
+002,+017
+002,+017
+002,+017
+002,+017
+002,+017
+002,+017
+002,+017
+002,+017
+002,+017
+002,+017
+002,+017
+002,+017
+002,+019
+002,+019
+002,+019
+002,+019
+002,+019
+002,+019
+002,+019
+002,+019
+002,+019
+002,+019
+002,+019
+002,+019
+002,+019
+002,+019
+002,+021
+002,+021
+002,+021
+002,+021
+002,+021
+002,+021
+002,+021
+002,+021
+002,+021
+002,+021
+002,+021
+002,+021
+002,+021
+002,+021
+002,+021
+002,+021
+002,+021
+002,+019
+002,+019
+002,+019
+002,+019
+002,+019
+002,+019
+002,+019
+002,+019
+002,+019
+002,+019
+002,+019
+002,+019
+002,+019
+002,+019
+002,+019
+002,+019
+002,+019
+002,+017
+002,+017
+002,+017
+002,+017
+002,+017
+002,+017
+002,+017
+002,+017
+002,+017
+002,+017
+002,+017
+002,+017
+002,+017
+002,+017
+002,+017
+002,+017
+002,+017
+002,+017
+002,+017
+002,+019
+002,+019
+002,+019
+002,+019
+002,+019
+002,+019
+002,+019
+002,+019
+002,+019
-003,+019
-003,+019
-003,+019
-003,+019
-003,+021
-003,+021
-003,+021
-003,+021
-003,+021
-003,+021
-003,+021
-003,+021
-003,+021
-003,+021
-003,+021
-003,+021
-003,+021
-003,+021
-003,+021
-003,+021
-003,+021
-003,+021
-003,+021
-003,+021
-003,+021
-003,+021
-003,+021
-003,+021
-003,+021
-003,+021
-003,+021
-003,+021
-003,+021
-003,+021
-003,+021
-003,+021
-003,+021
-003,+021
-003,+021
-003,+021
-003,+021
-003,+021
-003,+021
-003,+021
-003,+021
-003,+021
-003,+021
-003,+021
-003,+021
-003,+021
-003,+021
-003,+021
-003,+021
-003,+021
-003,+021
-003,+021
-003,+021
-004,+021
-004,+021
-004,+021
-004,+021
-004,+021
-004,+021
-004,+021
-005,+021
-005,+021
-005,+021
-005,+021
-005,+021
-005,+021
-005,+021
-005,+021
-006,+021
-006,+021
-006,+021
-006,+021
-007,+021
-007,+021
-007,+021
-007,+021
-008,+021
-008,+021
-008,+021
-008,+021
-008,+019
-009,+019
-009,+019
-010,+019
-010,+019
-010,+019
-010,+019
-010,+019
-010,+019
-011,+019
-011,+019
-011,+019
-012,+019
-012,+019
-012,+019
-012,+019
-012,+019
-013,+019
-013,+019
-013,+019
-013,+017
-014,+017
-014,+017
-014,+017
-015,+017
-015,+017
-015,+017
-015,+017
-016,+017
-016,+017
-016,+017
-016,+017
-016,+017
-016,+017
-016,+017
-016,+017
-016,+017
-016,+017
-016,+017
-016,+017
-016,+017
-016,+017
-016,+017
-016,+017
-016,+017
-016,+015
-016,+015
-017,+015
-017,+015
-017,+015
-017,+015
-017,+015
-017,+015
-017,+015
-017,+015
-017,+015
-017,+015
-017,+015
-018,+015
-018,+015
-018,+015
-018,+015
-018,+013
-019,+013
-019,+013
-019,+013
-019,+013
-019,+013
-019,+013
-020,+013
-020,+013
-020,+013
-020,+013
-021,+013
-021,+013
-021,+011
-021,+011
-022,+011
-022,+011
-022,+011
-022,+011
-022,+011
-022,+011
-022,+011
-022,+011
-022,+011
-022,+011
-022,+011
-022,+011
-022,+011
-022,+011
-022,+011
-022,+011
-022,+011
-022,+011
-022,+011
-022,+011
-022,+011
-022,+011
-022,+011
-022,+011
-022,+011
-022,+011
-023,+009
-023,+009
-023,+009
-023,+009
-023,+009
-023,+009
-023,+007
-023,+007
-023,+007
-023,+007
-024,+007
-024,+005
-024,+005
-024,+005
-024,+005
-024,+003
-024,+003
-024,+003
-024,+003
-024,+003
-024,+003
-024,+003
-024,+003
-024,+001
-024,+001
-024,+001
-024,+001
-024,+001
-024,+001
-024,+001
-024,+001
-024,+001
-024,+001
-024,+001
-024,+001
-024,+001
-024,+001
-024,+001
-024,+001
-024,+001
-024,+001
-024,+001
-024,+001
-024,+001
-024,+001
-021,+001
-021,+001
-021,+001
-021,+001
-021,+001
-021,+001
-021,+001
-021,+001
-021,+001
-021,+001
-018,+001
-018,+001
-018,+001
-018,+001
-018,+001
-015,+003
-015,+003
-015,+003
-015,+003
-015,+003
-012,+003
-012,+003
-012,+005
-012,+005
-012,+005
-009,+005
-009,+005
-009,+005
-009,+005
-009,+005
-005,+005
-005,+005
-005,+005
-005,+005
-005,+005
-005,+005
-005,+005
-005,+005
-005,+003
-005,+003
-005,+003
-005,+003
+002,+003
+002,+003
+002,+003
+002,+003
+002,+003
+002,+003
+002,+003
+002,+003
+002,+003
+002,+003
+002,+003
+002,+003
+002,+003
+002,+003
+002,+003
+002,+003
+002,+003
+002,+003
+002,+003
+002,+003
+002,+003
+002,+003
+002,+003
+002,+003
+002,+003
+002,+003
+002,+003
+002,+003
+002,+003
+002,+003
+002,+003
+002,+003
+002,+003
+002,+003
+002,+003
+002,+003
+002,+003
+002,+003
+002,+003
+002,+003
+002,+003
+002,+003
+002,+003
+002,+003
+002,+003
+002,+003
+002,+005
+002,+005
+002,+005
+002,+005
+002,+005
+002,+005
+002,+005
+002,+005
+002,+005
+002,+005
+002,+005
+002,+005
+000,+005
+000,+005
+000,+005
+000,+005
+000,+005
+000,+005
+000,+005
+000,+005
+000,+005
+000,+005
+000,+005
+000,+005
+002,+005
+002,+005
+002,+005
+002,+005
+002,+005
+002,+005
+002,+005
+002,+005
+002,+005
+002,+005
+002,+005
+002,+005
+002,+005
+002,+005
+002,+005
+002,+005
+002,+005
+002,+005
+002,+005
+002,+005
+002,+005
+002,+005
+002,+005
+002,+005
+002,+003
+002,+003
+002,+003
+002,+003
+002,+003
+002,+003
+000,+003
+000,+003
+000,+003
+000,+001
+000,+001
+000,+001
+000,+001
+000,+001
+000,+001
+000,+001
+000,+001
+000,+001
+000,+001
+000,+001
+000,+001
+000,+001
+000,+001
+000,+001
+000,+001
+000,+001
+000,+001
+000,+001
+000,+001
+000,+001
+000,+001
+000,+001
+002,+001
+002,+001
+002,+001
+002,+001
+002,+001
+002,+001
+002,+001
+002,+001
+002,+001
+002,+001
+002,+001
+002,+001
+002,+001
+002,+001
+002,+001
+002,+001
+002,+001
+002,+001
+002,+001
+002,+001
+002,+001
+002,+001
+002,+001
+002,+001
+002,+001
+002,+001
+002,+003
+002,+003
+002,+003
+002,+003
+002,+003
+002,+003
+002,+003
+002,+003
+002,+003
+002,+003
+002,+003
+002,+003
+002,+003
+002,+003
+002,+003
+002,+003
+002,+003
+002,+005
+002,+005
+002,+005
+002,+005
+002,+005
+002,+005
+002,+005
+002,+005
+002,+005
+002,+005
+002,+005
+002,+005
+002,+005
+002,+005
+002,+005
+002,+005
+002,+005
+002,+005
+002,+005
+002,+005
+002,+005
+002,+005
+002,+005
+002,+005
+002,+005
+002,+005
+002,+005
+002,+005
+002,+005
+002,+005
+002,+005
+002,+008
-003,+008
-003,+008
-003,+008
-003,+008
-003,+008
-003,+008
-003,+010
-003,+010
+001,+008
+001,+008
+001,+008
+001,+008
+001,+008
+001,+008
+001,+008
+001,+008
+001,+008
+001,+008
+001,+008
+001,+008
+001,+008
+001,+008
+001,+008
+001,+008
+001,+008
+001,+008
+001,+008
+001,+008
+001,+008
+001,+008
+001,+008
+001,+008
+001,+008
+001,+008
+001,+008
+001,+008
+001,+008
+001,+008
+001,+008
+001,+008
+001,+008
+001,+008
+001,+008
+001,+008
+001,+008
+001,+008
+001,+008
+001,+008
+001,+008
+001,+008
+001,+008
+003,+008
+003,+010
+003,+010
+003,+010
+003,+010
+000,+013
+000,+013
+000,+013
+000,+013
+000,+013
+000,+013
+000,+015
+000,+015
+000,+015
+000,+015
+000,+015
+000,+015
+000,+017
+000,+017
+000,+017
+000,+017
+000,+017
+000,+017
+000,+017
+000,+017
+000,+019
+000,+019
+002,+019
+002,+019
+002,+019
+002,+019
+002,+019
+002,+019
+002,+019
+002,+019
+002,+019
+002,+019
+002,+019
+002,+019
+002,+019
+002,+019
+002,+019
+002,+019
+002,+019
+002,+019
+002,+019
+002,+019
+002,+019
+002,+021
+002,+021
+002,+021
+002,+021
+002,+021
+002,+021
+002,+021
+002,+021
+002,+021
+002,+021
+002,+021
+002,+021
+002,+021
+002,+021
+002,+021
+002,+021
+002,+021
+002,+021
+002,+021
+002,+021
+002,+021
+002,+021
+002,+021
+002,+021
+002,+021
+002,+021
+000,+021
+000,+021
+000,+021
+000,+021
+000,+021
+000,+021
+000,+021
+000,+021
+000,+021
+000,+021
+000,+023
+000,+023
+000,+023
+000,+023
+000,+023
+000,+023
+000,+023
+000,+023
+000,+023
+000,+023
+000,+023
+000,+023
+000,+023
+000,+023
+000,+023
+000,+023
+000,+023
+000,+023
+000,+023
+000,+023
+000,+023
+000,+021
+000,+021
+000,+021
+000,+021
+000,+021
+000,+021
+000,+021
+000,+019
+000,+019
+000,+019
+000,+019
+000,+019
+000,+019
+000,+019
+000,+017
+000,+017
+000,+017
+000,+017
+000,+017
+000,+017
+000,+015
+000,+015
+000,+015
+000,+015
+000,+015
+000,+015
+000,+015
+000,+015
+000,+015
+000,+015
+000,+015
+000,+015
+000,+015
+000,+015
+000,+015
+000,+015
+000,+015
+000,+015
+000,+015
+000,+015
+000,+015
+000,+015
+000,+015
+000,+015
+000,+015
+000,+015
+000,+017
+000,+017
+000,+017
+000,+017
+000,+017
+000,+017
+000,+017
+000,+017
+000,+017
+000,+017
+000,+017
+000,+017
+000,+017
+000,+017
+000,+017
+000,+017
+000,+017
+000,+017
+000,+017
+000,+017
+000,+017
+000,+017
+000,+017
+000,+017
+000,+017
+000,+017
+000,+017
+000,+017
+000,+017
+000,+017
+000,+017
+000,+017
+000,+017
+000,+017
+000,+017
+000,+017
+000,+017
+000,+017
+000,+019
+000,+019
+000,+019
+000,+019
+002,+019
+002,+019
+002,+019
+002,+019
+002,+019
+002,+019
+002,+019
+002,+019
+002,+019
+002,+019
+002,+019
+002,+019
+002,+019
+002,+019
+002,+019
+002,+019
+002,+021
+002,+021
+002,+021
+002,+021
+002,+021
+002,+021
+002,+021
+002,+021
+002,+021
+002,+021
+002,+021
+002,+021
+002,+021
+002,+021
+002,+021
+002,+021
+002,+021
+002,+021
+002,+021
+002,+021
+002,+021
+002,+021
+002,+021
+002,+021
+002,+021
+002,+021
+002,+021
+002,+021
+002,+021
+002,+021
+002,+021
+002,+021
+002,+021
+002,+021
+002,+021
+002,+021
+002,+021
+002,+021
+002,+021
+002,+021
+002,+021
+002,+021
+002,+021
+002,+023
+002,+023
+002,+023
+002,+023
+002,+023
+002,+023
+002,+023
+002,+023
+002,+023
+002,+023
+002,+023
+002,+023
+002,+023
+002,+023
+002,+023
+002,+023
+002,+023
+002,+023
+002,+023
+002,+023
+002,+023
+002,+023
+002,+023
+002,+023
+002,+023
+002,+025
+002,+025
+002,+025
+002,+025
+002,+025
+002,+025
+002,+025
+002,+025
+002,+025
+002,+025
+002,+025
+002,+025
+002,+027
+002,+027
+002,+027
+002,+027
+002,+027
+002,+027
+002,+027
+002,+027
+002,+027
+002,+027
+002,+027
+002,+027
+002,+027
+002,+027
+002,+027
+002,+027
+002,+027
+002,+027
+002,+027
+002,+027
+002,+027
+002,+027
+002,+027
+002,+027
+002,+027
+002,+027
+002,+027
+002,+027
+002,+027
+000,+027
+000,+027
+000,+027
+000,+027
+000,+027
+000,+027
+000,+027
+000,+027
+000,+027
+000,+027
+000,+027
+000,+027
+000,+027
+000,+027
+000,+027
+000,+027
+000,+027
+000,+027
+000,+027
+000,+027
+000,+027
+000,+027
+000,+027
+000,+027
+000,+027
+000,+027
+000,+027
+000,+027
+000,+027
+000,+027
+000,+027
+000,+027
+000,+027
+000,+027
+000,+027
+000,+027
+000,+027
+000,+027
+000,+027
+000,+027
+000,+027
+000,+027
+000,+025
+000,+025
+000,+025
+000,+025
+000,+025
+000,+025
+000,+025
+000,+025
+000,+025
+000,+025
+000,+025
+000,+025
+000,+025
+000,+025
+000,+025
+000,+025
+000,+025
+000,+025
+000,+025
+000,+023
+000,+023
+000,+023
+000,+023
+000,+023
+000,+023
+000,+023
+000,+023
+000,+023
+000,+023
+000,+023
+000,+023
+000,+023
+000,+023
+000,+023
+000,+023
+000,+023
+000,+021
+000,+021
+000,+021
+000,+021
+000,+021
+000,+021
+000,+021
+000,+021
+000,+021
+000,+021
+000,+021
+000,+019
+000,+019
+000,+019
+000,+019
+000,+019
+000,+019
+000,+019
+000,+019
+000,+019
+000,+019
+000,+019
+000,+019
+000,+017
+000,+017
+000,+017
+000,+017
+000,+017
+000,+017
+000,+017
+000,+017
+000,+017
+000,+017
+000,+017
+000,+017
+000,+017
+000,+017
+000,+017
+000,+017
+000,+017
+000,+017
+000,+015
+000,+015
+000,+015
+000,+015
+000,+015
+000,+015
+002,+015
+002,+015
+002,+015
+002,+015
+002,+015
+002,+015
+002,+015
+002,+015
+002,+015
+002,+015
+002,+015
+002,+015
+002,+015
+002,+015
+002,+015
+002,+015
+002,+015
+002,+015
+002,+015
-003,+015
-003,+015
-003,+015
-003,+015
-003,+015
-003,+015
-003,+015
-003,+015
-003,+015
-003,+015
-004,+015
-004,+015
-004,+015
-004,+015
-004,+015
-004,+013
-004,+013
-004,+013
-004,+013
-005,+013
-005,+013
-005,+013
-005,+013
-005,+013
-005,+013
-005,+013
-006,+013
-006,+013
-006,+011
-006,+011
-007,+011
-007,+011
-007,+011
-007,+011
-007,+011
-007,+011
-007,+011
-007,+011
-007,+011
-007,+011
-008,+011
-008,+011
-008,+009
-008,+009
-008,+009
-008,+009
-008,+009
-008,+009
-008,+009
-008,+009
-009,+009
-009,+009
-009,+009
-009,+009
-009,+009
-009,+009
-009,+011
-009,+011
-009,+011
-009,+011
-009,+011
-009,+011
-009,+011
-009,+011
-009,+011
-009,+011
-009,+013
-009,+013
-009,+013
-009,+013
-009,+013
-009,+013
-009,+015
-009,+015
-009,+015
-009,+015
-009,+015
-009,+015
-009,+015
-009,+015
-009,+015
-009,+015
-009,+015
-009,+015
-009,+015
-009,+015
-009,+015
-009,+015
-009,+015
-009,+015
-009,+015
-009,+015
-009,+015
-009,+015
-009,+015
-009,+015
-009,+015
-009,+015
-009,+015
-009,+015
-009,+015
-009,+015
-009,+015
-009,+015
-009,+015
-009,+015
-009,+015
-009,+015
-009,+015
-009,+015
-009,+017
-009,+017
-009,+017
-009,+017
-009,+017
-009,+017
-009,+017
-009,+017
-009,+017
-009,+017
-009,+017
-009,+017
-009,+017
-009,+017
-009,+017
-009,+017
-009,+017
-009,+017
-009,+017
-009,+019
-009,+019
-009,+019
-009,+019
-009,+019
-010,+019
-010,+019
-010,+019
-010,+019
-010,+019
-010,+019
-010,+019
-010,+019
-010,+019
-010,+019
-010,+019
-010,+019
-010,+021
-010,+021
-010,+021
-010,+021
-010,+021
-010,+021
-010,+021
-010,+021
-010,+021
-010,+021
-010,+021
-010,+021
-010,+021
-010,+021
-010,+021
-010,+021
-010,+021
-010,+021
-010,+021
-010,+021
-010,+021
-010,+021
-010,+021
-010,+021
-010,+021
-010,+021
-010,+021
-011,+021
-011,+021
-011,+021
-011,+021
-011,+021
-011,+021
-011,+021
-011,+021
-012,+021
-012,+021
-012,+021
-012,+021
-012,+021
-012,+021
-012,+021
-012,+021
-012,+021
-012,+021
-012,+021
-012,+021
-012,+021
-012,+021
-012,+021
-012,+021
-012,+021
-012,+021
-012,+021
-012,+021
-012,+021
-012,+021
-012,+021
-012,+021
-012,+021
-012,+021
-012,+023
-012,+023
-012,+023
-012,+023
-012,+023
-012,+023
-012,+023
-012,+023
-012,+023
-012,+023
-012,+023
-012,+023
-012,+023
-012,+023
-009,+023
-009,+023
-009,+023
-009,+023
-009,+023
-009,+023
-009,+023
-009,+023
-009,+023
-009,+023
-009,+023
-009,+023
-009,+023
-009,+025
-009,+025
-006,+025
-006,+025
-006,+025
-006,+025
-006,+025
-006,+025
-006,+025
-006,+025
-006,+025
-006,+025
-006,+025
-006,+025
-006,+025
-006,+025
-006,+025
-006,+025
-006,+025
-006,+025
-006,+025
-003,+025
-003,+025
-003,+025
-003,+025
-003,+025
-003,+025
-003,+025
-003,+025
-003,+025
-003,+025
-003,+025
-003,+023
-003,+023
-003,+023
-003,+023
-003,+023
-003,+023
-003,+023
-003,+023
-003,+025
-003,+025
-003,+025
-003,+025
-003,+025
-003,+025
-003,+025
-003,+025
-003,+025
-003,+025
-003,+025
-003,+025
-003,+025
-003,+025
-003,+025
+001,+025
+001,+025
+001,+025
+001,+027
+001,+027
+001,+027
+001,+027
+001,+027
+001,+027
+001,+027
+001,+027
+001,+027
+001,+027
+001,+027
+001,+027
+001,+027
+001,+027
+001,+027
+001,+027
+001,+027
+001,+025
+001,+025
+001,+025
+001,+025
+001,+025
+001,+025
+001,+025
+001,+025
+001,+025
+001,+025
+001,+025
+001,+025
+001,+025
+001,+023
+001,+023
+001,+023
+001,+023
+001,+023
+001,+023
+001,+023
+001,+023
+001,+023
+001,+023
+001,+021
+001,+021
+001,+021
+001,+021
+001,+021
+001,+021
+001,+021
+001,+021
+001,+021
+001,+021
+001,+021
+001,+021
+001,+021
+001,+021
+001,+021
+001,+021
+001,+021
+001,+021
+001,+021
+001,+021
+001,+021
+001,+021
+001,+021
+001,+021
+001,+021
+001,+021
+001,+021
+001,+021
+001,+021
+001,+021
+001,+021
+001,+021
+001,+021
+001,+019
+001,+019
+001,+019
+001,+019
+001,+019
+001,+019
+001,+019
+001,+019
+001,+019
+001,+019
+001,+019
+001,+019
+001,+019
+001,+019
+001,+019
+001,+019
+001,+019
+001,+019
+001,+019
+001,+019
+001,+017
+001,+017
+001,+017
+001,+017
+001,+017
+001,+017
+001,+017
+001,+017
+001,+017
+001,+017
+001,+017
+001,+017
+001,+017
+001,+017
+001,+017
+001,+017
+001,+017
+001,+015
+001,+015
+001,+015
+001,+015
+001,+015
+001,+015
+001,+015
+001,+015
+001,+015
+001,+015
+001,+015
+001,+015
+001,+015
+001,+015
+001,+015
+001,+015
+001,+015
+001,+015
+001,+015
+001,+015
+001,+015
+001,+015
+001,+015
+001,+015
+001,+017
+001,+017
+001,+017
+001,+017
+001,+017
+001,+017
+001,+017
+001,+017
+001,+017
+001,+017
+001,+017
+001,+017
+001,+017
+001,+017
+001,+017
+001,+017
+001,+017
+001,+017
+001,+019
+001,+019
+001,+019
+001,+019
+001,+019
+001,+019
+001,+019
+001,+019
+001,+019
+001,+019
+001,+019
+001,+017
+001,+017
+001,+017
+001,+017
+001,+017
+001,+017
+001,+017
+001,+017
+001,+017
+001,+017
+001,+017
+001,+017
+001,+017
+001,+015
+001,+015
+001,+015
+001,+015
+001,+015
+002,+015
+002,+015
+002,+015
+002,+015
+002,+013
+002,+013
+002,+013
+002,+013
+002,+013
+002,+013
+002,+013
+002,+013
+002,+013
+002,+013
-003,+013
-003,+013
-003,+013
-003,+011
-003,+011
-003,+011
-003,+011
-003,+011
-003,+011
-004,+011
-004,+011
-004,+011
-004,+011
-004,+011
-004,+011
-004,+011
-004,+011
-004,+011
-004,+011
-004,+011
-004,+011
-004,+011
-004,+011
-004,+011
-004,+011
-004,+011
-004,+011
-004,+011
-004,+011
-005,+011
-005,+011
-005,+011
-005,+011
-005,+011
-005,+011
-005,+011
-005,+011
-005,+011
-005,+011
-005,+011
-005,+011
-006,+011
-006,+011
-006,+011
-006,+011
-006,+011
-007,+011
-007,+011
-007,+011
-007,+011
-007,+011
-007,+011
-007,+011
-008,+011
-008,+011
-008,+011
-008,+011
-008,+011
-008,+011
-008,+011
-009,+011
-009,+011
-009,+011
-009,+011
-009,+011
-009,+013
-009,+013
-010,+013
-010,+013
-010,+013
-010,+013
-010,+013
-010,+013
-010,+013
-010,+013
-010,+013
-010,+013
-010,+013
-010,+013
-010,+015
-010,+015
-010,+015
-010,+015
-010,+015
-010,+015
-010,+015
-010,+015
-010,+015
-010,+015
-010,+015
-010,+015
-010,+015
-010,+015
-010,+015
-010,+017
-010,+017
-010,+017
-010,+017
-010,+017
-010,+017
-010,+017
-010,+017
-010,+017
-010,+017
-010,+017
-010,+017
-010,+019
-010,+019
-010,+019
-010,+019
-010,+019
-010,+019
-010,+019
-010,+019
-010,+019
-010,+019
-010,+019
-010,+019
-010,+019
-010,+019
-010,+019
-010,+019
-010,+019
-010,+019
-010,+019
-010,+019
-010,+019
-010,+019
-010,+019
-010,+019
-010,+021
-010,+021
-010,+021
-010,+021
-010,+021
-010,+021
-010,+021
-010,+021
-010,+021
-010,+021
-010,+021
-010,+021
-010,+021
-010,+021
-010,+021
-010,+021
-010,+021
-010,+021
-010,+021
-010,+021
-010,+021
-010,+021
-010,+021
-010,+021
-010,+021
-010,+021
-010,+021
-010,+021
-010,+021
-010,+021
-010,+021
-010,+021
-010,+021
-010,+021
-010,+021
-010,+021
-010,+023
-010,+023
-010,+023
-010,+023
-010,+023
-007,+023
-007,+023
-008,+023
-008,+023
-008,+023
-008,+023
-008,+023
-008,+023
-008,+023
-008,+023
-008,+023
-008,+023
-008,+023
-008,+023
-008,+023
-008,+023
-008,+023
-008,+025
-008,+025
-008,+025
-008,+025
-008,+025
-008,+025
-008,+025
-008,+025
-008,+025
-008,+025
-008,+025
-008,+025
-008,+025
-008,+025
-008,+025
-008,+025
-008,+025
-005,+025
-005,+027
-005,+027
-005,+027
-005,+027
-005,+027
-005,+027
-005,+027
-005,+027
-005,+027
-005,+027
-005,+027
-005,+027
-005,+027
-005,+027
-005,+027
-005,+027
-005,+027
-005,+027
-005,+027
-005,+027
-005,+029
-005,+029
-005,+029
-005,+029
-005,+029
-005,+029
-005,+029
-005,+029
-005,+029
-005,+029
-005,+029
-005,+029
-005,+029
-005,+029
-005,+029
-005,+029
-005,+029
-005,+029
-005,+029
-005,+029
-005,+029
-005,+029
-005,+029
-005,+029
-005,+029
-005,+029
-005,+029
-005,+029
-005,+027
-005,+027
-005,+027
+002,+027
+002,+027
+002,+027
-003,+027
-003,+027
-003,+027
-003,+027
-003,+027
-003,+027
-003,+027
-003,+027
-003,+027
-003,+025
-003,+025
-003,+025
-003,+025
-003,+025
-003,+025
-003,+025
-003,+025
-003,+025
-003,+025
-003,+025
-003,+025
-003,+025
-003,+025
-003,+025
-003,+025
-003,+025
-003,+025
-003,+025
-003,+025
-003,+025
-003,+025
-003,+025
-003,+025
-003,+025
-003,+025
-003,+023
-003,+023
-003,+023
-003,+023
-003,+023
-003,+023
-003,+023
-003,+023
-003,+023
-003,+023
-003,+023
-003,+023
-003,+023
-003,+023
-003,+023
-003,+023
-003,+021
-003,+021
-003,+021
-003,+021
-003,+021
-003,+021
-004,+021
-004,+021
-004,+021
-004,+021
-004,+021
-004,+021
-004,+021
-004,+019
-004,+019
-004,+019
-004,+019
-004,+019
-004,+019
-004,+019
-004,+019
-004,+019
-004,+019
-004,+019
-004,+019
-004,+019
-004,+019
-004,+019
-004,+021
-004,+021
-004,+021
-004,+021
-004,+021
-004,+021
-004,+021
-004,+021
-004,+023
-004,+023
-004,+023
-004,+023
-004,+023
-004,+023
-004,+025
-004,+025
-004,+025
-004,+025
-004,+025
-004,+025
-004,+025
-004,+025
-004,+027
-004,+027
-004,+027
-004,+027
-004,+027
-004,+027
-004,+027
-004,+027
-004,+027
-004,+029
-004,+029
-004,+029
-004,+029
-004,+029
-004,+029
-004,+029
-004,+029
-004,+029
-004,+029
-004,+029
-004,+029
-004,+029
-004,+029
-004,+029
-004,+029
-004,+029
-004,+029
-004,+029
-004,+029
-004,+029
-004,+029
-004,+029
-004,+027
-004,+027
-004,+027
-004,+027
-004,+027
-004,+027
-004,+027
-004,+027
-004,+027
-004,+027
-004,+027
-004,+027
-004,+027
-004,+027
-004,+027
-004,+027
-004,+027
-004,+027
-004,+027
-004,+027
-004,+027
-004,+027
+002,+027
+002,+027
+002,+027
+002,+027
+002,+027
+002,+027
+002,+027
+002,+027
+002,+027
+002,+027
+002,+027
+002,+027
+002,+027
+002,+027
+002,+027
+002,+027
+002,+027
+002,+027
+002,+027
+002,+027
+002,+027
+002,+027
+002,+027
+002,+027
+002,+027
+002,+027
+002,+027
+002,+027
+002,+027
+002,+027
+002,+027
+002,+027
+002,+027
+002,+027
+002,+027
+002,+027
+002,+027
+002,+027
+002,+027
+002,+027
+002,+027
+002,+027
+002,+027
+002,+027
+002,+027
+002,+027
+002,+027
+002,+027
+002,+027
+002,+027
+002,+027
+002,+027
+002,+027
+002,+027
+002,+027
+002,+027
+002,+025
+002,+025
+002,+025
+002,+025
+002,+025
+002,+025
+002,+025
+002,+025
+002,+025
+002,+025
+002,+025
+002,+025
+002,+025
+002,+025
+002,+025
+002,+025
+002,+025
+002,+025
-003,+025
-003,+025
-003,+025
-003,+025
-003,+025
-003,+025
-003,+025
-003,+025
-003,+025
-003,+025
-003,+025
-003,+025
-003,+025
-003,+025
-003,+025
-003,+025
-003,+025
-003,+025
-003,+025
-003,+025
-003,+025
-003,+025
-003,+025
-003,+025
-004,+025
-004,+025
-004,+025
-004,+025
-004,+025
-004,+025
-004,+025
-004,+025
-004,+027
-004,+027
-004,+027
-004,+027
-004,+027
-004,+027
-004,+027
-004,+027
-004,+027
-004,+027
-004,+027
-004,+027
-004,+027
-004,+027
-004,+027
-004,+027
-004,+027
-004,+027
-004,+027
-004,+027
-004,+027
-004,+027
-004,+027
-004,+027
-004,+029
-004,+029
-004,+029
-004,+029
-004,+029
-004,+029
-004,+029
-004,+029
-005,+029
-005,+029
-005,+029
-005,+029
-005,+029
-005,+029
-005,+029
-005,+029
-005,+029
-005,+029
-005,+029
-005,+029
-005,+029
-005,+029
-005,+029
-005,+029
-005,+029
-005,+029
-005,+029
-005,+029
-005,+029
-005,+029
-005,+029
-005,+029
-005,+029
-005,+029
-005,+029
-006,+029
-006,+029
-006,+029
-006,+029
-006,+029
-006,+029
-006,+029
-006,+029
-006,+029
-006,+029
-006,+029
-006,+029
-006,+027
-006,+027
-006,+027
-006,+027
-007,+027
-007,+027
-007,+027
-007,+027
-007,+027
-007,+025
-007,+025
-007,+025
-007,+025
-007,+025
-007,+025
-007,+025
-007,+025
-007,+025
-007,+025
-007,+025
-007,+025
-007,+025
-007,+023
-007,+023
-007,+023
-007,+023
-007,+023
-007,+023
-007,+023
-007,+023
-007,+023
-007,+023
-007,+023
-007,+023
-007,+023
-007,+023
-007,+023
-007,+023
-007,+023
-007,+023
-007,+023
-007,+023
-007,+023
-007,+023
-007,+023
-007,+023
-007,+023
-007,+023
-007,+023
-007,+023
-007,+023
-007,+023
-007,+023
-007,+023
-007,+023
-007,+023
-007,+023
-007,+023
-007,+023
-007,+023
-007,+023
-007,+023
-007,+023
-007,+023
-007,+023
-007,+023
-007,+023
-007,+023
-007,+023
-007,+023
-007,+023
-007,+023
-007,+023
-007,+023
-007,+023
-007,+023
-007,+023
-007,+023
-007,+023
-007,+023
-007,+023
-007,+023
-007,+023
-007,+023
-007,+023
-007,+023
-004,+023
-004,+023
-004,+023
-004,+023
-004,+023
-004,+023
-004,+023
-004,+023
-004,+023
-004,+023
-004,+023
-004,+023
-004,+023
-004,+023
-004,+023
-004,+023
-004,+023
-004,+023
-004,+023
-004,+023
-004,+023
-004,+023
-004,+023
-004,+023
-004,+023
-004,+023
-004,+023
-004,+023
-004,+023
-004,+023
-004,+023
-004,+023
-004,+023
-004,+023
-004,+023
-004,+025
-004,+025
-004,+025
-004,+025
-004,+025
-004,+025
-004,+025
-004,+025
-004,+025
-004,+027
-004,+027
-004,+027
-004,+027
-004,+027
-004,+027
-004,+027
-004,+027
-004,+027
-004,+027
-004,+027
-004,+029
-004,+029
-004,+029
-004,+029
-004,+029
-004,+029
-004,+029
-004,+029
-004,+029
-004,+029
-004,+027
-004,+027
-004,+027
-004,+027
-004,+027
-004,+025
-004,+025
-004,+025
-004,+025
-004,+025
-004,+025
-004,+025
-004,+023
-004,+023
-004,+023
-004,+023
-004,+023
-004,+023
-004,+021
-004,+021
-004,+021
-004,+021
-004,+021
-004,+021
-004,+021
-004,+021
-004,+021
-004,+019
-004,+019
-004,+019
-004,+019
-004,+019
-004,+019
-004,+019
-005,+019
-005,+019
-005,+019
-005,+019
-005,+019
-005,+019
-005,+019
-005,+019
-005,+019
-005,+019
-005,+019
-005,+019
-005,+019
-005,+019
-005,+019
-005,+019
-005,+019
-005,+019
-005,+019
-005,+019
-005,+019
-005,+019
-005,+019
-005,+019
-005,+019
-005,+019
-005,+019
-005,+019
-005,+019
-005,+019
-005,+019
-005,+019
-005,+019
-005,+019
-005,+019
-005,+019
-005,+019
-005,+019
-005,+019
-005,+019
-005,+019
-005,+019
-005,+019
-005,+019
-005,+019
-005,+019
-005,+019
-005,+019
-005,+019
-005,+019
-005,+019
-005,+019
-005,+021
-005,+021
-005,+021
-005,+021
-005,+021
-005,+021
-005,+021
-005,+021
-005,+021
-005,+021
-005,+021
-005,+021
-005,+021
-005,+021
-005,+021
-005,+021
-005,+021
-005,+021
-005,+021
-005,+021
-005,+021
-005,+021
-005,+021
-005,+021
-005,+021
-005,+021
-005,+021
-005,+021
-005,+021
-005,+021
-005,+023
-005,+023
-005,+023
-005,+023
-005,+023
-005,+023
-005,+023
-005,+023
-005,+023
-005,+023
-005,+023
-005,+023
-005,+023
-005,+023
-005,+023
-005,+023
+002,+023
-003,+023
-003,+023
-003,+023
-003,+023
-003,+023
-003,+023
-003,+023
-003,+023
-003,+023
-003,+023
-003,+023
-003,+023
-003,+023
-003,+023
-003,+023
-003,+023
-003,+023
-003,+023
-003,+023
-003,+023
-003,+023
-003,+023
-003,+023
-003,+023
-003,+023
-003,+023
-003,+023
-003,+023
-003,+023
-003,+023
-003,+023
-003,+023
-003,+023
-003,+023
-003,+023
-003,+023
-003,+023
-003,+025
-003,+025
-003,+025
-003,+025
-003,+025
-003,+025
-003,+025
-003,+025
-003,+025
-003,+025
-003,+025
-003,+025
-003,+025
-003,+025
-003,+025
-003,+025
-003,+025
-003,+025
-003,+025
-003,+025
-003,+025
-003,+025
-003,+025
-003,+025
-003,+025
-003,+025
-003,+025
-003,+025
-003,+025
-003,+025
-003,+025
-003,+025
-003,+025
-003,+025
-003,+025
-003,+025
-003,+025
-003,+025
-003,+025
-003,+025
-003,+025
-003,+025
-003,+025
-003,+025
-003,+025
-003,+025
-003,+025
-003,+025
-003,+025
-003,+025
-003,+025
-003,+025
-003,+025
-003,+025
-003,+025
-003,+025
-003,+025
-003,+025
-003,+025
-003,+025
-003,+025
-003,+025
-003,+025
-003,+025
-003,+025
-003,+025
-003,+025
-003,+025
-003,+025
-003,+025
-003,+025
-003,+025
-003,+025
-003,+025
-003,+025
-003,+025
-003,+025
-003,+025
-003,+025
-003,+025
-003,+025
-003,+025
-003,+025
-003,+025
-003,+025
-003,+025
-003,+025
-003,+025
-003,+025
-003,+025
-003,+023
-003,+023
-003,+023
-003,+023
-003,+023
-003,+023
-003,+023
-003,+023
-003,+021
-003,+021
-003,+021
-003,+021
-003,+021
-003,+021
-003,+021
-003,+021
-003,+021
-003,+019
-003,+019
-003,+019
-003,+019
-003,+019
-003,+019
-003,+019
-003,+019
-003,+019
-003,+019
-003,+019
-003,+017
-003,+017
-003,+017
-003,+017
-003,+017
-003,+017
-003,+017
-003,+017
-003,+017
-003,+017
-003,+017
-003,+017
-003,+017
-003,+017
-003,+017
-003,+017
-003,+017
-003,+017
-003,+017
-003,+017
-003,+017
-003,+017
-003,+017
-003,+017
-003,+017
-003,+017
-003,+017
-003,+019
-003,+019
-003,+019
-003,+019
-003,+019
-003,+019
-003,+019
-003,+019
-003,+019
-003,+019
-003,+019
-003,+019
-003,+019
-003,+019
-003,+019
-003,+019
-003,+019
-003,+019
-003,+019
-003,+019
-003,+017
-003,+017
-003,+017
-003,+017
-003,+017
-003,+017
-003,+017
-003,+017
-003,+017
-003,+017
-003,+017
-003,+017
-003,+017
-003,+017
-003,+017
-003,+017
-003,+017
-003,+017
-003,+017
-003,+017
-003,+017
-003,+017
-003,+017
-003,+019
-003,+019
-003,+019
-003,+019
-003,+019
-003,+019
-003,+019
-003,+019
-003,+019
-003,+019
-003,+019
-003,+021
-003,+021
-003,+021
-003,+021
-003,+021
-003,+021
-003,+021
-003,+021
-003,+021
-003,+021
-003,+023
-003,+023
-003,+023
-003,+023
-003,+023
-003,+023
-003,+023
-003,+023
-003,+023
-003,+023
-003,+023
-003,+023
-003,+023
-003,+023
-003,+025
-003,+025
-003,+025
-003,+025
-003,+025
-003,+025
-003,+025
-003,+025
-003,+025
-003,+025
-003,+025
-003,+025
-003,+025
-003,+025
-003,+025
-003,+025
-003,+025
-003,+025
-003,+025
-003,+025
-003,+025
-003,+025
-003,+025
-003,+025
-003,+025
-003,+025
-003,+025
-003,+025
-003,+025
-003,+025
-003,+025
-003,+025
-003,+025
-003,+025
-003,+025
-003,+025
-003,+025
-003,+025
-003,+025
-003,+025
-003,+025
-003,+025
-003,+025
-003,+025
-003,+025
-003,+025
-003,+025
-003,+025
-003,+025
-003,+025
-003,+027
-003,+027
-003,+027
-003,+027
-003,+027
-003,+027
-003,+027
-003,+027
-003,+027
-003,+027
-003,+027
-003,+027
-003,+027
-003,+027
-003,+027
-003,+027
-003,+027
-003,+027
-003,+029
-003,+029
-003,+029
-003,+029
-003,+029
-003,+029
-004,+029
-004,+029
-004,+031
-004,+031
-004,+031
-004,+031
-004,+033
-004,+033
-004,+033
-005,+033
-005,+033
-005,+033
-005,+033
-005,+033
-005,+033
-005,+033
-005,+033
-005,+033
-005,+033
-005,+033
-005,+033
-005,+033
-005,+033
-005,+033
-005,+033
-005,+033
-005,+033
-005,+033
-005,+033
-005,+033
-005,+033
-005,+033
-005,+033
-005,+033
-005,+033
-005,+033
-005,+033
-005,+033
-005,+033
-005,+033
-005,+033
-005,+033
-005,+033
-005,+033
-005,+033
-005,+033
-005,+033
-005,+033
-005,+033
-005,+033
-005,+033
-005,+036
-005,+036
-005,+036
-005,+036
-005,+036
-005,+036
-005,+036
-005,+036
-005,+036
-005,+038
+002,+038
+002,+038
+002,+038
+002,+038
+002,+038
+002,+040
+002,+040
+002,+040
+002,+040
+002,+040
+002,+040
+002,+040
+002,+040
+002,+040
+002,+040
+002,+040
+002,+040
+002,+040
+002,+040
+002,+042
+002,+042
+002,+042
+002,+042
+002,+042
+002,+042
+002,+042
+002,+042
+002,+042
+002,+042
+002,+042
+002,+042
+002,+042
+002,+042
+002,+042
+002,+042
+002,+042
+002,+042
+002,+042
+002,+042
+002,+042
+002,+042
+002,+042
+002,+042
+002,+042
+000,+042
+000,+042
+000,+042
+000,+042
+000,+042
+000,+042
+000,+042
+000,+042
+000,+042
+000,+042
+000,+042
+000,+042
+000,+042
+000,+042
+000,+042
+000,+042
+000,+042
+000,+042
+000,+042
+000,+042
+000,+042
+000,+042
+000,+042
+000,+042
+000,+042
+000,+042
+000,+042
+000,+042
+000,+042
+000,+042
+000,+042
+000,+042
+000,+042
+002,+042
+002,+042
+002,+042
+002,+042
+002,+042
+002,+042
+002,+040
+002,+040
+002,+040
+002,+040
+002,+040
+002,+040
+002,+040
+002,+040
+002,+038
+002,+038
+002,+038
+002,+038
+002,+038
+002,+038
+002,+038
+002,+038
+002,+038
+002,+038
+002,+036
+002,+036
+002,+036
+002,+036
+002,+036
+002,+036
+002,+036
+002,+036
+002,+036
+002,+036
+002,+036
+002,+036
+002,+036
+002,+036
+002,+036
+002,+036
+002,+036
+002,+036
+002,+036
+002,+036
+002,+036
+002,+036
+002,+036
+002,+034
+002,+034
+002,+034
+002,+034
+002,+034
+000,+034
+000,+031
+000,+031
+000,+031
+000,+031
+000,+031
+000,+031
+000,+031
+000,+031
+000,+029
+000,+029
+000,+029
+000,+029
+000,+027
+000,+027
+000,+027
+000,+027
+000,+025
+000,+025
+000,+025
+000,+025
+002,+025
+002,+023
+002,+023
+002,+023
+002,+023
+002,+023
+002,+023
+002,+023
+002,+023
+002,+023
+002,+023
+002,+023
+002,+023
+002,+023
+002,+023
+002,+023
+002,+023
+002,+023
+002,+023
+002,+023
+002,+023
+002,+023
+002,+025
+002,+025
+002,+025
+002,+025
+002,+025
+002,+025
+002,+025
+002,+025
+002,+025
+002,+025
+002,+025
+002,+025
+002,+025
+002,+025
+002,+025
+002,+025
+002,+025
+002,+025
+002,+025
+002,+025
+002,+025
+002,+025
+002,+025
+002,+025
+002,+025
+002,+025
+002,+025
+002,+025
+002,+025
+002,+025
+002,+025
+002,+025
+002,+025
+000,+025
+000,+025
+000,+025
+000,+025
+000,+025
+000,+025
+000,+025
+000,+025
+000,+025
+000,+027
+000,+027
+000,+027
+000,+027
+000,+027
+000,+027
+000,+027
+000,+027
+002,+027
+002,+027
+002,+027
+002,+029
+002,+029
+002,+029
+002,+029
+002,+029
+002,+029
+002,+029
+002,+029
+002,+029
+002,+029
+002,+029
+002,+029
+002,+031
+002,+031
-003,+031
-003,+031
-003,+031
-003,+031
-003,+031
-003,+031
-003,+033
-003,+033
-003,+033
-004,+033
-004,+033
-004,+033
-004,+033
-004,+035
-004,+035
-004,+035
-004,+035
-004,+035
-004,+035
-005,+035
-005,+035
-005,+035
-005,+035
-005,+035
-005,+035
-005,+035
-005,+035
-005,+035
-005,+035
-005,+035
-005,+035
-005,+035
-005,+035
-006,+035
-006,+035
-006,+037
-006,+037
-006,+037
-006,+037
-006,+037
-006,+037
-006,+037
-006,+037
-006,+037
-006,+037
-006,+037
-007,+037
-007,+037
-007,+037
-007,+039
-007,+039
-007,+039
-004,+039
-005,+039
-005,+039
-005,+039
-006,+039
-006,+041
-006,+041
-006,+041
-007,+041
-008,+041
-008,+041
-008,+041
-008,+041
-009,+041
-009,+041
-009,+041
-009,+041
-009,+041
-009,+041
-009,+041
-009,+041
-010,+043
-010,+043
-010,+043
-010,+043
-010,+043
-010,+043
-010,+043
-011,+043
-011,+043
-011,+043
-011,+043
-011,+043
-011,+043
-011,+043
-011,+043
-011,+043
-011,+043
-011,+043
-011,+043
-011,+043
-011,+043
-011,+041
-011,+041
-011,+041
-011,+041
-011,+041
-011,+041
-011,+041
-011,+039
-011,+039
-011,+039
-008,+039
-008,+039
-008,+039
-008,+039
-008,+039
-008,+039
-008,+039
-008,+039
-008,+039
-008,+039
-008,+037
-008,+037
-008,+037
-008,+037
-008,+037
-008,+037
-008,+037
-008,+037
-008,+035
-008,+035
-005,+035
-005,+035
-005,+035
-005,+035
-005,+035
-005,+033
-005,+033
-005,+033
-005,+033
-005,+033
-005,+031
-005,+031
-005,+031
-005,+031
-005,+031
-005,+031
-005,+029
-005,+029
-005,+029
-005,+029
-005,+029
-005,+029
-005,+029
-005,+029
-005,+027
-005,+027
-005,+027
-005,+027
-005,+027
-005,+027
-005,+027
-005,+029
+002,+029
+002,+029
+002,+029
+002,+029
-003,+029
-003,+029
-003,+029
-003,+029
-003,+029
-003,+029
-003,+029
-003,+029
-003,+029
-003,+029
-003,+029
-003,+029
-003,+029
-003,+029
-003,+029
+001,+029
+001,+029
+001,+027
+001,+027
+001,+027
+001,+027
+001,+027
+001,+027
+001,+027
+001,+027
+001,+027
+001,+027
+001,+027
+001,+027
+001,+027
+001,+027
+001,+027
+001,+027
+001,+027
+001,+027
+001,+027
+001,+027
+001,+027
+001,+027
+001,+027
+001,+027
+001,+027
+001,+027
+001,+027
+001,+027
+001,+027
+001,+029
+001,+029
+001,+029
+001,+029
+001,+029
+001,+029
+001,+029
+001,+029
+001,+029
+001,+029
+001,+027
+001,+027
+001,+027
+001,+027
+001,+027
+001,+027
+001,+027
+001,+027
+001,+027
+001,+027
+001,+027
+001,+027
+001,+027
+001,+027
+001,+027
+001,+027
+001,+027
+001,+027
+001,+027
+002,+029
+002,+029
+002,+029
+002,+029
+002,+029
+002,+029
+002,+029
+002,+029
+002,+029
+002,+029
+002,+029
+002,+029
+002,+029
+002,+029
+002,+029
+002,+029
+002,+029
+002,+029
+002,+029
+002,+029
+002,+029
+002,+029
+002,+029
+002,+029
+002,+029
+002,+029
+002,+029
+002,+029
+002,+029
+002,+029
+002,+029
+002,+029
+002,+029
+002,+029
+002,+029
+002,+029
+002,+027
+002,+027
+002,+027
+002,+027
+002,+027
+002,+027
+002,+027
+002,+027
+002,+027
+002,+027
+002,+027
+002,+027
+002,+027
+002,+027
+002,+027
+002,+027
+002,+027
+002,+027
+002,+027
+002,+027
+000,+027
+000,+027
+000,+027
+000,+027
+000,+025
+000,+025
+000,+025
+000,+025
+000,+025
+000,+025
+000,+025
+000,+025
+000,+025
+000,+025
+000,+025
+000,+025
+000,+025
+000,+025
+000,+025
+000,+025
+000,+025
+000,+023
+000,+023
+000,+023
+000,+023
+000,+023
+000,+023
+000,+023
+000,+023
+000,+023
+000,+023
+000,+023
+000,+023
+000,+023
+000,+023
+000,+025
+000,+025
+000,+025
+000,+025
+000,+025
+000,+025
+000,+025
+000,+025
+000,+025
+000,+025
+000,+025
+000,+025
+000,+025
+000,+025
+000,+027
+000,+027
+000,+027
+000,+027
+000,+027
+000,+027
+000,+027
+000,+027
+000,+027
+000,+027
+000,+027
+000,+027
+000,+027
+000,+027
+000,+027
+000,+027
+000,+027
+000,+027
+000,+027
+000,+027
+000,+029
+000,+029
+000,+029
+000,+029
+000,+029
+000,+029
+000,+029
+000,+029
+000,+029
+000,+029
+000,+029
+000,+029
+000,+029
+000,+029
+000,+029
+000,+029
+000,+029
+000,+029
+000,+029
+000,+029
+000,+029
+000,+029
+000,+029
+000,+029
+000,+029
+000,+029
+000,+029
+002,+029
+002,+029
+002,+029
+002,+029
+002,+029
+002,+029
+002,+029
+002,+029
+002,+029
+002,+029
+002,+029
+002,+029
+002,+029
+002,+029
+002,+029
+002,+029
+002,+029
+002,+029
+002,+029
+002,+029
+002,+029
+002,+029
+002,+029
+002,+029
+002,+029
+002,+029
+002,+029
+002,+029
+002,+029
+002,+029
+002,+029
+002,+029
+002,+029
+002,+029
+002,+029
+002,+029
+002,+029
+002,+029
+002,+029
+002,+029
+002,+029
+002,+029
+002,+029
+002,+029
+002,+029
+002,+029
+002,+029
+002,+029
+002,+029
+002,+029
+002,+029
+002,+029
+002,+029
+002,+029
+002,+029
+002,+029
+002,+029
+002,+027
+002,+027
+002,+027
+002,+027
+002,+027
+000,+027
+000,+027
+000,+027
+000,+025
+000,+025
+000,+025
+000,+025
+000,+025
+000,+025
+000,+025
+000,+023
+000,+023
+000,+023
+000,+023
+000,+023
+000,+021
+002,+021
+002,+021
+002,+021
+002,+021
+002,+019
+002,+019
+002,+019
+002,+019
+002,+019
+002,+019
+002,+019
+002,+019
+002,+019
+002,+019
+002,+017
+002,+017
+002,+017
+002,+017
+002,+017
+002,+017
+002,+017
+002,+017
+002,+017
+002,+017
+002,+017
+002,+017
+002,+017
+002,+017
+000,+017
+000,+017
+000,+017
+000,+017
+000,+017
+000,+017
+000,+017
+000,+017
+000,+017
+000,+017
+000,+017
+000,+017
+000,+017
+000,+017
+000,+017
+000,+017
+000,+017
+000,+017
+000,+017
+000,+017
+000,+017
+000,+017
+000,+017
+000,+017
+000,+017
+000,+019
+000,+019
+000,+019
+000,+019
+000,+019
+000,+019
+000,+019
+000,+019
+000,+019
+000,+019
+000,+019
+000,+019
+000,+019
+000,+019
+000,+017
+000,+017
+000,+017
+000,+017
+000,+017
+000,+017
+000,+017
+000,+017
+000,+017
+000,+017
+000,+017
+000,+017
+000,+017
+000,+017
+000,+017
+000,+017
+000,+017
+000,+017
+000,+017
+000,+017
+000,+017
+000,+017
+000,+017
+000,+017
+000,+017
+000,+017
+000,+017
+000,+017
+000,+017
+000,+017
+000,+017
+002,+017
+002,+017
+002,+017
+002,+019
+002,+019
+002,+019
+002,+019
+002,+019
+002,+019
+002,+021
-003,+021
-003,+021
-003,+021
-003,+021
-003,+021
-003,+021
-003,+021
-004,+021
-004,+023
-004,+023
-004,+023
-004,+023
-004,+023
-005,+023
-005,+023
-005,+023
-005,+023
-005,+023
-005,+023
-005,+023
-005,+023
-006,+023
-006,+023
-006,+023
-006,+023
-006,+023
-006,+023
-006,+023
-006,+023
-007,+023
-007,+023
-007,+023
-007,+023
-007,+023
-007,+023
-007,+023
-007,+023
-007,+023
-007,+023
-008,+023
-008,+023
-008,+023
-008,+023
-008,+023
-008,+023
-008,+023
-008,+023
-008,+023
-008,+023
-009,+023
-009,+023
-009,+023
-009,+023
-009,+023
-009,+023
-009,+023
-009,+023
-009,+023
-009,+023
-009,+023
-010,+023
-010,+025
-010,+025
-010,+025
-010,+025
-010,+025
-010,+025
-010,+025
-010,+025
-010,+025
-010,+025
-010,+025
-010,+025
-010,+027
-010,+027
-010,+027
-010,+027
-010,+027
-010,+027
-010,+027
-011,+029
-011,+029
-011,+029
-011,+029
-011,+029
-011,+029
-011,+029
-011,+029
-011,+029
-011,+029
-011,+031
-011,+031
-011,+031
-011,+031
-011,+031
-011,+031
-011,+031
-012,+031
-012,+031
-012,+031
-012,+031
-012,+031
-012,+031
-012,+031
-012,+031
-012,+031
-012,+031
-012,+031
-012,+029
-012,+029
-012,+029
-012,+029
-012,+029
-012,+029
-012,+029
-012,+027
-012,+027
-012,+027
-012,+027
-012,+027
-012,+027
-012,+027
-012,+025
-012,+025
-012,+025
-012,+025
-012,+025
-012,+025
-012,+023
-012,+023
-012,+023
-012,+023
-012,+023
-012,+023
-012,+021
-012,+021
-012,+021
-012,+021
-012,+021
-012,+021
-012,+021
-012,+019
-012,+019
-012,+019
-012,+019
-012,+019
-012,+019
-012,+019
-012,+019
-012,+019
-012,+019
-012,+019
-012,+019
COP Area(S): 000345
COP Area(R): 001432