+000,-000
+000,-000
+000,-000
+000,-000
+000,-000
+000,-000
+000,-000
+000,-000
+000,-000
+000,-000
+000,-000
+000,-000
+000,-000
+000,-000
+000,-000
+000,-000
+000,-000
+000,-000
+000,-000
+000,-000
+000,-000
+000,-000
+000,-000
+000,-000
+000,-000
+000,-000
+000,-000
+000,-000
+000,-000
+000,-000
+000,-000
+000,-000
+000,-000
+000,-000
+000,-000
+000,-000
+000,-000
+000,-000
+000,-000
+000,-000
+000,-000
+000,-000
+000,-000
+002,-000
+002,+003
+002,+003
+002,+003
+002,+003
+002,+003
+002,+003
+002,+003
+002,+003
+002,+003
+002,+003
+002,+003
+002,+003
+002,+003
+002,+003
+002,+003
+002,+003
+002,+003
+002,+003
+002,-002
+002,-002
+002,-002
+002,-002
+002,-002
+002,-002
+002,-002
+002,-002
+004,-002
+004,-002
+004,-002
+004,-002
+004,-002
+004,-002
+004,-002
+004,-002
+006,-002
+006,-002
+006,-002
+006,-002
+006,-002
+006,-001
+006,-001
+006,-001
+006,-001
+006,-001
+008,-001
+008,-001
+008,-000
+008,-000
+008,-000
+008,-000
+008,-000
+008,-000
+008,-001
+008,-001
+008,-002
+008,-002
+008,-002
+008,-002
+008,-003
+008,-003
+008,-003
+008,-004
+008,-004
+008,-004
+008,-005
+008,-005
+008,-006
+008,-006
+008,-006
+008,-006
+008,-006
+008,-007
+008,-007
+008,-007
+008,-007
+008,-007
+008,-007
+008,-007
+008,-008
+008,-008
+008,-008
+008,-008
+008,-008
+008,-008
+008,-008
+008,-008
+008,-008
+008,-008
+008,-008
+008,-008
+008,-008
+008,-008
+008,-008
+008,-008
+008,-008
+008,-008
+008,-008
+008,-008
+006,-008
+006,-008
+006,-008
+006,-008
+006,-008
+006,-008
+006,-008
+006,-008
+006,-008
+004,-008
+004,-008
+004,-008
+004,-008
+004,-008
+004,-008
+002,-005
+002,-005
+002,-005
+002,-005
+002,-005
+002,-005
+002,-005
+000,-005
+000,-005
+000,-005
+000,-005
+000,-005
+000,-002
+002,-002
+002,-002
+002,-002
+002,-002
+002,-002
+003,-002
+003,-002
+003,-002
-004,-002
-004,-002
-004,-002
-004,-002
-004,-002
-004,-002
-004,-002
-005,-002
-005,-002
-005,-002
-005,-002
-005,-002
-005,-002
-005,-002
-005,-002
-005,-002
-005,-002
-005,-002
-005,-002
-005,-002
-005,-002
-005,-002
-005,-002
-005,-002
-005,-002
-005,-002
-005,-002
-005,-002
-005,-002
-005,-002
-005,-002
-005,-003
-005,-003
-005,-003
-005,-003
-005,-003
-005,-003
-005,-003
-005,-003
-005,-004
-005,-004
-005,-004
-005,-004
-005,-004
-005,-004
-005,-004
-005,-004
-005,-004
-005,-005
-005,-005
-005,-005
-005,-005
-005,-005
-006,-005
-006,-005
-006,-005
-006,-005
-006,-005
-006,-005
-006,-005
-006,-005
-006,-005
-006,-005
-006,-005
-006,-006
-006,-006
-006,-006
-006,-006
-006,-007
-006,-007
-007,-007
-007,-007
-007,-007
-007,-007
-007,-007
-007,-008
-007,-008
-007,-008
-007,-008
-007,-008
-007,-008
-007,-008
-007,-008
-007,-008
-007,-008
-007,-008
-007,-008
-007,-008
-007,-008
-007,-008
-007,-008
-007,-008
-007,-008
-007,-008
-007,-008
-007,-008
-007,-008
-007,-008
-007,-008
-007,-008
-007,-008
-007,-008
-007,-008
-007,-008
-007,-008
-007,-008
-007,-008
-007,-008
-007,-008
-007,-008
-007,-008
-007,-008
-007,-008
-007,-008
-007,-008
-007,-008
-007,-008
-007,-008
-007,-008
-007,-008
-007,-008
-007,-008
-007,-008
-007,-008
-007,-008
-007,-008
-007,-008
-007,-008
-007,-008
-007,-008
-007,-005
-007,-006
-007,-006
-007,-006
-007,-006
-007,-006
-007,-006
-007,-006
-007,-006
-007,-006
-007,-006
-007,-006
-007,-006
-007,-006
-007,-006
-007,-006
-007,-006
-007,-006
-007,-006
-007,-003
-007,-003
-007,-004
-007,-004
-007,-004
-007,-004
-007,-004
-007,-004
-007,-004
-007,-004
-007,-004
-007,-004
-007,-004
-007,-004
-007,-004
-007,-004
-007,-004
-007,-004
-007,-004
-007,-004
-007,-001
-007,-001
-007,-001
-007,-001
-007,-001
-007,-001
-007,-001
-007,-001
-007,-001
-007,-001
-007,-001
-007,-001
-007,-001
-007,-001
-007,-001
-007,-001
-007,-001
-007,-001
-007,-001
-007,-001
-007,-001
-007,-001
-007,-001
-007,-001
-007,-001
-007,-001
-007,-001
-007,-001
-007,-001
-007,-001
-007,-001
-007,-001
-007,-002
-007,-002
-007,-002
-007,-002
-004,-002
-005,-002
-005,-002
-005,-002
-005,-002
-005,-002
-005,-003
-005,-003
-005,-003
-005,-003
-005,-003
-005,-003
-005,-003
-005,-003
-005,-003
-005,-003
-005,-003
-005,-003
-005,-003
-005,-003
-005,-003
-005,-003
-005,-003
-005,-003
-005,-003
-005,-003
-005,-004
-005,-004
-005,-004
-005,-004
-005,-004
-005,-004
-005,-004
-005,-004
-005,-004
-005,-004
-005,-004
-005,-004
-005,-004
-005,-004
-005,-004
-005,-004
-005,-004
-005,-005
-005,-005
-005,-005
-005,-005
-005,-005
-005,-005
-005,-005
-005,-005
-005,-005
-006,-005
-006,-005
-006,-005
-006,-005
-006,-005
-006,-005
-006,-005
-006,-005
-007,-005
-007,-005
-007,-005
-007,-005
-007,-005
-007,-005
-007,-005
-007,-005
-007,-005
-007,-005
-007,-005
-007,-005
-007,-005
-007,-005
-007,-005
-007,-005
-007,-005
-007,-005
-007,-005
-007,-005
-007,-005
-007,-005
-007,-005
-007,-005
-007,-005
-007,-005
-007,-005
-007,-005
-007,-005
-007,-005
-007,-005
-007,-005
-007,-005
-004,-005
-004,-005
-004,-005
-004,-005
-004,-005
-004,-005
-004,-005
-004,-005
-004,-005
-004,-005
-004,-005
-004,-005
-004,-005
-004,-005
-004,-005
-004,-005
-004,-005
-004,-005
-004,-005
-004,-005
-004,-005
-004,-005
-004,-005
-004,-005
-004,-005
-004,-002
-004,-002
-004,-002
-004,-002
-004,-002
-004,-002
-004,-002
-004,-002
-004,-002
-004,-002
-004,-002
-004,-002
-004,-002
-004,-002
-004,-002
-004,-002
-004,-002
-004,-002
-004,-002
-004,-002
-004,-002
-004,-002
-005,-002
-005,-002
-005,-002
-005,-002
-005,-002
-005,-002
-005,-002
-005,-002
-005,-002
-005,-002
-005,-002
-005,-002
-005,-002
-005,-002
-005,-002
-005,-002
-005,-002
-005,-002
-005,-002
-005,-002
-005,-002
-005,-002
-005,-002
-005,-002
-005,-002
-005,-002
-005,-002
-005,-002
-005,-002
-005,-002
-005,-002
-005,-002
-005,-002
-005,-002
-005,-002
-005,-002
-005,-003
-005,-003
-005,-003
-005,-003
-005,-003
-005,-003
-005,-003
-005,-003
-005,-003
-005,-003
-005,-003
-005,-003
-005,-003
-005,-003
-005,-003
-005,-003
-005,-003
-005,-003
-005,-003
-005,-003
-005,-003
-005,-003
-005,-003
-005,-003
-005,-004
-005,-004
-005,-004
-005,-004
-005,-004
-005,-004
-005,-004
-005,-004
-005,-004
-005,-004
-005,-004
-005,-004
-005,-004
-005,-004
-005,-004
-005,-004
-005,-004
-005,-004
-005,-004
-005,-004
-005,-004
-005,-004
-005,-004
-005,-004
-005,-004
-005,-004
-005,-004
-005,-004
-005,-004
-005,-004
-005,-004
-005,-004
-005,-004
-005,-004
-005,-004
-005,-004
-005,-004
-005,-004
-005,-004
-005,-004
-005,-004
-005,-004
-005,-004
-005,-004
-005,-004
-005,-004
-005,-004
-005,-004
-005,-004
-005,-004
-005,-004
-006,-004
-006,-004
-006,-004
-006,-004
-006,-004
-006,-004
-006,-004
-006,-004
-006,-004
-006,-004
-006,-004
-006,-004
-006,-004
-006,-004
-006,-004
-006,-004
-006,-004
-006,-004
-006,-004
-006,-004
-006,-004
-006,-004
-006,-004
-006,-004
-006,-004
-006,-004
+003,-004
+003,-004
+003,-004
+003,-004
+003,-004
+003,-004
+003,-004
+003,-004
+003,-004
+003,-004
+003,-004
+003,-004
+003,-004
+003,-004
+003,-004
+003,-004
+003,-004
+003,-004
+003,-004
+003,-004
+003,-004
+003,-004
+003,-004
+003,-004
+003,-004
+003,-004
+003,-004
+003,-004
+003,-004
+003,-004
+003,-004
+003,-004
+003,-004
+003,-004
+003,-004
+003,-004
+003,-004
+003,-004
+003,-004
+003,-004
+003,-004
+003,-004
+003,-004
+003,-004
+003,-004
+003,-004
+003,-004
+003,-004
+003,-004
+003,-004
+003,-004
+003,-004
+003,-004
+003,-004
+003,-004
+003,-004
+003,-004
+003,-004
+003,-004
+003,-004
+003,-004
+003,-004
+003,-004
+003,-004
+003,-004
+003,-004
+003,-004
+003,-004
+003,-004
+003,-004
+003,-004
+003,-004
+003,-004
+003,-004
+003,-004
+003,-005
+003,-005
+003,-005
+003,-005
+003,-005
+003,-005
+003,-005
+003,-005
+003,-005
+003,-005
+003,-005
+003,-005
+003,-005
+003,-005
+001,-006
+001,-006
+001,-006
+001,-006
+001,-006
+001,-006
+001,-006
+001,-006
+001,-006
+001,-006
+001,-006
+001,-006
+001,-006
+001,-006
+001,-006
+001,-006
+001,-006
+001,-006
+001,-006
+001,-006
+001,-006
+001,-006
+001,-006
+001,-006
+001,-006
+001,-006
+001,-006
+001,-006
+001,-006
+001,-006
+001,-007
+001,-007
+001,-007
+001,-007
+001,-007
+001,-007
+001,-007
+001,-007
+001,-007
+001,-007
+001,-007
+001,-007
+001,-007
+001,-007
+003,-007
+003,-007
+003,-007
+003,-007
+003,-007
+003,-007
+003,-007
+003,-007
+003,-007
+003,-007
+003,-007
-004,-007
-004,-007
-004,-007
-004,-007
-004,-007
-004,-007
-004,-007
-004,-007
-005,-007
-005,-007
-005,-007
-005,-007
-005,-007
-005,-008
-005,-008
-005,-008
-006,-008
-006,-008
-006,-008
-006,-008
-006,-008
-006,-008
-006,-008
-006,-008
-006,-008
-006,-009
-006,-009
-006,-009
-006,-009
-006,-009
-006,-009
-006,-009
-006,-009
-006,-009
-006,-009
-006,-010
-006,-010
-006,-010
-006,-010
-006,-010
-006,-010
-006,-010
-006,-010
-006,-010
-006,-010
-006,-010
-006,-010
-006,-010
+003,-010
-004,-010
-004,-010
-004,-010
-004,-010
-004,-010
-004,-010
-004,-010
-004,-010
-004,-010
-004,-010
-004,-010
-004,-010
-004,-010
-004,-010
-004,-010
-004,-010
-004,-010
-004,-010
-004,-010
-004,-010
-004,-010
-004,-010
-004,-010
+002,-010
+002,-010
+002,-010
+002,-010
+002,-010
+002,-010
+002,-011
+002,-011
+002,-011
+002,-011
+002,-011
+002,-011
+002,-011
+002,-011
+002,-011
+002,-011
+002,-011
+002,-011
+002,-011
+002,-011
+002,-011
+003,-011
+003,-011
+003,-011
+003,-011
+003,-011
+003,-011
+003,-011
+003,-008
+003,-008
+003,-008
+003,-008
+003,-008
+003,-008
+003,-008
+003,-008
+003,-008
+003,-008
+003,-008
+003,-008
+003,-008
+003,-008
+003,-005
+003,-005
+003,-005
+003,-005
+003,-005
+003,-005
+003,-005
+003,-005
+003,-005
-004,-005
-004,-005
-004,-005
-004,-005
-004,-005
-004,-005
-004,-005
-004,-005
-004,-005
-004,-005
-004,-002
-004,-002
-004,-002
-004,-002
-004,-002
-004,-002
-004,-002
-004,-002
-004,-002
-004,-002
-004,-002
-004,-002
-004,-002
-004,-002
-004,-002
-004,-002
-004,-002
-004,-002
-004,-002
-004,-002
-004,-002
-004,-002
-004,-002
-004,-002
-004,-002
-004,-002
-004,-002
-004,-002
-004,-002
-004,-002
-004,-002
-004,-002
-004,-002
-004,-002
-004,-002
-004,-002
-004,-002
-004,-002
-004,-002
-004,-002
-004,-002
-004,-002
-004,-002
-004,-002
-004,-002
-004,-002
-004,-002
-004,-002
-004,-002
-004,-002
-004,-002
-004,-002
-004,-002
-004,-002
-004,-002
+002,-002
+002,-002
+002,-002
+002,-002
+002,-002
+002,-002
+002,-002
+002,-002
+002,-002
+002,-002
+002,-002
+002,-002
+002,-002
+002,-002
+002,-002
+002,-002
+002,-002
+002,-003
+002,-003
+002,-003
+002,-003
+002,-003
+002,-003
+002,-003
+002,-003
+002,-003
+002,-003
+002,-003
+002,-003
+002,-003
+002,-003
+002,-003
+002,-003
+002,-003
+002,-003
+002,-003
+002,-003
+002,-003
+002,-003
+002,-003
+002,-003
+002,-003
+002,-003
+002,-003
+002,-003
+002,-003
+002,-003
+002,-003
+002,-003
+002,-000
+002,-001
+002,-001
+003,-001
+003,-001
+003,-001
+003,-001
+003,-001
+003,-001
+003,-001
+003,-001
+003,-001
+003,-001
+003,-001
+003,-001
+003,-001
+003,-001
+003,-001
+003,-001
+003,-001
+003,-001
+003,-001
+003,-001
+003,-001
+003,-001
+003,-001
+003,-001
+003,-001
+003,-001
+003,-001
+003,-001
+003,-001
+003,-001
+003,-001
+003,-001
+003,-001
+003,-001
+003,-001
+003,-002
+003,-002
+003,-002
+003,-002
+003,-002
+003,-002
+003,-002
+003,-003
+003,-003
+003,-003
+003,-003
+003,-003
+003,-003
+003,-003
+003,-003
+003,-003
+003,-003
+003,-004
+003,-004
+003,-004
+003,-004
+003,-004
+003,-004
+003,-004
+003,-004
+003,-004
+003,-005
+003,-005
+003,-005
+003,-005
+003,-005
+003,-005
+003,-006
+003,-006
+003,-006
+003,-006
+003,-006
+003,-007
+003,-007
+003,-007
+003,-007
+003,-007
+003,-007
+003,-008
+003,-008
+003,-008
+003,-008
+003,-008
+003,-008
+003,-008
+003,-008
+003,-008
+003,-008
+003,-008
+003,-008
-004,-008
-004,-008
-004,-008
-004,-008
-004,-008
-004,-008
-005,-008
-005,-008
-005,-009
-005,-009
-005,-009
-005,-009
-005,-009
-006,-009
-006,-009
-006,-009
-006,-009
-006,-009
-006,-009
-006,-009
-006,-009
-006,-009
-006,-009
-006,-009
-006,-009
-006,-009
-006,-009
-006,-009
-006,-009
-006,-009
-006,-009
-006,-009
-006,-009
-006,-009
-006,-009
-006,-010
-006,-010
-007,-010
-007,-010
-007,-010
-007,-010
-007,-010
-007,-010
-007,-010
-007,-010
-007,-010
-007,-010
-007,-010
-007,-010
-007,-010
-007,-010
-007,-010
-007,-010
-008,-010
-008,-010
-008,-010
-008,-010
-008,-010
-008,-010
-008,-010
-008,-010
-008,-010
-008,-010
-009,-010
-009,-010
-009,-010
-009,-010
-009,-010
-009,-010
-009,-010
-009,-010
-009,-010
-009,-010
-009,-010
-009,-010
-009,-010
-010,-010
-010,-010
-010,-010
-010,-010
-010,-010
-010,-010
-010,-010
-010,-010
-010,-010
-010,-010
-010,-010
-010,-010
-010,-010
-010,-010
-010,-010
-010,-010
-010,-010
-010,-007
-010,-007
-010,-007
-010,-007
-010,-007
-010,-007
-010,-007
-010,-007
-010,-007
-010,-007
-010,-007
-010,-007
-010,-007
-010,-007
-010,-007
-010,-007
-010,-007
-010,-007
-010,-007
-010,-007
-010,-007
-010,-007
-010,-007
-010,-007
-010,-007
-010,-007
-010,-007
-010,-007
-010,-007
-010,-007
-010,-007
-010,-007
-010,-007
-010,-007
-010,-007
-010,-007
-010,-007
-010,-007
-007,-007
-008,-007
-008,-007
-008,-007
-008,-007
-008,-007
-008,-007
-008,-007
-008,-007
-008,-007
-008,-007
-008,-007
-008,-007
-008,-007
-008,-007
-008,-007
-008,-007
-008,-007
-008,-007
-008,-007
-008,-007
-008,-007
-008,-007
-008,-007
-008,-007
-008,-007
-008,-007
-008,-007
-008,-007
-008,-007
-008,-007
-008,-007
-008,-007
-008,-007
-008,-007
-008,-007
-008,-007
-008,-007
-008,-007
-008,-007
-008,-007
-008,-007
-008,-007
-008,-007
-008,-007
-008,-007
-008,-007
-008,-007
-008,-007
-008,-007
-008,-007
-005,-007
-006,-007
-006,-007
-006,-007
-006,-007
-006,-007
-006,-007
-006,-007
-006,-007
-006,-007
-006,-007
-006,-007
-006,-007
-006,-007
-006,-007
-006,-007
-006,-007
+003,-007
+003,-007
+003,-007
+003,-007
+003,-007
+003,-007
+003,-007
+003,-007
+003,-007
+003,-007
+003,-007
+003,-007
+003,-007
+003,-007
+003,-007
+003,-007
+003,-007
+003,-007
+003,-007
+003,-007
+003,-007
+003,-007
+003,-007
+003,-007
+003,-007
+003,-007
+003,-007
+003,-007
+003,-007
+001,-007
+001,-007
+001,-007
+001,-007
+001,-007
+001,-007
+001,-007
+001,-007
+001,-007
+001,-007
+001,-007
+001,-007
+001,-007
+001,-007
+001,-007
+001,-007
+001,-007
+001,-007
+001,-007
+001,-007
+001,-007
+001,-007
+001,-007
+001,-008
+001,-008
+001,-008
+001,-008
+001,-008
+001,-008
+001,-008
+001,-008
+001,-008
+001,-008
+001,-008
+001,-008
+001,-008
+001,-008
+001,-008
+001,-008
+001,-008
+001,-008
+001,-008
+001,-008
+001,-008
+001,-008
+001,-008
+001,-008
+001,-008
+001,-008
+001,-008
+001,-008
+001,-008
+001,-008
+001,-008
+001,-008
+001,-008
+001,-008
+001,-008
+001,-008
+001,-008
+001,-008
+001,-008
+001,-008
+001,-008
+001,-008
+001,-008
+001,-008
+001,-008
+001,-008
+001,-008
+001,-008
+001,-008
+001,-008
+001,-008
+001,-009
+001,-009
+001,-009
+001,-009
+001,-009
+001,-009
+001,-009
+001,-009
+001,-009
+001,-009
+001,-009
+001,-009
+001,-009
+001,-009
+003,-009
+003,-009
+003,-009
+003,-009
+003,-009
+003,-009
+003,-009
+003,-009
+003,-009
+003,-009
+003,-009
+003,-009
+003,-009
+003,-009
+003,-009
+003,-009
+003,-009
+003,-009
+003,-009
+003,-009
-004,-009
-004,-009
-004,-009
-004,-009
-004,-009
-004,-009
-004,-009
-005,-009
-005,-009
-005,-009
-005,-009
-005,-009
-005,-009
-005,-009
-006,-009
-006,-009
-006,-009
-006,-009
-006,-009
-006,-009
-007,-009
-007,-009
-007,-009
-007,-009
-007,-009
-007,-009
-007,-009
-007,-009
-007,-009
-007,-009
-007,-006
-007,-006
-008,-006
-008,-006
-008,-006
-008,-006
-008,-006
-008,-006
-008,-006
-008,-006
-008,-006
-008,-006
-008,-006
-008,-006
-008,-006
-008,-006
-008,-006
-008,-006
-008,-006
-008,-007
-008,-007
-009,-007
-009,-007
-009,-007
-009,-007
-009,-007
-009,-007
-009,-007
-009,-007
-009,-007
-009,-007
-009,-007
-009,-007
-010,-007
-010,-007
-010,-007
-010,-007
-010,-007
-010,-007
-010,-007
-010,-007
-010,-007
-010,-007
-010,-007
-011,-007
-011,-007
-011,-007
-011,-007
-011,-007
-011,-007
-011,-007
-011,-007
-011,-007
-011,-007
-011,-007
-011,-007
-011,-007
-011,-007
-011,-007
-011,-007
-011,-007
-011,-007
-011,-007
-011,-007
-011,-007
-011,-007
-011,-007
-011,-007
-011,-007
-011,-007
-011,-007
-011,-007
-011,-007
-011,-007
-011,-007
-011,-007
-011,-007
-011,-007
-008,-007
-008,-007
-009,-007
-009,-007
-009,-007
-009,-007
-009,-007
-009,-007
-009,-007
-006,-007
-006,-007
-006,-007
-006,-007
-006,-007
-006,-007
-006,-007
-006,-007
-006,-007
-006,-007
-006,-007
-006,-007
-006,-007
-006,-004
-006,-004
+003,-005
+003,-005
+003,-005
+003,-005
+003,-005
+003,-005
+003,-005
+003,-005
+003,-005
+003,-005
+003,-005
+003,-005
+003,-005
+003,-005
+003,-005
+003,-005
+003,-005
+003,-005
+001,-005
+001,-005
+001,-005
+001,-005
+001,-005
+001,-005
+001,-005
+001,-002
+001,-003
+001,-003
+001,-003
+001,-003
+001,-003
+001,-003
+001,-003
+001,-003
+001,-003
+001,-003
+001,-003
+003,-003
+003,-003
+003,-003
+003,-003
+003,-003
+003,-003
+003,-003
+003,-003
+003,-003
+003,-003
+003,-003
+003,-000
+003,-000
+003,-000
+003,-000
+003,-000
+003,-000
+003,-000
+003,-000
+003,-000
+003,-000
+003,-000
+003,-000
+003,-000
+003,-000
+003,-000
+003,-000
+003,-000
+003,-000
+003,-000
+003,-000
+003,-000
+003,-000
+003,-000
+003,-000
+003,-000
+003,-000
+003,-000
+003,-000
+003,-000
+003,-000
+003,-000
+003,-000
+003,-000
+003,-000
+003,-000
+003,-000
+003,-000
+003,-000
+001,-000
+001,-000
+001,-000
+001,-000
+001,-000
+001,-000
+001,-000
+001,-000
+001,-000
+001,-000
+001,-000
+001,-000
+001,-000
+001,-000
+001,-000
+001,-000
+001,-000
+001,-000
+001,-000
+001,-000
+001,-000
+001,-000
+003,-000
+003,-000
+003,-000
+003,-000
+003,-000
+003,-000
+003,-000
-004,-000
-004,-000
-004,-000
-004,-000
-004,-000
-004,-001
-004,-001
-005,-001
-005,-001
-005,-001
-005,-001
-006,-001
-006,-001
-006,-001
-006,-001
-006,-001
-006,-001
-007,-001
-007,-001
-007,-001
-007,-002
-008,-002
-008,-002
-008,-002
-008,-002
-008,-002
-008,-002
-009,-002
-009,-002
-009,-002
-009,-002
-009,-003
-009,-003
-009,-003
-010,-003
-010,-004
-010,-004
-010,-004
-010,-004
-010,-004
-010,-004
-010,-004
-010,-004
-010,-004
-011,-004
-011,-004
-011,-004
-011,-004
-011,-004
-011,-004
-011,-004
-012,-004
-012,-004
-012,-004
-012,-004
-012,-004
-012,-004
-012,-004
-012,-004
-013,-004
-013,-004
-013,-004
-013,-004
-013,-004
-013,-004
-013,-004
-014,-004
-014,-004
-014,-004
-014,-004
-015,-004
-015,-004
-015,-004
-015,-004
-015,-004
-015,-004
-015,-004
-016,-004
-016,-004
-016,-004
-016,-001
-016,-002
-016,-002
-016,-002
-017,-002
-017,-002
-017,-002
-017,-002
-017,-002
-017,-002
-017,-002
-017,-002
-017,-002
-017,-002
-017,-002
-017,-002
-017,-002
-017,-002
-017,-002
-017,-002
-017,-002
-017,-002
-017,-002
-017,-002
-017,-002
-017,-002
-017,-002
-017,-002
-017,-002
-017,-002
-017,-002
-017,-002
-017,-002
-017,-001
-017,-001
-017,-000
-017,-000
-017,-000
-017,-000
-017,-000
-017,-000
-017,-000
-017,-000
-017,-000
-014,-000
-014,-000
-014,+003
-014,+003
-014,+003
-014,+003
-014,+003
-014,+003
-014,+003
-014,+003
-014,+003
-011,+003
-011,+003
-011,+003
-011,+003
-011,+003
-011,+003
-011,+003
-011,+003
-011,+003
-011,+003
-008,+003
-009,+003
-009,+003
-009,+003
-009,+003
-009,+003
-009,+003
-009,+003
-009,+003
-009,+003
-009,+003
-009,+003
-009,+003
-009,+003
-009,+003
-009,+003
-009,+003
-009,+003
-009,+003
-009,+003
-009,+003
-009,+003
-009,+003
-009,+003
-009,+003
-009,+003
-009,+003
-009,+003
-009,+003
-009,+003
-009,+003
-009,+003
-009,+003
-009,+003
-009,+003
-009,+003
-009,+003
-009,+003
-009,+003
-009,+003
-009,+003
-009,+003
-009,+003
-009,+003
-009,+003
-009,+003
-009,+003
-006,+003
-007,+003
-007,+003
-007,+003
-007,+003
-007,+003
-007,+003
-007,+003
-007,-002
-007,-002
-007,-002
-007,-002
-007,-002
-007,-002
-007,-002
-007,-002
-007,-002
-007,-002
-007,-002
-007,-002
-007,-002
-007,-002
-007,-002
-007,-002
-007,-002
-007,-002
-007,-002
-007,-002
-007,-002
-007,-002
-007,-002
-007,-002
-007,-001
-007,-001
-007,-001
-007,-001
-007,-001
-007,-001
-007,-001
-007,-001
-007,-000
-007,-000
-007,-000
-007,-000
-007,-000
-007,-000
-004,-000
-005,-000
-005,-000
-005,-001
-005,-001
-005,-001
-005,-001
-005,-001
-005,-001
-005,-001
-005,-001
-005,-001
-005,-001
-005,-002
-005,-002
-005,-002
-005,-002
-005,-002
-005,-002
-005,-002
-005,-002
-005,-002
-005,-002
-005,-003
-005,-003
-005,-003
-005,-003
-005,-003
-005,-003
-005,-003
-005,-003
-005,-003
-005,-003
-005,-003
-005,-003
-005,-003
-005,-003
-005,-003
-006,-003
-006,-003
-006,-003
-006,-003
-006,-003
-006,-003
-006,-003
-007,-003
-007,-003
-007,-003
-007,-003
-007,-003
-007,-003
-007,-003
-008,-003
-008,-003
-008,-003
-008,-003
-008,-003
-008,-003
-009,-003
-009,-004
-009,-004
-009,-004
-010,-004
-010,-004
-010,-004
-010,-004
-010,-004
-010,-004
-011,-004
-011,-004
-011,-004
-011,-004
-011,-004
-011,-004
-011,-004
-011,-004
-011,-004
-011,-004
-011,-004
-011,-004
-011,-004
-011,-004
-011,-004
-011,-005
-011,-005
-011,-005
-011,-005
-011,-005
-011,-005
-011,-005
-011,-005
-011,-005
-011,-005
-011,-005
-011,-005
-011,-006
-011,-006
-011,-006
-011,-006
-011,-006
-011,-006
-011,-006
-011,-006
-011,-006
-011,-006
-011,-006
-011,-006
-011,-006
-011,-006
-011,-006
-011,-006
-011,-006
-011,-006
-011,-006
-011,-006
-011,-006
-011,-006
-011,-006
-011,-006
-011,-006
-011,-006
-011,-006
-011,-006
-011,-006
-011,-006
-012,-006
-012,-006
-012,-006
-012,-006
-012,-006
-012,-006
-012,-006
-012,-006
-012,-006
-012,-006
-012,-006
-012,-006
-012,-006
-012,-006
-013,-006
-013,-006
-013,-006
-013,-006
-013,-006
-013,-006
-013,-006
-013,-006
-013,-006
-013,-006
-013,-006
-013,-006
-013,-006
-013,-006
-013,-003
-013,-003
-013,-003
-013,-003
-013,-003
-013,-003
-013,-003
-013,-003
-013,-003
-013,-003
-013,-003
-013,-003
-013,-003
-013,-003
-013,-003
-013,-003
-013,-003
-013,-003
-013,-000
-013,-000
-013,-000
-013,-000
-013,-000
-013,-000
-013,-000
-013,-000
-013,-000
-013,-000
-013,-000
-013,-000
-013,-000
-010,-000
-010,-000
-010,+003
-010,+003
-010,+003
-010,+003
-010,+003
-010,+003
-010,+003
-010,+003
-010,+003
-010,+003
-010,+003
-010,+003
-010,+003
-010,+003
-007,+003
-007,+003
-007,+003
-007,+003
-007,+003
-007,+005
-007,+005
-007,+005
-007,+005
-007,+005
-007,+005
-007,+005
-007,+005
-007,+005
-007,+005
-007,+005
-007,+005
-007,+005
-007,+005
-007,+005
-004,+005
-004,+005
-004,+005
-004,+005
-004,+005
-004,+005
-004,+005
-004,+005
-004,+005
-004,+005
-004,+005
-004,+005
-004,+005
-004,+005
-004,+005
-004,+005
-004,+005
-004,+005
-004,+005
-004,+005
-004,+005
-004,+005
-004,+005
-004,+005
-004,+005
-004,+005
-004,+005
-004,+003
-004,+003
-004,+003
-004,+003
-004,+003
-004,+003
-004,+003
-004,+003
-004,+003
-004,+003
-004,+003
-004,+003
-004,+003
-004,+003
-004,+003
-004,+003
-004,+003
-004,+003
-004,+003
-004,+003
-004,+003
-005,+003
-005,+003
-005,+003
-005,+003
-005,+003
-005,-002
-005,-002
-005,-002
-005,-002
-005,-002
-006,-002
-006,-002
-006,-001
-006,-001
-006,-001
-006,-001
-006,-001
-006,-000
-006,-000
-006,-000
-006,-000
-006,-000
-006,-001
-006,-001
-006,-001
-006,-001
-006,-001
-006,-001
-006,-001
-006,-001
-006,-001
-006,-002
-006,-002
-006,-002
-006,-002
-006,-003
-006,-003
-006,-003
-006,-003
-006,-004
-006,-004
-006,-004
-006,-004
-006,-004
-006,-005
-006,-005
-006,-005
-006,-005
-007,-006
-007,-006
-007,-006
-007,-006
-007,-006
-008,-007
-008,-007
-008,-007
-008,-007
-008,-007
-008,-007
-008,-007
-008,-007
-009,-007
-009,-007
-009,-007
-010,-007
-010,-008
-010,-008
-010,-008
-010,-008
-010,-008
-010,-008
-010,-008
-011,-008
-011,-008
-011,-008
-012,-008
-012,-008
-012,-008
-013,-009
-013,-009
-013,-009
-013,-009
-013,-009
-013,-009
-014,-009
-014,-009
-014,-009
-014,-009
-014,-009
-014,-009
-015,-009
-015,-009
-015,-010
-015,-010
-015,-010
-015,-010
-015,-010
-015,-010
-015,-010
-015,-010
-015,-010
-015,-010
-015,-010
-015,-010
-015,-010
-015,-011
-015,-011
-015,-011
-015,-011
-015,-011
-015,-011
-016,-011
-016,-011
-016,-011
-016,-011
-016,-011
-016,-011
-016,-011
-016,-011
-016,-011
-016,-011
-016,-011
-016,-011
-016,-011
-016,-011
-016,-011
-016,-011
-017,-011
-017,-011
-017,-011
-017,-011
-017,-008
-017,-008
-017,-008
-017,-008
-017,-008
-017,-008
-017,-008
-017,-008
-017,-008
-017,-008
-017,-008
-017,-008
-017,-008
-017,-008
-017,-008
-017,-008
-017,-008
-017,-008
-017,-005
-017,-005
-017,-005
-017,-005
-017,-005
-017,-005
-017,-005
-017,-005
-017,-005
-017,-005
-017,-005
-018,-005
-018,-005
-018,-005
-018,-002
-018,-002
-018,-002
-018,-002
-018,-002
-018,-002
-018,-002
-018,-002
-018,-002
-018,-002
-018,-002
-018,-002
-018,-002
-018,-002
-018,-002
-018,-002
-018,-002
-018,-001
-018,-001
-018,-001
-018,-001
-018,-001
-018,-001
-018,-001
-018,-001
-018,-001
-018,-001
-018,-001
-018,-001
-018,-001
-018,+003
-018,+003
-018,+003
-018,+003
-018,+003
-018,+003
-018,+003
-018,+003
-018,+003
-018,+003
-018,+005
-018,+005
-018,+005
-018,+005
-018,+005
-015,+005
-015,+005
-015,+005
-015,+005
-015,+005
-015,+007
-015,+007
-015,+007
-015,+007
-015,+007
-015,+007
-015,+007
-015,+009
-015,+009
-015,+009
-015,+009
-012,+009
-012,+009
-012,+009
-012,+009
-012,+009
-012,+009
-012,+009
-012,+009
-012,+009
-012,+009
-012,+009
-012,+009
-012,+009
-012,+009
-012,+009
-012,+009
-012,+009
-012,+009
-012,+009
-012,+009
-012,+009
-012,+009
-012,+009
-012,+009
-009,+009
-009,+009
-009,+009
-009,+009
-009,+009
-009,+009
-009,+009
-009,+009
-009,+009
-009,+009
-009,+007
-009,+007
-009,+007
-009,+007
-009,+007
-009,+007
-009,+007
-009,+007
-009,+007
-009,+007
-009,+007
-009,+007
-009,+005
-009,+005
-009,+005
-009,+005
-009,+005
-009,+005
-009,+005
-009,+005
-009,+005
-009,+005
-009,+005
-009,+005
-009,+003
-009,+003
-009,+003
-009,+003
-009,+003
-009,+003
-006,+003
-006,+003
-006,+003
-006,+003
-006,+003
-006,+003
-006,+003
-006,+003
-006,+003
-006,+003
-006,+003
-006,+003
-006,+003
-006,+003
-006,+003
-006,+003
-006,+003
-006,+003
-006,+003
-006,+003
-006,+003
-006,+003
-006,+003
-006,+003
+003,+003
-004,+003
-004,+003
-004,+003
-004,+003
-004,+003
-004,+003
-004,+003
-004,+003
-004,+003
-004,+003
-004,+003
-004,+003
-004,+003
+002,+003
+002,+003
+002,+003
+002,+003
+002,+003
+002,+003
+002,+003
+002,+003
+002,+003
+002,-002
+002,-002
+002,-002
+002,-002
+002,-002
+002,-002
+002,-002
+002,-002
+002,-002
+002,-002
+002,-001
+002,-001
+002,-001
+002,-001
+002,-001
+002,-001
+002,-001
+002,-001
+002,-001
+002,-001
+002,-000
+002,-000
+002,-000
+002,-000
+002,-000
+002,-000
+002,-000
+002,-000
+003,-000
+003,-000
+003,-000
+003,-000
+003,-000
+003,-000
+003,-001
-004,-001
-004,-001
-004,-001
-004,-001
-004,-001
-004,-002
-005,-002
-005,-002
-005,-002
-005,-002
-005,-002
-005,-002
-005,-002
-005,-002
-005,-003
-005,-003
-006,-003
-006,-003
-006,-004
-006,-004
-006,-004
-006,-004
-006,-004
-007,-004
-007,-004
-007,-004
-007,-005
-007,-005
-008,-006
-008,-006
-008,-006
-008,-006
-008,-006
-009,-007
-009,-007
-009,-007
-009,-007
-009,-008
-009,-008
-009,-008
-010,-008
-010,-009
-010,-009
-010,-009
-010,-010
-011,-010
-011,-010
-011,-010
-011,-011
-011,-011
-011,-011
-011,-011
-012,-012
-012,-012
-012,-012
-013,-012
-013,-012
-013,-012
-013,-012
-013,-013
-014,-013
-014,-013
-014,-013
-014,-013
-014,-014
-014,-014
-014,-014
-014,-014
-014,-014
-014,-014
-014,-014
-014,-014
-014,-014
-014,-014
-014,-014
-014,-014
-014,-014
-014,-014
-014,-014
-014,-014
-014,-014
-014,-014
-014,-014
-014,-014
-014,-014
-014,-014
-014,-014
-014,-014
-014,-014
-014,-014
-014,-014
-014,-014
-014,-014
-014,-014
-014,-014
-014,-014
-014,-014
-014,-014
-014,-014
-014,-014
-014,-014
-014,-014
-014,-011
-014,-011
-014,-011
-014,-011
-014,-011
-014,-011
-014,-011
-014,-011
-014,-011
-014,-011
-014,-011
-014,-011
-014,-008
-014,-008
-014,-008
-014,-008
-014,-008
-014,-008
-014,-008
-014,-008
-014,-008
-014,-008
-014,-008
-014,-008
-014,-008
-014,-008
-014,-008
-014,-008
-014,-008
-014,-005
-014,-005
-014,-005
-014,-005
-014,-005
-014,-005
-014,-005
-014,-005
-014,-005
-014,-005
-014,-002
-014,-002
-014,-002
-014,-002
-014,-002
-011,-002
-012,-001
-012,-001
-012,-001
-012,-001
-012,-001
-012,-001
-012,+003
-012,+003
-012,+003
-012,+003
-012,+003
-012,+003
-012,+003
-012,+003
-009,+003
-009,+003
-009,+005
-009,+005
-009,+005
-009,+005
-009,+005
-009,+005
-009,+005
-009,+005
-009,+005
-009,+005
-009,+005
-009,+005
-009,+005
-009,+005
-009,+007
-009,+007
-009,+007
-009,+007
-009,+007
-009,+007
-009,+007
-009,+007
-009,+007
-009,+007
-009,+007
-009,+007
-009,+007
-009,+007
-009,+007
-009,+007
-009,+007
-009,+007
-009,+007
-009,+007
-009,+007
-009,+007
-009,+007
-009,+007
-009,+007
-009,+007
-009,+007
-009,+007
-009,+007
-009,+005
-009,+005
-009,+005
-009,+005
-009,+005
-009,+005
-009,+005
-009,+005
-009,+005
-009,+005
-009,+005
-009,+005
-009,+003
-009,+003
-009,+003
-009,+003
-009,+003
-009,+003
-009,+003
-009,+003
-009,+003
-009,+003
-009,-002
-009,-002
-009,-002
-009,-002
-009,-001
-009,-001
-009,-001
-009,-001
-009,-001
-009,-001
-009,-000
-009,-000
-009,-000
-009,-000
-009,-001
-009,-001
-009,-001
-009,-001
-009,-001
-009,-001
-009,-001
-009,-002
-009,-002
-009,-002
-009,-002
-009,-002
-009,-002
-009,-002
-009,-002
-009,-002
-009,-002
-009,-003
-009,-003
-009,-003
-009,-003
-009,-003
-009,-003
-009,-004
-009,-004
-009,-004
-009,-004
-009,-004
-009,-004
-009,-004
-009,-004
-009,-004
-009,-004
-006,-004
-006,-004
-006,-004
-006,-004
-006,-004
-006,-004
-006,-005
-006,-005
-006,-005
-006,-005
-006,-005
-006,-005
-006,-005
-006,-005
-006,-005
-006,-005
-006,-005
-006,-005
-006,-005
-006,-005
-006,-005
-006,-005
-006,-005
-006,-005
-006,-005
-006,-005
-006,-005
-006,-005
-006,-005
-006,-005
+003,-005
+003,-005
+003,-005
+003,-005
+003,-005
+003,-005
+003,-005
+003,-005
+003,-005
+003,-005
+003,-005
+003,-005
+003,-005
+003,-005
+003,-005
+003,-005
+003,-005
+003,-005
+003,-005
+003,-005
+003,-005
+003,-005
+003,-005
+003,-005
+003,-005
+003,-005
+003,-005
+003,-005
+003,-005
+003,-005
+003,-005
+003,-005
+003,-005
+003,-005
+003,-005
+003,-005
+003,-005
+003,-005
+003,-005
+003,-005
+003,-005
+003,-005
+003,-005
+003,-005
+003,-005
-004,-005
-004,-005
-004,-005
-004,-005
-004,-002
-004,-002
-005,-002
-005,-002
-005,-002
-005,-002
-005,-002
-006,-002
-006,-002
-006,-002
-006,-002
-006,-002
-007,-002
-007,-002
-007,-002
-007,-002
-008,-002
-008,-002
-008,-002
-008,-002
-008,-002
-008,-002
-008,-002
-008,-002
-009,-002
-009,-002
-009,-002
-009,-002
-009,-002
-010,-001
-010,-001
-010,-001
-010,-001
-010,-001
-010,-001
-010,-001
-010,-001
-010,-001
-010,-001
-010,-001
-010,-001
-010,-001
-010,-001
-011,-001
-011,-001
-011,-001
-011,-001
-011,-001
-011,-001
-011,-001
-011,-001
-011,-001
-011,-001
-011,-001
-011,-001
-011,-001
-011,-001
-011,-001
-011,-001
-011,-001
-011,-001
-011,-001
-011,-001
-011,-001
-011,-001
-011,-001
-011,-001
-011,-001
-011,-001
-011,-001
-011,-001
-011,-001
-011,-001
-011,-001
-011,-001
-011,-001
-011,-001
-011,-001
-011,-001
-011,-001
-011,-001
-011,-001
-011,-001
-011,-001
-011,-001
-011,-001
-011,-001
-011,-001
-011,-001
-011,-001
-011,-001
-011,-001
-011,-001
-011,-001
-011,-001
-008,-001
-009,-001
-009,-001
-009,-000
-009,-000
-009,-000
-009,-000
-009,-000
-009,-000
-009,-001
-009,-001
-009,-001
-009,-001
-009,-001
-009,-001
-009,-001
-009,-001
-009,-001
-009,-001
-009,-001
-009,-001
-009,-001
-009,-001
-009,-001
-009,-001
-009,-001
-009,-001
-009,-001
-009,-001
-009,-001
-009,-001
-009,-001
-009,-001
-009,-001
-009,-001
-009,-001
-009,-001
-009,-001
-009,-001
-009,-001
-009,-001
-009,-001
-009,-001
-009,-001
-009,-001
-009,-001
-009,-001
-009,-001
-009,-001
-009,-001
-009,-001
-009,-001
-009,-001
-006,-001
-007,-001
-007,-001
-007,-001
-007,-001
-007,-001
-007,-001
-007,-001
-007,-001
-007,-001
-007,-001
-007,-001
-007,-001
-007,-001
-007,-001
-007,-001
-007,-001
-007,-001
-007,-001
-007,-001
-007,-001
-007,-001
-007,-001
-007,-001
-007,-001
-007,-001
-007,-001
-007,-001
-007,-001
-007,-001
-007,-001
-007,-001
-007,-001
-007,-001
-007,-001
-007,-001
-007,-001
-007,-001
-007,-001
-007,-001
-007,-001
-007,-001
-007,-001
-007,-001
-007,-001
-007,-001
-007,-001
-007,-001
-007,-001
-007,-001
-007,-001
-007,-001
-007,-001
-007,-001
-007,-001
-007,-001
-007,-001
-007,-001
-007,-001
-007,-001
-007,-001
-007,-001
-007,-001
-007,-001
-007,-001
-007,-001
-007,-001
-007,-001
-007,-001
-007,-001
-007,-001
-007,-001
-007,-001
-007,-001
-007,-001
-007,-001
-007,-001
-008,-001
-008,-001
-008,-001
-008,-001
-008,-001
-008,-001
-008,-001
-008,-001
-008,-001
-008,-001
-008,-001
-008,-001
-008,-001
-008,-001
-008,-001
-008,-002
-008,-001
-008,-001
-008,-001
-008,-001
-008,-001
-008,-001
-008,-001
-008,-001
-008,-001
-008,-001
-008,-001
-008,-001
-008,-001
-008,-001
-008,+003
-008,+003
-008,+003
-008,+003
-008,+003
-008,+003
-008,+003
-008,+003
-008,+003
-008,+003
-008,+003
-008,+003
-008,+003
-008,+003
-008,+003
-008,+003
-008,+003
-008,+003
-008,+003
-008,+003
-008,+003
-008,+003
-008,+003
-008,+003
-008,+003
-008,+003
-008,+003
-008,+003
-008,+003
-008,+003
-008,+003
-008,+003
-008,+003
-008,+003
-008,+003
-008,+003
-008,+003
-008,+003
-008,+003
-005,+003
-005,+003
-006,+003
-006,+003
-006,+003
-006,+003
-006,+003
-006,+003
-006,+003
-006,+003
-006,+003
-006,+003
-006,+003
-006,+003
-006,+003
-006,+003
-006,+003
-006,+003
-006,+003
-006,+003
-006,+003
-006,+003
-006,+003
-006,+003
-006,+003
-006,+003
-006,+003
-006,-002
-006,-002
-006,-002
-006,-002
-006,-002
-006,-002
-006,-002
-006,-002
-006,-002
-006,-002
-006,-002
-007,-001
-007,-001
-007,-001
-007,-001
-007,-001
-008,-001
-008,-001
-008,-001
-008,-001
-008,-001
-008,-001
-008,-001
-009,-001
-009,-001
-009,-001
-009,-001
-009,-001
-009,-001
-009,-001
-009,-001
-009,-001
-009,-001
-009,-001
-009,-001
-009,-001
-009,-001
-009,-001
-009,-001
-009,-001
-009,-001
-009,-001
-009,-001
-009,-001
-009,-001
-009,-001
-009,-001
-009,-001
-009,-001
-009,-001
-009,-001
-009,-001
-009,-001
-009,-001
-009,-001
-009,-001
-009,-001
-009,-001
-009,-001
-009,-001
-009,-001
-009,-001
-009,-001
-009,-001
-009,-001
-009,-001
-009,-001
-009,-001
-009,-001
-009,-001
-009,-001
-009,-001
-009,-001
-009,-001
-009,-001
-009,-001
-009,-001
-009,-001
-009,-001
-009,-001
-009,-001
-009,-001
-009,-001
-009,-001
-009,-001
-009,-001
-009,-001
-009,-001
-009,-000
-009,-000
-009,-000
-009,-000
-009,-000
-009,-000
-009,-000
-009,-000
-009,-000
-009,-000
-009,-000
-009,-000
-009,-000
-009,-000
-009,-000
-009,-000
-006,-000
-007,-000
-007,-000
-007,-000
-007,-000
-007,-000
-007,-000
-007,-000
-007,-000
-007,-000
-007,-000
-007,-000
-007,-000
-007,-000
-007,-000
-007,-000
-007,-001
-007,-001
-007,-001
-007,-001
-007,-001
-007,-001
-007,-001
-007,-001
-007,-001
-007,-001
-007,-001
-007,-001
-007,-001
-007,-001
-007,-001
-007,-001
-007,-001
-007,-001
-007,-001
-007,-001
-007,-001
-007,-001
-007,-001
-007,-001
-007,-001
-007,-001
-007,-001
-007,-001
-007,-001
-007,-001
-007,-001
-007,-001
-007,-001
-007,-001
-007,-001
-007,-001
-007,-001
-007,-001
-007,-001
-007,-001
-007,-001
-007,-001
-007,-001
-007,-001
-007,-002
-007,-002
-007,-002
-007,-002
-007,-002
-007,-002
-007,-002
-007,-002
-007,-002
-007,-002
-008,-002
-008,-002
-008,-002
-008,-002
-008,-002
-008,-002
-008,-002
-008,-002
-008,-002
-008,-002
-008,-002
-008,-002
-008,-002
-008,-002
-008,-002
-008,-002
-008,-002
-009,-002
-009,-002
-009,-003
-009,-003
-009,-003
-009,-003
-009,-003
-009,-003
-009,-003
-009,-003
-009,-004
-009,-004
-009,-004
-009,-004
-009,-004
-009,-004
-009,-004
-009,-004
-009,-004
-009,-004
-009,-004
-009,-004
-009,-004
-009,-004
-009,-004
-009,-004
-010,-004
-010,-004
-010,-004
-010,-004
-010,-004
-010,-004
-010,-004
-010,-004
-010,-004
-010,-004
-010,-004
-010,-004
-010,-004
-010,-004
-010,-004
-011,-004
-011,-004
-011,-004
-011,-004
-011,-004
-011,-004
-011,-004
-011,-004
-011,-005
-011,-005
-011,-005
-011,-005
-011,-005
-011,-005
-011,-005
-011,-005
-011,-005
-012,-005
-012,-005
-012,-005
-012,-005
-012,-005
-012,-005
-012,-005
-012,-005
-012,-005
-012,-005
-012,-005
-012,-006
-012,-006
-012,-006
-012,-006
-012,-006
-012,-006
-012,-006
-012,-006
-012,-006
-012,-006
-012,-006
-013,-006
-013,-006
-013,-006
-013,-006
-013,-006
-013,-006
-013,-006
-013,-006
-013,-006
-013,-007
-013,-007
-013,-007
-013,-007
-013,-007
-013,-007
-013,-007
-013,-007
-013,-007
-013,-007
-013,-007
-013,-007
-013,-008
-013,-008
-013,-008
-013,-008
-013,-008
-013,-008
-013,-008
-013,-008
-013,-008
-013,-008
-013,-008
-013,-008
-013,-008
-014,-008
-014,-008
-014,-008
-014,-008
-014,-008
-014,-008
-014,-008
-014,-008
-014,-008
-014,-008
-014,-008
-014,-008
-014,-008
-014,-008
-014,-008
-014,-008
-014,-008
-014,-008
-014,-008
-014,-008
-014,-008
-014,-008
-014,-008
-014,-008
-014,-008
-014,-008
-014,-008
-014,-008
-014,-008
-014,-008
-014,-005
-014,-005
-014,-005
-014,-005
-014,-005
-014,-005
-014,-005
-014,-005
-014,-005
-014,-005
-014,-005
-014,-005
-014,-005
-014,-005
-014,-005
-014,-005
-014,-005
-014,-005
-014,-006
-014,-006
-014,-006
-014,-006
-014,-006
-014,-006
-014,-006
-014,-006
-014,-006
-014,-006
-014,-006
-014,-006
-014,-006
-014,-006
-014,-006
-014,-006
-014,-006
-014,-006
-014,-006
-014,-006
-014,-006
-014,-006
-014,-006
-014,-006
-014,-006
-014,-006
-014,-006
-014,-006
-014,-006
-014,-006
-014,-006
-011,-006
-012,-006
-012,-006
-012,-006
-012,-006
-012,-006
-012,-006
-012,-006
-012,-006
-012,-006
-012,-006
-012,-006
-012,-006
-012,-006
-012,-006
-012,-006
-012,-006
-012,-003
-012,-003
-012,-003
-012,-003
-012,-003
-012,-003
-012,-003
-012,-003
-012,-003
-012,-003
-012,-003
-012,-003
-012,-003
-012,-003
-012,-003
-012,-003
-012,-003
-012,-003
-012,-003
-012,-003
-012,-003
-012,-003
-012,-003
-012,-003
-012,-003
-012,-003
-012,-003
-012,-003
-012,-003
-012,-003
-012,-003
-012,-003
-012,-003
-012,-003
-012,-003
-012,-003
-012,-003
-012,-003
-012,-003
-012,-003
-012,-003
-012,-003
-012,-003
-012,-003
-012,-000
-012,-001
-012,-001
-012,-001
-012,-001
-012,-001
-012,-001
-012,-001
-012,-001
-012,-001
-012,-001
-012,-001
-012,-001
-012,-001
-012,-001
-012,-001
-012,-001
-012,-001
-012,-001
-012,-001
-012,-001
-012,-001
-012,-001
-012,-001
-012,-001
-012,-001
-012,-001
-012,-001
-012,-001
-012,-001
-012,-001
-012,-001
-012,-001
-012,-001
-012,-001
-012,-001
-012,-001
-012,-001
-012,-001
-012,-001
-012,-001
-012,-001
-012,-001
-012,-001
-012,-001
-012,-001
-012,-001
-012,-001
-012,-001
-012,-001
-012,-001
-012,-001
-012,-001
-012,-001
-012,-001
-012,-001
-012,-001
-012,-001
-012,-001
-012,-001
-012,-001
-012,-001
-009,-001
-010,-002
-010,-002
-010,-002
-010,-002
-010,-002
-010,-002
-010,-002
-010,-002
-010,-002
-010,-002
-010,-002
-010,-002
-010,-002
-010,-002
-010,-002
-010,-002
-010,-002
-010,-002
-010,-002
-010,-002
-010,-002
-010,-002
-010,-002
-010,-002
-010,-002
-010,-002
-010,-002
-010,-002
-010,-002
-010,-002
-010,-002
-010,-002
-010,-002
-010,-002
-010,-002
-010,-002
-010,-002
-010,-002
-010,-002
-010,-002
-010,-002
-010,-002
-010,-002
-010,-002
-010,-002
-010,-002
-010,-002
-010,-002
-010,-002
-010,-002
-010,-002
-010,-002
-010,-002
-010,-002
-010,-002
-010,-002
-010,-002
-010,+004
-010,+004
-010,+004
-010,+004
-010,+004
-010,+004
-010,+004
-010,+004
-010,+004
-010,+004
-010,+004
-010,+004
-010,+004
-010,+004
-010,+004
-010,+004
-010,+004
-010,+004
-010,+004
-010,+004
-010,+004
-010,+004
-010,+004
-010,+004
-010,+004
-010,+004
-010,+004
-010,+004
-010,+004
-010,+004
-010,+004
-010,+004
-011,+004
-011,+004
-011,+004
-011,+004
-011,+004
-011,+004
-011,+004
-011,+004
-012,+006
-012,+006
-012,+006
-012,+006
-012,+006
-012,+006
-012,+006
-012,+006
-012,+006
-012,+006
-012,+006
-012,+006
-013,+006
-013,+006
-013,+006
-013,+006
-013,+006
-013,+006
-014,+006
-014,+006
-014,+006
-014,+006
-014,+006
-014,+006
-014,+006
-014,+006
-014,+006
-014,+006
-015,+006
-015,+006
-015,+006
-015,+006
-015,+006
-015,+006
-015,+006
-015,+006
-015,+006
-015,+006
-015,+006
-016,+006
-016,+006
-016,+006
-016,+006
-016,+006
-016,+006
-016,+006
-016,+006
-016,+006
-016,+006
-016,+006
-016,+006
-016,+006
-016,+006
-016,+006
-016,+006
-016,+006
-016,+006
-016,+006
-016,+006
-016,+006
-016,+006
-016,+006
-016,+006
-016,+006
-013,+006
-013,+006
-013,+006
-013,+006
-013,+006
-013,+006
-013,+006
-013,+006
-013,+006
-013,+006
-013,+006
-013,+006
-013,+006
-013,+006
-013,+006
-013,+006
-013,+006
-013,+006
-010,+006
-010,+006
-010,+006
-010,+006
-010,+006
-010,+006
-010,+006
-010,+006
-010,+006
-010,+006
-010,+006
-010,+006
-010,+006
-010,+006
-010,+006
-010,+006
-010,+006
-010,+006
-010,+006
-010,+006
-010,+006
-010,+006
-010,+006
-010,+006
-010,+006
-010,+006
-010,+006
-010,+006
-010,+006
-010,+006
-010,+006
-010,+006
-010,+006
-010,+006
-010,+006
-010,+006
-010,+006
-010,+006
-010,+006
-010,+006
-010,+006
-010,+006
-010,+006
-010,+006
-010,+008
COP Area(S): 000135
COP Area(R): 000245