+000,+000
+000,+000
+000,+000
+000,+000
+000,+000
+000,+000
+000,+002
+000,+002
+000,+002
+000,+002
+000,+002
+000,+002
+000,+002
+000,+002
+000,+002
+000,+002
+000,+002
+000,+002
+000,+002
+000,+002
+000,+002
+000,+002
+000,+002
+000,+002
+000,+002
+000,+002
+000,+002
+002,+002
+002,+002
+002,+002
+002,+002
+002,+002
+002,+002
+002,+002
+002,+000
+002,+000
+002,+000
+002,+000
+002,+000
+002,+000
+002,+000
+004,+000
+004,+000
+004,+000
+004,+000
+004,+000
+004,+000
+004,+000
+004,+000
+004,+000
+004,+000
+004,+000
+004,+000
+004,+000
+004,+000
+004,+000
+004,+000
+004,+000
+004,+000
+004,+000
+004,+000
+004,+000
+004,+000
+004,+000
+004,+000
+004,+000
+004,+000
+004,+000
+004,+000
+004,+000
+004,+000
+006,+000
+006,+000
+006,+000
+006,+000
+006,+000
+006,+000
+006,+000
+006,+000
+006,+000
+006,+000
+006,+000
+006,+000
+006,+000
+006,+000
+006,+002
+008,+002
+008,+002
+008,+002
+008,+002
+008,+002
+008,+002
+008,+002
+010,+004
+010,+004
+010,+004
+010,+004
+010,+004
+010,+006
+010,+006
+012,+006
+012,+006
+012,+006
+012,+006
+014,+006
+014,+008
+014,+008
+016,+008
+016,+008
+016,+008
+016,+008
+016,+008
+016,+008
+016,+008
+016,+006
+016,+006
+016,+006
+016,+006
+016,+006
+016,+004
+016,+004
+016,+004
+016,+004
+016,+002
+016,+002
+016,+002
+016,+002
+016,+000
+016,+000
+016,+000
+016,+000
+016,+000
+016,+002
+016,+002
+014,+002
+014,+002
+014,+002
+014,+002
+014,+002
+014,+002
+014,+002
+014,+002
+014,+002
+014,+002
+014,+002
+014,+002
+016,+000
+016,+000
+016,+000
+016,+000
+016,+000
+016,+000
+016,+000
+016,+002
+016,+002
+016,+002
+016,+002
+016,+002
+016,+002
+016,+002
+016,+002
+016,+002
+016,+002
+016,+002
+016,+002
+016,+002
+016,+002
+016,+002
+016,+002
+016,+002
+016,+002
+016,+002
+016,+002
+016,+002
+016,+000
+016,+000
+016,+000
+016,+000
+016,+000
+016,+000
+016,+000
+018,+002
+018,+002
+018,+002
+018,+002
+018,+002
+018,+002
+018,+002
+018,+002
+018,+002
+018,+002
+018,+002
+018,+002
+018,+002
+018,+004
+018,+004
+018,+004
+018,+004
+018,+004
+018,+004
+018,+004
+018,+004
+018,+004
+018,+004
+018,+004
+018,+004
+018,+004
+018,+004
+018,+004
+018,+004
+018,+004
+018,+004
+018,+004
+018,+004
+018,+004
+018,+004
+018,+006
+018,+006
+018,+006
+018,+006
+018,+006
+018,+006
+018,+006
+018,+006
+018,+006
+018,+006
+018,+006
+018,+006
+018,+006
+018,+006
+018,+006
+018,+006
+018,+006
+018,+006
+018,+006
+018,+006
+018,+006
+018,+006
+018,+006
+018,+006
+018,+006
+020,+006
+020,+006
+020,+006
+020,+006
+020,+006
+020,+006
+020,+006
+020,+006
+020,+006
+020,+006
+020,+006
+020,+006
+020,+006
+020,+006
+020,+006
+020,+006
+020,+006
+020,+006
+020,+006
+022,+006
+022,+006
+022,+006
+022,+006
+022,+006
+022,+006
+022,+006
+022,+006
+022,+006
+022,+006
+022,+006
+022,+006
+022,+006
+022,+006
+022,+006
+022,+006
+022,+006
+024,+006
+024,+006
+024,+006
+024,+006
+024,+006
+024,+006
+024,+006
+024,+006
+024,+006
+024,+006
+024,+006
+024,+006
+024,+006
+024,+006
+024,+006
+024,+006
+024,+006
+024,+006
+024,+006
+024,+006
+024,+006
+024,+008
+024,+008
+024,+008
+024,+008
+024,+008
+024,+008
+024,+008
+024,+008
+024,+008
+024,+008
+024,+008
+024,+008
+024,+010
+024,+010
+024,+010
+024,+010
+024,+010
+024,+010
+024,+010
+024,+010
+024,+010
+024,+010
+024,+010
+024,+010
+024,+010
+024,+010
+024,+008
+024,+008
+024,+008
+024,+008
+024,+008
+024,+008
+024,+008
+024,+008
+024,+008
+024,+008
+022,+008
+022,+008
+022,+008
+022,+008
+022,+008
+022,+008
+020,+008
+020,+008
+020,+008
+020,+008
+020,+008
+020,+008
+020,+008
+020,+008
+020,+008
+020,+008
+020,+008
+020,+008
+020,+006
+020,+006
+020,+006
+020,+006
+020,+006
+020,+006
+020,+006
+020,+006
+020,+006
+020,+006
+022,+004
+022,+004
+022,+004
+022,+004
+022,+004
+022,+004
+022,+004
+022,+004
+022,+004
+022,+004
+022,+004
+024,+004
+024,+004
+024,+004
+024,+004
+024,+004
+024,+004
+024,+004
+024,+004
+024,+004
+024,+004
+024,+004
+024,+004
+024,+004
+024,+006
+024,+006
+024,+006
+024,+006
+024,+006
+024,+006
+024,+006
+024,+006
+026,+006
+026,+006
+026,+006
+026,+006
+026,+006
+026,+006
+026,+008
+026,+008
+026,+008
+026,+008
+026,+008
+026,+008
+026,+008
+026,+008
+026,+008
+026,+008
+026,+008
+026,+008
+026,+008
+026,+008
+026,+008
+026,+008
+026,+008
+026,+008
+024,+008
+024,+008
+024,+008
+024,+008
+024,+008
+024,+008
+024,+008
+024,+008
+024,+008
+024,+008
+024,+008
+022,+008
+022,+008
+022,+008
+022,+008
+022,+008
+022,+008
+022,+008
+022,+008
+022,+008
+022,+008
+020,+008
+020,+008
+020,+008
+020,+008
+020,+008
+020,+008
+020,+008
+020,+008
+020,+008
+020,+008
+020,+008
+020,+008
+020,+008
+020,+008
+020,+008
+020,+008
+020,+008
+020,+008
+020,+008
+020,+008
+020,+008
+020,+008
+020,+008
+020,+008
+020,+008
+020,+008
+020,+008
+020,+008
+020,+008
+020,+008
+020,+008
+020,+008
+020,+008
+020,+008
+020,+008
+020,+008
+020,+008
+020,+008
+020,+008
+020,+006
+020,+006
+020,+006
+020,+006
+020,+006
+020,+006
+020,+006
+020,+006
+020,+006
+020,+004
+020,+004
+018,+004
+018,+004
+018,+004
+018,+004
+018,+004
+018,+004
+018,+004
+018,+004
+018,+004
+018,+004
+018,+004
+018,+004
+018,+004
+018,+004
+018,+004
+018,+004
+018,+004
+018,+004
+018,+004
+018,+004
+018,+004
+018,+004
+018,+004
+016,+004
+016,+004
+016,+004
+016,+004
+016,+004
+016,+004
+016,+004
+016,+004
+016,+004
+016,+002
+016,+002
+016,+002
+016,+002
+016,+002
+016,+002
+016,+002
+016,+002
+016,+002
+016,+002
+016,+002
+016,+002
+016,+002
+016,+002
+016,+002
+016,+002
+016,+002
+016,+002
+016,+002
+016,+002
+016,+002
+016,+002
+016,+002
+016,+002
+016,+002
+016,+002
+016,+002
+016,+002
+016,+002
+016,+002
+016,+002
+014,+002
+014,+004
+014,+004
+014,+004
+014,+004
+014,+004
+014,+004
+014,+004
+014,+004
+014,+004
+014,+004
+014,+004
+014,+006
+014,+006
+014,+006
+014,+006
+014,+006
+014,+006
+014,+006
+014,+006
+012,+006
+012,+006
+012,+006
+012,+006
+012,+006
+012,+006
+012,+006
+012,+006
+012,+006
+012,+006
+012,+006
+012,+006
+012,+006
+012,+006
+012,+006
+012,+006
+012,+006
+012,+006
+012,+006
+012,+006
+012,+006
+012,+006
+012,+006
+012,+006
+012,+006
+012,+006
+012,+006
+012,+006
+012,+006
+012,+006
+012,+006
+012,+006
+012,+006
+012,+006
+012,+006
+012,+006
+012,+006
+012,+006
+012,+006
+012,+006
+012,+006
+014,+006
+014,+006
+014,+006
+014,+006
+014,+006
+014,+004
+014,+004
+014,+004
+014,+004
+014,+004
+014,+004
+014,+004
+014,+004
+014,+004
+016,+004
+016,+004
+016,+004
+016,+004
+016,+004
+016,+002
+016,+002
+016,+002
+016,+002
+016,+002
+016,+002
+016,+002
+016,+002
+016,+002
+016,+002
+016,+002
+016,+002
+016,+002
+016,+002
+016,+002
+016,+002
+016,+002
+016,+002
+016,+002
+016,+002
+016,+002
+014,+002
+014,+002
+014,+002
+014,+002
+014,+002
+014,+002
+014,+002
+014,+002
+014,+002
+014,+002
+014,+002
+014,+000
+014,+000
+014,+000
+014,+000
+014,+000
+014,+000
+014,+000
+014,+000
+014,+000
+014,+000
+014,+000
+014,+000
+014,+000
+016,+000
+016,+000
+016,+000
+016,+000
+016,+000
+016,+000
+016,+000
+016,+000
+016,+000
+016,+000
+016,+000
+016,+000
+016,+000
+018,+000
+018,+000
+018,+000
+018,+000
+018,+000
+018,+000
+018,+000
+018,+000
+018,+000
+018,+000
+018,+000
+018,+000
+018,+000
+018,+000
+018,+000
+018,+000
+018,+000
+018,+000
+018,+000
+018,+000
+018,+000
+018,+000
+018,+000
+018,+000
+018,+000
+018,+000
+018,+000
+018,+000
+018,+000
+018,+000
+018,+000
+018,+002
+018,+002
+018,+002
+018,+002
+018,+002
+018,+002
+018,+002
+018,+002
+018,+002
+018,+002
+018,+002
+018,+002
+018,+002
+018,+002
+018,+002
+018,+002
+018,+002
+018,+002
+018,+002
+018,+002
+018,+002
+018,+002
+018,+002
+018,+002
+018,+002
+018,+002
+018,+002
+018,+002
+018,+002
+018,+004
+018,+004
+018,+004
+018,+004
+018,+004
+018,+004
+018,+004
+018,+004
+018,+004
+018,+004
+018,+004
+020,+004
+020,+004
+020,+004
+020,+004
+020,+006
+020,+006
+020,+006
+020,+006
+020,+006
+020,+006
+020,+006
+020,+006
+020,+006
+020,+006
+020,+006
+020,+008
+020,+008
+020,+008
+020,+008
+020,+008
+020,+008
+020,+008
+020,+010
+020,+010
+020,+010
+020,+010
+020,+010
+020,+010
+018,+010
+018,+010
+018,+010
+018,+010
+018,+010
+018,+012
+018,+012
+018,+012
+018,+012
+018,+012
+018,+012
+018,+012
+018,+012
+018,+012
+018,+012
+018,+012
+018,+012
+018,+012
+018,+012
+018,+012
+018,+012
+018,+012
+018,+012
+018,+012
+018,+012
+018,+012
+018,+012
+018,+012
+018,+012
+018,+012
+018,+012
+018,+012
+018,+012
+018,+012
+018,+012
+018,+012
+018,+012
+018,+012
+018,+012
+018,+012
+018,+012
+018,+012
+018,+012
+018,+012
+018,+012
+018,+010
+018,+010
+018,+010
+018,+010
+018,+010
+018,+010
+018,+010
+018,+010
+018,+010
+018,+010
+018,+008
+018,+008
+018,+008
+018,+008
+018,+008
+018,+008
+018,+008
+018,+008
+018,+008
+018,+008
+018,+008
+018,+008
+018,+008
+018,+008
+018,+008
+018,+008
+018,+008
+018,+008
+018,+008
+018,+008
+018,+008
+018,+008
+018,+008
+018,+008
+018,+008
+018,+008
+018,+008
+018,+008
+018,+008
+018,+008
+018,+008
+018,+006
+018,+006
+018,+006
+018,+006
+018,+006
+018,+006
+018,+006
+018,+006
+018,+006
+018,+006
+018,+006
+018,+006
+018,+006
+018,+006
+018,+004
+018,+004
+018,+004
+018,+004
+018,+004
+018,+004
+018,+004
+018,+004
+018,+002
+018,+002
+018,+002
+018,+002
+018,+002
+018,+002
+018,+002
+018,+002
+018,+002
+018,+002
+018,+002
+018,+002
+018,+002
+016,+002
+016,+002
+016,+002
+016,+002
+016,+002
+016,+002
+016,+002
+016,+002
+016,+002
+016,+002
+016,+002
+016,+004
+016,+004
+016,+004
+016,+004
+016,+004
+016,+004
+016,+004
+016,+004
+016,+004
+016,+004
+016,+004
+016,+004
+016,+004
+016,+004
+016,+004
+016,+004
+016,+004
+016,+004
+016,+004
+016,+004
+016,+004
+016,+004
+016,+004
+016,+006
+016,+006
+016,+006
+016,+006
+016,+006
+016,+006
+016,+006
+016,+006
+016,+006
+016,+006
+016,+006
+016,+006
+016,+006
+016,+006
+016,+006
+016,+006
+016,+006
+016,+006
+016,+006
+016,+006
+016,+006
+016,+006
+014,+006
+014,+006
+014,+006
+014,+004
+014,+004
+014,+004
+014,+004
+014,+004
+014,+004
+014,+004
+014,+004
+014,+004
+014,+004
+014,+004
+014,+004
+014,+004
+014,+004
+014,+004
+014,+004
+014,+004
+014,+004
+014,+004
+014,+004
+014,+004
+014,+004
+012,+004
+012,+004
+012,+004
+012,+004
+012,+004
+012,+004
+012,+004
+012,+004
+012,+004
+012,+006
+012,+006
+012,+006
+012,+006
+012,+006
+012,+006
+012,+006
+012,+006
+012,+006
+012,+006
+012,+006
+012,+006
+012,+006
+012,+006
+012,+006
+012,+006
+012,+006
+012,+006
+012,+006
+012,+006
+012,+006
+012,+006
+012,+006
+012,+006
+012,+006
+012,+006
+012,+006
+012,+006
+012,+006
+012,+006
+012,+006
+012,+006
+012,+006
+012,+006
+012,+006
+012,+006
+012,+006
+012,+006
+012,+006
+012,+006
+012,+006
+012,+006
+012,+006
+012,+006
+012,+006
+012,+006
+012,+006
+012,+006
+012,+006
+012,+006
+012,+006
+012,+006
+012,+006
+012,+006
+012,+006
+010,+004
+010,+004
+010,+004
+010,+004
+010,+004
+010,+004
+010,+004
+010,+004
+010,+004
+010,+004
+010,+004
+010,+004
+010,+004
+010,+004
+010,+004
+010,+004
+010,+004
+010,+004
+010,+004
+010,+004
+010,+004
+010,+004
+010,+004
+010,+004
+010,+004
+010,+004
+010,+004
+010,+004
+010,+004
+010,+004
+010,+004
+010,+004
+010,+004
+010,+004
+010,+004
+010,+004
+010,+004
+010,+004
+010,+004
+010,+004
+010,+004
+010,+004
+010,+004
+010,+004
+010,+004
+010,+004
+010,+004
+010,+004
+010,+004
+010,+004
+010,+004
+010,+006
+010,+006
+010,+006
+010,+006
+010,+006
+010,+006
+010,+006
+010,+006
+010,+008
+010,+008
+010,+008
+010,+008
+010,+008
+010,+008
+010,+008
+010,+008
+010,+008
+010,+008
+010,+008
+010,+008
+010,+008
+010,+008
+010,+008
+010,+008
+010,+010
+010,+010
+010,+010
+010,+010
+010,+010
+010,+010
+008,+010
+008,+010
+008,+010
+008,+010
+008,+012
+008,+012
+008,+012
+005,+014
+005,+014
+005,+014
+005,+016
+005,+016
+005,+016
+005,+016
+005,+016
+005,+016
+005,+018
+005,+018
+005,+018
+005,+018
+005,+018
+007,+018
+007,+018
+007,+018
+007,+018
+007,+018
+009,+016
+009,+016
+009,+016
+009,+016
+009,+016
+011,+016
+011,+016
+011,+016
+011,+016
+011,+016
+011,+016
+011,+016
+011,+016
+011,+016
+011,+016
+011,+016
+011,+016
+011,+016
+011,+016
+013,+016
+013,+016
+013,+016
+013,+016
+013,+016
+013,+016
+013,+016
+013,+016
+013,+016
+013,+016
+013,+016
+013,+016
+015,+016
+015,+016
+015,+016
+015,+016
+015,+016
+015,+016
+015,+016
+015,+016
+015,+016
+015,+016
+015,+016
+015,+016
+015,+016
+015,+016
+015,+016
+015,+014
+015,+014
+015,+014
+015,+014
+015,+014
+015,+014
+015,+014
+015,+014
+015,+014
+015,+014
+015,+014
+015,+014
+015,+014
+015,+014
+015,+014
+015,+014
+015,+014
+015,+014
+015,+014
+015,+014
+015,+014
+015,+014
+015,+014
+015,+014
+015,+014
+015,+014
+015,+014
+015,+014
+015,+014
+015,+014
+015,+014
+015,+014
+017,+014
+017,+014
+017,+014
+017,+014
+017,+014
+017,+014
+017,+014
+017,+014
+017,+014
+017,+014
+019,+014
+019,+014
+019,+014
+019,+014
+019,+014
+019,+014
+019,+014
+019,+014
+019,+014
+019,+014
+019,+014
+019,+014
+019,+014
+019,+014
+019,+014
+019,+014
+019,+014
+019,+014
+019,+014
+021,+014
+021,+014
+021,+014
+021,+014
+021,+014
+021,+014
+021,+012
+021,+012
+021,+012
+021,+012
+021,+012
+021,+012
+021,+012
+021,+012
+021,+012
+021,+012
+021,+012
+021,+010
+021,+010
+021,+010
+021,+010
+021,+010
+021,+010
+021,+010
+021,+010
+021,+010
+021,+010
+021,+010
+021,+010
+021,+010
+021,+010
+021,+010
+021,+010
+021,+010
+021,+010
+021,+010
+023,+010
+023,+010
+023,+010
+023,+010
+023,+010
+023,+010
+023,+010
+023,+010
+023,+010
+023,+010
+023,+010
+023,+010
+023,+010
+023,+010
+023,+010
+023,+010
+023,+010
+023,+008
+023,+008
+023,+008
+023,+008
+025,+008
+025,+008
+025,+008
+025,+008
+025,+008
+025,+008
+025,+008
+025,+008
+025,+008
+025,+008
+025,+008
+025,+008
+025,+008
+025,+008
+025,+008
+025,+008
+025,+008
+025,+008
+025,+008
+025,+008
+025,+008
+025,+008
+025,+008
+025,+008
+025,+010
+025,+010
+025,+010
+025,+010
+025,+010
+025,+010
+025,+010
+025,+010
+025,+010
+025,+010
+025,+010
+025,+010
+025,+010
+025,+010
+025,+010
+025,+010
+025,+010
+025,+010
+025,+010
+025,+010
+025,+010
+025,+010
+025,+010
+025,+010
+025,+010
+025,+010
+025,+010
+025,+010
+025,+010
+025,+010
+025,+010
+025,+010
+025,+010
+025,+010
+025,+010
+025,+010
+025,+010
+025,+010
+025,+010
+025,+010
+027,+010
+027,+010
+027,+010
+027,+010
+027,+010
+027,+008
+027,+008
+027,+008
+027,+008
+027,+008
+027,+008
+027,+008
+027,+008
+027,+008
+027,+008
+027,+008
+027,+008
+027,+008
+027,+008
+027,+006
+027,+006
+027,+006
+027,+006
+027,+006
+027,+006
+027,+006
+027,+006
+027,+006
+027,+006
+027,+006
+027,+006
+027,+006
+027,+006
+027,+006
+027,+006
+027,+006
+027,+006
+027,+006
+027,+006
+027,+006
+027,+006
+027,+006
+027,+006
+027,+006
+027,+006
+027,+006
+025,+006
+025,+006
+025,+006
+025,+006
+025,+006
+025,+006
+025,+006
+025,+006
+025,+006
+023,+006
+023,+006
+023,+006
+023,+006
+023,+006
+023,+006
+023,+006
+023,+006
+023,+006
+023,+006
+023,+006
+023,+006
+023,+006
+023,+006
+023,+006
+023,+008
+023,+008
+021,+008
+021,+008
+021,+008
+021,+008
+021,+008
+021,+010
+021,+010
+021,+010
+021,+010
+021,+010
+021,+010
+021,+010
+021,+010
+021,+010
+021,+012
+021,+012
+021,+012
+021,+012
+021,+012
+021,+012
+021,+012
+021,+012
+021,+014
+021,+014
+021,+014
+021,+014
+021,+014
+021,+014
+021,+014
+021,+014
+021,+012
+021,+012
+021,+012
+021,+012
+021,+012
+021,+010
+021,+010
+021,+010
+021,+010
+021,+010
+021,+010
+021,+010
+021,+010
+021,+010
+021,+010
+021,+010
+021,+010
+021,+010
+021,+010
+021,+010
+021,+010
+021,+010
+021,+010
+021,+010
+021,+010
+021,+012
+021,+012
+021,+012
+021,+012
+021,+012
+021,+012
+021,+012
+021,+012
+021,+012
+021,+012
+021,+012
+021,+012
+023,+012
+023,+012
+023,+012
+023,+012
+023,+010
+023,+010
+023,+010
+023,+010
+025,+010
+025,+010
+025,+010
+025,+010
+025,+010
+025,+010
+025,+010
+027,+010
+027,+010
+027,+010
+027,+012
+027,+012
+027,+012
+027,+012
+027,+012
+027,+012
+027,+012
+027,+012
+027,+012
+027,+012
+027,+012
+027,+014
+027,+014
+027,+014
+027,+014
+027,+014
+027,+014
+027,+014
+027,+014
+027,+016
+027,+016
+027,+016
+027,+016
+027,+016
+027,+016
+027,+016
+027,+016
+027,+016
+027,+016
+027,+016
+027,+016
+027,+016
+027,+016
+027,+016
+027,+016
+027,+016
+027,+016
+029,+016
+029,+016
+029,+016
+029,+016
+029,+018
+029,+018
+029,+018
+029,+018
+029,+018
+029,+018
+029,+018
+027,+018
+027,+018
+027,+018
+027,+018
+027,+018
+027,+018
+027,+018
+027,+018
+027,+018
+027,+018
+025,+018
+025,+018
+025,+018
+025,+018
+025,+018
+025,+018
+025,+018
+023,+018
+023,+018
+023,+018
+023,+018
+023,+018
+023,+018
+023,+018
+023,+018
+023,+018
+023,+018
+023,+016
+023,+016
+023,+016
+023,+016
+023,+016
+023,+016
+023,+016
+021,+016
+021,+016
+021,+016
+021,+016
+021,+016
+021,+016
+021,+016
+021,+016
+021,+016
+021,+016
+021,+016
+021,+016
+021,+016
+019,+016
+019,+016
+019,+016
+019,+016
+019,+016
+019,+016
+019,+016
+019,+016
+019,+016
+017,+016
+017,+016
+017,+016
+017,+016
+017,+016
+017,+016
+017,+016
+017,+016
+017,+016
+017,+016
+017,+016
+017,+016
+017,+016
+019,+016
+019,+016
+019,+016
+019,+016
+019,+014
+019,+014
+019,+014
+019,+014
+019,+014
+019,+014
+019,+014
+019,+014
+019,+014
+019,+014
+019,+014
+019,+014
+019,+014
+019,+014
+017,+014
+017,+016
+017,+016
+017,+016
+017,+016
+017,+016
+017,+016
+017,+016
+017,+016
+017,+016
+017,+016
+017,+016
+017,+016
+015,+016
+015,+016
+015,+016
+015,+016
+015,+016
+015,+016
+015,+016
+015,+016
+015,+016
+015,+016
+015,+016
+015,+016
+015,+016
+015,+016
+013,+016
+013,+016
+013,+016
+013,+016
+013,+016
+013,+016
+013,+014
+013,+014
+013,+014
+013,+014
+013,+014
+013,+014
+013,+014
+013,+014
+013,+014
+013,+014
+013,+014
+013,+014
+013,+014
+013,+014
+013,+014
+013,+014
+013,+014
+013,+014
+013,+014
+013,+014
+013,+014
+013,+014
+013,+014
+013,+014
+013,+014
+013,+014
+013,+014
+013,+014
+013,+014
+013,+014
+013,+014
+013,+014
+013,+014
+013,+014
+013,+012
+013,+012
+013,+012
+013,+012
+013,+012
+013,+012
+013,+012
+013,+012
+013,+012
+013,+012
+013,+012
+013,+012
+013,+012
+013,+012
+013,+012
+015,+012
+015,+012
+015,+012
+015,+012
+015,+012
+015,+012
+015,+012
+015,+012
+015,+012
+015,+012
+017,+012
+017,+012
+017,+012
+017,+012
+017,+012
+017,+010
+017,+010
+017,+010
+017,+010
+017,+010
+017,+010
+017,+010
+017,+010
+017,+010
+017,+010
+017,+010
+019,+010
+019,+010
+019,+010
+019,+010
+019,+010
+019,+010
+019,+010
+019,+010
+019,+010
+019,+010
+019,+010
+019,+010
+019,+010
+019,+010
+019,+010
+019,+008
+019,+008
+019,+008
+019,+008
+019,+008
+019,+008
+019,+008
+019,+006
+019,+006
+019,+006
+019,+006
+019,+006
+019,+006
+019,+006
+019,+004
+019,+004
+019,+004
+019,+004
+019,+004
+019,+004
+019,+004
+019,+004
+019,+004
+019,+004
+019,+004
+019,+004
+019,+004
+019,+004
+019,+004
+021,+004
+021,+004
+021,+004
+021,+004
+021,+004
+021,+004
+021,+006
+021,+006
+021,+006
+021,+006
+021,+006
+021,+006
+021,+006
+021,+006
+021,+006
+021,+006
+021,+006
+021,+006
+021,+006
+021,+006
+021,+006
+021,+006
+021,+006
+021,+006
+021,+006
+021,+006
+021,+006
+021,+006
+021,+006
+021,+006
+023,+006
+023,+006
+023,+006
+023,+006
+023,+006
+023,+006
+023,+006
+023,+006
+023,+006
+023,+006
+023,+006
+023,+006
+023,+006
+023,+006
+023,+006
+023,+006
+023,+006
+023,+006
+023,+006
+023,+006
+023,+006
+023,+006
+023,+006
+023,+006
+023,+006
+023,+008
+023,+008
+023,+008
+023,+008
+023,+008
+023,+008
+023,+008
+023,+008
+023,+008
+023,+008
+023,+008
+023,+008
+023,+008
+023,+008
+023,+008
+023,+010
+023,+010
+023,+010
+023,+010
+023,+010
+023,+010
+023,+010
+023,+010
+023,+010
+023,+010
+023,+010
+023,+010
+023,+010
+023,+010
+023,+010
+023,+010
+023,+010
+023,+010
+023,+010
+023,+010
+023,+010
+023,+010
+023,+010
+023,+010
+023,+010
+023,+010
+023,+010
+023,+010
+023,+010
+023,+010
+023,+010
+023,+010
+023,+010
+023,+010
+023,+010
+023,+010
+023,+010
+023,+010
+023,+010
+023,+010
+023,+010
+023,+010
+023,+010
+023,+010
+023,+010
+023,+010
+023,+010
+023,+010
+023,+012
+023,+012
+023,+012
+023,+012
+023,+012
+023,+012
+023,+012
+023,+012
+023,+012
+023,+012
+023,+012
+023,+012
+023,+012
+023,+012
+023,+012
+023,+012
+023,+012
+023,+012
+023,+012
+023,+012
+023,+012
+023,+012
+023,+012
+023,+012
+023,+012
+023,+012
+023,+012
+023,+012
+023,+012
+023,+012
+023,+012
+023,+012
+023,+012
+023,+012
+023,+012
+025,+012
+025,+012
+025,+012
+025,+012
+025,+012
+025,+012
+025,+012
+025,+012
+025,+012
+025,+012
+025,+012
+025,+012
+025,+012
+025,+012
+025,+012
+025,+012
+025,+012
+025,+012
+025,+012
+025,+012
+025,+012
+025,+012
+025,+012
+025,+012
+025,+012
+025,+012
+025,+012
+025,+012
+025,+012
+025,+012
+025,+012
+025,+012
+025,+012
+025,+012
+025,+012
+025,+012
+025,+012
+025,+012
+025,+012
+025,+012
+025,+014
+025,+014
+025,+014
+025,+014
+027,+014
+027,+014
+027,+014
+027,+014
+027,+014
+027,+014
+027,+016
+027,+016
+027,+016
+027,+016
+027,+016
+027,+016
+027,+016
+027,+018
+027,+018
+027,+018
+027,+018
+029,+018
+029,+018
+029,+018
+029,+018
+029,+020
+029,+020
+029,+020
+029,+020
+029,+020
+029,+020
+029,+020
+029,+020
+029,+020
+029,+020
+029,+020
+029,+020
+029,+020
+029,+020
+029,+020
+031,+020
+031,+020
+031,+020
+031,+022
+031,+022
+031,+022
+031,+022
+031,+022
+031,+022
+031,+022
+031,+022
+031,+022
+031,+022
+031,+022
+031,+022
+031,+022
+031,+022
+031,+022
+031,+022
+031,+022
+031,+022
+031,+022
+031,+022
+031,+024
+031,+024
+031,+024
+031,+024
+031,+024
+031,+024
+031,+026
+033,+026
+033,+026
+033,+026
+033,+026
+033,+026
+033,+026
+033,+026
+033,+026
+033,+026
+033,+026
+033,+026
+033,+026
+033,+026
+033,+026
+033,+026
+033,+026
+033,+024
+031,+024
+031,+024
+031,+024
+031,+024
+031,+024
+031,+024
+031,+024
+031,+024
+031,+024
+031,+024
+031,+024
+031,+024
+031,+024
+031,+024
+031,+022
+031,+022
+031,+022
+031,+022
+031,+022
+031,+022
+031,+022
+031,+022
+031,+022
+031,+022
+031,+020
+031,+020
+031,+020
+033,+020
+033,+020
+033,+020
+033,+020
+033,+018
+033,+018
+033,+018
+033,+018
+033,+018
+035,+018
+035,+018
+035,+018
+035,+018
+035,+018
+035,+018
+035,+018
+035,+018
+035,+018
+035,+018
+035,+018
+035,+018
+035,+018
+035,+018
+035,+018
+035,+018
+035,+018
+035,+018
+035,+018
+035,+016
+035,+016
+035,+016
+035,+016
+035,+016
+035,+016
+035,+016
+035,+016
+035,+016
+035,+016
+035,+016
+035,+016
+035,+016
+035,+014
+035,+014
+035,+014
+035,+014
+035,+014
+035,+014
+035,+014
+035,+014
+035,+014
+035,+014
+035,+014
+035,+014
+035,+014
+035,+012
+035,+012
+035,+012
+035,+012
+035,+012
+033,+012
+033,+012
+033,+012
+033,+012
+033,+012
+033,+012
+033,+012
+033,+012
+033,+012
+033,+012
+033,+012
+033,+012
+033,+012
+033,+012
+033,+012
+033,+012
+033,+012
+033,+012
+033,+012
+033,+012
+033,+012
+033,+012
+033,+012
+033,+012
+033,+012
+033,+012
+033,+012
+033,+012
+033,+012
+033,+012
+033,+012
+033,+012
+033,+012
+033,+012
+033,+012
+033,+012
+033,+012
+033,+012
+033,+012
+033,+012
+033,+012
+033,+012
+033,+012
+033,+012
+033,+012
+033,+012
+033,+012
+033,+012
+033,+012
+031,+010
+031,+010
+031,+010
+031,+010
+031,+010
+031,+010
+031,+010
+031,+010
+031,+010
+031,+010
+031,+010
+031,+010
+031,+010
+031,+010
+031,+010
+031,+010
+031,+010
+031,+010
+031,+010
+031,+010
+031,+010
+031,+010
+031,+008
+031,+008
+031,+008
+031,+008
+029,+008
+029,+008
+029,+008
+029,+008
+029,+008
+029,+008
+029,+008
+029,+008
+029,+008
+029,+008
+029,+008
+027,+008
+027,+008
+027,+008
+027,+008
+027,+008
+027,+008
+027,+008
+027,+008
+027,+008
+027,+008
+027,+008
+027,+008
+027,+008
+025,+008
+025,+008
+025,+008
+025,+008
+025,+008
+025,+008
+025,+008
+025,+008
+025,+008
+025,+008
+025,+008
+025,+008
+025,+008
+025,+008
+025,+008
+025,+008
+025,+008
+025,+008
+025,+008
+025,+008
+025,+008
+025,+008
+025,+008
+025,+008
+025,+008
+025,+008
+025,+008
+025,+008
+025,+008
+025,+008
+025,+008
+025,+008
+025,+008
+025,+008
+025,+008
+025,+008
+023,+008
+023,+008
+023,+008
+023,+008
+023,+008
+023,+008
+023,+008
+023,+008
+023,+008
+023,+008
+023,+008
+023,+008
+023,+008
+023,+008
+023,+008
+023,+008
+023,+008
+023,+008
+023,+008
+023,+008
+023,+008
+023,+008
+023,+008
+023,+008
+021,+008
+021,+008
+021,+008
+021,+008
+021,+008
+021,+008
+021,+008
+021,+008
+021,+008
+021,+008
+021,+008
+021,+008
+021,+008
+021,+008
+021,+008
+021,+008
+021,+010
+021,+010
+021,+010
+021,+010
+021,+010
+021,+010
+021,+010
+021,+010
+021,+010
+021,+010
+021,+010
+021,+010
+021,+010
+021,+010
+021,+010
+021,+010
+021,+010
+021,+010
+021,+010
+021,+010
+021,+010
+021,+010
+021,+010
+021,+010
+021,+010
+021,+010
+021,+010
+021,+010
+021,+010
+021,+010
+021,+010
+021,+010
+021,+010
+021,+010
+021,+010
+021,+010
+021,+010
+021,+010
+021,+010
+021,+010
+021,+010
+021,+010
+021,+010
+021,+010
+021,+010
+021,+010
+021,+010
+021,+010
+023,+010
+023,+010
+023,+010
+023,+010
+023,+010
+023,+010
+023,+010
+023,+010
+023,+010
+023,+010
+023,+010
+023,+010
+023,+010
+023,+010
+023,+010
+023,+010
+023,+010
+023,+010
+023,+010
+023,+010
+025,+010
+025,+012
+025,+012
+025,+012
+025,+012
+025,+012
+025,+012
+025,+012
+025,+012
+025,+012
+027,+012
+027,+012
+027,+012
+027,+012
+027,+012
+027,+012
+027,+012
+027,+012
+027,+012
+027,+012
+027,+012
+027,+012
+027,+012
+027,+012
+029,+012
+029,+012
+029,+012
+029,+012
+029,+012
+029,+012
+029,+012
+029,+014
+029,+014
+029,+014
+031,+014
+031,+014
+031,+014
+031,+014
+031,+014
+031,+014
+031,+014
+031,+014
+031,+014
+031,+014
+031,+014
+031,+014
+031,+016
+031,+016
+031,+016
+031,+016
+031,+016
+031,+016
+031,+016
+031,+016
+031,+016
+031,+016
+031,+016
+031,+016
+031,+016
+031,+016
+031,+016
+031,+016
+031,+016
+031,+016
+031,+016
+031,+016
+031,+016
+031,+016
+031,+016
+033,+016
+033,+016
+033,+016
+033,+016
+033,+016
+033,+016
+033,+016
+033,+016
+033,+016
+033,+016
+033,+016
+035,+016
+035,+016
+035,+016
+035,+016
+035,+016
+035,+016
+035,+016
+035,+016
+035,+016
+035,+016
+035,+016
+035,+016
+035,+016
+035,+016
+035,+016
+035,+016
+035,+016
+035,+016
+035,+016
+035,+016
+035,+016
+035,+016
+035,+016
+035,+016
+035,+016
+035,+016
+035,+016
+035,+016
+035,+016
+035,+016
+037,+016
+037,+016
+037,+016
+037,+016
+037,+016
+037,+016
+037,+016
+037,+018
+037,+018
+037,+018
+037,+018
+037,+018
+037,+018
+037,+018
+037,+018
+037,+018
+037,+018
+037,+018
+037,+018
+037,+018
+037,+018
+037,+018
+037,+018
+037,+018
+037,+018
+037,+018
+037,+018
+037,+018
+037,+018
+037,+018
+039,+020
+039,+020
+039,+020
+039,+020
+039,+020
+039,+020
+039,+020
+039,+020
+039,+020
+039,+020
+039,+020
+041,+020
+041,+020
+041,+020
+041,+022
+041,+022
+041,+022
+041,+020
+041,+020
+041,+020
+041,+018
+041,+018
+039,+018
+039,+018
+039,+018
+041,+016
+041,+016
+041,+016
+041,+016
+041,+016
+041,+016
+041,+016
+041,+016
+041,+016
+041,+016
+041,+014
+041,+014
+041,+014
+041,+014
+041,+014
+041,+014
+041,+014
+041,+014
+041,+014
+041,+014
+041,+014
+041,+014
+041,+014
+041,+014
+041,+014
+041,+014
+041,+014
+041,+014
+041,+014
+041,+014
+041,+014
+041,+014
+041,+014
+041,+014
+041,+014
+041,+014
+041,+014
+041,+012
+043,+012
+043,+012
+043,+012
+043,+012
+043,+012
+043,+010
+043,+010
+043,+010
+043,+010
+043,+010
+043,+010
+043,+010
+043,+010
+043,+010
+045,+010
+045,+008
+045,+008
+045,+008
+045,+008
+045,+006
+045,+006
+045,+006
+045,+006
+045,+006
+045,+006
+045,+004
+045,+004
+045,+004
+045,+004
+045,+004
+045,+004
+047,+004
+047,+004
+047,+004
+047,+004
+047,+004
+047,+004
+047,+004
+047,+004
+047,+004
+047,+004
+047,+004
+047,+004
+047,+004
+047,+004
+047,+004
+047,+004
+047,+004
+047,+004
+047,+004
+047,+004
+047,+004
+047,+004
+047,+004
+047,+004
+047,+004
+047,+004
+047,+006
+047,+006
+047,+006
+045,+006
+045,+006
+045,+006
+045,+006
+045,+006
+045,+006
+045,+004
+045,+004
+045,+004
+045,+004
+045,+004
+045,+004
+045,+002
+045,+002
+045,+002
+045,+002
+045,+002
+045,+002
+045,+002
+045,+000
+045,+000
+045,+000
+045,+000
+045,+000
+045,+000
+045,+000
+045,+000
+045,+000
+045,+000
+043,+002
+043,+002
+043,+002
+043,+002
+043,+002
+043,+002
+043,+002
+043,+002
+043,+002
+043,+002
+043,+002
+043,+002
+043,+002
+043,+002
+043,+002
+043,+002
+043,+002
+041,+004
+041,+004
+041,+004
+041,+004
+041,+004
+041,+004
+039,+004
+039,+004
+039,+004
+039,+004
+039,+004
+039,+004
+039,+004
+037,+004
+037,+004
+037,+004
+037,+004
+037,+004
+037,+004
+037,+004
+037,+004
+037,+004
+037,+004
+037,+004
+037,+004
+037,+004
+037,+004
+037,+004
+037,+004
+037,+004
+037,+006
+037,+006
+037,+006
+037,+006
+037,+006
+037,+006
+037,+006
+037,+006
+037,+006
+037,+006
+035,+006
+035,+006
+035,+006
+035,+006
+035,+006
+035,+006
+035,+008
+035,+008
+035,+008
+035,+008
+035,+008
+035,+008
+035,+008
+035,+008
+035,+008
+035,+008
+035,+010
+035,+010
+035,+010
+035,+010
+035,+010
+035,+010
+035,+010
+035,+010
+035,+010
+035,+010
+035,+010
+035,+010
+037,+010
+037,+010
+037,+010
+037,+010
+037,+010
+037,+010
+037,+010
+037,+010
+037,+010
+037,+008
+037,+008
+037,+008
+037,+008
+037,+008
+037,+006
+037,+006
+037,+006
+037,+006
+037,+006
+035,+006
+035,+006
+035,+006
+035,+006
+035,+006
+035,+006
+035,+006
+035,+006
+035,+006
+035,+006
+035,+006
+035,+006
+035,+006
+035,+006
+035,+006
+035,+006
+035,+006
+033,+006
+033,+006
+033,+006
+033,+006
+033,+006
+033,+006
+033,+006
+033,+006
+033,+006
+033,+006
+033,+006
+033,+006
+033,+006
+033,+006
+033,+006
+033,+006
+033,+006
+033,+004
+033,+004
+033,+004
+033,+004
+031,+004
+031,+004
+031,+004
+031,+004
+031,+004
+031,+002
+031,+002
+031,+002
+031,+002
+031,+002
+031,+002
+031,+002
+031,+002
+031,+002
+031,+002
+031,+002
+031,+002
+031,+002
+031,+002
+031,+002
+031,+002
+031,+002
+031,+002
+031,+002
+031,+002
+031,+002
+031,+002
+031,+002
+031,+002
+031,+002
+031,+002
+031,+002
+031,+002
+031,+002
+031,+002
+031,+002
+031,+002
+031,+002
+031,+002
+031,+002
+031,+002
+031,+002
+031,+002
+031,+000
+029,+000
+029,+000
+029,+000
+029,+000
+029,+000
+029,+000
+029,+000
+029,+000
+029,+000
+029,+000
+029,+002
+029,+002
+029,+002
+029,+002
+029,+002
+027,+002
+027,+002
+027,+002
+027,+002
+027,+002
+027,+002
+027,+002
+027,+002
+027,+002
+027,+002
+027,+002
+027,+004
+025,+004
+025,+004
+025,+004
+025,+004
+025,+004
+023,+006
+023,+006
+023,+006
+023,+006
+023,+006
+023,+006
+023,+006
+023,+006
+023,+006
+021,+006
+021,+006
+021,+006
+021,+006
+021,+006
+021,+006
+021,+006
+021,+006
+021,+006
+021,+006
+021,+006
+021,+006
+021,+006
+021,+006
+021,+006
+021,+006
+021,+006
+021,+006
+019,+006
+019,+006
+019,+006
+019,+006
+019,+008
+019,+008
+019,+008
+019,+008
+019,+008
+017,+008
+017,+010
+017,+010
+017,+010
+017,+010
+017,+010
+017,+010
+017,+010
+017,+010
+017,+010
+017,+010
+017,+012
+017,+012
+017,+012
+017,+012
+017,+012
+017,+012
+017,+012
+017,+012
+017,+012
+017,+012
+017,+012
+017,+012
+015,+012
+015,+012
+015,+012
+015,+012
+015,+012
+015,+012
+015,+012
+015,+012
+015,+012
+015,+012
+015,+012
+015,+012
+015,+012
+015,+012
+015,+012
+015,+012
+015,+012
+015,+012
+015,+012
+015,+012
+015,+012
+015,+012
+015,+012
+015,+012
+013,+012
+013,+012
+013,+012
+013,+012
+013,+012
+013,+014
+013,+014
+013,+014
+013,+014
+011,+014
+011,+014
+011,+014
+011,+014
+011,+014
+011,+014
+011,+014
+011,+014
+011,+014
+011,+014
+011,+014
+011,+014
+011,+014
+011,+014
+011,+014
+011,+014
+011,+014
+011,+012
+011,+012
+011,+012
+011,+012
+011,+012
+011,+012
+011,+012
+011,+012
+011,+012
+011,+012
+011,+012
+011,+012
+011,+012
+011,+012
+011,+012
+011,+012
+011,+012
+011,+012
+013,+012
+013,+012
+013,+012
+013,+012
+013,+012
+013,+012
+013,+012
+013,+012
+013,+012
+013,+012
+013,+012
+013,+012
+013,+012
+013,+012
+015,+012
+015,+012
+015,+012
+015,+012
+015,+012
+015,+012
+015,+012
+017,+012
+017,+012
+017,+012
+017,+012
+017,+012
+017,+012
+017,+012
+017,+012
+017,+010
+017,+010
+017,+010
+017,+010
+019,+010
+019,+010
+019,+010
+019,+010
+019,+010
+019,+010
+019,+010
+019,+010
+019,+010
+019,+010
+019,+010
+019,+010
+019,+010
+021,+010
+021,+010
+021,+010
+021,+010
+023,+010
+023,+010
+023,+010
+023,+010
+023,+010
+023,+010
+023,+010
+023,+010
+023,+010
+023,+010
+025,+010
+025,+010
+025,+010
+025,+010
+025,+010
+025,+010
+025,+010
+025,+010
+025,+010
+025,+010
+025,+010
+025,+010
+025,+010
+025,+010
+025,+010
+025,+010
+025,+010
+025,+010
+025,+010
+025,+010
+025,+010
+025,+010
+025,+010
+025,+010
+025,+010
+025,+010
+025,+010
+025,+010
+025,+010
+025,+010
+025,+010
+025,+010
+025,+010
+025,+010
+025,+010
+025,+010
+025,+010
+025,+010
+025,+010
+025,+010
+025,+010
+025,+010
+025,+010
+025,+010
+025,+010
+025,+010
+025,+010
+025,+010
+025,+010
+025,+010
+025,+010
+025,+010
+025,+010
+025,+010
+025,+010
+025,+010
+025,+010
+025,+010
+025,+010
+025,+010
+027,+010
+027,+010
+027,+010
+027,+010
+027,+010
+027,+010
+027,+010
+027,+010
+027,+010
+027,+010
+027,+010
+027,+010
+027,+010
+027,+010
+027,+012
+027,+012
+027,+012
+027,+012
+029,+012
+029,+012
+029,+012
+029,+012
+029,+012
+029,+012
+031,+014
+031,+014
+031,+014
+031,+014
+031,+014
+031,+014
+031,+014
+031,+014
+031,+014
+031,+014
+033,+014
+033,+014
+033,+014
+033,+014
+033,+014
+033,+014
+033,+014
+033,+014
+033,+014
+033,+014
+033,+014
+033,+014
+033,+014
+033,+014
+033,+014
+033,+014
+033,+014
+033,+014
+033,+014
+035,+014
+035,+014
+035,+014
+035,+014
+035,+014
+035,+014
+035,+014
+037,+014
+037,+014
+037,+014
+037,+014
+037,+014
+037,+014
+037,+014
+037,+014
+037,+014
+037,+014
+037,+016
+037,+016
+037,+016
+037,+016
+037,+016
+037,+016
+037,+016
+037,+016
+037,+016
+037,+016
+039,+016
+039,+016
+039,+016
+039,+016
+039,+016
+039,+014
+039,+014
+039,+014
+039,+014
+039,+014
+039,+014
+039,+014
+039,+014
+039,+014
+039,+014
+039,+014
+039,+014
+039,+014
+039,+014
+039,+014
+041,+014
+041,+014
+041,+014
+041,+014
+041,+014
+041,+014
+041,+014
+041,+014
+041,+014
+041,+014
+041,+014
+041,+014
+041,+014
+041,+014
+041,+016
+041,+016
+041,+016
+041,+016
+041,+016
+041,+016
+041,+016
+041,+016
+043,+016
+043,+016
+043,+018
+043,+018
+043,+018
+043,+018
+043,+018
+043,+018
+045,+018
+045,+018
+045,+018
+045,+018
+045,+018
+045,+018
+045,+018
+045,+018
+045,+018
+045,+018
+045,+018
+045,+020
+045,+020
+045,+020
+045,+020
+045,+020
+045,+020
+045,+020
+045,+020
+045,+020
+045,+020
+045,+020
+045,+020
+045,+020
+045,+020
+043,+020
+043,+020
+043,+020
+043,+020
+043,+020
+043,+020
+043,+020
+043,+020
+043,+020
+043,+020
+043,+020
+041,+020
+041,+020
+041,+020
+041,+020
+041,+020
+041,+020
+041,+018
+041,+018
+039,+018
+039,+018
+039,+018
+039,+018
+039,+018
+039,+018
+039,+018
+039,+018
+037,+018
+037,+018
+037,+018
+037,+018
+037,+018
+037,+018
+037,+018
+037,+018
+037,+018
+037,+018
+037,+018
+037,+018
+037,+018
+037,+018
+037,+018
+037,+018
+037,+018
+037,+018
+037,+018
+037,+018
+037,+018
+037,+018
+037,+018
+037,+018
+037,+020
+037,+020
+037,+020
+037,+020
+037,+020
+037,+022
+037,+024
+037,+024
+037,+024
+037,+024
+037,+024
+037,+024
+037,+024
+037,+024
+037,+024
+037,+024
+037,+024
+037,+024
+037,+024
+037,+024
+037,+024
+037,+022
+037,+022
+037,+022
+037,+022
+037,+020
+037,+020
+037,+020
+037,+020
+037,+022
+037,+022
+037,+022
+037,+024
+037,+024
+039,+024
+039,+024
+039,+024
+039,+024
+039,+024
+039,+024
+039,+024
+039,+024
+039,+024
+039,+024
+039,+024
+039,+024
+039,+024
+039,+024
+039,+024
+039,+024
+039,+024
+039,+024
+039,+024
+039,+024
+039,+024
+039,+024
+037,+024
+037,+024
+037,+024
+037,+024
+037,+024
+037,+024
+037,+024
+037,+024
+037,+024
+037,+024
+037,+024
+037,+024
+037,+022
+037,+022
+035,+020
+035,+020
+035,+020
+035,+020
+035,+020
+035,+020
+035,+020
+035,+020
+035,+020
+035,+020
+035,+020
+035,+020
+035,+020
+035,+020
+035,+020
+035,+020
+033,+020
+033,+020
+033,+020
+033,+020
+033,+020
+033,+020
+033,+020
+033,+020
+033,+020
+033,+020
+033,+020
+033,+020
+033,+020
+033,+020
+031,+020
+031,+020
+031,+020
+031,+020
+031,+020
+031,+020
+031,+020
+031,+020
+031,+020
+031,+020
+031,+020
+031,+020
+031,+020
+031,+020
+031,+020
+031,+020
+031,+018
+031,+018
+031,+018
+031,+018
+031,+018
+031,+018
+031,+018
+031,+018
+031,+018
+031,+018
+031,+018
+031,+018
+031,+018
+031,+018
+031,+018
+031,+018
+031,+018
+031,+018
+031,+020
+031,+020
+031,+020
+031,+020
+031,+020
+031,+020
+031,+020
+031,+020
+031,+020
+031,+020
+031,+020
+031,+020
+031,+020
+031,+020
+031,+020
+031,+020
+031,+020
+031,+020
+031,+020
+031,+020
+031,+020
+031,+020
+031,+020
+031,+020
+031,+020
+031,+020
+031,+020
+031,+020
+031,+020
+031,+020
+031,+020
+031,+020
+031,+020
+031,+020
+031,+020
+031,+020
+031,+020
+031,+020
+031,+020
+031,+020
+031,+020
+031,+020
+031,+020
+031,+020
+031,+020
+031,+020
+031,+020
+031,+020
+031,+020
+031,+020
+031,+020
+031,+020
+031,+020
+029,+020
+029,+020
+029,+020
+029,+020
+029,+020
+029,+020
+029,+020
+029,+022
+029,+022
+029,+022
+029,+022
+029,+022
+029,+022
+029,+022
+029,+022
+029,+022
+029,+022
+029,+022
+029,+022
+027,+022
+027,+022
+027,+022
+027,+022
+027,+022
+027,+022
+027,+022
+027,+022
+027,+022
+027,+022
+027,+022
+027,+022
+027,+022
+027,+020
+027,+020
+027,+020
+027,+020
+027,+020
+027,+020
+027,+020
+025,+020
+025,+018
+025,+018
+025,+018
+025,+018
+025,+018
+025,+018
+025,+018
+025,+018
+025,+018
+025,+018
+025,+018
+025,+018
+025,+018
+025,+018
+025,+018
+025,+018
+025,+018
+025,+018
+025,+016
+025,+016
+025,+016
+025,+016
+025,+016
+025,+016
+025,+016
+025,+016
+025,+016
+025,+016
+025,+016
+025,+016
+025,+016
+025,+016
+025,+016
+025,+016
+027,+016
+027,+016
+027,+016
+027,+016
+027,+016
+027,+016
+027,+016
+027,+016
+027,+016
+027,+016
+029,+016
+029,+016
+029,+016
+029,+016
+029,+016
+029,+014
+029,+014
+029,+014
+029,+014
+029,+014
+029,+014
+029,+014
+029,+014
+029,+014
+029,+014
+029,+014
+029,+014
+029,+014
+029,+014
+029,+014
+029,+014
+029,+014
+029,+014
+029,+014
+029,+014
+029,+014
+029,+014
+031,+014
+031,+014
+031,+014
+031,+014
+031,+014
+031,+014
+031,+014
+031,+014
+031,+014
+031,+014
+031,+014
+031,+014
+031,+014
+031,+014
+031,+014
+031,+014
+031,+014
+031,+014
+031,+014
+031,+014
+031,+014
+031,+014
+031,+014
+031,+014
+031,+014
+031,+014
+031,+014
+031,+014
+031,+014
+031,+014
+031,+016
+031,+016
+031,+016
+031,+016
+031,+016
+031,+016
+031,+016
+031,+016
+031,+016
+031,+016
+031,+016
+031,+016
+031,+016
+031,+016
+031,+016
+031,+016
+031,+016
+031,+016
+031,+016
+031,+016
+031,+016
+031,+016
+031,+016
+031,+016
+031,+016
+031,+016
+031,+016
+031,+016
+031,+016
+031,+016
+031,+016
+031,+016
+031,+016
+031,+016
+031,+016
+031,+016
+031,+016
+031,+016
+031,+016
+031,+016
+031,+016
+031,+016
+031,+016
+031,+018
+031,+018
+031,+018
+031,+018
+031,+018
+031,+018
+031,+018
+031,+018
+031,+018
+031,+018
+031,+018
+031,+018
+031,+018
+031,+018
+031,+018
+031,+018
+031,+018
+031,+018
+031,+018
+031,+018
+031,+018
+031,+018
+031,+018
+031,+018
+031,+018
+031,+018
+031,+018
+031,+018
+031,+018
+031,+018
+031,+018
+031,+018
+031,+018
+031,+020
+031,+020
+031,+020
+031,+020
+031,+020
+031,+020
+031,+020
+031,+020
+031,+020
+031,+020
+031,+020
+031,+020
+031,+020
+031,+020
+031,+020
+031,+020
+031,+020
+033,+020
+033,+020
+033,+020
+033,+020
+033,+020
+033,+020
+035,+020
+035,+020
+035,+020
+035,+020
+035,+020
+035,+020
+035,+020
+035,+020
+035,+020
+035,+020
+035,+020
+035,+022
+035,+022
+035,+022
+035,+022
+037,+024
+037,+024
+037,+024
+037,+024
+037,+024
+037,+026
+037,+026
+037,+026
+037,+026
+037,+026
+037,+026
+037,+026
+037,+028
+037,+028
+037,+028
+037,+028
+037,+028
+037,+028
+037,+028
+037,+030
+037,+030
+037,+030
+037,+030
+037,+030
+037,+030
+037,+030
+037,+032
+037,+032
+037,+032
+037,+032
+037,+032
+037,+034
+037,+034
+037,+035
+035,-037
+035,-037
+035,-038
+035,-038
+035,-038
+035,-039
+035,-039
+035,-039
+035,-040
+035,-040
+035,-040
+035,-040
+035,-041
+033,-041
+033,-041
+033,-041
+033,-041
+033,-041
+033,-041
+033,-041
+033,-041
+033,-041
+033,-041
+033,-041
+033,-041
+033,-041
+033,-041
+033,-041
+033,-041
+033,-041
+031,-041
+031,-041
+031,-038
+031,-038
+031,-038
+031,-038
+031,-038
+031,-038
+031,-038
+031,+035
+031,+035
+031,+035
+031,+035
+031,+035
+029,+035
+029,+035
+029,+035
+029,+035
+029,+035
+029,+035
+029,+035
+029,+032
+029,+032
+029,+030
+029,+030
+029,+030
+029,+028
+027,+025
+027,+025
+027,+025
+027,+025
+027,+025
+027,+025
+027,+023
+027,+023
+027,+023
+027,+023
+027,+023
+027,+023
+027,+023
+027,+023
+027,+023
+027,+023
+027,+023
+027,+023
+027,+021
+027,+021
+027,+021
+027,+021
+027,+019
+027,+019
+027,+019
+027,+017
+027,+017
+027,+017
+027,+017
+027,+015
+027,+015
+027,+015
+027,+015
+027,+013
+027,+013
+027,+013
+027,+013
+027,+013
+027,+013
+027,+013
+029,+013
+029,+011
+029,+011
+029,+011
+029,+011
+029,+011
+029,+011
+029,+011
+029,+009
+029,+009
+029,+009
+027,+009
+027,+009
+027,+009
+027,+009
+027,+009
+027,+009
+027,+009
+027,+009
+027,+009
+025,+009
COP Area(S): 001087
COP Area(R): 002265