-000,+000
-002,+001
-003,+003
-003,+003
-004,+005
-004,+005
-004,+005
-004,+007
-005,+007
-005,+007
-005,+007
-005,+009
-005,+009
-005,+009
-005,+009
-005,+009
-005,+011
-005,+011
-005,+011
-005,+011
-005,+014
-006,+016
-006,+016
-006,+016
-006,+016
-006,+018
-006,+018
-006,+018
-006,+018
-006,+018
-006,+018
-006,+018
-006,+018
-006,+018
-006,+018
-006,+018
-006,+018
-006,+018
-006,+018
-006,+018
-006,+018
-007,+018
-007,+018
-007,+020
-007,+020
-007,+020
-007,+020
-008,+020
-008,+020
-008,+020
-008,+022
-008,+022
-008,+022
-008,+022
-008,+022
-008,+024
-009,+024
-009,+026
-009,+026
-009,+026
-009,+026
-009,+026
-009,+026
-009,+028
-009,+028
-009,+028
-009,+028
-009,+030
-009,+030
-009,+030
-009,+032
-009,+032
-009,+032
-009,+034
-009,+034
-009,+036
-010,+036
-010,+038
-010,+038
-010,+038
-010,+038
-010,+040
-010,+040
-010,+040
-010,+042
-010,+042
-010,+042
-010,+044
-010,+044
-010,+044
-010,+044
-010,+044
-010,+044
-010,+044
-010,+044
-010,+044
-007,+044
-007,+044
-007,+044
-007,+044
-007,+044
-007,+044
-007,+044
-007,+044
-007,+044
-004,+044
-004,+044
-004,+042
-004,+042
-004,+042
-004,+042
-004,+042
-004,+042
-004,+040
-001,+040
-001,+040
-001,+040
-002,+040
-002,+040
-002,+040
-002,+040
-002,+040
-002,+038
-001,+038
-001,+038
-001,+038
-001,+038
-001,+036
-001,+036
-001,+036
-001,+036
-001,+036
-001,+036
-001,+036
-001,+036
-001,+036
-004,+036
-004,+036
-004,+036
-004,+034
-004,+034
-004,+034
-004,+034
-004,+034
-004,+034
-004,+034
-004,+034
-004,+034
-004,+034
-004,+034
-004,+034
-004,+034
-004,+034
-004,+034
-004,+034
-004,+034
-004,+034
-004,+034
-004,+034
-004,+032
-004,+032
-004,+032
-004,+032
-004,+032
-007,+032
-007,+032
-007,+030
-007,+030
-007,+030
-007,+030
-007,+030
-007,+030
-007,+030
-007,+030
-007,+030
-007,+030
-007,+028
-007,+028
-007,+028
-007,+028
-007,+028
-007,+028
-007,+028
-007,+028
-007,+028
-007,+028
-007,+028
-007,+028
-007,+028
-007,+028
-007,+028
-006,+028
-006,+028
-006,+028
-006,+028
-006,+028
-006,+028
-006,+028
-006,+028
-006,+028
-006,+028
-006,+028
-006,+028
-006,+028
-006,+028
-006,+028
-006,+028
-006,+028
-006,+028
-006,+028
-006,+028
-006,+028
-010,+026
-010,+026
-008,+026
-011,+026
-011,+024
-011,+024
-011,+024
-011,+024
-011,+024
-011,+024
-011,+024
-011,+024
-011,+022
-011,+022
-011,+022
-011,+022
-011,+022
-011,+022
-011,+022
-011,+022
-011,+022
-011,+022
-011,+022
-011,+022
-011,+022
-011,+022
-011,+022
-011,+022
-011,+024
-011,+024
-011,+024
-011,+024
-011,+024
-011,+024
-011,+024
-011,+024
-011,+024
-011,+024
-011,+024
-011,+024
-011,+024
-011,+024
-011,+024
-011,+024
-011,+024
-011,+024
-011,+024
-011,+024
-011,+024
-011,+024
-011,+024
-011,+024
-011,+024
-011,+024
-011,+024
-011,+024
-011,+024
-011,+024
-011,+022
-011,+022
-011,+022
-011,+022
-011,+022
-011,+022
-011,+022
-011,+022
-011,+022
-011,+022
-011,+022
-011,+022
-011,+022
-011,+022
-011,+022
-011,+022
-011,+022
-011,+022
-011,+022
-011,+022
-011,+022
-011,+022
-011,+022
-011,+022
-011,+022
-011,+020
-011,+020
-011,+020
-011,+020
-011,+020
-011,+020
-011,+020
-011,+020
-011,+020
-011,+018
-011,+018
-011,+018
-011,+018
-011,+018
-011,+018
-011,+016
-011,+016
-011,+016
-014,+016
-014,+016
-014,+016
-014,+014
-014,+014
-014,+014
-014,+014
-014,+014
-014,+014
-014,+012
-014,+012
-014,+012
-014,+012
-014,+010
-014,+010
-014,+010
-014,+010
-014,+010
-014,+010
-014,+010
-014,+010
-014,+010
-014,+010
-014,+008
-014,+008
-014,+008
-014,+008
-014,+008
-014,+008
-014,+008
-014,+008
-014,+008
-013,+008
-013,+008
-013,+008
-013,+010
-013,+010
-013,+010
-013,+010
-013,+010
-012,+010
-012,+010
-012,+010
-012,+010
-012,+010
-012,+010
-012,+012
-012,+012
-012,+012
-012,+012
-012,+012
-011,+014
-011,+014
-011,+014
-011,+014
-011,+014
-011,+014
-011,+014
-011,+014
-011,+014
-011,+014
-011,+014
-011,+014
-011,+014
-011,+014
-011,+016
-011,+016
-011,+016
-011,+016
-011,+016
-011,+016
-011,+016
-011,+016
-011,+016
-011,+016
-011,+016
-011,+016
-011,+016
-010,+016
-010,+016
-010,+016
-010,+018
-010,+018
-010,+018
-010,+018
-010,+018
-010,+018
-010,+018
-009,+018
-009,+018
-009,+018
-009,+018
-009,+018
-009,+018
-009,+018
-009,+018
-009,+018
-009,+018
-009,+018
-009,+018
-009,+018
-009,+018
-009,+018
-009,+018
-009,+016
-009,+016
-009,+016
-009,+016
-009,+016
-009,+016
-009,+016
-009,+016
-009,+016
-009,+016
-009,+016
-009,+016
-009,+016
-009,+014
-009,+014
-009,+014
-009,+014
-009,+014
-009,+014
-012,+014
-011,+014
-011,+014
-011,+014
-011,+014
-011,+014
-011,+014
-011,+014
-011,+014
-011,+014
-011,+014
-011,+014
-011,+014
-011,+014
-011,+014
-011,+014
-011,+014
-011,+014
-011,+014
-011,+014
-011,+014
-011,+014
-011,+014
-011,+014
-010,+014
-010,+014
-010,+014
-010,+014
-010,+014
-009,+016
-009,+016
-009,+016
-009,+018
-009,+018
-009,+018
-009,+018
-009,+018
-009,+020
-009,+020
-009,+020
-009,+020
-008,+023
-008,+025
-007,+025
-007,+027
-007,+027
-007,+029
-007,+029
-007,+029
-007,+029
-007,+031
-007,+031
-007,+031
-007,+031
-007,+033
-007,+033
-007,+033
-007,+033
-007,+035
-007,+035
-007,+035
-007,+035
-007,+035
-007,+035
-007,+035
-007,+035
-007,+035
-007,+035
-007,+035
-007,+035
-007,+035
-007,+035
-007,+035
-010,+035
-010,+035
-010,+035
-010,+035
-010,+035
-010,+035
-010,+035
-010,+035
-010,+035
-010,+035
-010,+037
-010,+037
-010,+037
-010,+037
-010,+037
-010,+037
-010,+037
-013,+037
-013,+037
-013,+037
-013,+037
-013,+035
-013,+035
-013,+035
-013,+035
-013,+035
-013,+035
-013,+035
-013,+035
-013,+035
-013,+035
-013,+035
-013,+035
-013,+035
-013,+035
-013,+035
-013,+033
-016,+033
-015,+033
-015,+033
-018,+031
-018,+031
-018,+031
-018,+029
-018,+029
-018,+029
-018,+029
-018,+029
-018,+027
-018,+027
-018,+027
-018,+027
-017,+027
-017,+025
-017,+025
-017,+025
-017,+025
-017,+023
-017,+023
-017,+023
-017,+021
-017,+021
-017,+021
-017,+019
-017,+019
-017,+019
-017,+019
-017,+019
-017,+019
-017,+017
-017,+017
-017,+017
-017,+017
-017,+017
-017,+017
-017,+017
-017,+017
-016,+017
-016,+017
-016,+017
-016,+017
-016,+017
-016,+017
-015,+015
-015,+015
-015,+015
-015,+015
-015,+015
-015,+015
-015,+015
-015,+015
-014,+015
-014,+015
-014,+015
-014,+015
-013,+015
-013,+015
-013,+015
-013,+015
-013,+015
-013,+015
-012,+015
-012,+015
-012,+015
-012,+015
-011,+017
-011,+017
-011,+017
-011,+017
-010,+017
-010,+017
-010,+017
-010,+017
-009,+019
-009,+019
-009,+019
-009,+019
-009,+019
-009,+019
-009,+019
-009,+019
-009,+019
-009,+019
-009,+021
-009,+021
-009,+021
-009,+021
-009,+021
-009,+021
-009,+023
-009,+023
-008,+023
-006,+025
-006,+025
-006,+025
-006,+025
-006,+025
-006,+025
-005,+027
-005,+027
-005,+027
-005,+027
-005,+027
-005,+027
-005,+027
-005,+027
-005,+027
-005,+027
-005,+029
-004,+029
-004,+029
-004,+031
-004,+031
-004,+031
-004,+031
-003,+031
-003,+031
-003,+031
-003,+031
-003,+033
-003,+033
-003,+033
-003,+033
-003,+033
-003,+033
-003,+033
-003,+033
-003,+033
-003,+033
-003,+033
-003,+033
-003,+033
-003,+033
-003,+033
-003,+033
-003,+033
-003,+031
-003,+031
-003,+031
-003,+031
-003,+031
-003,+031
-003,+031
-006,+031
-006,+031
-006,+031
-006,+031
-006,+031
-006,+031
-006,+031
-006,+031
-006,+029
-006,+029
-006,+029
-006,+029
-006,+029
-006,+029
-006,+029
-006,+029
-006,+029
-006,+027
-005,+027
-005,+027
-005,+027
-005,+025
-005,+025
-005,+025
-009,+022
-007,+022
-007,+022
-007,+022
-007,+022
-007,+020
-007,+020
-007,+020
-007,+020
-007,+020
-007,+020
-007,+018
-007,+018
-007,+018
-007,+016
-007,+016
-007,+016
-007,+014
-007,+014
-007,+014
-007,+012
-007,+012
-007,+012
-010,+010
-010,+010
-009,+010
-009,+010
-009,+010
-009,+008
-009,+008
-009,+008
-009,+008
-009,+008
-009,+008
-009,+008
-008,+008
-008,+008
-008,+006
-007,+006
-007,+006
-007,+006
-007,+006
-007,+006
-007,+006
-006,+006
-006,+006
-006,+006
-006,+004
-006,+004
-005,+004
-005,+004
-005,+004
-004,+004
-004,+004
-004,+004
-004,+004
-004,+004
-004,+004
-004,+004
-004,+004
-004,+004
-004,+004
-003,+004
-003,+004
-003,+004
-002,+006
-002,+006
-002,+006
-002,+006
-002,+006
-002,+006
-002,+006
-002,+006
-002,+006
-002,+006
-002,+006
-002,+006
-002,+006
-002,+008
-001,+008
-001,+008
-001,+008
-001,+008
-001,+010
-001,+010
-001,+010
-001,+010
-001,+012
-000,+012
-000,+012
-000,+012
-000,+012
-000,+012
-000,+014
-000,+014
-000,+014
-000,+014
-000,+014
-000,+014
-000,+014
-000,+014
-000,+014
-000,+016
-000,+016
-000,+016
-000,+016
-000,+016
-000,+018
-000,+018
-000,+018
-000,+018
-000,+021
-000,+021
-001,+021
-001,+021
-001,+023
-001,+023
-001,+023
-001,+023
-001,+023
-001,+023
-001,+023
-001,+023
-001,+023
-001,+025
-001,+025
-001,+025
-001,+025
-001,+025
-001,+025
-001,+025
-001,+025
-001,+025
-001,+025
-001,+025
-001,+025
-001,+025
-001,+025
-001,+025
-001,+025
-001,+025
-001,+025
-001,+025
-001,+025
-001,+025
-001,+027
-001,+027
-001,+027
-001,+027
-001,+027
-001,+027
-001,+027
-001,+027
-001,+027
-001,+027
-001,+029
-001,+029
-001,+029
-001,+029
-001,+029
-001,+029
-002,+029
-002,+029
-002,+029
-002,+031
-002,+031
-002,+031
-002,+031
-002,+031
-002,+031
-002,+031
-002,+033
-002,+033
-002,+033
-002,+033
-002,+033
-002,+033
-002,+033
-002,+033
-002,+033
-002,+033
-002,+033
-002,+033
-002,+033
-002,+033
-002,+033
-002,+033
-002,+033
-002,+033
-002,+033
-002,+033
-002,+033
-002,+033
-002,+033
-002,+033
-002,+033
-001,+033
-001,+033
-000,+033
-000,+033
-000,+033
-000,+033
-000,+033
-000,+033
-000,+033
-000,+033
-000,+033
-000,+033
-000,+033
-000,+033
-000,+033
-000,+033
-000,+033
-000,+033
-000,+033
-000,+033
-000,+033
-000,+033
-000,+033
-000,+033
-000,+033
-000,+033
-000,+033
-000,+033
-000,+033
-000,+033
-000,+033
-000,+033
-000,+033
-000,+033
-000,+033
-000,+033
-000,+033
-000,+033
-000,+033
-000,+033
-003,+033
-003,+033
-003,+033
-003,+033
-003,+031
-003,+031
-003,+031
-003,+031
-002,+031
-002,+031
-002,+031
-002,+031
-002,+031
-002,+031
-002,+031
-002,+031
-002,+031
-002,+029
-002,+029
-002,+029
-002,+029
-002,+029
-002,+029
-002,+029
-002,+029
-002,+029
-002,+029
-002,+029
-002,+029
-002,+029
-002,+029
-002,+029
-002,+029
-002,+029
-002,+029
-002,+029
-002,+029
-002,+029
-002,+029
-002,+029
-002,+029
-002,+029
-002,+031
-002,+031
-002,+031
-002,+031
-002,+031
-002,+031
-002,+031
-002,+033
-002,+033
-002,+033
-002,+033
-002,+033
-002,+033
-002,+033
-002,+033
-002,+033
-002,+033
-002,+033
-002,+033
-002,+033
-002,+035
-002,+035
-002,+035
-002,+035
-002,+035
-002,+035
-002,+035
-002,+035
-002,+035
-002,+035
-002,+035
-002,+035
-002,+035
-002,+035
-002,+035
-002,+033
-002,+033
-002,+033
-002,+033
-002,+033
-002,+033
-002,+033
-002,+033
-002,+033
-002,+033
-002,+033
-002,+033
-002,+033
-002,+031
-005,+031
-004,+031
-004,+031
-004,+031
-004,+029
-004,+029
-004,+029
-004,+029
-004,+029
-004,+027
-004,+027
-004,+027
-004,+027
-007,+025
-006,+025
-006,+025
-006,+022
-009,+022
-008,+022
-008,+022
-008,+022
-008,+022
-008,+022
-008,+022
-008,+022
-008,+022
-008,+022
-008,+022
-008,+020
-008,+020
-008,+020
-007,+020
-007,+020
-007,+020
-007,+020
-007,+020
-007,+020
-007,+020
-007,+020
-007,+020
-007,+020
-007,+020
-007,+020
-007,+020
-007,+020
-007,+020
-007,+020
-007,+020
-007,+020
-007,+020
-007,+020
-007,+020
-007,+020
-007,+020
-007,+020
-007,+020
-007,+020
-007,+020
-007,+020
-007,+020
-007,+020
-007,+020
-007,+020
-007,+020
-007,+020
-007,+020
-007,+020
-007,+020
-007,+020
-007,+020
-007,+020
-007,+020
-007,+020
-007,+020
-007,+020
-007,+020
-007,+020
-007,+020
-007,+020
-007,+020
-007,+020
-007,+020
-007,+020
-007,+020
-007,+020
-007,+020
-007,+020
-005,+023
-004,+023
-004,+023
-004,+023
-004,+025
-004,+025
-004,+025
-004,+025
-004,+025
-004,+025
-004,+025
-004,+025
-004,+025
-004,+025
-004,+025
-004,+025
-004,+025
-004,+025
-004,+025
-004,+022
-004,+022
-004,+024
-004,+022
-007,+022
-004,+022
-004,+022
-004,+022
-004,+022
-004,+022
-004,+020
-004,+020
-004,+020
-004,+020
-004,+020
-004,+020
-004,+020
-004,+020
-004,+020
-004,+020
-004,+020
-004,+020
-004,+020
-004,+020
-004,+020
-004,+020
-004,+020
-004,+020
-004,+020
-004,+020
-004,+020
-004,+020
-004,+020
-004,+020
-004,+020
-004,+020
-004,+020
-004,+020
-003,+020
-002,+020
-002,+020
-002,+020
-001,+022
-001,+022
-001,+022
-001,+022
-001,+022
-001,+022
-001,+022
-000,+022
-000,+024
-000,+024
-000,+024
-000,+024
-000,+024
-000,+024
-000,+024
-000,+024
-000,+024
-001,+024
-001,+024
-001,+024
-001,+024
-001,+024
-001,+024
-001,+024
-001,+024
-001,+024
-001,+024
-001,+024
-001,+024
-001,+024
-001,+024
-001,+024
-001,+024
-001,+024
-001,+024
-001,+024
-002,+024
-002,+024
-002,+024
-002,+024
-002,+024
-002,+024
-002,+024
-002,+024
-002,+024
-002,+024
-002,+024
-002,+024
-002,+024
-002,+024
-002,+024
-002,+022
-002,+022
-002,+022
-002,+022
-002,+022
-002,+022
-002,+022
-002,+022
-002,+022
-002,+022
-002,+022
-002,+020
-003,+020
-003,+020
-003,+020
-003,+020
-003,+020
-003,+020
-003,+020
-003,+020
-003,+020
-003,+020
-003,+020
-003,+020
-003,+020
-003,+020
-003,+020
-003,+020
-003,+020
-004,+020
-004,+020
-004,+020
-004,+020
-004,+020
-004,+020
-004,+020
-004,+020
-004,+020
-004,+020
-004,+020
-004,+020
-004,+018
-004,+018
-004,+018
-004,+018
-004,+018
-005,+018
-005,+018
-005,+018
-005,+018
-005,+018
-005,+018
-005,+018
-005,+018
-005,+018
-005,+018
-005,+018
-005,+018
-005,+018
-005,+018
-006,+018
-006,+018
-006,+018
-006,+018
-006,+018
-006,+018
-006,+018
-006,+018
-006,+018
-007,+020
-007,+020
-007,+020
-007,+020
-007,+020
-007,+020
-007,+020
-007,+020
-007,+020
-007,+020
-007,+020
-007,+020
-007,+020
-007,+020
-007,+020
-007,+020
-007,+020
-007,+020
-007,+020
-007,+020
-007,+020
-007,+020
-007,+020
-007,+020
-007,+020
-007,+018
-007,+018
-007,+018
-007,+018
-007,+018
-007,+018
-007,+018
-007,+018
-007,+018
-007,+018
-007,+018
-007,+018
-007,+018
-007,+018
-007,+018
-007,+018
-007,+018
-007,+018
-007,+020
-007,+020
-007,+020
-007,+020
-008,+020
-008,+022
-008,+022
-008,+022
-009,+024
-009,+024
-009,+024
-009,+024
-009,+024
-009,+026
-009,+026
-009,+026
-009,+026
-010,+026
-010,+026
-010,+026
-010,+028
-010,+028
-010,+028
-010,+028
-010,+028
-010,+028
-011,+030
-011,+030
-011,+030
-011,+030
-011,+030
-012,+030
-012,+032
-012,+032
-012,+032
-012,+034
-013,+034
-013,+034
-013,+034
-013,+034
-013,+036
-013,+036
-013,+036
-013,+036
-013,+038
-013,+038
-013,+038
-013,+038
-013,+038
-013,+038
-013,+038
-013,+038
-013,+038
-013,+038
-013,+038
-013,+038
-013,+038
-013,+038
-013,+038
-013,+038
-013,+038
-013,+038
-010,+038
-010,+038
-010,+038
-010,+038
-010,+038
-010,+038
-010,+038
-010,+038
-010,+038
-010,+038
-010,+038
-010,+038
-010,+038
-007,+038
-007,+038
-007,+038
-007,+038
-007,+036
-007,+036
-007,+036
-007,+036
-007,+036
-007,+036
-007,+036
-007,+036
-007,+036
-007,+036
-007,+034
-007,+034
-007,+034
-007,+034
-007,+034
-007,+034
-007,+034
-007,+034
-007,+034
-007,+034
-007,+034
-007,+034
-004,+034
-004,+032
-004,+032
-004,+032
-004,+032
-004,+030
-004,+030
-004,+030
-004,+030
-001,+030
-001,+030
-001,+028
-001,+028
-001,+028
-001,+028
-001,+026
-001,+026
-001,+026
-001,+026
-001,+026
-001,+024
-002,+024
-002,+024
-002,+024
-002,+022
-002,+022
-002,+022
-002,+022
-002,+022
-002,+022
-002,+022
-006,+020
-005,+020
-005,+020
-005,+020
-005,+020
-005,+020
-005,+020
-005,+020
-005,+020
-005,+020
-005,+020
-005,+020
-005,+020
-005,+020
-005,+020
-005,+020
-005,+020
-005,+020
-005,+023
-004,+023
-004,+023
-004,+023
-004,+025
-004,+025
-004,+025
-004,+025
-004,+027
-003,+027
-003,+027
-003,+027
-003,+029
-003,+029
-003,+029
-003,+031
-003,+031
-003,+031
-003,+031
-003,+031
-003,+031
-003,+031
-003,+031
-003,+031
-003,+031
-003,+031
-003,+031
-003,+031
-003,+031
-003,+031
-003,+031
-003,+031
-003,+031
-003,+031
-003,+031
-003,+031
-003,+031
-003,+031
-003,+031
-003,+031
-003,+031
-003,+031
-003,+031
-003,+031
-003,+033
-003,+033
-003,+033
-003,+033
-003,+033
-003,+035
-003,+035
-003,+035
-003,+035
-003,+035
-003,+035
-003,+035
-003,+035
-003,+035
-003,+035
-003,+035
-003,+037
-003,+037
-003,+037
-003,+037
-003,+037
-003,+037
-003,+037
-003,+037
-003,+037
-003,+037
-003,+037
-003,+037
-003,+037
-003,+037
-003,+037
-003,+037
-003,+037
-003,+037
-003,+037
-006,+037
-005,+037
-005,+037
-005,+037
-005,+037
-005,+037
-005,+035
-005,+035
-005,+035
-005,+035
-005,+035
-005,+035
-005,+033
-005,+033
-005,+033
-005,+033
-005,+033
-005,+033
-005,+033
-008,+033
-007,+031
-007,+031
-007,+031
-007,+031
-007,+031
-007,+031
-007,+031
-007,+031
-007,+031
-007,+031
-007,+029
-007,+029
-007,+029
-007,+029
-007,+029
-007,+029
-011,+026
-011,+026
-011,+026
-011,+024
-011,+024
-011,+024
-011,+024
-011,+024
-011,+022
-011,+022
-011,+022
-011,+022
-011,+022
-011,+022
-010,+022
-010,+022
-010,+022
-010,+020
-010,+020
-010,+020
-010,+020
-010,+020
-010,+020
-010,+020
-010,+020
-010,+020
-010,+020
-009,+020
-009,+020
-009,+020
-009,+020
-008,+020
-008,+020
-008,+020
-008,+022
-008,+022
-008,+022
-008,+022
-007,+022
-005,+024
-005,+022
-005,+024
-005,+024
-005,+024
-004,+024
-004,+024
-004,+026
-004,+026
-003,+026
-003,+026
-003,+026
-003,+026
-003,+026
-003,+026
-002,+026
-002,+026
-002,+026
-002,+024
-002,+024
-002,+024
-002,+024
-002,+024
-002,+024
-002,+024
-002,+024
-002,+024
-002,+022
-002,+020
-002,+020
-002,+020
-005,+020
-005,+020
-004,+020
-004,+018
-004,+018
-004,+018
-004,+018
-004,+018
-004,+018
-003,+018
-003,+018
-003,+018
-003,+018
-003,+016
-002,+016
-002,+016
-002,+016
-002,+016
-002,+016
-002,+016
-002,+016
-002,+016
-002,+016
-001,+016
-001,+016
-001,+016
-001,+016
-001,+014
-001,+014
-001,+014
-001,+014
-001,+014
-001,+014
-001,+014
-001,+014
-001,+014
-001,+014
-000,+014
-000,+014
-000,+014
-000,+014
-000,+016
-003,+018
-003,+018
-003,+018
-004,+018
-004,+020
-004,+020
-004,+020
-004,+020
-004,+020
-004,+022
-005,+022
-005,+022
-005,+022
-005,+022
-005,+024
-005,+024
-006,+024
-006,+026
-006,+026
-006,+026
-007,+026
-007,+026
-007,+026
-007,+026
-007,+026
-007,+026
-007,+026
-008,+026
-008,+026
-008,+026
-008,+026
-008,+026
-008,+026
-008,+026
-008,+026
-008,+026
-008,+026
-008,+026
-008,+026
-008,+026
-008,+026
-008,+026
-008,+026
-008,+026
-008,+026
-008,+026
-008,+026
-009,+026
-009,+026
-009,+026
-009,+026
-009,+026
-009,+026
-009,+026
-009,+026
-009,+026
-009,+026
-010,+026
-010,+026
-010,+026
-010,+028
-010,+028
-010,+028
-010,+028
-010,+028
-010,+028
-010,+028
-010,+028
-010,+028
-010,+028
-010,+028
-010,+028
-010,+028
-010,+028
-010,+028
-010,+028
-010,+030
-011,+030
-011,+030
-011,+030
-011,+030
-011,+030
-011,+030
-011,+030
-011,+030
-011,+030
-011,+030
-011,+030
-011,+030
-011,+030
-011,+030
-011,+030
-011,+030
-011,+030
-011,+028
-011,+028
-011,+028
-011,+028
-011,+028
-011,+028
-011,+028
-011,+028
-011,+028
-011,+028
-011,+028
-011,+028
-011,+028
-011,+030
-011,+030
-011,+030
-011,+030
-011,+030
-011,+030
-011,+030
-011,+030
-011,+030
-011,+032
-011,+032
-011,+032
-011,+032
-012,+032
-012,+032
-012,+034
-012,+034
-012,+034
-012,+034
-012,+034
-012,+034
-012,+034
-012,+034
-012,+034
-012,+034
-012,+034
-012,+034
-012,+034
-009,+034
-009,+034
-009,+034
-009,+034
-009,+034
-009,+034
-009,+034
-009,+032
-009,+032
-009,+032
-009,+032
-009,+032
-009,+032
-009,+032
-009,+032
-009,+032
-009,+032
-009,+032
-006,+032
-007,+032
-007,+032
-007,+032
-007,+032
-007,+032
-007,+032
-007,+032
-007,+032
-007,+032
-007,+032
-007,+032
-007,+032
-007,+032
-007,+032
-007,+030
-007,+030
-007,+030
-007,+030
-007,+030
-007,+030
-004,+030
-004,+030
-004,+030
-004,+028
-004,+028
-004,+028
-004,+028
-004,+028
-004,+028
-004,+028
-004,+028
-004,+028
-004,+028
-004,+028
-004,+028
-004,+028
-004,+028
-004,+028
-004,+028
-004,+028
-004,+028
-004,+028
-004,+028
-004,+028
-004,+028
-004,+030
-004,+030
-004,+030
-004,+030
-004,+030
-004,+030
-004,+030
-004,+030
-004,+032
-004,+032
-004,+032
-004,+032
-004,+032
-004,+032
-001,+032
-001,+032
-001,+032
-001,+032
-001,+032
-001,+032
-001,+032
-001,+032
-001,+032
-001,+030
-001,+030
-001,+030
-001,+030
-001,+030
-001,+030
-001,+030
-001,+030
-001,+030
-001,+030
-001,+028
-001,+028
-001,+028
-001,+028
-002,+028
-001,+028
-001,+028
-001,+028
-001,+028
-001,+026
-001,+026
-001,+026
-001,+026
-001,+026
-001,+026
-001,+026
-001,+026
-001,+024
-001,+024
-001,+024
-004,+024
-004,+024
-003,+024
-003,+024
-003,+024
-003,+024
-003,+024
-003,+024
-003,+024
-003,+024
-003,+024
-003,+024
-003,+024
-003,+024
-003,+024
-003,+024
-003,+024
-003,+024
-003,+024
-003,+024
-003,+024
-003,+024
-003,+024
-003,+024
-003,+024
-003,+024
-003,+024
-003,+024
-003,+024
-003,+024
-003,+026
-003,+026
-003,+026
-003,+026
-003,+026
-003,+026
-003,+026
-003,+026
-003,+026
-003,+026
-003,+026
-003,+026
-003,+026
-003,+026
-003,+026
-003,+026
-003,+026
-003,+026
-003,+026
-003,+026
-006,+026
-005,+026
-005,+026
-005,+026
-005,+026
-005,+026
-005,+026
-005,+026
-005,+026
-005,+026
-005,+026
-005,+026
-005,+026
-005,+026
-005,+026
-005,+026
-005,+026
-005,+026
-005,+026
-005,+026
-005,+026
-005,+026
-005,+026
-005,+026
-005,+028
-005,+028
-005,+028
-005,+028
-005,+028
-004,+028
-004,+030
-004,+030
-004,+030
-004,+030
-004,+030
-004,+032
-004,+032
-004,+032
-004,+032
-003,+032
-003,+032
-003,+032
-003,+032
-003,+032
-003,+032
-003,+034
-003,+034
-003,+034
-003,+034
-003,+036
-002,+036
-002,+036
-002,+036
-002,+036
-002,+038
-002,+038
-001,+040
-001,+040
-000,+040
-000,+042
-000,+042
-000,+042
-000,+042
-000,+042
-000,+042
-000,+042
-000,+042
-000,+042
-000,+044
-000,+044
-000,+044
-000,+044
-000,+044
-000,+044
-000,+044
-000,+044
-000,+044
-000,+044
-000,+044
-000,+044
-000,+044
-000,+044
-000,+044
-000,+044
-000,+044
-000,+044
-000,+044
-000,+044
-000,+044
-000,+044
-000,+044
-000,+044
-000,+044
-000,+044
-000,+044
-000,+044
-000,+044
-000,+044
-000,+044
-000,+044
-000,+044
-000,+044
-000,+042
-000,+042
-000,+042
-000,+042
-000,+042
-000,+040
-000,+040
-000,+040
-000,+040
-000,+040
-003,+038
-003,+038
-002,+038
-002,+038
-002,+038
-002,+036
-002,+036
-002,+036
-002,+036
-002,+036
-002,+036
-002,+034
-002,+034
-002,+034
-002,+034
-002,+034
-002,+034
-002,+032
-002,+032
-002,+032
-002,+032
-002,+032
-002,+030
-002,+030
-002,+030
-002,+030
-002,+030
-002,+030
-002,+028
-002,+028
-002,+028
-002,+028
-002,+028
-002,+028
-002,+026
-002,+026
-002,+026
-002,+026
-002,+024
-002,+024
-002,+024
-006,+021
-006,+021
-006,+019
-005,+019
-005,+019
-005,+019
-005,+019
-005,+019
-005,+019
-005,+017
-005,+017
-005,+017
-005,+017
-005,+017
-005,+015
-004,+015
-004,+015
-004,+015
-004,+015
-004,+015
-004,+015
-004,+015
-004,+015
-004,+015
-004,+015
-004,+015
-004,+015
-003,+015
-003,+015
-003,+015
-003,+015
-003,+015
-003,+015
-003,+015
-002,+015
-002,+015
-002,+015
-002,+015
-002,+015
-002,+015
-002,+015
-002,+015
-002,+015
-002,+015
-002,+015
-002,+015
-002,+015
-002,+015
-001,+015
-001,+018
-001,+016
-001,+016
-002,+019
-002,+017
-002,+017
-002,+019
-002,+019
-002,+017
-002,+017
-002,+017
-002,+017
-002,+017
-002,+017
-002,+017
-002,+017
-003,+017
-003,+017
-003,+017
-003,+017
-003,+017
-003,+017
-003,+017
-003,+017
-003,+017
-003,+019
-004,+019
-004,+019
-004,+019
-004,+019
-004,+019
-004,+019
-004,+019
-005,+019
-005,+019
-005,+019
-005,+019
-005,+019
-005,+019
-005,+019
-005,+021
-005,+021
-005,+021
-005,+021
-005,+021
-005,+021
-006,+021
-006,+021
-006,+021
-007,+021
-007,+021
-007,+021
-007,+021
-007,+021
-007,+021
-007,+021
-007,+021
-007,+021
-007,+021
-007,+021
-007,+021
-007,+021
-007,+021
-007,+021
-007,+021
-007,+021
-007,+021
-007,+021
-007,+021
-007,+021
-007,+021
-007,+021
-007,+021
-007,+019
-007,+019
-007,+019
-007,+019
-007,+019
-007,+019
-007,+019
-007,+019
-007,+019
-007,+019
-007,+019
-007,+019
-007,+019
-007,+019
-007,+019
-007,+019
-007,+019
-007,+019
-007,+019
-007,+019
-007,+019
-007,+017
-007,+017
-007,+017
-007,+017
-007,+017
-007,+017
-007,+017
-007,+017
-007,+017
-007,+017
-007,+017
-007,+017
-007,+017
-007,+017
-007,+017
-007,+017
-007,+017
-007,+017
-007,+017
-007,+017
-007,+017
-007,+017
-007,+017
-007,+017
-007,+017
-007,+017
-007,+017
-007,+017
-007,+017
-007,+017
-007,+017
-007,+017
-007,+017
-007,+017
-007,+017
-007,+017
-007,+017
-007,+017
-007,+017
-007,+017
-007,+014
-004,+014
-005,+014
-005,+014
-005,+014
-005,+012
-005,+012
-005,+012
-005,+012
-005,+012
-005,+012
-005,+012
-005,+012
-005,+012
-005,+010
-005,+010
-005,+010
-005,+010
-005,+010
-005,+010
-005,+010
-005,+010
-005,+010
-005,+010
-005,+010
-005,+010
-005,+010
-005,+010
-005,+008
-005,+008
-005,+008
-005,+008
-005,+008
-005,+008
-005,+008
-005,+008
-005,+008
-005,+008
-005,+008
-005,+008
-005,+008
-005,+008
-005,+008
-006,+008
-006,+008
-006,+008
-006,+008
-006,+008
-006,+008
-006,+008
-006,+008
-006,+008
-006,+008
-006,+008
-006,+008
-006,+008
-006,+008
-006,+008
-006,+008
-006,+008
-006,+008
-006,+008
-006,+008
-006,+008
-006,+008
-006,+008
-006,+010
-006,+010
-006,+010
-006,+010
-006,+010
-006,+010
-006,+010
-006,+010
-006,+010
-006,+010
-006,+010
-006,+012
-006,+012
-006,+012
-006,+012
-006,+012
-006,+012
-006,+012
-006,+012
-006,+012
-006,+012
-006,+012
-006,+012
-006,+012
-006,+012
-006,+012
-003,+012
-003,+012
-003,+012
-003,+012
-003,+012
-003,+012
-003,+012
-003,+012
-003,+012
-003,+012
-003,+012
-003,+012
-003,+012
-003,+010
-003,+010
-003,+010
-003,+010
-003,+010
-003,+010
-003,+010
-003,+010
-003,+010
-003,+010
-003,+010
-003,+010
-004,+010
-004,+010
-004,+010
-004,+010
-004,+010
-004,+010
-004,+010
-004,+010
-004,+010
-004,+010
-004,+010
-004,+010
-004,+010
-004,+010
-004,+010
-004,+010
-004,+010
-004,+010
-004,+010
-004,+010
-004,+010
-004,+010
-004,+010
-004,+010
-004,+010
-004,+010
-004,+010
-004,+010
-004,+010
-004,+010
-004,+010
-004,+010
-004,+010
-004,+010
-004,+010
-004,+010
-004,+010
-004,+010
-004,+010
-004,+010
-004,+010
-004,+010
-004,+010
-004,+010
-004,+010
-004,+010
-004,+010
-004,+010
-004,+010
-004,+010
-004,+010
-004,+010
-004,+010
-004,+010
-004,+010
-004,+010
-004,+012
-004,+012
-001,+012
-001,+012
-001,+012
-001,+012
-001,+012
-001,+012
-001,+012
-001,+012
-001,+012
-001,+012
-001,+012
-001,+012
-001,+012
-001,+012
-001,+012
-001,+012
-001,+012
-001,+012
-001,+014
-001,+014
-001,+014
-001,+014
-001,+014
-001,+014
-001,+014
-001,+014
-001,+014
-001,+014
-001,+014
-001,+014
-001,+014
-001,+014
-001,+014
-001,+014
-001,+014
-001,+014
-001,+014
-001,+014
-001,+014
-001,+014
-001,+014
-001,+014
-001,+014
-001,+014
-001,+014
-001,+014
-001,+014
-001,+014
-001,+016
-001,+016
-001,+016
-002,+019
-002,+019
-002,+019
-003,+019
-003,+021
-003,+021
-003,+021
-003,+021
-003,+021
-003,+021
-003,+021
-003,+021
-003,+021
-003,+023
-003,+023
-003,+023
-003,+023
-003,+023
-003,+023
-003,+023
-003,+023
-003,+023
-003,+023
-003,+025
-003,+025
-003,+025
-004,+025
-004,+025
-004,+025
-004,+025
-004,+025
-004,+025
-004,+025
-004,+025
-004,+025
-004,+025
-004,+025
-004,+025
-004,+025
-004,+025
-004,+025
-004,+025
-004,+025
-004,+025
-004,+025
-004,+023
-004,+023
-001,+023
-001,+023
-001,+023
-001,+023
-001,+023
-001,+023
-001,+023
-001,+023
-001,+023
-001,+023
-001,+023
-001,+023
-001,+023
-001,+023
-001,+023
-001,+023
-001,+023
-001,+023
-002,+023
-001,+023
-001,+023
-001,+023
-001,+023
-001,+023
-001,+023
-001,+023
-001,+023
-001,+023
-001,+023
-001,+023
-001,+023
-001,+023
-001,+023
-001,+023
-001,+023
-001,+023
-001,+023
-004,+023
-004,+020
-004,+020
-004,+020
-004,+020
-004,+020
-004,+020
-004,+020
-004,+020
-007,+020
-007,+020
-007,+020
-007,+020
-007,+020
-007,+020
-007,+020
-007,+020
-007,+020
-007,+020
-007,+020
-007,+020
-007,+018
-007,+018
-007,+018
-007,+018
-007,+018
-007,+018
-007,+018
-007,+018
-007,+018
-007,+018
-007,+018
-007,+018
-007,+018
-007,+018
-007,+018
-007,+018
-007,+018
-007,+018
-007,+018
-007,+018
-007,+018
-007,+018
-007,+018
-007,+018
-007,+018
-007,+018
-007,+018
-007,+020
-007,+020
-007,+020
-007,+020
-007,+020
-007,+020
-007,+020
-007,+020
-007,+020
-007,+020
-007,+020
-007,+020
-010,+020
-009,+020
-009,+020
-009,+020
-009,+020
-009,+020
-009,+020
-009,+020
-009,+020
-009,+020
-009,+020
-009,+020
-009,+020
-009,+020
-009,+020
-009,+020
-009,+020
-009,+020
-009,+020
-009,+020
-009,+020
-009,+020
-009,+020
-009,+020
-009,+022
-009,+022
-009,+022
-009,+022
-009,+022
-009,+022
-009,+022
-009,+022
-012,+022
-012,+022
-012,+022
-012,+022
-012,+022
-012,+022
-012,+022
-012,+022
-012,+022
-012,+022
-012,+022
-012,+022
-012,+022
-012,+022
-012,+022
-012,+022
-012,+022
-012,+022
-012,+022
-012,+022
-012,+020
-012,+020
-012,+020
-012,+020
-012,+020
-012,+020
-012,+020
-012,+020
-015,+020
-015,+020
-015,+020
-015,+020
-015,+020
-015,+020
-015,+020
-015,+020
-015,+020
-015,+020
-015,+020
-015,+020
-015,+020
-015,+020
-015,+020
-015,+020
-015,+022
-015,+022
-015,+022
-015,+022
-015,+022
-015,+022
-015,+022
-015,+022
-015,+024
-015,+024
-015,+024
-015,+024
-015,+024
-015,+024
-015,+024
-015,+024
-015,+024
-015,+024
-015,+024
-015,+024
-015,+024
-015,+024
-015,+024
-015,+026
-015,+026
-015,+026
-015,+026
-015,+026
-015,+026
-015,+026
-015,+026
-015,+026
-015,+026
-015,+026
-015,+026
-015,+026
-015,+026
-015,+026
-015,+026
-015,+026
-015,+026
-015,+026
-015,+026
-015,+026
-018,+026
-018,+026
-018,+026
-018,+026
-018,+026
-018,+026
-018,+026
-018,+026
-018,+026
-018,+026
-018,+026
-018,+028
-018,+028
-018,+028
-018,+028
-018,+028
-018,+028
-018,+028
-018,+028
-018,+026
-018,+026
-018,+026
-018,+026
-018,+026
-018,+026
-018,+026
-018,+026
-018,+026
-018,+026
-018,+026
-018,+026
-018,+026
-018,+026
-018,+026
-018,+024
-018,+024
-018,+024
-018,+024
-018,+024
-018,+024
-018,+024
-018,+024
-018,+024
-018,+024
-018,+024
-018,+024
-018,+022
-021,+022
-021,+022
-021,+022
-021,+022
-021,+022
-021,+022
-021,+022
-021,+020
-021,+020
-021,+020
-021,+020
-021,+018
-021,+018
-021,+018
-021,+018
-021,+018
-021,+018
-021,+018
-021,+016
-021,+016
-021,+016
-021,+016
-021,+016
-021,+016
-021,+016
-021,+016
-021,+016
-021,+016
-021,+016
-021,+016
-021,+014
-021,+014
-021,+014
-021,+014
-021,+014
-021,+014
-021,+014
-021,+014
-020,+014
-020,+014
-020,+014
-020,+014
-019,+014
-019,+014
-019,+014
-019,+016
-019,+016
-019,+016
-018,+018
-018,+018
-017,+018
-017,+020
-016,+020
-016,+020
-016,+020
-015,+022
-015,+022
-015,+022
-015,+024
-015,+024
-015,+024
-015,+024
-015,+024
-014,+024
-014,+024
-014,+024
-014,+026
-014,+026
-014,+026
-014,+026
-014,+026
-014,+026
-014,+026
-014,+026
-014,+026
-014,+026
-013,+026
-013,+026
-013,+026
-013,+026
-013,+026
-013,+026
-013,+026
-013,+026
-013,+026
-013,+026
-013,+026
-013,+026
-013,+026
-013,+026
-013,+026
-013,+026
-013,+026
-013,+026
-013,+026
-013,+026
-013,+026
-013,+026
-013,+024
-013,+024
-013,+024
-013,+024
-013,+024
-013,+024
-013,+024
-013,+024
-013,+024
-013,+024
-012,+024
-012,+024
-012,+024
-012,+024
-012,+024
-012,+024
-012,+024
-012,+024
-012,+024
-012,+024
-011,+022
-011,+022
-011,+022
-011,+022
-011,+022
-011,+022
-011,+022
-011,+022
-011,+020
-011,+020
-011,+020
-011,+020
-011,+020
-011,+020
-011,+020
-011,+020
-011,+020
-011,+020
-011,+020
-011,+020
-011,+020
-011,+020
-011,+020
-010,+020
-010,+020
-010,+020
-010,+020
-010,+020
-010,+020
-010,+020
-010,+020
-010,+020
-010,+020
-009,+020
-009,+020
-009,+020
-009,+020
-009,+020
-009,+020
-009,+020
-009,+020
-009,+020
-009,+020
-009,+020
-009,+020
-009,+020
-009,+020
-009,+020
-009,+020
-009,+020
-009,+020
-009,+020
-009,+020
-009,+020
-009,+020
-009,+020
-009,+020
-009,+020
-009,+020
-009,+020
-009,+020
-009,+020
-009,+020
-008,+020
-008,+020
-008,+020
-008,+020
-008,+020
-008,+020
-008,+020
-008,+020
-008,+020
-008,+020
-008,+020
-008,+020
-008,+020
-008,+020
-008,+020
-008,+020
-008,+020
-008,+020
-008,+020
-008,+020
-008,+020
-006,+023
-005,+023
-005,+023
-005,+023
-005,+025
-005,+025
-005,+025
-005,+025
-005,+025
-005,+025
-005,+025
-005,+025
-005,+025
-005,+025
-004,+025
-004,+025
-004,+025
-004,+025
-004,+025
-004,+025
-004,+025
-004,+025
-004,+025
-004,+025
-004,+025
-004,+025
-004,+025
-004,+025
-004,+025
-004,+025
-004,+025
-004,+025
-004,+025
-004,+025
-004,+025
-004,+025
-004,+025
-004,+025
-004,+025
-004,+025
-004,+025
-004,+025
-004,+025
-004,+025
-004,+025
-004,+025
-004,+025
-004,+025
-004,+025
-004,+025
-004,+025
-004,+025
-004,+025
-004,+025
-004,+025
-004,+025
-004,+025
-004,+025
-004,+023
-004,+023
-004,+023
-004,+023
-007,+021
-005,+021
-004,+023
-004,+023
-004,+021
-004,+023
-004,+023
-007,+021
-005,+023
-004,+023
-007,+021
-005,+021
-004,+024
-004,+022
-004,+022
-004,+024
-004,+024
-004,+022
-004,+024
-004,+024
-004,+024
-004,+024
-004,+024
-004,+024
-004,+024
-004,+024
-004,+024
-004,+024
-004,+024
-004,+024
-004,+024
-004,+024
-004,+024
-004,+024
-004,+024
-004,+024
-004,+024
-004,+022
-004,+022
-004,+022
-004,+022
-004,+022
-004,+022
-004,+022
-004,+022
-004,+022
-004,+022
-004,+022
-004,+022
-004,+024
-004,+022
-004,+022
-004,+024
-004,+024
-004,+024
-004,+024
-004,+024
-004,+024
-004,+024
-004,+024
-004,+024
-004,+024
-004,+024
-004,+024
-004,+024
-004,+024
-004,+026
-004,+026
-004,+026
-004,+026
-004,+026
-004,+026
-004,+026
-004,+026
-004,+026
-004,+026
-004,+026
-004,+026
-004,+026
-004,+026
-004,+026
-004,+026
-004,+026
-004,+026
-004,+026
-004,+026
-004,+026
-004,+026
-004,+026
-004,+026
-004,+026
-004,+026
-004,+026
-004,+026
-004,+026
-004,+026
-004,+026
-004,+026
-004,+026
-004,+026
-004,+026
-004,+026
-004,+026
-004,+026
-004,+026
-004,+026
-004,+026
-004,+026
-004,+026
-004,+026
-004,+026
-004,+026
-004,+026
-004,+026
-004,+026
-004,+026
-004,+026
-004,+024
-004,+024
-004,+024
-004,+024
-004,+024
-004,+024
-004,+024
-007,+022
-005,+024
-005,+024
-005,+022
-005,+022
-005,+024
-008,+022
-008,+022
-005,+025
-005,+023
-008,+023
-005,+025
-005,+025
-005,+025
-005,+025
-005,+025
-005,+025
-005,+025
-005,+025
-005,+025
-005,+025
-005,+025
-005,+025
-005,+025
-005,+025
-005,+025
-005,+025
-005,+025
-004,+025
-004,+025
-004,+025
-004,+025
-004,+025
-004,+025
-004,+025
-004,+025
-004,+025
-004,+025
-004,+025
-004,+025
-004,+025
-004,+025
-004,+025
-004,+025
-004,+025
-004,+025
-007,+023
-005,+023
-005,+023
-005,+023
-005,+023
-005,+023
-005,+023
-005,+021
-005,+021
-005,+023
-005,+021
-005,+021
-005,+021
-005,+021
-005,+021
-005,+021
-005,+021
-005,+021
-005,+021
-005,+021
-005,+021
-005,+021
-005,+021
-005,+021
-005,+021
-005,+021
-005,+021
-005,+021
-005,+023
-004,+023
-004,+023
-004,+023
-004,+023
-004,+023
-004,+023
-003,+023
-003,+023
-003,+023
-003,+023
-003,+023
-003,+023
-003,+023
-003,+023
-003,+023
-003,+023
-003,+023
-003,+025
-003,+025
-003,+025
-003,+025
-003,+025
-003,+025
-003,+025
-003,+025
-003,+023
-003,+023
-003,+023
-003,+023
-003,+023
-003,+023
-003,+023
-003,+023
-003,+023
-003,+023
-003,+023
-003,+023
-003,+023
-003,+023
-003,+023
-003,+023
-003,+023
-003,+023
-002,+023
-002,+023
-002,+023
-002,+023
-002,+023
-002,+023
-002,+023
-002,+023
-002,+023
-002,+023
-002,+023
-002,+023
-002,+023
-002,+023
-002,+023
-002,+023
-002,+023
-002,+023
-002,+023
-002,+023
-002,+023
-002,+023
-002,+023
-002,+023
-002,+023
-002,+023
-002,+023
-002,+023
-002,+023
-002,+023
-002,+023
-002,+023
-002,+023
-002,+023
-002,+023
-002,+023
-002,+023
-002,+023
-002,+025
-002,+025
-002,+025
-002,+025
-002,+025
-001,+025
-001,+025
-001,+025
-001,+027
-000,+027
-000,+027
-000,+027
-000,+027
-000,+027
-000,+027
-000,+029
-000,+029
-000,+029
-001,+029
-001,+031
-001,+031
-001,+031
-001,+031
-001,+031
-001,+031
-001,+031
-001,+031
-001,+031
-001,+031
-001,+031
-001,+031
-001,+031
-001,+031
-001,+031
-001,+031
-001,+031
-001,+031
-002,+031
-001,+031
-001,+031
-001,+031
-001,+031
-001,+031
-001,+031
-001,+029
-001,+029
-001,+029
-001,+029
-001,+029
-001,+029
-001,+027
-001,+027
-001,+027
-001,+027
-001,+027
-001,+027
-001,+027
-001,+025
-001,+025
-001,+025
-001,+025
-001,+025
-001,+025
-001,+025
-001,+025
-001,+025
-001,+025
-001,+023
-001,+023
-001,+023
-001,+023
-001,+023
-001,+023
-001,+023
-001,+023
-001,+023
-001,+023
-001,+023
-001,+023
-001,+023
-001,+023
-001,+023
-001,+023
-001,+023
-001,+023
-001,+023
-001,+023
-001,+023
-001,+023
-001,+023
-001,+021
-001,+021
-001,+021
-004,+021
-004,+019
-004,+019
-004,+019
-004,+019
-004,+019
-004,+019
-004,+019
-004,+019
-004,+019
-004,+019
-004,+019
-004,+019
-004,+019
-004,+019
-004,+019
-004,+019
-004,+019
-004,+019
-004,+017
-004,+017
-004,+017
-004,+017
-004,+017
-004,+017
-004,+017
-004,+017
-004,+017
-004,+017
-004,+017
-004,+017
-004,+017
-004,+017
-004,+017
-004,+017
-004,+017
-004,+017
-003,+017
-003,+017
-003,+015
-003,+015
-003,+015
-003,+015
-003,+015
-003,+015
-003,+015
-003,+015
-003,+015
-003,+015
-003,+015
-003,+015
-003,+015
-003,+015
-003,+015
-003,+015
-003,+015
-003,+015
-003,+015
-003,+015
-003,+015
-003,+015
-003,+015
-003,+015
-002,+015
-002,+015
-002,+015
-002,+015
-002,+015
-002,+015
-002,+015
-002,+015
-002,+015
-000,+018
-001,+018
-001,+020
-002,+020
-002,+020
-002,+020
-002,+020
-002,+020
-002,+020
-002,+022
-002,+022
-002,+022
-002,+022
-002,+022
-002,+022
-002,+022
-002,+022
-003,+022
-003,+022
-003,+022
-003,+022
-003,+022
-003,+022
-003,+022
-003,+022
-003,+022
-003,+022
-003,+022
-003,+022
-003,+022
-003,+022
-003,+022
-003,+022
-003,+022
-003,+022
-003,+022
-003,+022
-003,+022
-003,+022
-003,+022
-003,+022
-003,+022
-003,+022
-003,+022
-003,+022
-003,+022
-003,+024
-003,+024
-003,+024
-003,+024
-003,+024
-003,+024
-003,+024
-003,+024
-003,+024
-003,+024
-003,+024
-003,+024
-003,+024
-003,+024
-003,+024
-003,+024
-003,+024
-003,+024
-003,+024
-003,+024
-003,+024
-003,+024
-003,+024
-003,+022
-003,+022
-003,+022
-003,+022
-003,+022
-003,+022
-003,+022
-003,+022
-003,+022
-003,+022
-003,+022
-003,+022
-003,+022
-003,+022
-003,+022
-003,+022
-003,+022
-003,+022
-003,+024
-003,+024
-003,+024
-003,+024
-003,+024
-003,+024
-003,+024
-004,+024
-004,+024
-004,+024
-004,+024
-004,+024
-004,+024
-004,+024
-004,+024
-004,+024
-004,+024
-004,+024
-004,+024
-004,+024
-004,+024
-004,+024
-004,+024
-004,+024
-004,+024
-004,+024
-004,+024
-004,+024
-004,+024
-004,+024
-004,+024
-004,+024
-004,+024
-004,+024
-004,+024
-004,+024
-004,+024
-004,+024
-004,+024
-004,+024
-004,+024
-004,+024
-004,+024
-004,+024
-004,+022
-004,+022
-004,+022
-004,+022
-004,+022
-004,+022
-004,+022
-004,+022
-004,+020
-004,+020
-004,+020
-004,+020
-004,+020
-004,+020
-004,+020
-004,+020
-004,+020
-004,+020
-004,+020
-004,+020
-004,+018
-004,+018
-004,+018
-004,+018
-004,+018
-001,+018
-003,+018
-003,+015
-000,+015
-001,+015
-001,+015
-001,+015
-001,+015
-001,+013
-001,+013
-001,+013
-001,+013
-001,+013
-001,+013
-001,+013
-001,+013
-001,+013
-001,+013
-001,+013
-001,+013
-001,+013
-001,+013
-001,+013
-001,+013
-001,+013
-001,+013
-001,+013
-001,+013
-001,+013
-002,+013
-002,+013
-002,+013
-002,+013
-002,+013
-002,+011
-002,+011
-002,+011
-002,+011
-002,+011
-003,+011
-003,+011
-003,+011
-003,+011
-003,+011
-003,+011
-003,+011
-003,+011
-003,+011
-003,+011
-004,+011
-004,+011
-004,+011
-004,+011
-004,+011
-004,+009
-004,+009
-004,+009
-004,+009
-004,+009
-004,+009
-004,+009
-004,+009
-004,+009
-004,+009
-004,+009
-004,+009
-004,+009
-004,+009
-004,+009
-004,+009
-005,+011
-006,+013
-006,+013
-006,+013
-007,+013
-007,+015
-007,+015
-007,+015
-007,+015
-007,+015
-007,+015
-007,+015
-007,+015
-007,+015
-007,+015
-007,+017
-007,+017
-007,+017
-007,+017
-007,+017
-007,+017
-008,+017
-008,+017
-008,+017
-008,+017
-008,+017
-008,+017
-008,+017
-008,+017
-008,+017
-008,+017
-008,+017
-008,+017
-008,+017
-008,+017
-008,+017
-008,+017
-008,+017
-008,+017
-008,+017
-008,+017
-008,+017
-008,+017
-008,+017
-008,+017
-008,+017
-008,+017
-008,+017
-008,+017
-008,+017
-008,+017
-008,+017
-008,+015
-008,+015
-008,+015
-005,+015
-005,+015
-005,+015
-005,+015
-005,+015
-005,+015
-005,+015
-005,+012
-005,+012
-005,+012
-005,+012
-005,+012
-005,+012
-005,+012
-005,+012
-005,+012
-005,+012
-005,+012
-005,+012
-005,+012
-005,+010
-005,+010
-005,+010
-005,+010
-005,+010
-005,+010
-005,+010
-005,+010
-005,+010
-005,+010
-005,+008
-005,+008
-005,+008
-005,+008
-005,+008
-005,+008
-005,+008
-005,+008
-005,+008
-005,+008
-005,+008
-005,+008
-005,+008
-005,+008
-005,+008
-005,+008
-005,+008
-005,+008
-005,+008
-005,+008
-005,+008
-005,+008
-005,+008
-005,+008
-005,+008
-005,+008
-005,+008
-005,+008
-005,+008
-005,+008
-005,+008
-005,+008
-005,+008
-005,+008
-005,+008
-005,+008
-005,+008
-005,+008
-005,+008
-005,+008
-005,+008
-005,+008
-005,+008
-005,+008
-005,+008
-005,+008
-005,+008
-005,+008
-005,+010
-005,+010
-005,+010
-005,+010
-006,+013
-006,+013
-006,+013
-006,+015
-006,+015
-007,+015
-007,+015
-007,+017
-007,+017
-007,+017
-007,+017
-007,+019
-007,+019
-007,+019
-007,+019
-007,+019
-007,+021
-007,+021
-007,+021
-007,+021
-007,+021
-007,+021
COP Area(S): 000546
COP Area(R): 001742