+000,+000
+003,+001
+003,+001
+005,+001
+005,+003
+005,+003
+005,+003
+005,+003
+005,+003
+005,+003
+005,+001
+005,+001
+003,+001
+003,+001
+003,+001
+001,+003
+001,+005
+001,+005
+001,+005
+001,+007
+001,+007
+001,+009
+001,+009
+001,+011
+001,+011
+001,+011
+001,+013
+001,+013
+001,+013
+001,+015
+001,+015
+001,+015
+003,+015
+003,+017
+003,+017
+005,+017
+005,+017
+005,+017
+007,+017
+007,+015
+007,+015
+009,+015
+009,+013
+009,+013
+009,+011
+011,+009
+011,+009
+011,+009
+011,+005
+011,+005
+011,+005
+011,+005
+013,+003
+013,+003
+013,+003
+013,+003
+013,+003
+013,+003
+015,+005
+015,+005
+015,+005
+015,+005
+015,+007
+015,+007
+015,+007
+015,+007
+015,+009
+015,+009
+015,+009
+015,+009
+015,+009
+015,+011
+015,+011
+015,+011
+015,+011
+015,+011
+015,+011
+015,+011
+015,+011
+015,+011
+013,+011
+013,+009
+013,+009
+011,+009
+011,+009
+011,+009
+011,+009
+009,+011
+009,+011
+009,+011
+009,+011
+009,+011
+009,+011
+009,+011
+009,+009
+009,+009
+009,+009
+009,+009
+009,+007
+009,+007
+009,+007
+009,+007
+009,+007
+007,+007
+007,+005
+007,+005
+007,+005
+007,+005
+007,+005
+007,+005
+007,+005
+007,+005
+007,+005
+007,+005
+007,+007
+004,+009
+004,+009
+004,+009
+002,+009
+002,+011
+002,+011
+000,+011
+000,+013
+002,+013
+002,+013
+002,+013
+002,+013
+004,+013
+004,+013
+004,+013
+004,+013
+004,+013
+004,+013
+004,+013
+004,+013
+004,+013
+004,+013
+004,+013
+004,+013
+002,+013
+002,+013
+002,+013
+002,+013
+000,+013
+000,+013
+000,+013
+000,+013
+002,+011
+002,+011
+002,+011
+002,+009
+002,+009
+002,+009
+002,+009
+002,+009
+002,+007
+002,+007
+002,+007
+002,+007
+002,+007
+002,+007
+002,+007
+002,+007
+002,+007
+002,+007
+002,+007
+002,+007
+002,+007
+002,+007
+002,+007
+002,+007
+002,+007
+002,+007
+004,+010
+004,+010
+004,+012
+004,+012
+004,+014
+004,+014
+004,+014
+004,+016
+004,+016
+004,+016
+004,+016
+004,+016
+004,+016
+004,+016
+004,+016
+004,+016
+004,+016
+004,+016
+004,+016
+004,+016
+004,+014
+004,+014
+004,+012
+004,+012
+004,+012
+004,+012
+004,+012
+002,+010
+002,+010
+002,+010
+002,+010
+002,+010
+002,+010
+002,+010
+002,+010
+002,+010
+002,+010
+002,+010
+002,+010
+002,+010
+002,+010
+002,+010
+000,+010
+000,+010
+000,+010
+000,+010
+000,+010
+000,+010
+000,+010
+000,+010
+000,+010
+002,+008
+002,+008
+002,+008
+002,+006
+002,+006
+002,+006
+002,+004
+002,+004
+002,+002
+002,+002
+002,+002
+002,+000
+002,+000
+002,+004
+002,+004
+002,+006
+002,+006
+002,+009
+002,+011
+002,+013
+002,+013
+002,+013
+002,+015
+002,+015
+000,+015
+000,+015
+000,+015
+000,+015
+000,+013
+000,+013
+000,+013
+000,+011
+002,+011
+002,+011
+002,+011
+002,+009
+002,+009
+002,+009
+002,+009
+002,+007
+002,+007
+002,+007
+004,+007
+004,+007
+004,+007
+006,+007
+006,+007
+006,+007
+006,+007
+006,+007
+006,+007
+006,+007
+006,+005
+006,+005
+004,+005
+004,+003
+004,+003
+004,+000
+004,+000
+004,+002
+002,+002
+002,+004
+002,+004
+002,+004
+002,+006
+002,+006
+002,+008
+002,+008
+002,+008
+002,+008
+000,+008
+000,+008
+002,+008
+002,+008
+002,+008
+002,+008
+002,+008
+004,+010
+004,+010
+004,+010
+004,+010
+004,+010
+006,+010
+006,+010
+006,+010
-007,+010
-007,+010
-007,+010
-008,+010
-008,+012
-009,+012
-009,+012
-009,+012
-009,+012
-009,+012
-009,+012
-009,+012
-009,+012
-009,+012
-009,+012
-009,+012
-009,+012
-009,+012
-010,+012
-010,+012
-011,+012
-011,+012
-012,+012
-012,+012
-012,+012
-013,+012
-013,+014
-014,+016
-015,+016
-015,+016
-017,+018
-017,+018
-018,+020
-019,+020
-019,+020
-020,+022
-020,+022
-022,+022
-022,+022
-022,+024
-023,+024
-023,+024
-023,+024
-023,+024
-024,+024
-024,+024
-024,+024
-024,+024
-024,+024
-024,+024
-024,+024
-024,+022
-021,+022
-021,+022
-021,+020
-021,+020
-021,+020
-018,+020
-018,+020
-018,+020
-018,+020
-018,+020
-018,+020
-015,+020
-015,+020
-015,+020
-015,+020
-015,+020
-015,+020
-015,+020
-015,+020
-015,+020
-015,+020
-015,+020
-015,+020
-015,+020
-015,+018
-015,+018
-015,+018
-015,+018
-015,+016
-015,+016
-015,+016
-015,+016
-015,+016
-015,+016
-015,+016
-015,+016
-015,+016
-016,+016
-016,+016
-017,+018
-017,+018
-017,+018
-017,+018
-017,+018
-017,+018
-017,+018
-017,+018
-017,+018
-017,+020
-017,+020
-017,+020
-017,+020
-017,+020
-017,+020
-014,+022
-014,+022
-014,+022
-014,+022
-014,+022
-014,+022
-014,+022
-014,+022
-014,+022
-014,+022
-011,+022
-012,+020
-012,+020
-012,+020
-012,+020
-012,+020
-012,+020
-012,+020
-012,+020
-012,+020
-012,+020
-012,+018
-012,+018
-012,+016
-012,+016
-012,+016
-012,+016
-012,+014
-012,+014
-012,+012
-012,+012
-012,+012
-012,+012
-012,+012
-012,+010
-012,+010
-009,+010
-009,+008
-009,+008
-009,+008
-009,+006
-009,+006
-009,+004
-009,+004
+006,+002
+006,+002
+006,+002
+006,+000
+006,+000
+006,+000
+006,+000
+006,+000
+006,+000
+006,+000
+006,+000
+006,+000
+006,+000
+006,+000
+004,+000
+004,+000
+004,+000
+004,+002
+004,+002
+004,+002
+004,+002
+004,+002
+004,+002
+004,+002
+004,+002
+004,+000
+004,+000
+004,+000
+004,+000
+004,+000
+004,+000
+004,+000
+004,+002
+004,+002
+004,+002
+004,+002
+004,+002
+004,+002
+004,+002
+004,+002
+004,+000
+004,+000
+004,+000
+004,+000
+004,+002
+004,+002
+004,+002
+004,+002
+004,+002
+002,+002
+002,+002
+002,+004
+002,+004
+002,+004
+002,+004
+002,+004
+002,+004
+002,+004
+002,+002
+002,+002
+002,+002
+002,+002
+002,+002
+002,+002
+002,+002
+002,+002
+002,+002
+002,+002
+002,+002
+004,+002
+004,+004
+004,+006
+004,+006
+004,+008
+004,+008
+004,+010
+004,+010
+004,+012
+004,+012
+004,+014
+004,+016
+004,+016
+004,+018
+004,+018
+004,+018
+004,+020
+004,+020
+004,+020
+004,+020
+002,+020
+002,+020
+002,+020
+002,+020
+002,+020
+002,+018
+002,+018
+002,+016
+002,+016
+002,+016
+002,+014
+002,+014
+002,+012
+002,+012
+002,+010
+002,+010
+002,+008
+002,+008
+002,+008
+000,+008
+000,+006
+000,+006
+000,+006
+000,+006
+000,+006
+000,+006
+000,+006
+000,+006
+000,+006
+000,+006
+000,+006
+000,+006
+000,+006
+000,+006
+000,+006
+000,+006
+000,+006
+002,+006
+002,+006
+002,+006
+002,+006
+002,+006
+002,+006
+002,+006
+002,+006
+002,+006
+000,+006
+000,+006
+000,+006
+000,+006
+002,+006
+002,+008
+002,+008
+004,+008
+004,+008
+004,+008
+004,+008
+004,+008
+006,+008
+006,+008
+006,+008
+006,+008
+006,+008
+006,+008
+006,+008
+006,+008
+006,+008
+006,+008
+006,+008
+006,+008
+006,+008
+006,+008
+006,+008
+006,+008
+006,+008
+006,+008
+006,+008
+006,+008
+006,+008
+006,+008
+006,+008
+006,+008
+006,+008
+006,+008
-007,+008
-008,+010
-008,+010
-009,+010
-009,+010
-010,+010
-010,+010
-011,+010
-011,+010
-011,+010
-011,+010
-011,+010
-012,+010
-012,+010
-012,+010
-012,+010
-012,+010
-013,+010
-013,+010
-013,+010
-014,+010
-014,+010
-014,+010
-014,+010
-014,+010
-014,+008
-014,+008
-014,+008
-014,+008
-014,+008
-014,+008
-014,+008
-014,+006
-014,+006
-014,+006
-014,+004
-014,+004
-014,+004
-014,+004
-014,+004
-014,+002
-014,+002
-014,+002
-014,+002
-014,+002
-014,+002
-014,+002
-014,+002
-014,+002
-011,+002
-011,+002
-011,+002
-011,+002
-011,+002
-011,+002
-011,+002
-011,+002
-011,+002
-011,+002
-011,+002
-011,+002
-011,+002
-011,+002
-011,+002
-011,+002
-011,+002
-011,+002
-011,+002
-012,+002
-012,+002
-013,+002
-013,+002
-014,+002
-014,+004
-015,+004
-015,+004
-015,+004
-016,+004
-016,+004
-016,+004
-016,+004
-017,+004
-017,+004
-017,+004
-017,+004
-017,+004
-017,+004
-017,+004
-017,+004
-017,+004
-017,+004
-017,+004
-017,+004
-014,+004
-014,+004
-014,+004
-014,+006
-014,+006
-014,+006
-011,+006
-011,+006
-011,+006
-011,+006
-011,+006
-008,+006
-008,+006
-008,+006
-008,+006
-008,+006
-008,+004
-008,+004
-008,+006
-008,+006
-008,+006
-008,+006
-008,+006
+006,+006
+006,+006
+006,+006
+006,+006
+006,+006
+006,+008
+006,+008
+003,+008
+003,+010
+003,+010
+003,+012
+001,+014
+001,+014
+001,+016
+001,+016
+001,+018
+001,+020
+001,+020
+001,+022
+001,+022
+001,+022
+001,+024
+001,+024
+001,+026
+001,+026
+001,+026
+001,+026
+001,+028
+001,+028
+001,+028
+001,+028
+001,+028
+001,+028
+001,+028
+001,+028
+003,+025
+003,+025
+005,+023
+005,+023
+005,+020
+006,+020
-007,+018
-007,+016
-008,+014
-008,+014
-009,+011
-009,+009
-009,+009
-009,+007
-009,+007
-009,+004
-009,+004
-009,+004
-009,+002
-009,+002
+006,+002
+006,+002
+006,+002
+006,+002
+006,+002
+004,+004
+004,+004
+004,+004
+002,+004
+002,+004
+002,+004
+000,+004
+000,+004
+000,+004
+000,+004
+000,+004
+000,+004
+000,+002
+000,+002
+000,+002
+000,+002
+000,+002
+000,+002
+000,+002
+000,+000
+000,+000
+000,+000
+002,+000
+002,+000
+002,+000
+002,+000
+002,+000
+002,+000
+002,+000
+002,+000
+002,+000
+002,+000
+002,+000
+002,+000
+002,+000
+000,+000
+000,+000
+000,+002
+000,+002
+000,+002
+002,+002
+002,+002
+002,+002
+002,+004
+002,+004
+002,+004
+002,+004
+002,+004
+002,+004
+002,+004
+002,+004
+002,+004
+002,+004
+002,+004
+002,+004
+002,+004
+002,+002
+000,+002
+000,+002
+000,+001
+000,+001
+000,+003
+000,+003
+000,+003
+000,+003
+002,+005
+002,+005
+002,+005
+002,+007
+002,+007
+002,+007
+002,+009
+002,+009
+002,+011
+002,+011
+002,+013
+002,+013
+002,+013
+002,+015
+002,+015
+002,+015
+002,+017
+002,+017
+002,+017
+002,+019
+002,+019
+002,+019
+002,+021
+002,+021
+002,+021
+002,+023
+002,+023
+002,+023
+002,+023
+002,+023
+002,+023
+002,+023
+002,+023
+002,+023
+002,+023
+002,+023
+002,+023
+002,+023
+002,+023
+002,+023
+002,+023
+002,+023
+004,+023
+004,+023
+004,+023
+004,+023
+004,+023
+002,+025
+002,+025
+002,+025
+002,+025
+002,+027
+000,+027
+000,+027
+000,+029
+000,+029
+000,+029
+000,+031
+002,+031
+002,+033
+002,+033
+002,+033
+002,+033
+002,+033
+002,+033
+000,+033
+000,+033
+000,+033
+000,+033
+002,+035
+002,+035
+002,+035
+002,+035
+002,+035
+002,+035
+004,+033
+004,+033
+004,+033
+004,+033
+004,+033
+004,+033
+004,+033
+004,+033
+004,+033
+004,+033
+004,+033
+004,+033
+004,+033
+004,+033
+002,+031
+002,+031
+002,+031
+002,+031
+002,+031
+002,+029
+002,+029
+000,+029
+000,+027
+000,+027
+000,+027
+000,+025
+000,+025
+000,+025
+000,+023
+000,+023
+000,+021
+002,+021
+002,+021
+002,+019
+004,+019
+004,+019
+006,+019
+006,+019
-008,+019
-009,+019
-009,+019
-011,+019
-012,+019
-012,+019
-013,+019
-014,+019
-015,+019
-016,+019
-016,+019
-016,+019
-017,+019
-017,+019
-017,+017
-017,+017
-017,+017
-017,+017
-017,+017
-017,+017
-017,+015
-017,+015
-017,+015
-017,+015
-017,+013
-017,+013
-017,+013
-017,+013
-014,+011
-014,+011
-014,+011
-014,+011
-014,+011
-014,+011
-014,+009
-014,+009
-014,+007
-014,+007
-014,+007
-014,+007
-014,+007
-014,+007
-014,+005
-014,+005
-014,+005
-014,+005
-014,+005
-014,+005
-014,+003
-014,+003
-015,+003
-015,+003
-015,+003
-016,+003
-016,+003
-016,+003
-016,+005
-016,+005
-016,+005
-016,+005
-016,+005
-016,+005
-016,+005
-017,+005
-017,+005
-018,+007
-018,+007
-019,+009
-019,+009
-019,+011
-020,+011
-020,+013
-021,+013
-021,+015
-021,+015
-021,+015
-022,+017
-022,+017
-022,+017
-022,+017
-022,+017
-022,+017
-022,+017
-023,+017
-023,+017
-023,+017
-023,+017
-023,+017
-023,+017
-020,+017
-020,+017
-020,+017
-020,+017
-020,+017
-017,+017
-017,+015
-017,+015
-017,+015
-014,+015
-014,+013
-014,+013
-014,+013
-011,+013
-011,+013
-011,+011
-008,+011
-008,+011
-008,+011
-008,+011
+006,+011
+006,+011
+004,+011
+004,+011
+004,+011
+004,+011
+004,+011
+004,+011
+004,+013
+004,+013
+004,+013
+004,+013
+004,+013
+006,+013
+006,+015
+006,+015
-007,+015
-008,+015
-009,+015
-009,+015
-010,+017
-011,+017
-011,+017
-012,+017
-013,+017
-013,+017
-014,+017
-014,+017
-015,+017
-015,+017
-015,+017
-015,+017
-015,+017
-015,+017
-015,+017
-015,+017
-015,+015
-015,+015
-015,+015
-015,+013
-015,+013
-015,+013
-015,+011
-015,+011
-012,+011
-012,+009
-012,+009
-012,+009
-012,+009
-012,+009
-012,+007
-009,+007
-009,+007
-009,+005
-009,+005
-009,+005
-009,+005
-009,+005
-009,+005
+006,+005
+006,+005
+006,+005
+006,+005
+006,+005
+006,+005
+006,+005
+006,+005
+006,+007
-007,+007
-007,+007
-007,+009
-008,+009
-008,+009
-009,+009
-010,+011
-010,+011
-010,+011
-011,+011
-012,+011
-013,+011
-013,+011
-014,+011
-014,+011
-014,+011
-014,+011
-014,+011
-014,+009
-014,+009
-014,+009
-014,+009
-014,+009
-014,+009
-014,+009
-014,+009
-014,+009
-014,+011
-011,+011
-011,+011
-011,+011
-011,+011
-011,+011
-011,+011
-011,+011
-011,+011
-011,+013
-008,+013
-008,+013
-008,+013
-008,+013
-008,+013
-008,+015
-009,+015
-009,+015
-009,+015
-009,+015
-009,+015
-010,+015
-010,+015
-010,+015
-010,+015
-010,+015
-011,+015
-011,+015
-011,+015
-011,+017
-011,+017
-011,+017
-011,+017
-011,+017
-011,+019
-011,+019
-011,+019
-011,+019
-011,+019
-008,+019
-008,+019
-008,+019
-008,+019
-008,+019
-008,+019
-008,+019
-008,+017
+006,+017
+006,+017
+006,+017
+006,+017
+004,+015
+004,+015
+004,+015
+004,+015
+004,+015
+004,+013
+004,+013
+004,+013
+004,+011
+004,+011
+004,+011
+004,+011
+004,+011
+004,+009
+004,+009
+004,+009
+004,+009
+004,+007
+004,+007
+004,+007
+004,+007
+004,+007
+004,+007
+004,+007
+004,+007
+004,+007
+004,+007
+004,+007
+004,+007
+004,+007
+004,+007
+004,+009
+004,+009
+004,+009
+004,+009
+004,+009
+004,+009
+004,+009
+006,+009
+006,+009
+006,+011
-007,+011
-008,+011
-008,+011
-009,+011
-010,+011
-010,+011
-011,+011
-012,+011
-012,+011
-012,+011
-013,+011
-014,+011
-014,+011
-015,+009
-015,+009
-015,+009
-015,+009
-015,+007
-015,+007
-015,+005
-015,+005
-016,+005
-016,+003
-016,+003
-016,+003
-016,+001
-016,+001
-017,+001
-017,+001
-017,+001
-017,+001
-017,+001
-017,+001
-017,+003
-017,+003
-018,+003
-018,+006
-018,+006
-018,+006
-018,+006
-018,+008
-018,+008
-018,+010
-015,+010
-015,+010
-015,+012
-015,+012
-015,+014
-012,+014
-012,+014
-012,+014
-012,+016
-012,+016
-009,+018
-009,+018
-009,+018
-009,+018
-009,+018
-009,+018
-009,+018
-009,+018
-009,+018
-009,+018
-009,+018
-009,+018
-009,+016
-009,+016
-009,+016
-009,+016
-009,+014
-009,+014
-009,+014
-009,+014
-009,+014
-009,+014
-009,+014
+006,+014
+006,+016
+006,+016
+006,+016
+006,+016
+006,+018
+006,+018
+006,+018
+006,+018
+006,+018
+006,+018
-007,+018
-007,+018
-007,+018
-008,+018
-008,+016
-009,+016
-009,+016
-010,+016
-010,+016
-011,+016
-012,+016
-012,+016
-013,+016
-014,+016
-014,+016
-015,+016
-016,+016
-016,+016
-016,+016
-017,+016
-017,+016
-017,+016
-018,+016
-018,+016
-018,+016
-018,+016
-018,+016
-018,+016
-018,+016
-018,+016
-018,+016
-018,+016
-018,+016
-018,+016
-018,+016
-018,+016
-018,+016
-018,+016
-018,+014
-018,+014
-018,+014
-018,+014
-018,+012
-018,+012
-018,+012
-018,+012
-019,+012
-019,+012
-019,+012
-019,+012
-020,+012
-020,+012
-020,+012
-020,+012
-020,+012
-020,+012
-020,+012
-020,+012
-020,+012
-020,+012
-020,+012
-020,+012
-020,+012
-020,+012
-017,+012
-017,+012
-017,+012
-017,+012
-017,+012
-017,+010
-017,+010
-017,+010
-017,+010
-017,+010
-017,+008
-017,+008
-017,+008
-017,+008
-017,+006
-017,+006
-017,+006
-017,+004
-017,+004
-017,+002
-017,+002
-017,+002
-017,+000
-017,+000
-014,+002
-015,+002
-016,+004
-016,+004
-016,+004
-016,+006
-017,+006
-017,+006
-017,+006
-017,+008
-017,+008
-017,+008
-017,+008
-017,+008
-017,+008
-017,+008
-017,+008
-017,+008
-017,+008
-017,+008
-017,+008
-017,+008
-017,+006
-017,+006
-014,+006
-014,+004
-014,+004
-014,+004
-014,+004
-014,+004
-014,+002
-014,+002
-014,+000
-014,+000
-014,+000
-014,+000
-014,+002
-014,+002
-014,+004
-014,+004
-014,+006
-015,+006
-015,+008
-015,+008
-015,+008
-015,+010
-015,+010
-015,+010
-015,+010
-012,+010
-012,+010
-012,+010
-012,+010
-012,+010
-012,+010
-012,+010
-012,+010
-012,+010
-012,+010
-012,+010
-009,+010
-009,+008
-009,+008
-009,+008
-009,+008
-010,+008
-010,+006
-010,+006
-011,+006
-012,+006
-012,+008
-012,+008
-013,+008
-013,+008
-013,+008
-013,+011
-013,+011
-013,+011
-013,+013
-013,+013
-013,+013
-013,+013
-014,+013
-014,+013
-014,+013
-014,+013
-014,+013
-014,+013
-014,+013
-014,+013
-011,+013
-011,+013
-011,+013
-011,+011
-011,+011
-011,+011
-011,+009
-008,+009
-008,+009
-008,+007
-008,+007
-008,+005
-008,+005
-008,+003
-008,+003
-008,+001
-008,+001
+006,+001
+006,+003
+006,+003
+006,+003
+006,+003
+004,+003
+004,+005
+004,+005
+004,+005
+004,+005
+004,+005
+004,+005
+004,+003
+002,+003
+002,+003
+002,+001
+002,+001
+002,+001
+004,+001
+004,+001
+004,+003
+004,+003
+006,+005
+006,+005
+006,+007
-007,+009
-007,+009
-008,+012
-009,+012
-010,+014
-010,+014
-011,+017
-012,+017
-012,+019
-012,+019
-013,+021
-013,+021
-013,+021
-013,+021
-013,+021
-013,+021
-013,+021
-013,+021
-013,+021
-013,+021
-013,+021
-013,+019
-013,+019
-013,+019
-010,+019
-010,+017
-010,+017
-010,+017
-010,+017
-010,+015
-010,+015
-010,+015
-010,+015
-010,+015
-010,+015
-010,+015
-011,+017
-011,+017
-011,+020
-012,+020
-012,+022
-012,+022
-013,+024
-013,+026
-014,+026
-014,+026
-015,+029
-015,+029
-015,+029
-015,+029
-016,+031
-016,+031
-016,+031
-016,+031
-016,+031
-016,+031
-016,+031
-016,+031
-016,+031
-016,+031
-016,+031
-013,+031
-013,+031
-013,+029
-013,+029
-010,+029
-010,+029
-010,+027
-010,+027
-010,+025
-010,+025
-010,+025
-007,+025
-007,+025
-007,+025
-007,+025
-007,+025
-007,+025
-007,+025
-007,+025
-007,+025
-007,+025
-007,+025
-008,+025
-008,+025
-008,+025
-008,+025
-008,+025
-008,+025
-008,+025
-008,+025
-008,+025
-008,+025
-008,+025
-008,+025
-008,+025
-008,+025
+006,+025
+006,+025
+006,+025
+004,+025
+004,+025
+004,+025
+004,+025
+002,+025
+002,+025
+002,+025
+000,+025
+000,+025
+000,+025
+000,+025
+002,+025
+002,+025
+002,+025
+002,+025
+004,+025
+004,+025
+004,+023
+004,+023
+004,+023
+004,+023
+004,+023
+004,+021
+004,+021
+004,+021
+004,+021
+004,+021
+004,+021
+004,+021
+004,+021
+004,+023
+004,+023
+004,+023
+004,+023
+006,+023
+006,+026
+006,+026
+006,+026
+006,+026
+006,+026
+006,+028
+006,+028
+006,+028
+006,+028
+006,+028
+006,+028
+006,+028
+006,+028
+006,+025
+006,+025
+006,+025
+004,+023
+004,+023
+004,+023
+004,+023
+004,+021
+004,+021
+004,+019
+004,+019
+004,+017
+004,+017
+004,+015
+004,+015
+004,+013
+004,+013
+004,+013
+004,+013
+004,+013
+004,+011
+004,+011
+004,+011
+004,+011
+004,+011
+002,+011
+002,+011
+002,+011
+000,+011
+000,+011
+000,+011
+002,+011
+002,+009
+002,+009
+004,+009
+004,+009
+004,+009
+006,+009
+006,+009
+006,+009
-007,+009
-007,+009
-008,+009
-008,+009
-008,+007
-008,+007
-008,+007
-008,+007
-008,+007
-008,+007
-008,+005
-008,+005
-008,+005
-008,+005
-008,+005
-008,+005
-008,+005
+006,+005
+006,+005
+006,+005
+006,+005
+006,+003
+006,+003
+006,+003
+004,+003
+004,+003
+004,+003
+004,+001
+004,+001
+006,+001
+006,+001
+006,+001
+006,+001
+006,+001
+006,+001
+006,+001
+006,+001
+006,+001
+006,+003
+006,+003
+006,+003
+006,+005
+006,+005
+006,+007
+006,+007
+006,+009
+006,+009
+004,+009
+004,+009
+004,+011
+004,+011
+004,+011
+004,+011
+004,+011
+002,+011
+002,+011
+002,+011
+002,+013
+002,+013
+002,+013
+002,+013
+002,+013
+002,+013
+002,+013
+002,+013
+002,+013
+002,+013
+002,+011
+004,+011
+004,+011
+004,+011
+004,+013
+004,+013
+004,+013
+004,+015
+004,+015
+006,+015
+006,+015
+006,+017
+006,+017
+006,+017
+006,+017
+006,+017
+006,+017
+006,+019
+006,+019
+006,+019
+006,+021
+006,+021
+006,+021
+004,+021
+004,+023
+004,+023
+004,+023
+004,+023
+004,+023
+004,+023
+006,+023
+006,+023
+006,+023
-007,+023
-008,+023
-009,+023
-009,+023
-010,+023
-011,+023
-011,+023
-011,+023
-012,+023
-012,+021
-012,+021
-013,+021
-014,+021
-014,+021
-014,+019
-014,+019
-014,+019
-014,+019
-014,+019
-014,+019
-014,+019
-014,+019
-014,+019
-014,+019
-014,+019
-014,+019
-011,+019
-011,+019
-011,+019
-011,+019
-008,+019
-008,+017
-008,+017
-008,+017
-008,+015
-008,+015
+006,+015
+006,+013
+006,+013
+006,+013
+004,+010
+004,+010
+004,+010
+004,+008
+004,+008
+004,+006
+004,+006
+004,+004
+004,+004
+004,+004
+004,+004
+004,+004
+006,+004
+006,+004
+006,+006
-008,+006
-008,+008
-008,+008
-009,+010
-010,+010
-011,+010
-011,+012
-012,+012
-013,+014
-013,+014
-014,+014
-015,+016
-015,+016
-016,+016
-016,+016
-017,+018
-017,+018
-018,+018
-019,+018
-019,+018
-020,+018
-020,+018
-020,+018
-020,+018
-021,+018
-021,+018
-021,+018
-021,+018
-021,+018
-021,+018
-021,+018
-021,+018
-021,+018
-021,+018
-018,+016
-019,+016
-019,+016
-019,+016
-019,+014
-019,+014
-019,+014
-019,+014
-019,+014
-019,+014
-019,+014
-019,+014
-019,+012
-019,+012
-019,+012
-019,+012
-019,+012
-020,+012
-020,+012
-020,+012
-020,+012
-020,+012
-020,+014
-020,+014
-020,+016
-020,+016
-020,+016
-020,+016
-020,+018
-020,+018
-020,+018
-020,+018
-020,+018
-020,+018
-017,+018
-017,+018
-017,+018
-017,+018
-017,+018
-017,+018
-014,+018
-014,+018
-014,+016
-014,+016
-014,+016
-014,+016
-014,+016
-014,+016
-014,+016
-014,+016
-014,+018
-014,+018
-014,+018
-014,+018
-014,+020
-014,+020
-014,+020
-014,+020
-014,+020
-014,+020
-014,+020
-014,+020
-014,+020
-014,+020
-014,+020
-014,+020
-014,+020
-014,+018
-011,+018
-011,+018
-011,+018
-011,+018
-011,+018
-011,+018
-008,+018
-008,+018
-008,+018
-008,+018
-008,+018
-008,+018
+006,+016
+006,+016
+006,+016
+004,+016
+004,+016
+004,+014
+002,+014
+002,+014
+002,+014
+002,+012
+002,+012
+001,+012
+001,+012
+001,+012
+001,+010
+001,+010
+001,+010
+001,+010
+001,+010
+001,+010
+001,+010
+001,+010
+001,+010
+003,+010
+003,+010
+003,+010
+003,+010
+003,+010
+003,+010
+003,+010
+005,+010
+005,+010
+005,+010
+005,+010
+005,+008
+005,+008
+005,+008
+005,+008
+005,+008
+005,+008
+003,+008
+003,+008
+003,+008
+003,+010
+001,+010
+001,+010
+001,+010
+001,+010
+001,+010
+001,+010
+001,+010
+001,+010
+001,+008
+001,+008
+001,+008
+003,+008
+003,+008
+003,+006
+003,+006
+003,+006
+003,+006
+003,+006
+003,+006
+003,+006
+003,+006
+003,+006
+003,+006
+003,+008
+003,+008
+003,+008
+003,+008
+003,+008
+003,+010
+003,+010
+003,+012
+003,+012
+003,+014
+003,+014
+003,+014
+003,+017
+003,+017
+003,+017
+003,+019
+003,+019
+003,+019
+005,+019
+005,+021
+005,+021
+005,+021
+005,+021
+005,+023
+005,+023
+005,+023
+005,+023
+005,+023
+005,+023
+005,+023
+005,+023
+005,+025
+005,+025
+005,+025
+005,+025
+005,+025
+005,+027
+005,+027
+005,+027
+005,+027
+005,+027
+003,+027
+003,+027
+003,+027
+001,+027
+001,+029
+001,+029
+001,+029
+001,+029
+004,+029
+004,+029
+004,+029
+006,+031
+006,+031
-007,+031
-008,+031
-009,+031
-009,+031
-010,+031
-011,+031
-011,+031
-012,+033
-013,+033
-013,+033
-013,+033
-013,+033
-013,+033
-013,+033
-013,+033
-013,+033
-013,+033
-013,+033
-014,+033
-014,+033
-014,+033
-014,+033
-014,+033
-014,+033
-014,+031
-014,+031
-014,+031
-014,+031
-014,+031
-014,+029
-014,+029
-011,+029
-012,+029
-012,+027
-012,+027
-012,+027
-012,+027
-012,+027
-012,+027
-012,+027
-012,+027
-012,+029
-012,+029
-012,+029
-013,+029
-013,+029
-013,+029
-013,+029
-013,+031
-013,+031
-013,+031
-013,+031
-013,+033
-013,+033
-013,+033
-013,+033
-013,+033
-013,+033
-013,+035
-013,+035
-013,+035
-013,+035
-013,+035
-013,+035
-013,+035
-013,+035
-013,+035
-013,+035
-013,+035
-014,+035
-014,+035
-015,+033
-015,+033
-016,+033
-016,+033
-017,+033
-017,+033
-018,+033
-018,+033
-019,+033
-019,+031
-020,+031
-020,+031
-021,+029
-022,+029
-022,+029
-023,+029
-023,+027
-024,+027
-024,+025
-024,+025
-024,+023
-024,+023
-024,+023
-024,+021
-024,+021
-024,+021
-024,+019
-024,+019
-024,+019
-024,+017
-024,+017
-024,+017
-024,+017
-024,+017
-024,+017
-024,+017
-024,+017
-024,+017
-024,+017
-024,+017
-024,+017
-024,+017
-024,+017
-024,+017
-024,+017
-024,+017
-024,+017
-021,+015
-021,+015
-021,+015
-021,+015
-021,+015
-021,+013
-021,+013
-021,+013
-018,+013
-018,+011
-018,+011
-018,+011
-018,+009
-015,+009
-015,+009
-015,+007
-015,+007
-012,+007
-012,+007
-012,+005
-012,+005
-009,+005
-009,+005
-009,+005
-009,+005
-009,+005
-009,+005
+006,+005
+006,+005
+006,+005
+006,+005
+006,+005
+006,+005
+006,+005
+004,+005
+004,+005
+004,+007
+004,+007
+002,+007
+002,+007
+002,+009
+002,+009
+000,+009
+000,+009
+000,+009
+000,+011
+000,+011
+002,+011
+002,+011
+002,+013
+002,+013
+002,+013
+002,+013
+002,+015
+004,+015
+004,+015
+004,+015
+004,+015
+004,+015
+004,+015
+004,+015
+004,+015
+004,+017
+002,+017
+002,+017
+002,+017
+000,+017
+000,+017
+002,+017
+002,+017
+002,+017
+004,+017
+004,+017
+004,+017
+006,+017
+006,+017
+006,+017
+006,+015
+006,+015
+006,+015
+006,+015
+006,+015
+006,+015
+006,+017
+006,+017
+006,+017
+004,+017
+004,+017
+004,+019
+002,+019
+002,+019
+002,+019
+002,+019
+002,+019
+002,+019
+002,+019
+000,+019
+000,+019
+000,+019
+000,+019
+000,+019
+000,+019
+000,+019
+000,+019
+000,+019
+000,+019
+000,+019
+000,+019
+000,+019
+000,+019
+002,+019
+002,+019
+002,+019
+002,+019
+004,+019
+004,+019
+004,+021
+004,+021
+004,+021
+004,+023
+004,+023
+004,+023
+004,+023
+004,+023
+004,+023
+004,+023
+004,+023
+004,+023
+004,+023
+004,+023
+004,+023
+004,+023
+004,+025
+004,+025
+004,+025
+004,+025
+004,+025
+004,+025
+006,+025
+006,+025
+006,+025
-007,+025
-008,+023
-008,+023
-009,+023
-010,+023
-010,+023
-011,+023
-011,+023
-012,+023
-013,+023
-014,+023
-014,+021
-015,+021
-015,+021
-016,+019
-016,+019
-016,+019
-016,+019
-017,+019
-017,+019
-017,+017
-017,+017
-017,+017
-017,+017
-017,+017
-017,+017
-017,+017
-014,+017
-014,+017
-014,+017
-014,+017
-014,+017
-014,+017
-011,+019
-011,+019
-011,+019
-011,+021
-008,+021
-008,+021
-008,+023
-008,+023
+006,+023
+006,+023
+006,+023
+006,+023
+006,+023
+006,+023
+006,+023
-007,+021
-007,+021
-008,+021
-008,+021
-009,+021
-010,+021
-010,+021
-011,+021
-012,+021
-013,+019
-013,+019
-014,+019
-015,+019
-016,+019
-017,+019
-018,+019
-018,+017
-019,+017
-019,+017
-020,+017
-020,+015
-021,+015
-021,+015
-021,+013
-021,+013
-021,+013
-021,+013
-021,+013
-021,+013
-021,+013
-021,+011
-021,+011
-021,+011
-021,+011
-021,+011
-021,+011
-021,+013
-021,+013
-021,+013
-021,+015
-021,+015
-021,+015
-021,+017
-021,+017
-021,+019
-021,+019
-021,+019
-021,+019
-021,+019
-021,+019
-021,+019
-021,+019
-021,+019
-021,+019
-021,+019
-021,+017
-021,+017
-021,+017
-021,+017
-018,+017
-018,+017
-018,+017
-015,+017
-015,+017
-015,+017
-015,+017
-015,+017
-012,+017
-012,+017
-012,+017
-012,+015
-012,+015
-012,+015
-012,+015
-012,+015
-012,+015
-012,+015
-012,+015
-012,+015
-012,+015
-012,+013
-012,+013
-012,+013
-012,+013
-012,+013
-012,+013
-012,+013
-012,+013
-013,+013
-013,+013
-013,+013
-013,+013
-014,+013
-014,+011
-014,+011
-014,+011
-014,+011
-014,+011
-014,+011
-014,+011
-014,+011
-014,+011
-014,+011
-014,+011
-014,+011
-014,+013
-015,+013
-015,+013
-016,+013
-016,+013
-016,+013
-017,+013
-017,+013
-018,+015
-018,+015
-019,+015
-019,+015
-019,+017
-020,+017
-020,+017
-020,+017
-021,+017
-021,+017
-021,+017
-021,+017
-021,+017
-021,+017
-021,+017
-021,+017
-021,+017
-021,+017
-021,+017
-021,+017
-021,+017
-021,+017
-021,+017
-021,+017
-021,+017
-021,+017
-021,+017
-021,+015
-021,+015
-021,+015
-021,+015
-021,+015
-021,+015
-021,+015
-021,+017
-021,+017
-022,+017
-022,+019
-022,+019
-022,+021
-022,+021
-022,+023
-023,+023
-023,+023
-023,+025
-023,+025
-023,+025
-023,+025
-024,+027
-024,+027
-024,+027
-024,+027
-025,+029
-025,+029
-025,+029
-026,+029
-026,+029
-026,+029
-026,+029
-026,+029
-026,+029
-026,+029
-026,+029
-026,+029
-026,+029
-026,+029
-026,+029
-026,+029
-026,+029
-023,+029
-023,+027
-023,+027
-023,+027
-020,+027
-020,+027
-020,+027
-020,+025
-017,+025
-017,+025
-017,+023
-017,+023
-017,+023
-017,+023
-014,+021
-014,+021
-014,+021
-014,+019
-014,+019
-014,+019
-014,+019
-014,+019
-014,+019
-015,+019
-015,+019
-015,+019
-016,+019
-016,+019
-017,+019
-017,+019
-017,+021
-018,+021
-018,+021
-018,+021
-018,+021
-018,+021
-019,+019
-019,+019
-019,+019
-019,+019
-019,+019
-019,+017
-019,+017
-019,+017
-016,+017
-016,+017
-016,+017
-016,+017
-016,+017
-016,+017
-016,+017
-016,+017
-016,+017
-016,+015
-016,+015
-016,+015
-016,+015
-016,+015
-016,+015
-016,+015
-016,+015
-016,+015
-016,+015
-016,+015
-016,+015
-017,+015
-018,+015
-018,+015
-018,+015
-018,+015
-019,+015
-019,+015
-019,+015
-019,+015
-019,+015
-019,+015
-019,+015
-019,+015
-019,+013
-019,+013
-019,+013
-019,+013
-019,+013
-019,+013
-019,+013
-019,+013
-019,+013
-019,+013
-019,+013
-019,+013
-019,+013
-019,+013
-019,+015
-019,+017
-019,+017
-019,+017
-019,+019
-019,+019
-019,+021
-019,+021
-019,+021
-019,+021
-019,+021
-019,+021
-019,+021
-019,+023
-019,+023
-019,+023
-019,+023
-019,+021
-019,+021
-019,+021
-016,+021
-016,+021
-016,+021
-016,+021
-016,+021
-016,+021
-016,+021
-016,+021
-013,+019
-013,+019
-013,+019
-013,+017
-013,+017
-010,+017
-010,+015
-010,+015
-010,+015
-007,+013
-007,+013
-007,+013
-007,+013
-007,+013
-007,+013
+005,+013
+005,+013
+005,+013
+005,+013
+005,+013
+005,+013
+005,+015
+005,+015
+005,+015
+005,+017
+006,+017
+006,+017
+006,+017
-007,+019
-007,+021
-008,+021
-008,+021
-009,+021
-009,+021
-009,+021
-009,+023
-009,+023
-010,+023
-010,+023
-011,+023
-011,+023
-011,+023
-011,+021
-011,+021
-011,+021
-011,+021
-011,+019
-011,+019
-011,+019
-011,+017
-011,+017
-011,+015
-011,+015
-011,+015
-011,+015
-011,+013
-011,+013
-011,+013
-011,+013
-011,+013
-011,+013
-011,+013
-012,+013
-012,+013
-012,+013
-013,+013
-013,+013
-014,+013
-014,+013
-014,+013
-014,+013
-014,+015
-014,+015
-014,+015
-014,+015
-014,+017
-014,+017
-014,+017
-014,+019
-014,+019
-014,+019
-014,+021
-014,+021
-011,+021
-011,+021
-011,+021
-011,+021
-011,+021
-011,+021
-011,+021
-008,+021
-008,+021
-008,+021
-008,+021
-008,+021
-008,+021
-008,+021
-008,+021
-008,+019
-009,+019
-009,+019
-009,+019
-010,+019
-010,+019
-010,+019
-010,+019
-010,+017
-010,+017
-010,+017
-010,+017
-010,+017
-010,+017
-010,+017
-010,+017
-010,+017
-010,+017
-010,+017
-010,+017
-010,+017
-010,+017
-010,+017
-010,+017
-011,+017
-011,+019
-011,+019
-012,+019
-012,+021
-013,+021
-013,+021
-013,+021
-013,+021
-013,+021
-014,+021
-015,+023
-015,+023
-016,+023
-016,+025
-016,+025
-016,+025
-017,+025
-017,+025
-017,+027
-017,+027
-017,+027
-017,+027
-017,+027
-017,+027
-017,+027
-017,+027
-017,+025
-017,+025
-017,+025
-017,+025
-017,+025
-017,+023
-017,+023
-017,+023
-017,+023
-017,+021
-017,+021
-017,+021
-017,+021
-017,+021
-017,+021
-017,+021
-017,+021
-017,+021
-017,+021
-017,+021
-017,+021
-017,+021
-017,+021
-017,+021
-017,+021
-017,+021
-017,+021
-017,+021
-017,+021
-017,+019
-017,+019
-017,+019
-017,+019
-017,+019
-017,+019
-014,+019
-014,+019
-014,+017
-014,+017
-014,+017
-015,+017
-015,+015
-015,+015
-015,+015
-015,+015
-015,+015
-015,+015
-016,+015
-016,+015
-016,+015
-016,+015
-016,+015
-016,+015
-016,+015
-016,+015
-017,+015
-017,+015
-017,+015
-017,+015
-017,+015
-017,+015
-017,+015
-017,+015
-017,+013
-017,+013
-017,+013
-017,+013
-018,+013
-018,+011
-018,+011
-018,+011
-018,+011
-018,+011
-018,+011
-018,+011
-019,+011
-019,+011
-019,+011
-019,+011
-019,+011
-019,+011
-020,+011
-020,+011
-020,+011
-020,+011
-020,+011
-020,+011
-020,+011
-020,+011
-020,+011
-020,+011
-020,+011
-020,+011
-020,+011
-020,+011
-020,+011
-020,+011
-020,+011
-020,+011
-020,+011
-020,+011
-020,+011
-020,+011
-020,+011
-020,+011
-020,+011
-020,+011
-020,+011
-020,+011
-020,+011
-020,+011
-020,+013
-020,+013
-020,+013
-020,+013
-020,+015
-020,+015
-020,+015
-020,+015
-020,+015
-020,+015
-020,+015
-020,+015
-020,+015
-020,+015
-020,+015
-020,+015
-020,+013
-020,+013
-020,+013
-020,+011
-020,+011
-020,+011
-020,+011
-020,+011
-017,+011
-017,+011
-017,+011
-017,+011
-017,+011
-017,+011
-017,+011
-014,+011
-015,+011
-015,+013
-015,+013
-015,+013
-015,+013
-015,+013
-015,+013
-015,+013
-015,+013
-015,+013
-015,+013
-015,+013
-015,+013
-015,+013
-015,+013
-015,+013
-015,+013
-015,+015
-015,+015
-015,+015
-015,+015
-015,+015
-015,+015
-015,+017
-015,+017
-015,+017
-015,+019
-015,+019
-015,+019
-015,+019
-015,+021
-012,+021
-012,+021
-012,+021
-013,+021
-013,+021
-013,+021
-013,+021
-013,+021
-013,+021
-014,+021
-014,+021
-014,+021
-015,+021
-015,+021
-015,+021
-016,+021
-016,+021
-016,+021
-017,+019
-017,+019
-018,+019
-018,+017
-018,+017
-018,+017
-019,+017
-019,+015
-019,+015
-019,+015
-019,+013
-020,+013
-020,+013
-020,+013
-020,+013
-021,+013
-021,+011
-021,+011
-022,+011
-022,+011
-022,+011
-022,+011
-023,+013
-023,+013
-023,+013
-023,+013
-023,+013
-023,+013
-024,+015
-024,+015
-024,+015
-024,+015
-024,+017
-024,+017
-024,+017
-024,+017
-025,+017
-025,+017
-025,+017
-025,+017
-025,+017
-025,+017
-025,+017
-025,+017
-025,+017
-025,+017
-025,+017
-025,+017
-025,+017
-022,+015
-022,+015
-022,+015
-022,+015
-022,+015
-023,+015
-023,+015
-023,+015
-023,+015
-023,+015
-023,+015
-023,+015
-023,+015
-023,+015
-023,+015
-023,+015
-023,+015
-023,+015
-023,+015
-023,+015
-023,+015
-023,+015
-023,+015
-023,+015
-023,+015
-023,+017
-023,+017
-020,+017
-020,+019
-020,+019
-020,+019
-020,+021
-020,+021
-020,+023
-020,+023
-020,+023
-020,+025
-020,+025
-020,+025
-020,+027
-020,+027
-021,+027
-021,+027
-022,+029
-022,+029
-022,+029
-022,+029
-022,+029
-022,+029
-022,+029
-023,+029
-023,+029
-023,+029
-023,+027
-023,+027
-023,+025
-023,+025
-023,+023
-023,+023
-023,+021
-023,+021
-023,+021
-023,+019
-024,+017
-024,+017
-024,+017
-024,+017
-025,+015
-025,+015
-025,+015
-025,+013
-025,+013
-025,+013
-025,+013
-025,+013
-025,+013
-025,+013
-025,+013
-025,+013
-025,+013
-025,+013
-025,+013
-025,+013
-025,+013
-022,+013
-022,+013
-022,+013
-022,+013
-022,+013
-022,+013
-022,+013
-022,+013
-022,+013
-022,+013
-022,+013
-022,+013
-022,+013
-022,+013
-022,+013
-022,+013
-022,+013
-022,+013
-022,+013
-023,+013
-023,+013
-023,+013
-024,+013
-024,+013
-024,+013
-024,+013
-024,+011
-025,+011
-025,+011
-025,+011
-025,+011
-025,+011
-025,+011
-025,+011
-025,+009
-025,+009
-025,+009
-025,+007
-025,+007
-025,+007
-025,+007
-025,+007
-025,+007
-025,+007
-022,+007
-022,+007
-022,+007
-022,+007
-022,+007
-022,+007
-019,+007
-019,+007
-019,+007
-019,+007
-019,+007
-019,+007
-019,+007
-019,+007
-019,+007
-019,+007
-019,+009
-016,+009
-016,+009
-016,+009
-016,+009
-016,+011
-016,+011
-016,+011
-016,+013
-016,+013
-016,+013
-016,+013
-016,+013
-016,+013
-016,+013
-016,+013
-016,+015
-013,+015
-013,+015
-013,+015
-013,+015
-013,+015
-013,+017
-013,+017
-013,+017
-013,+017
-013,+017
-013,+017
-013,+017
-013,+017
-013,+017
-013,+017
-013,+017
-013,+017
-013,+017
-013,+019
-013,+019
-013,+019
-013,+019
-013,+019
-013,+019
-013,+019
-010,+019
-010,+021
-010,+021
-010,+021
-010,+023
-010,+023
-010,+025
-010,+025
-010,+025
-007,+025
-007,+027
-007,+027
-007,+027
-007,+027
-007,+027
-008,+027
-008,+027
-008,+027
-008,+027
-009,+027
-009,+027
-010,+029
-010,+029
-011,+029
-011,+029
-011,+029
-012,+029
-013,+029
-013,+029
-013,+029
-014,+029
-014,+027
-015,+027
-015,+027
-015,+027
-016,+027
-017,+025
-017,+025
-018,+025
-019,+023
-019,+023
-020,+021
-020,+021
-021,+019
-021,+017
-021,+017
-022,+015
-022,+015
-022,+013
-023,+013
-023,+011
-023,+011
-023,+011
-023,+011
-023,+011
-023,+011
-023,+011
-023,+011
-023,+011
-023,+011
-023,+011
-023,+011
-023,+011
-023,+011
-023,+011
-023,+011
-023,+011
-023,+011
-023,+011
-023,+011
-023,+011
-023,+011
-024,+011
-024,+011
-024,+011
-025,+011
-025,+011
-025,+011
-025,+011
-025,+011
-026,+011
-026,+011
-026,+011
-027,+011
-027,+011
-027,+011
-027,+011
-027,+011
-027,+011
-027,+009
-028,+009
-028,+009
-028,+009
-028,+009
-028,+009
-028,+009
-028,+009
-028,+009
-028,+009
-028,+009
-028,+009
-028,+009
-028,+007
-028,+007
-028,+007
-028,+009
-028,+009
-028,+009
-028,+009
-025,+009
-025,+009
-025,+011
-025,+011
-025,+011
-025,+011
-025,+011
-025,+013
-025,+013
-025,+013
-025,+013
-025,+013
-022,+013
-022,+013
-022,+015
-022,+015
-022,+015
-022,+013
-023,+013
-023,+013
-023,+013
-023,+013
-023,+011
-024,+011
-024,+011
-024,+009
-024,+009
-024,+009
-024,+009
-024,+009
-024,+009
-024,+009
-024,+009
-021,+009
-021,+011
-021,+011
-021,+011
-021,+011
-021,+013
-021,+013
-018,+015
-018,+015
-018,+015
-018,+017
-018,+017
-018,+017
-018,+017
-018,+019
-015,+019
-016,+019
-016,+019
-016,+019
-016,+019
-016,+019
-016,+019
-016,+019
-016,+019
-016,+019
-016,+019
-016,+019
-016,+019
-016,+019
-016,+019
-016,+019
-016,+019
-016,+019
-016,+019
-016,+019
-016,+019
-016,+019
-016,+019
-016,+019
-016,+019
-016,+019
-016,+019
-016,+019
-017,+019
-017,+019
-018,+019
-018,+019
-018,+019
-019,+019
-019,+019
-020,+019
-020,+019
-020,+019
-020,+019
-021,+019
-022,+019
-022,+019
-022,+019
-022,+019
-022,+019
-022,+019
-023,+019
-023,+019
-023,+019
-023,+019
-023,+017
-023,+017
-023,+017
-023,+017
-023,+017
-023,+017
-023,+017
-023,+017
-020,+017
-020,+017
-020,+017
-020,+017
-017,+017
-017,+017
-017,+017
-017,+017
-017,+017
-017,+019
-017,+019
-017,+019
-017,+019
-017,+019
-017,+019
-014,+019
-014,+019
-014,+021
-014,+021
-014,+021
-014,+021
-014,+023
-014,+023
-014,+023
-014,+023
-014,+023
-014,+023
-014,+023
-014,+023
-014,+023
-014,+023
-014,+023
-014,+023
-014,+021
-014,+021
-014,+021
-011,+021
-011,+021
-011,+019
-011,+019
-011,+019
-011,+019
-011,+019
-011,+019
-011,+019
-011,+019
-008,+017
-008,+017
-008,+017
-008,+017
-008,+017
+006,+017
+006,+017
+006,+017
+006,+017
+006,+017
+004,+015
+004,+015
+004,+015
+004,+015
+004,+015
+004,+015
+004,+015
+004,+015
+006,+015
+006,+015
+006,+015
+006,+015
-007,+015
-007,+015
-008,+015
-008,+017
-009,+017
-009,+017
-010,+017
-011,+017
-011,+017
-011,+017
-011,+017
-011,+017
-012,+017
-012,+019
-012,+019
-012,+019
-012,+019
-012,+019
-012,+017
-012,+017
-012,+017
-012,+017
-012,+017
-012,+017
-012,+017
-012,+015
-012,+015
-013,+015
-013,+015
-013,+015
-013,+015
-013,+015
-013,+015
-014,+015
-014,+015
-014,+015
-014,+017
-014,+017
-014,+017
-014,+017
-014,+019
-014,+019
-014,+019
-014,+019
-014,+021
-014,+021
-014,+021
-014,+021
-014,+021
-014,+021
-014,+021
-014,+021
-011,+021
-011,+021
-011,+021
-011,+021
-011,+021
-011,+021
-011,+019
-011,+019
-011,+019
-011,+019
-011,+019
-011,+021
-011,+021
-011,+021
-012,+023
-012,+023
-012,+023
-012,+025
-012,+025
-012,+025
-012,+027
-012,+027
-012,+027
-012,+029
-012,+029
-012,+029
-012,+029
-012,+029
-012,+031
-012,+031
-012,+031
-012,+031
-012,+031
-012,+031
-012,+031
-012,+031
-012,+029
-009,+029
-009,+029
-009,+027
-009,+025
-009,+025
-009,+023
-009,+021
-009,+021
-009,+019
+006,+017
+006,+015
+006,+013
+006,+013
+004,+010
+004,+008
+004,+006
+002,+006
+002,+003
+002,+003
+002,+003
+002,+003
+002,+003
+002,+003
+002,+003
+004,+003
+004,+003
+004,+005
+004,+005
+006,+005
+006,+005
+006,+005
+006,+007
+006,+007
+006,+007
-007,+007
-007,+009
-007,+009
-007,+009
-007,+009
-007,+009
-007,+009
-008,+009
-008,+009
-008,+009
-008,+009
-008,+009
-008,+009
-008,+009
-008,+009
-008,+009
-008,+009
-008,+009
-008,+009
+006,+009
+006,+009
+006,+009
+006,+007
+006,+007
+006,+007
+006,+007
+006,+005
+006,+005
+006,+005
+004,+003
+004,+003
+004,+003
+004,+003
+004,+003
+004,+003
+004,+003
+004,+003
+004,+003
+004,+003
+004,+003
+004,+005
+004,+005
+004,+005
+004,+005
+004,+007
+004,+007
+004,+007
+006,+009
+006,+009
+006,+009
+006,+011
+006,+011
+006,+011
+006,+013
+006,+013
+006,+013
+006,+013
+006,+015
+006,+015
+006,+015
+006,+015
+006,+015
+006,+015
+006,+015
+006,+015
+006,+013
+006,+013
+006,+013
+006,+013
+006,+011
+006,+011
+006,+011
+006,+009
+006,+009
+006,+009
+006,+009
+006,+009
-007,+007
-007,+007
-007,+007
-008,+007
-008,+007
-008,+007
-008,+009
-009,+009
-009,+009
-010,+011
-010,+011
-010,+011
-010,+013
-011,+013
-012,+013
-012,+013
-012,+015
-013,+015
-013,+015
-013,+015
-014,+015
-014,+015
-014,+015
-014,+017
-014,+017
-014,+017
-014,+017
-014,+017
-011,+019
-011,+019
-011,+019
-011,+019
-011,+019
-011,+019
-011,+019
-011,+019
-011,+019
-011,+019
-011,+019
-011,+019
-011,+019
-011,+019
-011,+019
-012,+019
-012,+019
-012,+019
-012,+019
-013,+019
-013,+019
-013,+019
-014,+021
-014,+021
-014,+021
-014,+021
-014,+021
-014,+021
-014,+021
-014,+021
-014,+023
-014,+023
-014,+023
-011,+023
-011,+023
-011,+023
-011,+023
-011,+023
-011,+023
-011,+023
-008,+023
-008,+023
-008,+023
-008,+023
-008,+023
-008,+023
-008,+023
-008,+023
-008,+023
-008,+023
-008,+023
-008,+023
-008,+023
-008,+023
-008,+023
-009,+023
-009,+023
-009,+023
-009,+023
-010,+023
-010,+023
-010,+023
-010,+025
-010,+025
-010,+025
-010,+025
-010,+025
-010,+025
-010,+025
-010,+025
-010,+025
-010,+025
-011,+025
-012,+025
-012,+027
-013,+027
-014,+029
-014,+029
-015,+029
-016,+029
-017,+031
-017,+031
-018,+033
-018,+033
-019,+033
-020,+035
-020,+035
-021,+035
-021,+035
-022,+035
-022,+035
-022,+035
-022,+035
-022,+035
-022,+035
-022,+035
-022,+033
-022,+033
-022,+033
-022,+033
-022,+033
-022,+031
-022,+031
-022,+029
-022,+029
-022,+029
-022,+027
-022,+027
-019,+025
-019,+025
-019,+025
-019,+025
-019,+025
-019,+025
-019,+025
-019,+027
-019,+027
-019,+027
-019,+027
-019,+029
-016,+029
-016,+029
-016,+029
-016,+029
-016,+029
-016,+029
-016,+029
-016,+029
-016,+029
-016,+029
-016,+029
-016,+029
-016,+029
-016,+029
-013,+029
-014,+029
-014,+029
COP Area(S): 000689
COP Area(R): 001120