+000,-000
+001,-000
+001,-000
+001,-000
+001,-001
+001,-001
+001,-001
+001,-001
+001,-001
+001,-001
+001,-001
+001,-001
+001,-001
+001,-002
+001,-002
+001,-002
+001,-002
+001,-003
+001,-003
+001,-003
+001,-004
+001,-004
+001,-004
+001,-004
+001,-005
+001,-006
+001,-006
+001,-007
+001,-007
+001,-007
+001,-007
+001,-008
+001,-008
+001,-008
+001,-009
+001,-009
+001,-010
+001,-010
+001,-011
+001,-011
+001,-011
+001,-011
+001,-011
+001,-012
+001,-012
+001,-012
+001,-012
+001,-013
+001,-013
+001,-013
+001,-013
+001,-013
+001,-013
+001,-013
+001,-014
+001,-014
+001,-014
+001,-014
+001,-014
+001,-014
+001,-014
+001,-015
+001,-015
+001,-015
+001,-015
+001,-015
+001,-015
+001,-015
+001,-015
+001,-015
+001,-015
+001,-016
+001,-016
+001,-016
+001,-016
+001,-016
+001,-016
+001,-016
+001,-016
+001,-016
+001,-016
+001,-016
+001,-016
+001,-016
+001,-017
+001,-017
+001,-017
+001,-017
+001,-017
+001,-017
+001,-017
+001,-017
+001,-017
+001,-017
+001,-017
+001,-017
+001,-017
+001,-017
+001,-017
+001,-017
+001,-017
+001,-017
+001,-017
+001,-017
+001,-017
+001,-017
+001,-017
+001,-017
+001,-017
+001,-017
+001,-017
+001,-014
+001,-014
+001,-014
+001,-014
+001,-014
+001,-014
+001,-014
+001,-011
+001,-011
+001,-011
+001,-011
+001,-011
+001,-011
+001,-008
+001,-008
+001,-008
+001,-008
+001,-008
+001,-005
+001,-005
+001,-005
+001,-005
+001,-005
+001,-002
+001,-002
+001,-002
+001,-002
+001,-002
+003,-001
+003,-001
+003,-001
+003,-001
+003,-001
+003,-001
+003,-004
+003,-004
+003,-004
+003,-004
+003,-004
+003,-004
+003,-007
+003,-007
+003,-007
+003,-007
+003,-007
+003,-007
+003,-007
+003,-007
+003,-007
+003,-007
+003,-010
+003,-010
+003,-010
+003,-010
+003,-010
+003,-010
+003,-010
+003,-010
+005,+012
+005,+012
+005,+012
+005,+012
+005,+014
+005,+014
+005,+014
+005,+014
+005,+014
+005,+014
+005,+016
+005,+016
+005,+016
+005,+016
+005,+016
+005,+016
+005,+016
+005,+018
+005,+018
+005,+018
+005,+018
+005,+018
+005,+018
+005,+018
+005,+018
+005,+018
+005,+018
+005,+018
+005,+018
+005,+018
+005,+018
+005,+018
+005,+018
+005,+018
+007,+018
+007,+018
+007,+018
+007,+018
+007,+018
+007,+018
+007,+018
+007,+018
+007,+018
+007,+018
+007,+018
+007,+018
+007,+018
+009,+018
+009,+018
+009,+018
+009,+018
+009,+018
+009,+018
+009,+018
+011,+018
+011,+016
+011,+016
+011,+016
+011,+016
+011,+016
+011,+016
+011,+016
+013,+016
+013,+016
+013,+016
+013,+016
+013,+016
+013,+016
+013,+016
+013,+016
+015,+016
+015,+016
+015,+016
+015,+016
+016,+016
+016,+016
-017,+016
-017,+016
-017,+016
-017,+016
-017,+016
-018,+016
-018,+016
-019,+016
-019,+016
-019,+016
-020,+016
-020,+016
-021,+016
-021,+016
-022,+016
-022,+016
-023,+016
-023,+016
-024,+016
-024,+016
-024,+016
-024,+016
-025,+014
-025,+014
-026,+014
-026,+014
-026,+014
-026,+014
-026,+014
-026,+014
-027,+014
-027,+014
-027,+014
-027,+014
-027,+012
-027,+012
-027,+012
-027,+012
-027,+012
-027,+012
-027,+012
-027,+012
-027,+012
-027,+012
-027,+012
-027,+012
-027,+012
-027,+012
-027,+012
-027,+012
-027,+012
-027,+012
-027,+012
-027,+012
-027,+012
-027,+012
-027,+012
-027,+012
-027,+012
-027,+012
-027,+012
-027,+012
-027,+012
-027,+012
-027,+012
-027,+014
-027,+014
-027,+014
-027,+014
-027,+014
-027,+014
-027,+014
-027,+014
-027,+014
-027,+014
-027,+014
-027,+014
-024,+014
-024,+014
-024,+014
-024,+014
-024,+014
-024,+014
-024,+014
-024,+014
-024,+014
-024,+014
-024,+014
-024,+014
-024,+014
-024,+014
-024,+014
-024,+014
-024,+014
-024,+014
-024,+014
-021,+014
-021,+016
-021,+016
-021,+016
-021,+016
-021,+016
-021,+016
-021,+016
-021,+016
-021,+016
-021,+016
-018,+016
-018,+016
-018,+016
-018,+016
-018,+018
-018,+018
-018,+018
-018,+018
-018,+018
-018,+018
-018,+018
-018,+018
+016,+018
+016,+018
+016,+018
+016,+018
+016,+018
+016,+018
+016,+018
+016,+018
+016,+018
+016,+018
+016,+018
+016,+018
+016,+020
+016,+020
+014,+020
+014,+020
+014,+020
+014,+020
+014,+020
+014,+020
+014,+020
+014,+020
+014,+020
+014,+020
+014,+020
+014,+020
+014,+020
+014,+020
+014,+020
+014,+020
+014,+020
+014,+020
+014,+020
+014,+020
+014,+020
+014,+020
+014,+020
+014,+020
+014,+020
+014,+020
+014,+020
+014,+020
+014,+020
+014,+020
+014,+020
+014,+020
+014,+020
+014,+020
+014,+022
+014,+022
+014,+022
+014,+022
+014,+022
+014,+022
+014,+022
+014,+022
+014,+022
+014,+022
+014,+022
+016,+022
+016,+022
+016,+022
+016,+022
+016,+022
+016,+022
+016,+022
+016,+022
+016,+022
+016,+022
+016,+022
+016,+022
-017,+022
-017,+022
-017,+022
-017,+022
-017,+022
-017,+022
-018,+022
-018,+022
-018,+022
-018,+022
-018,+022
-018,+022
-018,+020
-018,+020
-019,+020
-019,+020
-019,+020
-019,+020
-019,+020
-019,+020
-019,+020
-019,+020
-020,+020
-020,+020
-020,+020
-020,+020
-020,+020
-020,+020
-021,+020
-021,+020
-021,+020
-021,+020
-021,+020
-021,+020
-022,+018
-022,+018
-022,+018
-022,+018
-022,+018
-023,+018
-023,+018
-023,+016
-023,+016
-023,+016
-023,+016
-023,+016
-023,+014
-023,+014
-023,+014
-023,+014
-023,+014
-024,+012
-024,+012
-024,+012
-024,-011
-024,-011
-024,-010
-024,-009
-024,-009
-024,-008
-024,-008
-024,-007
-024,-007
-024,-007
-024,-006
-024,-006
-024,-006
-024,-006
-024,-005
-024,-005
-024,-005
-024,-005
-024,-004
-024,-004
-024,-004
-024,-004
-024,-003
-024,-003
-024,-003
-024,-003
-024,-002
-024,-002
-024,-002
-024,-002
-024,-002
-024,-002
-021,-001
-021,-001
-021,-001
-021,-001
-021,-001
-021,-001
-021,-001
-021,-001
-021,-001
-021,-001
-021,-001
-021,-001
-021,-001
-021,-001
-021,-001
-021,-001
-021,-001
-018,-001
-018,-001
-018,-001
-018,-001
-018,-001
-018,-001
-018,-000
-018,-000
-018,-000
-018,-000
-018,-000
-018,-000
-018,-000
+016,-000
+016,-000
+016,-000
+016,-000
+016,-000
+016,-000
+016,-000
+014,-000
+014,-000
+014,-000
+014,-000
+014,-000
+012,-000
+012,-000
+012,-000
+012,-000
+012,-000
+012,-000
+012,-000
+010,-000
+010,-000
+010,-000
+010,-000
+008,-000
+008,-000
+008,-000
+008,-000
+008,-000
+008,-000
+008,-000
+006,-000
+006,-003
+006,-003
+006,-003
+006,-003
+006,-003
+004,-003
+004,-003
+004,-003
+004,-003
+004,-003
+004,-003
+004,-003
+004,-003
+002,-003
+002,-003
+002,-003
+002,-003
+002,-003
+002,-003
+002,-003
+002,-003
+002,-003
+002,-003
+002,-003
+002,-003
+002,-003
+002,-003
+002,-003
+002,-003
+002,-003
+002,-003
+002,-003
+002,-003
+002,-003
+002,-003
+002,-003
+002,-003
+002,-003
+002,-003
+000,-003
+000,-003
+000,-003
+000,-003
+000,-003
+000,-006
+000,-005
+000,-005
+000,-005
+000,-005
+000,-005
+000,-005
+000,-005
+000,-005
+000,-005
+000,-005
+000,-005
+002,-005
+002,-005
+002,-005
+002,-005
+002,-005
+002,-005
+002,-005
+002,-005
+004,-005
+004,-005
+004,-005
+004,-005
+004,-005
+004,-005
+004,-005
+004,-005
+004,-005
+004,-005
+004,-005
+004,-005
+004,-005
+004,-005
+004,-005
+004,-005
+004,-005
+004,-005
+004,-005
+004,-005
+004,-005
+004,-005
+004,-005
+004,-005
+004,-005
+004,-005
+004,-005
+004,-005
+004,-005
+004,-005
+004,-005
+004,-005
+004,-005
+004,-005
+004,-005
+004,-005
+004,-005
+004,-005
+004,-005
+004,-005
+004,-005
+004,-005
+004,-005
+004,-005
+004,-005
+004,-005
+004,-005
+004,-005
+004,-005
+004,-005
+004,-005
+004,-005
+004,-005
+004,-005
+006,-005
+006,-005
+006,-005
+006,-005
+006,-005
+006,-005
+006,-005
+006,-005
+006,-005
+006,-005
+006,-005
+006,-005
+006,-005
+006,-005
+006,-005
+006,-005
+006,-005
+006,-005
+006,-005
+006,-005
+006,-005
+006,-005
+006,-005
+006,-005
+006,-005
+006,-005
+006,-005
+006,-005
+006,-005
+006,-005
+006,-008
+006,-007
+006,-007
+006,-007
+006,-007
+004,-007
+004,-007
+004,-007
+004,-007
+004,-007
+004,-007
+004,-007
+004,-007
+004,-007
+004,-007
+004,-007
+004,-007
+004,-007
+004,-007
+004,-007
+004,-007
+004,-007
+004,-007
+004,-007
+004,-007
+004,-007
+004,-007
+004,-007
+004,-007
+004,-007
+004,-007
+004,-007
+004,-007
+004,-007
+004,-007
+004,-007
+004,-007
+004,-007
+004,-007
+004,-007
+004,-007
+002,-007
+002,-007
+002,-007
+002,-007
+002,-007
+002,-007
+002,-007
+002,-007
+002,-007
+002,-007
+002,-007
+002,-007
+002,-007
+002,-007
+000,-007
+000,-007
+000,-007
+000,-007
+000,-007
+000,-007
+000,-007
+000,-007
+000,-007
+000,-007
+000,-007
+000,-007
+000,-007
+000,-007
+000,-007
+000,-007
+000,-007
+000,-007
+000,-007
+000,-007
+000,-006
+000,-006
+000,-006
+000,-006
+000,-006
+000,-006
+000,-005
+000,-005
+000,-005
+000,-005
+000,-005
+000,-005
+000,-005
+000,-005
+000,-005
+000,-005
+000,-005
+000,-005
+000,-005
+000,-005
+000,-005
+000,-005
+000,-005
+000,-005
+000,-005
+000,-005
+000,-005
+000,-005
+000,-005
+000,-005
+000,-005
+000,-005
+000,-005
+000,-005
+000,-005
+000,-005
+000,-005
+000,-005
+002,-005
+002,-005
+002,-005
+002,-005
+002,-005
+002,-005
+002,-005
+002,-005
+002,-005
+002,-005
+002,-005
+002,-005
+002,-005
+002,-005
+002,-005
+002,-005
+002,-005
+002,-005
+002,-005
+002,-005
+002,-005
+002,-005
+002,-005
+002,-005
+002,-005
+002,-005
+002,-005
+002,-005
+002,-005
+002,-005
+002,-005
+002,-005
+002,-005
+002,-005
+002,-005
+002,-005
+002,-005
+002,-005
+002,-005
+002,-005
+002,-005
+002,-005
+002,-005
+002,-005
+004,-005
+004,-005
+004,-005
+004,-005
+004,-005
+004,-005
+004,-005
+004,-005
+004,-005
+004,-005
+004,-005
+004,-005
+004,-005
+004,-005
+004,-005
+004,-005
+004,-005
+004,-005
+004,-005
+004,-005
+004,-005
+004,-005
+004,-005
+004,-008
+004,-007
+006,-007
+006,-007
+006,-007
+006,-007
+006,-007
+006,-007
+006,-007
+006,-007
+006,-007
+006,-007
+006,-007
+006,-007
+006,-007
+008,-007
+008,-007
+008,-007
+008,-007
+008,-010
+008,-010
+008,-010
+008,-010
+010,-010
+010,-010
+010,-010
+010,-010
+010,-010
+010,-010
+010,-010
+010,+012
+010,+012
+010,+012
+010,+012
+010,+012
+010,+012
+010,+012
+010,+012
+012,+012
+012,+014
+012,+014
+012,+014
+012,+014
+012,+014
+012,+014
+012,+014
+012,+014
+012,+014
+012,+014
+012,+014
+012,+014
+012,+014
+012,+014
+012,+014
+012,+014
+012,+014
+012,+014
+012,+014
+012,+014
+012,+014
+012,+014
+012,+014
+012,+014
+012,+014
+012,+014
+012,+014
+012,+014
+012,+014
+012,+014
+012,+014
+012,+014
+012,+014
+012,+014
+012,+014
+012,+014
+012,+014
+012,+014
+010,+014
+010,+014
+010,+014
+010,+014
+010,+014
+010,+014
+010,+014
+010,+014
+010,+014
+010,+014
+010,+014
+010,+014
+010,+014
+010,+014
+010,+014
+010,+014
+010,+014
+008,+014
+008,+014
+008,+014
+008,+014
+008,+014
+008,+014
+008,+014
+008,+014
+008,+014
+008,+014
+008,+014
+008,+014
+008,+014
+008,+014
+008,+014
+008,+014
+008,+014
+008,+014
+008,+014
+008,+014
+006,+014
+006,+014
+006,+014
+006,+014
+006,+014
+006,+014
+006,+014
+006,+014
+006,+014
+006,+014
+006,+014
+006,+014
+006,+016
+006,+016
+006,+016
+006,+016
+006,+016
+004,+016
+004,+016
+004,+016
+004,+016
+004,+016
+004,+016
+004,+016
+004,+016
+004,+016
+004,+016
+004,+016
+004,+016
+004,+016
+004,+016
+004,+016
+004,+018
+004,+018
+002,+018
+002,+018
+002,+018
+002,+018
+002,+018
+002,+018
+002,+018
+002,+018
+002,+018
+002,+018
+000,+018
+000,+018
+000,+018
+000,+018
+000,+018
+000,+018
+000,+016
+002,+016
+002,+016
+002,+016
+002,+016
+002,+016
+002,+016
+002,+014
+002,+014
+002,+014
+004,+014
+004,+014
+004,+014
+004,+014
+004,+012
+004,+012
+004,+012
+006,+012
+006,+012
+006,-011
+006,-011
+006,-011
+006,-010
+006,-010
+006,-009
+006,-009
+006,-008
+006,-008
+008,-008
+008,-007
+008,-007
+008,-006
+008,-006
+008,-006
+008,-005
+008,-005
+008,-005
+008,-005
+008,-005
+008,-005
+008,-004
+008,-004
+008,-004
+008,-004
+008,-003
+008,-003
+008,-003
+008,-003
+008,-003
+008,-003
+008,-003
+008,-002
+008,-002
+008,-002
+008,-002
+008,-002
+008,-002
+008,-002
+008,-002
+008,-002
+008,-002
+008,-002
+008,-001
+008,-001
+008,-001
+008,-001
+008,-001
+008,-001
+008,-001
+008,-001
+008,-001
+008,-001
+008,-001
+008,-001
+008,-001
+008,-001
+008,-001
+008,-001
+008,-001
+008,-001
+008,-001
+008,-001
+008,-001
+008,-001
+008,-001
+008,-001
+008,-001
+008,-001
+008,-001
+006,-001
+006,-001
+006,-001
+006,-001
+006,-001
+006,-001
+006,-001
+006,-001
+006,-001
+006,-001
+006,-001
+006,-001
+004,-001
+004,-004
+004,-004
+004,-004
+004,-004
+004,-004
+004,-004
+004,-004
+004,-004
+004,-004
+004,-004
+002,-004
+002,-004
+002,-004
+002,-004
+002,-004
+002,-004
+002,-004
+002,-004
+002,-004
+002,-004
+002,-004
+002,-004
+002,-004
+000,-004
+000,-004
+000,-004
+000,-004
+000,-004
+000,-004
+000,-004
+000,-004
+000,-004
+000,-004
+000,-004
+002,-007
+002,-006
+002,-006
+002,-006
+002,-006
+002,-006
+002,-006
+002,-006
+002,-006
+004,-006
+004,-006
+004,-006
+004,-006
+004,-006
+004,-006
+004,-006
+004,-009
+004,-009
+004,-009
+004,-008
+004,-008
+004,-008
+004,-008
+004,-008
+006,-008
+006,-008
+006,-008
+006,-008
+006,-008
+006,-008
+006,-008
+006,-008
+006,-008
+006,-008
+006,-008
+006,-008
+006,-008
+006,-008
+006,-008
+006,-008
+006,-008
+006,-008
+006,-008
+006,-008
+006,-008
+006,-008
+006,-007
+006,-007
+006,-007
+006,-007
+006,-007
+006,-007
+006,-007
+006,-007
+006,-007
+006,-007
+006,-007
+006,-007
+006,-006
+006,-006
+006,-006
+006,-006
+006,-006
+006,-006
+006,-006
+006,-006
+006,-006
+006,-006
+006,-006
+006,-006
+006,-006
+006,-006
+006,-006
+006,-006
+006,-005
+006,-005
+006,-005
+006,-005
+006,-005
+006,-005
+006,-005
+006,-005
+006,-005
+006,-005
+004,-005
+004,-004
+004,-004
+004,-004
+004,-004
+004,-004
+004,-004
+004,-004
+004,-004
+004,-004
+004,-004
+004,-004
+004,-004
+004,-004
+004,-003
+004,-003
+004,-003
+004,-003
+004,-003
+004,-003
+004,-003
+004,-003
+004,-003
+004,-003
+004,-003
+004,-003
+004,-003
+004,-003
+004,-003
+004,-003
+004,-003
+004,-003
+004,-003
+004,-003
+004,-003
+004,-003
+004,-003
+004,-003
+004,-003
+004,-003
+004,-003
+004,-003
+004,-003
+004,-003
+004,-003
+004,-003
+004,-003
+004,-003
+004,-003
+004,-003
+004,-003
+004,-003
+004,-003
+004,-003
+004,-003
+004,-003
+004,-003
+004,-003
+004,-003
+004,-003
+004,-003
+004,-003
+004,-003
+004,-003
+006,-003
+006,-003
+006,-003
+006,-003
+006,-003
+006,-003
+006,-003
+006,-003
+006,-003
+006,-003
+006,-003
+006,-003
+006,-003
+006,-003
+006,-003
+006,-003
+006,-003
+006,-002
+006,-002
+006,-002
+006,-002
+006,-002
+008,-002
+008,-002
+008,-002
+008,-002
+008,-002
+008,-002
+008,-002
+008,-002
+008,-002
+008,-002
+008,-002
+008,-002
+008,-002
+008,-002
+008,-002
+008,-002
+008,-002
+008,-002
+008,-002
+008,-002
+008,-002
+008,-002
+010,-002
+010,-002
+010,-002
+010,-002
+010,-002
+010,-002
+010,-002
+010,-002
+010,-002
+010,-002
+010,-002
+010,-002
+010,-002
+010,-002
+010,-002
+010,-002
+010,-002
+010,-002
+010,-002
+010,-002
+010,-002
+010,-002
+010,-002
+008,-005
+008,-005
+008,-005
+008,-005
+008,-005
+008,-005
+008,-005
+008,-005
+008,-005
+008,-005
+008,-005
+008,-005
+008,-005
+008,-005
+008,-005
+008,-005
+008,-005
+008,-005
+008,-008
+008,-008
+008,-008
+006,-008
+006,-008
+006,-008
+006,-008
+006,-008
+006,-008
+006,-008
+006,-008
+006,-008
+006,-008
+006,-008
+006,-008
+006,-008
+006,-008
+006,-011
+006,-011
+006,-011
+006,-011
+004,-011
+004,-011
+004,-011
+004,-011
+004,-011
+004,-011
+004,-011
+004,-011
+004,-011
+004,-011
+004,-011
+004,-011
+004,-011
+004,-011
+004,-011
+004,-011
+004,-011
+004,-011
+004,-011
+004,-011
+004,-011
+004,-011
+004,-011
+004,-011
+004,-011
+004,-011
+004,+013
+004,+013
+004,+013
+004,+013
+004,+013
+004,+013
+004,+013
+004,+013
+004,+013
+004,+013
+004,+013
+004,+013
+004,+013
+004,+013
+004,+013
+004,+013
+004,+013
+004,+013
+004,+013
+004,+013
+004,+013
+004,+013
+004,+013
+004,+013
+004,+013
+004,+013
+004,+013
+004,+013
+004,+013
+004,+013
+004,+013
+004,+013
+004,+013
+004,+013
+004,+013
+004,+013
+004,+013
+004,+013
+004,+013
+004,+013
+004,+013
+004,+013
+004,+013
+004,+013
+004,+013
+004,+013
+004,+013
+004,+013
+004,+013
+004,+013
+004,+013
+004,+013
+004,+013
+004,+013
+004,+013
+004,+013
+004,+015
+004,+015
+004,+015
+004,+015
+006,+015
+006,+015
+006,+015
+006,+015
+006,+015
+006,+015
+006,+015
+006,+015
+006,+015
+006,+015
+006,+015
+006,+015
+006,+015
+006,+015
+006,+015
+006,+015
+006,+015
+006,+015
+006,+015
+006,+015
+006,+015
+006,+015
+006,+015
+006,+015
+006,+015
+006,+015
+006,+015
+006,+015
+006,+015
+006,+015
+006,+015
+006,+015
+006,+015
+006,+015
+006,+015
+006,+015
+006,+015
+006,+015
+006,+015
+006,+015
+006,+015
+006,+015
+006,+015
+006,+017
+006,+017
+006,+017
+008,+017
+008,+017
+008,+017
+008,+017
+008,+017
+008,+017
+008,+017
+008,+017
+008,+017
+008,+017
+008,+017
+008,+017
+008,+017
+008,+017
+008,+017
+008,+017
+008,+017
+008,+017
+008,+017
+008,+017
+008,+017
+008,+017
+008,+017
+008,+017
+008,+017
+008,+017
+008,+017
+010,+017
+010,+017
+010,+017
+010,+017
+010,+017
+010,+017
+010,+017
+010,+017
+010,+017
+010,+017
+010,+017
+010,+017
+010,+017
+010,+019
+010,+019
+012,+019
+012,+019
+012,+019
+012,+019
+012,+019
+012,+019
+012,+019
+012,+019
+012,+019
+012,+019
+012,+019
+012,+019
+012,+019
+012,+019
+012,+019
+012,+019
+012,+019
+012,+019
+012,+019
+014,+019
+014,+019
+014,+019
+014,+019
+014,+019
+014,+019
+014,+019
+014,+019
+014,+019
+014,+019
+014,+019
+014,+019
+014,+019
+014,+019
+014,+019
+014,+019
+014,+019
+014,+019
+014,+019
+014,+019
+014,+019
+014,+019
+014,+019
+014,+019
+014,+019
+014,+019
+014,+019
+014,+019
+014,+019
+014,+019
+014,+017
+014,+017
+014,+017
+014,+017
+014,+017
+014,+017
+014,+017
+014,+017
+014,+017
+014,+017
+014,+017
+014,+017
+014,+017
+014,+017
+014,+017
+014,+017
+016,+017
+016,+017
+016,+015
+016,+015
+016,+015
+016,+015
+016,+015
+016,+015
+016,+015
+016,+015
+016,+015
+016,+015
+016,+015
+016,+015
+016,+015
+016,+015
+016,+015
+016,+013
+016,+013
+016,+013
+016,+013
+016,+013
+016,+013
+016,+013
-017,+013
-017,+013
-017,+013
-017,+013
-017,+013
-017,+013
-018,+013
-018,+012
-018,+012
-018,+012
-018,+012
-018,+012
-019,+012
-019,+012
-019,-011
-019,-011
-019,-011
-020,-011
-020,-011
-020,-011
-020,-011
-020,-011
-020,-011
-020,-011
-020,-010
-020,-010
-020,-010
-020,-010
-020,-010
-020,-010
-020,-010
-020,-010
-020,-010
-020,-010
-020,-009
-020,-009
-020,-009
-020,-009
-020,-009
-020,-009
-020,-009
-020,-009
-020,-009
-020,-009
-020,-008
-020,-008
-020,-008
-020,-008
-020,-008
-020,-008
-020,-008
-020,-008
-020,-008
-020,-008
-020,-008
-020,-008
-020,-008
-020,-008
-020,-007
-020,-007
-017,-007
-017,-007
-017,-007
-017,-007
-017,-007
-017,-007
-017,-007
-017,-007
-017,-006
-017,-006
-017,-006
-017,-006
-017,-006
-017,-006
-017,-006
-017,-006
-017,-006
-017,-006
-017,-005
-017,-005
-017,-005
-017,-005
-017,-005
-017,-005
+015,-005
+015,-004
+015,-004
+015,-004
+015,-004
+015,-004
+015,-003
+015,-003
+015,-003
+015,-003
+015,-002
+015,-002
+015,-002
+013,-002
+013,-002
+013,-002
+013,-001
+013,-001
+013,-001
+013,-001
+013,-001
+013,-001
+013,-001
+013,-001
+013,-001
+013,-001
+011,-001
+011,-001
+011,-001
+011,-001
+011,-000
+011,-000
+011,-000
+011,-000
+011,-000
+011,-000
+011,-000
+011,-000
+011,-000
+011,-000
+011,-000
+009,-000
+009,-000
+009,-000
+009,-000
+009,-000
+009,-000
+009,-000
+009,-000
+009,-000
+009,-000
+009,-000
+009,-000
+009,-000
+009,-000
+009,-003
+009,-003
+009,-003
+009,-003
+009,-003
+009,-003
+009,-003
+009,-003
+009,-003
+009,-003
+009,-003
+009,-003
+009,-003
+009,-003
+009,-003
+009,-003
+009,-003
+011,-003
+011,-003
+011,-003
+011,-003
+011,-003
+011,-003
+011,-003
+011,-003
+011,-003
+011,-003
+011,-003
+011,-003
+011,-003
+011,-006
+011,-006
+011,-006
+013,-006
+013,-006
+013,-006
+013,-006
+013,-006
+013,-006
+013,-006
+013,-006
+013,-006
+013,-006
+013,-006
+013,-006
+013,-006
+013,-006
+013,-006
+013,-006
+013,-006
+013,-006
+013,-006
+013,-006
+015,-006
+015,-006
+015,-006
+015,-006
+015,-006
+015,-006
+015,-006
+015,-006
+015,-006
+015,-006
+015,-006
+015,-006
+015,-006
+015,-006
+015,-006
+015,-006
+015,-005
+015,-005
+015,-005
+015,-005
+015,-005
+015,-005
+015,-005
+015,-005
+015,-005
+015,-005
+015,-005
+015,-005
+015,-005
+015,-005
+015,-005
+015,-005
+015,-005
+015,-005
+015,-005
+015,-005
+015,-005
+016,-005
+016,-005
+016,-005
+016,-005
+016,-005
+016,-005
+016,-005
+016,-005
+016,-005
+016,-004
+016,-004
+016,-004
+016,-004
+016,-004
+016,-004
+016,-004
+016,-004
+016,-004
+016,-004
+016,-004
+016,-004
+016,-004
+016,-004
+016,-004
+016,-004
+016,-004
+016,-004
+016,-004
+016,-004
+016,-004
+016,-004
+016,-004
+016,-004
+016,-004
+016,-004
+016,-004
+016,-004
+016,-004
+016,-004
+016,-004
+016,-004
+016,-003
+016,-003
+016,-003
+014,-003
+014,-003
+014,-003
+014,-003
+014,-003
+014,-003
+014,-003
+014,-003
+014,-003
+014,-003
+014,-003
+014,-003
+014,-003
+014,-003
+014,-003
+014,-003
+014,-003
+014,-003
+014,-002
+014,-002
+014,-002
+012,-002
+012,-002
+012,-002
+012,-002
+012,-002
+012,-002
+012,-002
+012,-001
+012,-001
+012,-001
+012,-001
+012,-001
+012,-001
+012,-001
+012,-001
+012,-001
+012,-001
+010,-000
+010,-000
+010,-000
+010,-000
+010,-000
+010,-000
+010,-000
+010,-000
+010,-000
+010,-000
+010,-000
+010,-000
+010,-000
+010,-000
+010,-000
+010,-000
+010,-000
+010,-000
+010,-000
+010,-000
+010,-000
+010,-000
+010,-000
+010,-000
+010,-000
+010,-000
+010,-000
+010,-000
+010,-000
+010,-000
+010,-000
+010,-000
+010,-000
+010,-000
+010,-000
+010,-000
+010,-000
+010,-000
+010,-000
+010,-000
+010,-000
+010,-000
+010,-000
+010,-000
+010,-000
+010,-000
+010,-000
+010,-000
+010,-000
+010,-000
+010,-000
+010,-000
+010,-000
+010,-000
+010,-000
+010,-000
+010,-000
+010,-000
+010,-000
+010,-000
+010,-000
+010,-000
+010,-000
+010,-000
+010,-000
+010,-000
+010,-000
+010,-003
+010,-003
+010,-003
+010,-003
+010,-003
+010,-003
+010,-003
+010,-003
+010,-003
+010,-003
+010,-003
+010,-003
+010,-003
+010,-003
+010,-003
+010,-003
+010,-003
+010,-003
+010,-003
+010,-003
+010,-003
+012,-003
+012,-003
+012,-003
+012,-003
+012,-003
+012,-003
+012,-003
+012,-006
+012,-006
+012,-006
+012,-006
+012,-006
+012,-006
+012,-006
+012,-006
+012,-006
+012,-006
+012,-006
+012,-006
+012,-006
+012,-009
+012,-009
+012,-009
+012,-009
+014,-009
+014,-009
+014,-009
+014,-009
+014,-009
+014,-009
+014,-009
+014,-009
+014,-009
+014,-009
+014,+012
+014,+012
+014,+012
+014,+012
+014,+012
+014,+012
+014,+012
+014,+012
+014,+012
+014,+012
+014,+012
+014,+012
+014,+012
+014,+012
+014,+012
+014,+012
+014,+012
+014,+012
+014,+012
+014,+012
+014,+012
+014,+012
+014,+012
+014,+012
+014,+012
+014,+012
+014,+012
+014,+012
+014,+012
+014,+012
+014,+012
+014,+012
+014,+012
+014,+012
+012,+012
+012,+012
+012,+012
+012,+012
+012,+012
+012,+012
+012,+012
+012,+012
+012,+012
+012,+012
+012,+012
+012,+012
+012,+012
+012,+012
+012,+012
+012,+012
+012,+012
+012,-011
+012,-011
+012,-011
+012,-011
+012,-011
+012,-011
+012,-011
+012,-011
+012,-011
+012,-011
+012,-011
+012,-011
+012,-011
+012,-011
+012,-010
+012,-010
+012,-010
+012,-010
+012,-010
+012,-010
+012,-010
+012,-010
+012,-010
+012,-010
+010,-009
+010,-009
+010,-009
+010,-009
+010,-009
+010,-009
+010,-009
+010,-008
+010,-008
+010,-008
+010,-008
+010,-008
+010,-008
+010,-008
+010,-008
+010,-008
+010,-007
+010,-007
+010,-007
+010,-007
+010,-007
+010,-007
+010,-007
+010,-007
+010,-007
+010,-007
+010,-006
+010,-006
+010,-006
+010,-006
+008,-006
+008,-006
+008,-006
+008,-005
+008,-005
+008,-005
+008,-005
+008,-005
+008,-005
+008,-005
+008,-005
+008,-005
+008,-005
+008,-005
+008,-005
+008,-005
+008,-005
+008,-005
+008,-005
+008,-005
+006,-005
+006,-005
+006,-005
+006,-005
+006,-005
+006,-005
+006,-005
+006,-005
+006,-005
+006,-005
+006,-005
+006,-005
+006,-005
+006,-005
+006,-005
+006,-005
+006,-005
+006,-005
+006,-005
+006,-005
+006,-005
+006,-005
+006,-005
+006,-005
+006,-005
+006,-005
+004,-005
+004,-005
+004,-005
+004,-005
+004,-005
+004,-005
+004,-005
+004,-005
+004,-005
+004,-005
+004,-004
+004,-004
+004,-004
+004,-004
+004,-004
+004,-004
+004,-004
+004,-003
+004,-003
+004,-003
+004,-003
+004,-003
+004,-003
+004,-003
+004,-003
+004,-003
+004,-003
+004,-003
+004,-003
+004,-003
+004,-003
+004,-003
+004,-003
+004,-003
+004,-003
+004,-003
+004,-003
+004,-003
+004,-003
+004,-003
+004,-003
+004,-003
+004,-002
+004,-002
+004,-002
+004,-002
+004,-002
+004,-002
+004,-002
+004,-002
+004,-002
+004,-002
+004,-002
+004,-002
+004,-002
+004,-002
+004,-002
+004,-002
+004,-002
+004,-002
+004,-002
+004,-002
+004,-002
+004,-002
+004,-002
+004,-002
+004,-002
+004,-002
+004,-002
+004,-002
+004,-002
+004,-002
+004,-002
+004,-002
+004,-002
+004,-002
+004,-002
+004,-001
+004,-001
+004,-001
+004,-001
+004,-001
+004,-001
+004,-001
+004,-001
+004,-001
+004,-001
+004,-001
+004,-001
+004,-001
+004,-001
+004,-001
+004,-001
+004,-001
+004,-001
+004,-001
+004,-001
+004,-001
+004,-001
+004,-001
+004,-001
+004,-001
+004,-001
+004,-001
+004,-001
+004,-001
+004,-000
+004,-000
+004,-000
+004,-000
+004,-000
+004,-000
+004,-000
+004,-000
+004,-000
+004,-000
+004,-000
+004,-000
+004,-000
+004,-000
+004,-001
+004,-001
+004,-001
+004,-001
+004,-001
+004,-001
+004,-001
+004,-001
+004,-001
+004,-001
+004,-002
+004,-002
+004,-002
+004,-002
+004,-002
+004,-002
+004,-002
+004,-003
+004,-003
+004,-003
+004,-003
+004,-003
+004,-003
+004,-003
+004,-003
+004,-003
+004,-004
+004,-004
+004,-004
+004,-004
+004,-004
+004,-004
+004,-005
+004,-005
+004,-005
+004,-005
+004,-005
+004,-005
+004,-005
+004,-006
+004,-006
+004,-006
+004,-006
+004,-006
+004,-006
+004,-006
+004,-006
+004,-006
+004,-006
+004,-006
+004,-006
+004,-006
+004,-006
+004,-006
+004,-006
+004,-006
+004,-006
+004,-006
+004,-006
+004,-006
+002,-006
+002,-006
+002,-006
+002,-006
+002,-006
+002,-006
+002,-006
+002,-006
+002,-006
+002,-006
+002,-006
+002,-006
+002,-006
+002,-006
+002,-006
+002,-006
+002,-006
+002,-006
+002,-006
+002,-006
+002,-006
+002,-006
+002,-006
+002,-006
+002,-006
+002,-006
+002,-006
+002,-006
+002,-006
+002,-006
+002,-006
+002,-003
+002,-004
+002,-004
+002,-004
+002,-004
+002,-004
+002,-004
+002,-004
+002,-004
+002,-004
+002,-004
+002,-004
+002,-004
+002,-004
+002,-004
+002,-004
+002,-004
+002,-004
+002,-004
+002,-004
+002,-004
+002,-004
+002,-004
+002,-004
+002,-004
+002,-004
+002,-004
+002,-004
+002,-004
+002,-004
+002,-004
+002,-004
+002,-004
+002,-004
+002,-001
+002,-001
+002,-002
+002,-002
+002,-002
+002,-002
+002,-002
+002,-002
+002,-002
+002,-002
+002,-002
+002,-002
+002,-002
+002,-001
+002,-001
+002,-001
+002,-001
+002,-001
+002,-001
+002,-001
+002,-001
+002,-001
+002,-001
+002,-001
+004,-001
+004,-001
+004,-001
+004,-001
+004,-001
+004,-004
+004,-004
+004,-004
+004,-004
+004,-004
+004,-004
+004,-004
+004,-004
+004,-004
+004,-004
+004,-004
+004,-004
+004,-004
+004,-004
+006,-004
+006,-004
+006,-004
+006,-004
+006,-004
+006,-004
+006,-004
+006,-004
+006,-007
+006,-007
+006,-007
+006,-007
+006,-007
+006,-007
+006,-007
+006,-007
+006,-007
+006,-007
+006,-007
+006,-007
+006,-007
+006,-007
+008,-007
+008,-007
+008,-007
+008,-007
+008,-007
+008,-007
+008,-007
+008,-007
+008,-010
+008,-010
+008,-010
+008,-010
+008,-010
+008,-010
+008,-010
+010,-010
+010,-010
+010,-010
+010,-010
+010,-010
+010,-010
+010,-010
+010,-010
+010,-010
+010,-010
+010,-010
+010,-010
+010,-010
+010,-010
+010,-010
+010,-010
+010,-010
+010,-010
+008,-010
+008,-010
+008,-010
+008,-010
+008,-010
+008,-010
+008,+012
+008,+012
+008,+012
+008,+012
+008,+012
+008,+012
+008,+012
+008,+012
+008,+012
+008,+012
+008,+012
+008,+012
+008,+012
+008,+012
+008,+012
+006,+012
+006,+012
+006,+012
+006,+012
+006,+014
+006,+014
+006,+014
+006,+014
+006,+014
+006,+014
+006,+014
+006,+014
+006,+014
+006,+014
+006,+014
+006,+014
+004,+014
+004,+014
+004,+016
+004,+016
+004,+016
+004,+016
+004,+016
+004,+016
+004,+016
+004,+016
+004,+016
+004,+016
+004,+018
+004,+018
+004,+018
+004,+018
+004,+018
+004,+018
+004,+018
+004,+018
+004,+018
+004,+018
+004,+018
+004,+020
+004,+020
+004,+020
+004,+020
+004,+020
+004,+020
+004,+020
+004,+022
+004,+022
+004,+022
+004,+022
+004,+022
+004,+022
+004,+022
+004,+022
+004,+022
+004,+024
+006,+024
+006,+024
+006,+024
+006,+024
+006,+024
+006,+024
+006,+024
+006,+024
+006,+024
+006,+024
+006,+024
+006,+024
+006,+024
+006,+024
+006,+024
+006,+024
+006,+024
+006,+024
+006,+024
+008,+024
+008,+024
+008,+024
+008,+024
+008,+024
+008,+024
+008,+024
+008,+024
+008,+024
+008,+024
+008,+024
+008,+024
+008,+024
+008,+024
+008,+024
+008,+024
+008,+024
+008,+024
+008,+024
+008,+024
+008,+024
+008,+024
+010,+024
+010,+024
+010,+024
+010,+024
+010,+024
+010,+024
+010,+022
+010,+022
+010,+022
+010,+022
+010,+022
+010,+022
+010,+022
+010,+022
+010,+022
+010,+022
+010,+022
+010,+022
+010,+022
+010,+022
+010,+022
+010,+022
+010,+022
+010,+022
+010,+022
+010,+022
+010,+020
+010,+020
+010,+020
+010,+020
+010,+020
+012,+020
+012,+020
+012,+020
+012,+020
+012,+020
+012,+020
+012,+020
+012,+020
+012,+020
+012,+020
+012,+020
+012,+020
+012,+020
+012,+020
+012,+020
+012,+020
+012,+020
+012,+020
+012,+020
+012,+020
+012,+020
+012,+020
+012,+020
+012,+020
+012,+020
+012,+020
+012,+020
+012,+020
+012,+020
+012,+020
+012,+020
+012,+020
+012,+020
+012,+020
+012,+020
+012,+020
+012,+020
+012,+020
+012,+020
+012,+020
+012,+020
+012,+018
+012,+018
+012,+018
+012,+018
+012,+018
+012,+018
+012,+018
+012,+018
+012,+018
+012,+018
+012,+018
+012,+018
+012,+018
+012,+018
+012,+018
+012,+018
+012,+018
+012,+018
+012,+018
+012,+018
+012,+018
+012,+018
+012,+018
+012,+018
+012,+018
+012,+018
+012,+018
+012,+018
+012,+018
+012,+018
+012,+018
+012,+018
+012,+018
+012,+018
+012,+018
+012,+018
+012,+018
+012,+018
+012,+018
+012,+018
+012,+018
+012,+018
+014,+018
+014,+018
+014,+016
+014,+016
+014,+016
+014,+016
+014,+016
+014,+016
+014,+016
+014,+016
+014,+016
+014,+016
+014,+016
+014,+016
+014,+016
+014,+016
+014,+016
+014,+016
+014,+016
+014,+016
+016,+016
+016,+016
+016,+016
+016,+016
+016,+014
+016,+014
+016,+014
+016,+014
+016,+014
+016,+014
+016,+014
+016,+014
+016,+014
+016,+014
+016,+014
+016,+014
-017,+012
-017,+012
-017,+012
-017,+012
-018,+012
-018,+012
-018,+012
-018,+012
-018,+012
-018,+012
-018,+012
-019,-011
-019,-011
-019,-011
-019,-011
-019,-011
-019,-011
-020,-010
-020,-010
-020,-010
-020,-010
-020,-010
-020,-010
-020,-010
-020,-010
-020,-010
-020,-010
-020,-010
-020,-010
-020,-010
-020,-010
-020,-010
-020,-010
-020,-010
-020,-010
-020,-010
-020,-009
-020,-009
-020,-009
-020,-009
-020,-009
-020,-009
-020,-009
-020,-009
-020,-009
-020,-009
-020,-009
-020,-009
-020,-009
-020,-009
-020,-009
-020,-009
-020,-009
-020,-008
-017,-008
-017,-008
-017,-008
-017,-008
-017,-008
-017,-008
-017,-008
-017,-008
-017,-008
-017,-008
-017,-008
-017,-008
+015,-008
+015,-008
+015,-008
+015,-008
+015,-008
+015,-008
+015,-008
+015,-008
+015,-008
+015,-008
+015,-008
+015,-008
+015,-008
+015,-008
+015,-008
+013,-008
+013,-008
+013,-008
+013,-008
+013,-008
+013,-008
+013,-008
+013,-008
+013,-008
+013,-008
+013,-008
+013,-008
+013,-008
+013,-007
+013,-007
+011,-007
+011,-007
+011,-007
+011,-007
+011,-007
+011,-007
+011,-007
+011,-006
+011,-006
+011,-006
+009,-006
+009,-006
+009,-006
+009,-006
+009,-006
+009,-006
+009,-006
+009,-006
+009,-006
+009,-006
+009,-005
+009,-005
+009,-005
+009,-005
+009,-005
+009,-005
+009,-005
+009,-005
+009,-005
+009,-005
+009,-005
+009,-005
+009,-005
+009,-005
+009,-005
+009,-005
+009,-005
+009,-005
+009,-005
+009,-004
+009,-004
+009,-004
+009,-004
+009,-004
+009,-004
+009,-004
+009,-004
+009,-004
+009,-004
+009,-004
+009,-004
+009,-004
+009,-004
+009,-004
+009,-003
+009,-003
+009,-003
+009,-003
+009,-003
+009,-003
+009,-003
+009,-003
+009,-003
+009,-003
+009,-003
+009,-003
+009,-003
+009,-002
+011,-002
+011,-002
+011,-002
+011,-002
+011,-002
+011,-001
+011,-001
+011,-001
+011,-001
+013,-001
+013,-000
+013,-000
+013,-000
+013,-000
+013,-000
+013,-000
+013,-000
+013,-000
+013,-001
+015,-001
+015,-001
+015,-001
+015,-001
+015,-001
+015,-001
+015,-002
+015,-002
+015,-002
+015,-002
+015,-002
+015,-002
+015,-002
+015,-002
+015,-002
+015,-002
+015,-002
+015,-002
+015,-002
+015,-002
+015,-002
+015,-002
+015,-002
+015,-002
+015,-002
+015,-002
+015,-002
+015,-002
+015,-002
+015,-002
+015,-002
+015,-002
+015,-002
+015,-002
+015,-002
+015,-002
+015,-002
+015,-002
+015,-002
+015,-002
+015,-002
+015,-002
+015,-002
+015,-002
+015,-002
+015,-002
+015,-002
+015,-002
+015,-002
+015,-002
+015,-002
+015,-002
+015,-002
+015,-002
+015,-002
+015,-002
+015,-002
+015,-002
+015,-002
+013,-002
+013,-002
+013,-002
+013,-002
+013,-002
+013,-002
+013,-002
+013,-002
+013,-002
+013,-002
+013,-002
+011,-002
+011,-002
+011,-002
+011,-002
+011,-002
+011,-001
+011,-000
+011,-000
+011,-000
+009,-000
+009,-000
+009,-000
+009,-000
+009,-000
+009,-000
+009,-000
+007,-000
+007,-000
+007,-000
+007,-000
+007,-000
+007,-000
+007,-000
+007,-000
+007,-000
+007,-000
+005,-000
+005,-000
+005,-000
+005,-000
+005,-000
+005,-000
+005,-000
+005,-000
+005,-000
+005,-000
+005,-000
+005,-000
+005,-000
+005,-000
+003,-000
+003,-000
+003,-000
+003,-000
+003,-000
+003,-000
+003,-000
+003,-000
+003,-000
+003,-000
+003,-000
+003,-000
+003,-000
+003,-000
+003,-000
+003,-000
+003,-000
+003,-000
+003,-000
+003,-000
+003,-000
+001,-000
+001,-000
+001,-000
+001,-000
+001,-000
+001,-000
+001,-000
+001,-000
+001,-000
+001,-000
+001,-000
+001,-000
+001,-000
+001,-000
+001,-000
+001,-000
+001,-000
+001,-000
+001,-000
+001,-000
+001,-000
+001,-000
+001,-000
+001,-000
+001,-003
+001,-002
+001,-002
+001,-002
+001,-002
+001,-002
+001,-002
+001,-002
+001,-002
+001,-002
+001,-002
+001,-002
+001,-002
+001,-002
+001,-002
+001,-002
+001,-002
+001,-002
+001,-002
+001,-002
+001,-002
+001,-002
+001,-002
+001,-002
+001,-002
+001,-002
+001,-002
+001,-002
+001,-002
+001,-002
+001,-002
+001,-002
+001,-002
+001,-002
+001,-002
+001,-002
+001,-002
+001,-002
+001,-002
+001,-002
+001,-002
+001,-002
+001,-002
+001,-002
+001,-005
+001,-004
+001,-004
+001,-004
+001,-004
+001,-004
+001,-004
+001,-004
+001,-004
+001,-004
+001,-004
+001,-004
+001,-004
+001,-004
+001,-004
+001,-004
+001,-004
+001,-004
+001,-004
+001,-004
+001,-004
+001,-004
+001,-004
+001,-004
+001,-004
+001,-004
+001,-004
+001,-004
+001,-004
+001,-007
+003,-006
+003,-006
+003,-006
+003,-006
+003,-006
+003,-006
+003,-006
+003,-006
+003,-006
+003,-006
+003,-006
+003,-006
+003,-006
+003,-006
+003,-006
+003,-006
+003,-006
+003,-006
+003,-006
+003,-006
+003,-006
+003,-006
+003,-006
+003,-006
+003,-006
+003,-006
+003,-006
+003,-006
+003,-006
+003,-006
+003,-006
+003,-006
+003,-006
+003,-006
+003,-006
+003,-006
+003,-006
+003,-006
+003,-006
+003,-006
+003,-006
+003,-006
+003,-006
+003,-006
+003,-006
+003,-006
+003,-006
+003,-006
+003,-006
+003,-006
+003,-006
+003,-006
+003,-006
+001,-006
+001,-006
+001,-006
+001,-006
+001,-009
+001,-009
+001,-009
+001,-009
+001,-009
+001,-009
+001,-009
+001,-009
+001,-009
+001,-009
+001,-009
+001,-009
+001,-009
+001,-009
+001,-009
+001,-009
+001,-009
+001,-009
+001,-009
+001,-009
+001,-009
+001,-009
+001,-009
+001,-009
+001,-009
+001,-009
+001,-009
+001,-009
+001,-009
+001,-009
+001,-009
+001,-009
+001,-009
+001,-009
+001,-009
+001,-009
+001,-009
+001,-009
+001,-009
+001,-009
+001,-009
+001,-009
+001,-009
+001,-009
+001,-009
+001,-009
+001,-009
+001,-009
+001,-009
+001,-009
+001,-009
+001,-009
+001,-009
+001,-009
+001,-008
+001,-008
+001,-008
+001,-008
+001,-008
+001,-008
+001,-008
+001,-008
+001,-008
+001,-008
+001,-008
+001,-008
+001,-008
+001,-008
+001,-008
+001,-008
+001,-008
+001,-008
+001,-008
+001,-008
+001,-008
+001,-008
+001,-008
+001,-008
+001,-008
+001,-008
+001,-008
+001,-008
+001,-008
+001,-008
+001,-007
+001,-007
+001,-007
+001,-007
+001,-007
+001,-007
+001,-007
+001,-007
+001,-007
+001,-007
+001,-007
+001,-007
+001,-007
+001,-007
+001,-007
+001,-007
+001,-007
+001,-007
+001,-007
+001,-007
+001,-007
+001,-007
+001,-007
+001,-007
+001,-007
+001,-007
+001,-006
+001,-006
+001,-006
+001,-006
+001,-006
+001,-006
+001,-006
+001,-006
+001,-006
+001,-006
+001,-006
+001,-006
+001,-006
+001,-005
+001,-005
+001,-005
+001,-005
+001,-005
+001,-005
+001,-005
+001,-005
+001,-005
+001,-005
+001,-005
+001,-005
+001,-005
+001,-005
+001,-004
+001,-004
+001,-004
+001,-004
+003,-004
+003,-004
+003,-004
+003,-004
+003,-004
+003,-004
+003,-004
+003,-004
+003,-004
+003,-003
+003,-003
+005,-003
+005,-003
+005,-003
+005,-003
+005,-003
+005,-003
+005,-003
+005,-003
+005,-003
+005,-003
+007,-003
+007,-003
+007,-003
+007,-003
+007,-003
+007,-003
+007,-003
+009,-003
+009,-002
+009,-002
+009,-002
+009,-002
+009,-002
+009,-002
+009,-002
+009,-002
+009,-002
+009,-002
+009,-002
+011,-002
+011,-002
+011,-001
+011,-001
+011,-001
+011,-001
+011,-001
+011,-001
+011,-001
+011,-001
+011,-001
+011,-001
+011,-001
+011,-001
+011,-001
+011,-001
+011,-001
+011,-001
+011,-001
+011,-001
+011,-001
+011,-001
+011,-001
+011,-001
+011,-001
+011,-001
+011,-001
+011,-001
+011,-001
+011,-001
+011,-001
+013,-001
+013,-001
+013,-001
+013,-001
+013,-001
+013,-001
+013,-001
+013,-001
+013,-001
+013,-001
+013,-004
+013,-004
+013,-004
+013,-004
+013,-004
+013,-004
+011,-004
+011,-004
+011,-004
+011,-004
+011,-004
+011,-004
+011,-004
+011,-004
+011,-004
+011,-004
+011,-004
+011,-004
+011,-004
+011,-004
+011,-004
+011,-004
+011,-004
+011,-004
+009,-004
+009,-004
+009,-004
+009,-004
+009,-004
+009,-004
+009,-004
+009,-007
+009,-006
+009,-006
+009,-006
+009,-006
+009,-006
+009,-006
+009,-006
+009,-006
+009,-006
+009,-006
+009,-006
+009,-006
+009,-006
+009,-006
+009,-006
+009,-006
+009,-006
+009,-006
+009,-006
+009,-006
+009,-006
+009,-006
+009,-006
+009,-006
+009,-006
+009,-005
+009,-005
+009,-005
+009,-005
+009,-005
+009,-005
+009,-005
+009,-005
+009,-005
+009,-005
+009,-005
+009,-004
+009,-004
+009,-004
+009,-004
+009,-004
+009,-004
+009,-004
+009,-004
+009,-004
+009,-004
+009,-004
+009,-004
+009,-004
+009,-004
+009,-004
+009,-004
+009,-004
+009,-004
+009,-004
+011,-004
+011,-004
+011,-004
+011,-004
+011,-004
+011,-004
+011,-004
+011,-004
+011,-004
+011,-004
+011,-004
+011,-003
+011,-003
+011,-003
+011,-003
+011,-003
+011,-003
+011,-003
+011,-003
+011,-003
+013,-003
+013,-003
+013,-003
+013,-003
+013,-003
+013,-002
+013,-002
+013,-002
+013,-002
+013,-002
+013,-002
+013,-002
+013,-002
+013,-002
+013,-002
+013,-002
+013,-002
+013,-002
+013,-002
+013,-002
+013,-002
+013,-002
+013,-002
+013,-002
+013,-002
+013,-002
+013,-002
+013,-002
+013,-002
+013,-002
+013,-002
+013,-002
+013,-002
+015,-002
+015,-002
+015,-002
+015,-002
+015,-002
+015,-002
+015,-002
+015,-002
+015,-002
+015,-002
+015,-002
+015,-002
+015,-002
+015,-002
+015,-002
+015,-002
+015,-002
+015,-002
+015,-002
+015,-002
+015,-002
+015,-002
+015,-002
+015,-002
+015,-002
+015,-002
+015,-002
+015,-002
+015,-002
+015,-002
+015,-002
+015,-002
+015,-002
+015,-002
+015,-002
+015,-002
+015,-002
+015,-002
+015,-002
+015,-002
+015,-002
+015,-002
+015,-002
+015,-002
+015,-002
+015,-002
+015,-002
+015,-002
+015,-002
+015,-002
+015,-002
+015,-002
+015,-002
+015,-002
+015,-002
+015,-001
+015,-001
+015,-001
+015,-001
+015,-001
+015,-001
+015,-001
+015,-001
+015,-001
+015,-001
+015,-001
+015,-001
+015,-000
+015,-000
+015,-000
+015,-000
+015,-000
+015,-001
+015,-001
+015,-001
+015,-001
+015,-001
+015,-001
+015,-001
+015,-002
+015,-002
+015,-002
+015,-003
+015,-003
+015,-003
+015,-003
+015,-003
+015,-003
+015,-003
+015,-003
+015,-003
+015,-003
+015,-003
+013,-004
+013,-004
+013,-004
+013,-005
+013,-005
+013,-005
+013,-005
+013,-005
+013,-005
+013,-005
+013,-006
+013,-006
+013,-006
+013,-006
+013,-006
+013,-007
+013,-007
+013,-007
+013,-008
+013,-008
+013,-008
+013,-008
+011,-008
+011,-008
+011,-008
+011,-008
+011,-008
+011,-008
+011,-008
+011,-008
+011,-008
+011,-008
+011,-008
+011,-008
+011,-008
+011,-009
+011,-009
+011,-009
+011,-009
+011,-009
+011,-009
+011,-009
+011,-009
+011,-009
+011,-009
+011,-009
+011,-009
+011,-009
+011,-009
+011,-010
+011,-010
+011,-010
+011,-010
+011,-010
+011,-010
+011,-010
+011,-010
+011,-010
+011,-010
+011,-010
+011,-010
+011,-010
+011,-010
+011,-010
+011,-010
+011,-010
+011,-010
+011,-010
+011,-010
+011,-010
+011,-010
+011,-010
+011,-010
+011,-010
+011,-010
+011,-010
+011,-010
+011,-010
+011,-010
+011,-010
+011,-010
+011,-010
+011,-010
+011,-010
+011,-010
+011,-010
+011,-010
+011,-010
+011,-010
+011,-010
+011,-010
+011,-010
+011,-010
+011,-010
+011,-010
+011,-010
+011,-010
+011,-010
+011,-010
+011,-010
+011,-010
+011,-007
+011,-008
+011,-008
+011,-008
+011,-008
+011,-008
+011,-008
+011,-008
+011,-008
+013,-008
+013,-008
+013,-008
+013,-008
+013,-008
+013,-008
+013,-008
+013,-008
+013,-008
+013,-008
+013,-008
+013,-005
+013,-006
+013,-006
+013,-006
+013,-006
+013,-006
+013,-006
+013,-006
+013,-006
+013,-006
+013,-006
+013,-006
+013,-006
+015,-006
+015,-006
+015,-006
+015,-006
+015,-006
+015,-006
+015,-003
+015,-003
+015,-004
+015,-004
+015,-004
+015,-004
+015,-004
+015,-004
+015,-004
+015,-004
+015,-004
+015,-004
+015,-004
+015,-004
COP Area(S): 000281
COP Area(R): 000444