-000,-000
-000,-000
-001,-000
-001,-000
-002,-000
-002,-000
-002,-000
-002,-000
-003,-000
-003,-000
-003,-000
-003,-000
-003,-003
-003,-003
-003,-003
-003,-003
-003,-003
-003,-003
-004,-003
-004,-003
-004,-003
-004,-003
-004,-003
-004,-003
-004,-003
-004,-003
-004,-003
-004,-003
-005,-003
-005,-003
-005,-003
-005,-003
-005,-003
-005,-003
-005,-006
-005,-006
-005,-006
-005,-006
-005,-006
-005,-006
-005,-006
-005,-006
-005,-006
-005,-006
-005,-006
-005,-006
-005,-006
-005,-006
-006,-006
-006,-006
-006,-006
-006,-006
-006,-006
-006,-006
-006,-006
-006,-006
-006,-006
-006,-006
-006,-006
-006,-006
-006,-006
-006,-006
-003,-006
-003,-009
-003,-009
-003,-009
-003,-009
-003,-009
-003,-009
-003,-009
-003,-009
-003,-009
-003,-009
-003,-009
-003,-009
-003,-009
-003,-009
-003,-009
-000,-009
-000,-009
-000,-009
-000,-009
-000,-009
-000,-009
-000,-009
-000,-009
-000,-008
-000,-008
-000,-008
-000,-008
-000,-008
-000,-008
-000,-008
-000,-008
-000,-008
-000,-008
-000,-008
-000,-008
-000,-008
-003,-008
-002,-008
-002,-008
-002,-008
-002,-008
-002,-008
-002,-008
-002,-008
-002,-008
-002,-008
-002,-008
-002,-008
-002,-008
-002,-008
-002,-008
-002,-008
-002,-008
-002,-008
-002,-008
-002,-008
-002,-008
-002,-008
-002,-008
-002,-008
-002,-008
-002,-008
-002,-008
-002,-008
-002,-008
-002,-008
-002,-008
-002,-008
-002,-008
-002,-011
-002,-011
-002,-011
-002,-011
-002,-011
-002,-011
-002,-011
-002,-011
-002,-011
-002,-011
-002,-011
-002,-011
-002,-011
-002,-011
-002,-011
-002,-011
-002,-011
-001,-011
-001,-011
-001,-011
-001,-011
-001,-011
-001,-011
-001,-011
-001,-011
-001,-011
-001,-011
-001,-011
-001,-014
-001,-013
-001,-013
-001,-013
-001,-013
-001,-013
-001,-013
-001,-013
-001,-013
-001,-013
-001,-013
-001,-013
-001,-013
-001,-013
-001,-013
-001,-013
-001,-013
-001,-013
-001,-013
-001,-013
-001,-016
-001,-016
-001,-016
-001,-016
-001,-016
-001,-016
-001,-016
-001,-016
-001,-016
-001,-016
-001,-016
-001,-016
-001,-016
-001,-016
-001,-016
-001,-016
-001,-016
-001,-016
-001,-016
-001,-016
-001,-016
-001,-016
-001,-016
-001,-016
-001,-016
-001,-016
-001,-016
-001,-016
-001,-016
-001,-016
-001,-016
-001,-019
-001,-018
-001,-018
-001,-018
-001,-018
-001,-018
-001,-018
-001,-018
-001,-018
-001,-018
-001,-018
-001,-018
-001,-018
-001,-018
-001,-018
-001,-018
-001,-018
-001,-018
-004,-018
-004,-018
-004,-018
-004,-018
-004,-018
-004,-018
-004,-018
-004,-018
-004,-018
-004,-018
-004,-018
-004,-018
-004,-018
-004,-018
-004,-018
-004,-018
-004,-018
-004,-018
-004,-018
-004,-018
-004,-018
-004,-018
-004,-018
-004,-018
-004,-018
-004,-018
+006,-018
+006,-018
+006,-018
+006,-018
+006,-018
+006,-018
+006,-018
+006,-018
+006,-018
+006,-018
+006,-018
+006,-018
+006,-018
+006,-018
+006,-018
+006,-018
+006,-018
+006,-018
+006,-017
+006,-017
+006,-017
+006,-017
+006,-017
+006,-017
+006,-017
+006,-016
+006,-016
+006,-016
+008,-016
+008,-016
+008,-016
+008,-015
+008,-015
+008,-015
+008,-015
+008,-015
+008,-015
+008,-014
+008,-014
+008,-014
+008,-014
+008,-014
+008,-014
+008,-014
+008,-014
+008,-013
+008,-013
+008,-013
+008,-013
+008,-013
+008,-013
+008,-013
+008,-013
+010,-013
+010,-012
+010,-012
+010,-012
+010,-012
+010,-012
+010,-012
+010,-012
+010,-012
+010,-011
+010,-011
+010,-011
+010,-011
+010,-011
+010,-011
+010,-011
+010,-011
+010,-011
+010,-011
+010,-011
+010,-011
+010,-011
+010,-011
+010,-011
+010,-011
+010,-011
+010,-011
+010,-011
+010,-011
+010,-011
+010,-011
+010,-011
+010,-011
+010,-011
+010,-011
+010,-011
+010,-011
+010,-011
+010,-011
+010,-011
+010,-011
+010,-011
+010,-011
+010,-011
+010,-011
+010,-011
+010,-011
+010,-011
+010,-011
+010,-011
+010,-011
+010,-011
+010,-011
+010,-011
+010,-011
+010,-011
+010,-014
+010,-013
+010,-013
+010,-013
+010,-013
+010,-013
+010,-013
+010,-013
+010,-013
+010,-013
+010,-013
+010,-013
+010,-013
+010,-013
+010,-013
+010,-013
+010,-013
+010,-013
+010,-013
+010,-013
+010,-013
+010,-013
+010,-013
+010,-013
+010,-016
+010,-015
+010,-015
+010,-015
+010,-015
+010,-015
+010,-015
+010,-015
+010,-015
+010,-015
+010,-015
+010,-015
+010,-015
+010,-015
+010,-015
+010,-015
+010,-015
+010,-015
+010,-015
+010,-015
+010,-015
+010,-015
+010,-015
+008,-015
+008,-015
+008,-015
+008,-015
+008,-015
+008,-015
+008,-015
+008,-015
+008,-015
+008,-015
+008,-015
+008,-015
+008,-015
+008,-018
+008,-017
+008,-017
+008,-017
+008,-017
+008,-017
+008,-017
+008,-017
+008,-017
+008,-017
+008,-017
+008,-017
+008,-017
+008,-017
+008,-017
+008,-017
+008,-017
+008,-017
+008,-017
+008,-017
+008,-017
+008,-017
+008,-017
+008,-017
+008,-017
+008,-017
+008,-017
+008,-017
+008,-017
+008,-017
+008,-017
+008,-017
+008,-017
+008,-017
+008,-017
+010,-017
+010,-017
+010,-017
+010,-017
+010,-017
+010,-017
+010,-017
+010,-017
+010,-017
+010,-017
+010,-017
+010,-017
+010,-017
+010,-016
+010,-016
+010,-016
+010,-016
+010,-016
+010,-016
+010,-016
+010,-016
+010,-016
+010,-016
+010,-016
+010,-016
+010,-016
+010,-016
+010,-016
+010,-016
+010,-016
+010,-015
+010,-015
+010,-015
+010,-015
+010,-015
+010,-015
+010,-015
+010,-015
+010,-015
+010,-015
+010,-015
+010,-015
+010,-015
+010,-015
+010,-015
+010,-015
+010,-015
+010,-015
+010,-015
+010,-015
+010,-015
+010,-015
+010,-015
+010,-014
+010,-014
+010,-014
+010,-014
+010,-014
+010,-014
+010,-014
+010,-014
+010,-014
+010,-014
+010,-014
+010,-013
+010,-013
+010,-013
+010,-013
+010,-013
+010,-013
+010,-013
+010,-013
+010,-013
+010,-013
+010,-012
+010,-012
+010,-012
+010,-012
+010,-012
+010,-012
+010,-012
+010,-012
+010,-012
+010,-012
+010,-012
+010,-012
+010,-012
+010,-012
+010,-012
+010,-012
+010,-011
+010,-011
+010,-011
+010,-011
+010,-011
+010,-011
+010,-011
+010,-011
+010,-011
+010,-011
+010,-010
+010,-010
+010,-010
+010,-010
+010,-010
+010,-010
+010,-010
+010,-010
+010,-010
+010,-010
+010,-010
+010,-010
+010,-010
+010,-009
+010,-009
+008,-009
+008,-009
+008,-009
+008,-009
+008,-009
+008,-009
+008,-009
+008,-009
+008,-008
+008,-008
+008,-008
+008,-008
+008,-008
+008,-008
+008,-008
+008,-008
+008,-008
+008,-007
+008,-007
+008,-007
+008,-007
+008,-007
+008,-007
+008,-007
+006,-007
+006,-007
+006,-007
+006,-007
+006,-007
+006,-007
+006,-007
+006,-007
+006,-007
+006,-007
+006,-006
+006,-006
+006,-006
+006,-006
+006,-006
+006,-006
+006,-006
+006,-006
+006,-006
+006,-006
+006,-006
+006,-006
+006,-006
+006,-006
+006,-006
+006,-006
+006,-006
+006,-006
+006,-006
+005,-006
+005,-006
+005,-006
+005,-006
+005,-006
+005,-006
+005,-006
+005,-006
+005,-006
+005,-006
+005,-006
+005,-006
-004,-006
-004,-006
-004,-006
-004,-006
-004,-009
-004,-008
-004,-008
-004,-008
-004,-008
-004,-008
-004,-008
-004,-008
-004,-008
-004,-008
-004,-008
-003,-008
-003,-008
-003,-008
-003,-008
-003,-008
-003,-008
-003,-008
-003,-008
-003,-008
-003,-008
-003,-008
-003,-008
-003,-008
-003,-008
-002,-008
-002,-008
-002,-008
-002,-008
-002,-008
-002,-008
-002,-008
-002,-008
-001,-008
-001,-008
-001,-008
-001,-008
-001,-011
-000,-010
-000,-010
-000,-010
-000,-010
-000,-010
-000,-010
-000,-010
-001,-010
-001,-010
-001,-010
-001,-010
-001,-010
-001,-010
-001,-010
-001,-010
-001,-010
-001,-010
-001,-010
-001,-010
-001,-010
-001,-010
-001,-010
-002,-010
-002,-013
-002,-012
-002,-012
-002,-012
-002,-012
-002,-012
-002,-012
-002,-012
-002,-012
-002,-012
-002,-012
-002,-012
-002,-012
-002,-012
-002,-015
-002,-014
-002,-014
-003,-014
-003,-014
-003,-014
-003,-014
-003,-014
-003,-014
-003,-014
-003,-017
-003,-016
-003,-016
-003,-016
-003,-016
-003,-016
-003,-016
-003,-016
-003,-016
-003,-016
-003,-016
-003,-016
-003,-016
-003,-016
-003,-016
-003,-016
-003,-019
-003,-019
-003,-019
-003,-019
-003,-019
-003,-019
-003,-019
-003,-019
-000,-019
-000,-019
-000,-019
-000,-019
-000,-019
-000,-019
-000,-019
-000,-019
-000,-019
-000,-019
-000,-019
-000,-019
-000,-019
-000,-019
-000,-019
-000,-019
-000,-019
-000,-019
-000,-019
-000,-019
-000,-019
-000,-019
-000,-019
-000,-019
-000,-019
-003,-019
-003,-019
-003,-019
-003,-019
-003,-019
-003,-019
-003,-019
-003,-019
-003,-019
-003,-019
-003,-019
-003,-019
-003,-019
-003,-019
-003,-019
-003,-019
-003,-019
-003,-019
-003,-019
-003,-019
-003,-019
-003,-019
-003,-019
-003,-019
-003,-019
-003,-019
-003,-019
-003,-019
-003,-019
-003,-019
-003,-019
-003,-019
+005,-019
+005,-019
+005,-019
+005,-019
+005,-019
+005,-019
+005,-019
+005,-019
+005,-019
+005,-019
+005,-019
+005,-019
+005,-019
+005,-019
+005,-019
+005,-019
+005,-018
+005,-018
+005,-018
+005,-018
+005,-018
+005,-018
+005,-018
+005,-018
+005,-018
+005,-018
+005,-018
+005,-018
+005,-018
+005,-018
+005,-017
+005,-017
+005,-017
+005,-017
+005,-017
+005,-017
+005,-017
+005,-017
+005,-017
+005,-017
+005,-017
+005,-017
+005,-017
+005,-017
+005,-017
+005,-017
+007,-017
+007,-017
+007,-017
+007,-017
+007,-017
+007,-016
+007,-016
+007,-016
+007,-016
+007,-016
+007,-016
+007,-016
+007,-016
+007,-016
+007,-016
+007,-016
+007,-016
+007,-016
+007,-016
+007,-016
+007,-016
+007,-016
+007,-016
+007,-016
+007,-016
+007,-016
+007,-016
+007,-016
+007,-016
+007,-016
+009,-016
+009,-016
+009,-016
+009,-016
+009,-016
+009,-016
+009,-016
+009,-016
+009,-016
+009,-016
+009,-016
+009,-016
+009,-016
+009,-016
+009,-016
+009,-016
+009,-016
+009,-016
+009,-016
+009,-016
+009,-016
+009,-016
+009,-016
+009,-016
+009,-016
+009,-016
+009,-016
+009,-016
+009,-016
+009,-016
+009,-016
+009,-016
+009,-016
+009,-016
+009,-016
+009,-016
+009,-016
+009,-016
+009,-016
+009,-019
+009,-018
+009,-018
+009,-018
+009,-018
+011,-018
+011,-018
+011,-018
+011,-018
+011,-018
+011,-018
+011,-018
+011,-018
+011,-018
+011,-018
+011,-018
+011,-018
+011,-018
+011,-018
+011,-018
+011,-018
+011,-018
+011,-018
+011,-018
+011,-018
+011,-018
+011,-018
+011,-018
+011,-018
+011,-018
+011,-018
+011,-018
+013,-018
+013,-018
+013,-018
+013,-017
+013,-017
+013,-017
+013,-017
+013,-017
+013,-017
+013,-017
+013,-017
+013,-017
+013,-017
+013,-017
+013,-017
+013,-017
+013,-017
+013,-016
+013,-016
+013,-016
+013,-016
+013,-016
+013,-016
+013,-016
+013,-016
+013,-016
+013,-016
+015,-016
+015,-016
+015,-015
+015,-015
+015,-015
+015,-015
+015,-015
+015,-015
+015,-015
+015,-015
+015,-015
+015,-015
+015,-015
+015,-015
+015,-015
+015,-015
+015,-015
+015,-015
+015,-015
+015,-014
+015,-014
+015,-014
+015,-014
+015,-014
+015,-014
+015,-014
+015,-014
+015,-014
+015,-014
+015,-014
+015,-014
+015,-014
+015,-014
+015,-014
+015,-014
+015,-014
+015,-014
+015,-014
+015,-014
+015,-014
+015,-014
+015,-014
+015,-013
+015,-013
+015,-013
+015,-013
+015,-013
+015,-013
+015,-013
+015,-013
+015,-013
+015,-013
+015,-013
+015,-013
+015,-013
+015,-013
+015,-013
+015,-013
+015,-013
+015,-013
+015,-013
+015,-013
+015,-013
+015,-013
+015,-013
+015,-013
+015,-013
+015,-013
+015,-013
+015,-013
+015,-013
+015,-013
+015,-013
+015,-013
+015,-013
+015,-013
+015,-013
+015,-013
+015,-013
+015,-013
+015,-013
+015,-013
+015,-013
+015,-013
+015,-013
+015,-016
+015,-015
+015,-015
+015,-015
+015,-015
+015,-015
+015,-015
+015,-015
+015,-015
+015,-015
+015,-015
+015,-015
+015,-015
+015,-015
+015,-015
+015,-015
+015,-015
+015,-015
+015,-015
+015,-015
+015,-015
+015,-015
+015,-015
+015,-015
+015,-015
+015,-015
+015,-015
+015,-015
+015,-015
+015,-015
+015,-015
+015,-015
+015,-015
+015,-015
+015,-015
+015,-015
+015,-015
+015,-015
+015,-015
+015,-015
+015,-015
+015,-015
+015,-015
+015,-015
+015,-015
+015,-015
+015,-015
+015,-015
+015,-015
+015,-015
+015,-015
+015,-015
+015,-015
+015,-015
+015,-015
+015,-015
+015,-015
+015,-015
+015,-015
+015,-015
+015,-015
+015,-015
+015,-015
+015,-015
+015,-015
+015,-015
+015,-015
+015,-015
+015,-015
+013,-015
+013,-015
+013,-015
+013,-015
+013,-015
+013,-015
+013,-015
+013,-015
+013,-015
+013,-015
+013,-015
+013,-015
+013,-015
+013,-015
+013,-015
+013,-015
+013,-015
+013,-015
+013,-015
+013,-015
+013,-015
+013,-015
+013,-015
+013,-015
+013,-015
+013,-015
+013,-015
+013,-015
+013,-015
+013,-015
+013,-015
+013,-015
+013,-015
+013,-015
+013,-015
+013,-015
+013,-015
+013,-015
+013,-015
+013,-015
+013,-015
+013,-015
+013,-015
+013,-015
+013,-015
+013,-015
+013,-015
+013,-015
+013,-015
+013,-015
+013,-015
+013,-015
+013,-015
+013,-015
+013,-015
+013,-015
+013,-015
+013,-015
+013,-015
+013,-015
+013,-015
+013,-015
+013,-015
+013,-015
+011,-015
+011,-015
+011,-015
+011,-015
+011,-015
+011,-015
+011,-015
+011,-015
+011,-015
+011,-015
+011,-015
+011,-015
+011,-015
+011,-015
+011,-015
+011,-015
+011,-015
+011,-015
+011,-015
+011,-015
+011,-015
+011,-015
+011,-015
+011,-015
+011,-014
+011,-014
+011,-014
+011,-014
+011,-014
+011,-014
+011,-014
+011,-014
+011,-014
+011,-014
+011,-014
+011,-014
+011,-014
+011,-014
+011,-014
+011,-014
+011,-013
+011,-013
+011,-013
+011,-013
+011,-013
+011,-013
+011,-013
+011,-013
+011,-013
+011,-013
+011,-013
+011,-012
+011,-012
+011,-012
+011,-012
+011,-012
+011,-012
+011,-012
+011,-012
+011,-012
+011,-012
+011,-012
+011,-012
+011,-012
+011,-011
+011,-011
+011,-011
+011,-011
+011,-011
+011,-011
+011,-011
+011,-011
+011,-011
+011,-011
+011,-010
+011,-010
+011,-010
+011,-010
+011,-010
+011,-010
+011,-010
+011,-010
+011,-010
+011,-010
+011,-010
+011,-010
+011,-010
+011,-009
+011,-009
+011,-009
+011,-009
+011,-009
+011,-009
+011,-009
+011,-009
+011,-008
+011,-008
+011,-008
+011,-008
+011,-008
+011,-008
+011,-008
+011,-008
+011,-008
+011,-007
+011,-007
+011,-007
+011,-007
+011,-007
+011,-007
+011,-007
+011,-007
+011,-007
+011,-007
+011,-007
+011,-007
+011,-006
+011,-006
+011,-006
+011,-006
+011,-006
+011,-006
+011,-006
+011,-006
+011,-006
+011,-006
+011,-006
+011,-006
+011,-006
+011,-006
+011,-006
+011,-005
+011,-005
+011,-005
+011,-005
+011,-005
+011,-005
+011,-005
+011,-005
+011,-005
+011,-005
+011,-005
+011,-005
+009,-005
+009,-005
+009,-004
+009,-004
+009,-004
+009,-004
+009,-004
+009,-004
+009,-004
+009,-004
+009,-004
+009,-004
+009,-004
+009,-004
+009,-004
+009,-003
+009,-003
+009,-003
+009,-003
+009,-003
+009,-003
+009,-002
+009,-002
+009,-002
+009,-002
+009,-002
+009,-002
+009,-002
+009,-002
+009,-002
+009,-002
+009,-002
+009,-002
+009,-002
+009,-002
+009,-002
+009,-002
+009,-002
+009,-002
+009,-002
+009,-002
+009,-001
+009,-001
+009,-001
+009,-001
+009,-001
+009,-001
+009,-001
+009,-001
+009,-001
+009,-001
+009,-001
+009,-001
+009,-001
+009,-001
+009,-001
+009,-001
+009,-001
+009,-001
+009,-001
+009,-001
+009,-001
+009,-001
+009,-001
+009,-001
+009,-001
+009,-001
+009,-001
+009,-001
+009,-001
+009,-001
+009,-001
+009,-001
+009,-001
+009,-001
+009,-001
+009,-001
+009,-001
+009,-001
+009,-001
+009,-001
+009,-001
+009,-001
+009,-001
+009,-001
+009,-001
+009,-001
+009,-001
+009,-001
+009,-001
+009,-001
+009,-001
+009,-001
+009,-001
+009,-001
+009,-001
+009,-001
+009,-001
+009,-001
+009,-001
+009,-001
+009,-001
+009,-001
+009,-001
+009,-001
+009,-001
+009,-001
+009,-001
+009,-001
+009,-001
+009,-001
+009,-001
+009,-001
+009,-001
+009,-001
+009,-001
+009,-001
+009,-001
+009,-001
+009,-001
+007,-001
+007,-001
+007,-001
+007,-001
+007,-001
+007,-001
+007,-001
+007,-001
+007,-001
+007,-001
+007,-001
+007,-001
+007,-001
+007,-001
+007,-001
+007,-001
+007,-001
+007,-001
+007,-001
+007,-001
+007,-001
+007,-001
+007,-001
+007,-001
+007,-001
+007,-001
+007,-001
+007,-001
+007,-001
+007,-001
+007,-001
+007,-001
+007,-001
+007,-001
+007,-001
+007,-001
+007,-001
+007,-001
+007,-001
+007,-001
+007,-001
+007,-001
+007,-001
+007,-001
+007,-001
+007,-001
+007,-001
+007,-001
+007,-001
+007,-001
+007,-001
+007,-001
+007,-001
+007,-001
+007,-001
+007,-001
+007,-001
+007,-001
+007,-001
+007,-001
+007,-001
+007,-001
+007,-001
+007,-001
+007,-001
+007,-001
+007,-001
+007,-001
+007,-001
+007,-001
+007,-001
+007,-001
+007,-001
+007,-001
+007,-001
+007,-001
+007,-001
+007,-001
+007,-001
+007,-001
+007,-001
+007,-001
+007,-001
+007,-001
+007,-001
+007,-001
+007,-001
+007,-001
+007,-001
+007,-001
+007,-001
+007,-001
+009,-001
+009,-001
+009,-001
+009,-001
+009,-001
+009,-001
+009,-001
+009,-001
+009,-001
+009,-001
+009,-001
+009,-001
+009,-001
+009,-001
+009,-001
+009,-001
+009,-001
+009,-001
+009,-001
+009,-001
+009,-001
+009,-001
+009,-001
+009,-001
+009,-001
+009,-001
+011,-001
+011,-001
+011,-001
+011,-001
+011,-001
+011,-001
+011,-001
+011,-001
+011,-001
+011,-001
+011,-001
+011,-001
+011,-001
+011,-001
+011,-001
+011,-001
+011,-001
+011,-001
+011,-001
+011,-001
+011,-001
+011,-001
+011,-001
+011,-001
+011,-001
+011,-001
+011,-001
+011,-001
+011,-001
+011,-001
+011,-000
+011,-000
+011,-000
+011,-000
+011,-000
+011,-000
+011,-000
+011,-000
+011,-000
+011,-000
+011,-000
+011,-000
+011,-000
+011,-000
+011,-000
+011,-000
+011,-000
+011,-000
+011,-000
+011,-000
+011,-001
+011,-001
+011,-001
+011,-001
+011,-001
+011,-001
+011,-001
+011,-001
+011,-001
+011,-001
+011,-002
+011,-002
+011,-002
+011,-002
+013,-002
+013,-002
+013,-002
+013,-002
+013,-002
+013,-002
+013,-002
+013,-002
+013,-002
+013,-002
+013,-002
+013,-002
+013,-002
+013,-002
+013,-002
+013,-002
+013,-002
+013,-002
+013,-002
+013,-002
+013,-002
+013,-002
+013,-002
+013,-002
+013,-002
+013,-002
+013,-002
+013,-002
+013,-002
+013,-002
+013,-002
+011,-002
+011,-002
+011,-002
+011,-002
+011,-002
+011,-002
+011,-002
+011,-002
+011,-002
+011,-002
+011,-002
+011,-002
+011,-002
+011,-002
+011,-002
+011,-002
+011,-002
+011,-002
+011,-002
+011,-002
+011,-002
+011,-002
+011,-002
+011,-002
+011,-001
+011,-001
+011,-001
+011,-001
+011,-001
+011,-001
+011,-001
+009,-001
+009,-001
+009,-001
+009,-001
+009,-001
+009,-001
+009,-001
+009,-001
+009,-001
+009,-001
+009,-001
+009,-001
+009,-001
+009,-001
+009,-001
+009,-001
+009,-001
+009,-001
+009,-001
+009,-001
+009,-001
+009,-001
+009,-001
+009,-004
+009,-003
+009,-003
+009,-003
+009,-003
+009,-003
+009,-003
+009,-003
+009,-003
+009,-003
+009,-003
+009,-003
+009,-003
+009,-003
+009,-003
+009,-003
+009,-003
+009,-003
+009,-003
+009,-003
+009,-003
+009,-003
+009,-003
+009,-003
+009,-003
+009,-003
+009,-003
+009,-003
+009,-003
+009,-003
+009,-003
+009,-003
+009,-003
+009,-003
+009,-003
+009,-003
+009,-003
+009,-003
+009,-003
+009,-003
+009,-003
+009,-003
+009,-003
+009,-003
+009,-003
+009,-003
+009,-003
+009,-003
+009,-003
+009,-003
+009,-003
+009,-003
+009,-003
+009,-003
+009,-003
+009,-003
+009,-003
+009,-003
+009,-003
+009,-003
+009,-003
+009,-003
+009,-003
+009,-003
+009,-003
+009,-003
+009,-003
+009,-002
+009,-002
+009,-002
+009,-002
+009,-002
+009,-002
+009,-002
+009,-002
+009,-002
+009,-002
+009,-002
+009,-002
+009,-002
+009,-002
+009,-001
+009,-001
+009,-001
+009,-001
+009,-001
+009,-001
+009,-001
+009,-000
+009,-000
+009,-000
+009,-000
+009,-000
+009,-000
+009,-000
+009,-001
+009,-001
+009,-001
+009,-001
+009,-001
+009,-001
+009,-001
+009,-001
+009,-001
+011,-001
+011,-001
+011,-001
+011,-001
+011,-002
+011,-002
+011,-002
+011,-002
+011,-002
+011,-002
+011,-002
+011,-002
+011,-002
+011,-002
+011,-003
+011,-003
+011,-003
+011,-003
+011,-003
+011,-003
+011,-003
+011,-003
+011,-003
+011,-003
+011,-003
+011,-003
+011,-003
+011,-003
+011,-003
+011,-003
+011,-003
+011,-003
+011,-003
+011,-003
+011,-003
+011,-003
+011,-003
+011,-003
+011,-003
+011,-003
+011,-003
+011,-003
+011,-003
+011,-003
+011,-003
+011,-003
+011,-003
+011,-003
+011,-003
+011,-003
+011,-003
+011,-003
+011,-000
+011,-000
+011,-000
+009,-000
+009,-000
+009,-000
+009,-000
+009,-000
+009,-000
+009,-000
+009,-000
+009,-000
+009,-000
+009,-000
+009,-000
+009,-000
+009,-000
+009,-000
+009,-000
+009,-000
+009,-000
+009,-000
+009,-000
+009,-000
+009,-000
+009,-000
+009,-000
+009,-000
+009,-000
+009,-000
+009,-000
+009,-000
+009,-000
+009,-000
+009,-003
+009,-002
+009,-002
+009,-002
+009,-002
+009,-002
+009,-002
+009,-002
+009,-002
+009,-002
+007,-002
+007,-002
+007,-002
+007,-002
+007,-002
+007,-002
+007,-002
+007,-002
+007,-002
+007,-002
+007,-002
+007,-002
+007,-002
+007,-002
+007,-002
+007,-002
+007,-005
+007,-005
+007,-005
+007,-005
+007,-005
+007,-005
+007,-005
+007,-005
+007,-005
+007,-005
+007,-005
+007,-005
+007,-005
+007,-005
+007,-005
+007,-005
+007,-005
+007,-005
+007,-005
+007,-005
+007,-005
+007,-005
+007,-005
+007,-005
+007,-005
+007,-005
+007,-005
+007,-005
+007,-005
+007,-005
+007,-005
+007,-005
+007,-005
+007,-005
+007,-005
+007,-005
+007,-005
+007,-005
+007,-005
+007,-005
+007,-005
+007,-005
+007,-005
+007,-005
+007,-005
+007,-005
+007,-005
+005,-005
+005,-005
+005,-005
+005,-005
+005,-005
+005,-005
+005,-008
+005,-008
+005,-007
+005,-007
+005,-007
+005,-007
+005,-007
+005,-007
+005,-007
+005,-007
+005,-007
+005,-007
+005,-007
+005,-007
+005,-007
+005,-007
+005,-007
+005,-007
+005,-007
+005,-007
+005,-007
+005,-007
+005,-007
+005,-007
+005,-007
+005,-007
+005,-007
+005,-007
+005,-007
+005,-007
+005,-007
+005,-007
+005,-007
+005,-007
+005,-007
+005,-007
+005,-007
+005,-007
+005,-007
+005,-007
+005,-007
+005,-007
+005,-007
+005,-007
+005,-007
+005,-007
+005,-007
+005,-007
+005,-006
+005,-006
+005,-006
+005,-006
+005,-006
+005,-006
+005,-006
+005,-006
+005,-006
+005,-006
+005,-006
+005,-006
+005,-006
+005,-006
+005,-006
+005,-006
+005,-006
+005,-006
+005,-006
+005,-006
+005,-006
+005,-006
+005,-006
+005,-006
+005,-006
+005,-006
+005,-006
+005,-006
+005,-006
+005,-006
+005,-006
+005,-006
+005,-006
+005,-006
+005,-006
+005,-006
+005,-006
+005,-006
+005,-006
+005,-006
+005,-006
+005,-006
+005,-006
+005,-006
+005,-006
+005,-006
+005,-006
+005,-006
+005,-006
+005,-006
+005,-006
+005,-006
+005,-006
+005,-006
+005,-006
+005,-006
+005,-006
+005,-006
+005,-006
+005,-006
+005,-006
+005,-006
+005,-006
+005,-006
+007,-006
+007,-006
+007,-006
+007,-006
+007,-006
+007,-006
+007,-006
+007,-006
+007,-009
+007,-009
+007,-008
+007,-008
+007,-008
+007,-008
+007,-008
+007,-008
+007,-008
+007,-008
+007,-008
+007,-008
+007,-008
+007,-008
+007,-008
+007,-008
+007,-008
+007,-008
+007,-008
+007,-008
+007,-008
+007,-008
+007,-008
+007,-008
+007,-008
+007,-008
+007,-008
+007,-008
+007,-008
+007,-008
+007,-008
+007,-008
+007,-008
+007,-008
+007,-008
+007,-008
+007,-008
+007,-008
+007,-008
+007,-008
+007,-008
+007,-008
+007,-008
+007,-008
+007,-008
+007,-008
+007,-008
+007,-008
+007,-008
+007,-008
+007,-008
+007,-008
+007,-008
+007,-008
+007,-008
+007,-008
+007,-008
+007,-008
+007,-008
+007,-008
+007,-008
+007,-008
+007,-008
+007,-008
+007,-008
+007,-008
+007,-008
+007,-008
+007,-011
+007,-011
+007,-011
+007,-010
+007,-010
+007,-010
+007,-010
+007,-010
+007,-010
+007,-010
+007,-010
+007,-010
+007,-010
+007,-010
+007,-010
+007,-010
+007,-010
+007,-010
+007,-010
+007,-010
+007,-010
+007,-010
+007,-010
+007,-010
+007,-010
+007,-010
+007,-010
+007,-010
+007,-010
+007,-010
+007,-010
+007,-010
+007,-010
+007,-010
+007,-010
+007,-010
+007,-010
+007,-010
+007,-010
+007,-010
+007,-010
+007,-010
+007,-010
+007,-010
+007,-010
+007,-010
+007,-010
+007,-010
+007,-010
+007,-010
+007,-010
+007,-010
+007,-010
+007,-010
+007,-010
+007,-010
+007,-010
+007,-010
+007,-010
+007,-010
+007,-010
+007,-010
+007,-010
+007,-010
+007,-010
+007,-010
+007,-010
+007,-010
+007,-010
+007,-010
+007,-010
+007,-010
+007,-010
+007,-010
+007,-010
+007,-010
+007,-010
+007,-010
+007,-010
+007,-010
+007,-010
+007,-010
+007,-010
+007,-010
+007,-010
+007,-010
+007,-010
+007,-010
+007,-010
+007,-010
+007,-010
+007,-009
+007,-009
+007,-009
+007,-009
+007,-009
+007,-009
+007,-009
+007,-009
+007,-009
+007,-009
+007,-009
+007,-009
+007,-009
+007,-009
+007,-009
+007,-009
+007,-009
+007,-009
+007,-009
+007,-009
+009,-009
+009,-009
+009,-009
+009,-009
+009,-008
+009,-008
+009,-008
+009,-008
+009,-008
+009,-008
+009,-008
+009,-008
+009,-008
+009,-008
+009,-008
+009,-008
+009,-008
+009,-008
+009,-008
+009,-008
+009,-008
+009,-008
+009,-008
+009,-008
+009,-008
+009,-008
+009,-008
+009,-008
+009,-008
+009,-008
+009,-008
+009,-008
+009,-008
+009,-008
+009,-008
+009,-008
+009,-008
+009,-008
+009,-008
+009,-008
+009,-008
+009,-008
+009,-008
+009,-008
+009,-008
+009,-008
+009,-008
+009,-008
+009,-011
+009,-011
+009,-010
+009,-010
+009,-010
+009,-010
+009,-010
+009,-010
+009,-010
+009,-010
+009,-010
+009,-010
+009,-010
+009,-010
+009,-010
+009,-010
+009,-010
+009,-010
+009,-010
+009,-010
+009,-010
+009,-010
+009,-010
+009,-010
+009,-010
+009,-010
+009,-010
+009,-010
+009,-010
+009,-010
+009,-010
+009,-010
+009,-010
+009,-010
+009,-010
+009,-010
+009,-010
+009,-010
+009,-010
+009,-010
+009,-010
+009,-010
+009,-010
+009,-010
+009,-010
+009,-010
+009,-010
+009,-010
+009,-010
+009,-010
+009,-013
+009,-012
+011,-012
+011,-012
+011,-012
+011,-012
+011,-012
+011,-012
+011,-012
+011,-012
+011,-012
+011,-012
+011,-012
+011,-012
+011,-012
+011,-012
+011,-012
+011,-012
+011,-012
+011,-012
+011,-012
+011,-012
+011,-012
+011,-012
+011,-012
+011,-012
+011,-012
+011,-012
+011,-012
+011,-012
+011,-012
+011,-012
+011,-012
+011,-012
+011,-012
+011,-012
+011,-012
+011,-012
+011,-012
+011,-012
+011,-012
+011,-012
+011,-012
+011,-012
+011,-012
+011,-011
+011,-011
+011,-011
+011,-011
+011,-011
+011,-011
+011,-011
+011,-011
+011,-011
+011,-011
+011,-011
+011,-011
+011,-011
+011,-011
+011,-011
+011,-011
+011,-011
+011,-011
+011,-011
+011,-011
+011,-011
+011,-011
+011,-011
+011,-011
+011,-011
+011,-011
+011,-011
+011,-011
+011,-011
+011,-011
+011,-011
+011,-011
+011,-011
+011,-010
+011,-010
+011,-010
+011,-010
+011,-010
+011,-010
+011,-010
+011,-010
+011,-010
+011,-010
+011,-010
+011,-010
+011,-010
+011,-010
+011,-010
+011,-010
+011,-010
+011,-010
+011,-010
+011,-010
+011,-010
+011,-010
+011,-010
+011,-010
+011,-010
+011,-010
+011,-010
+011,-010
+011,-010
+011,-010
+011,-009
+011,-009
+011,-009
+011,-009
+011,-009
+011,-009
+011,-009
+011,-009
+011,-009
+011,-009
+011,-009
+011,-009
+011,-009
+011,-009
+011,-009
+011,-009
+011,-009
+011,-009
+011,-009
+011,-009
+011,-009
+011,-009
+011,-009
+011,-009
+011,-009
+011,-009
+011,-009
+011,-008
+011,-008
+011,-008
+011,-008
+011,-008
+011,-008
+011,-008
+011,-008
+011,-008
+011,-008
+011,-008
+011,-008
+011,-008
+011,-008
+011,-008
+011,-008
+011,-008
+011,-008
+011,-008
+011,-008
+011,-008
+011,-008
+011,-008
+011,-008
+011,-008
+011,-008
+011,-008
+011,-008
+011,-008
+011,-008
+013,-007
+013,-007
+013,-007
+013,-007
+013,-007
+013,-007
+013,-007
+013,-007
+013,-007
+013,-007
+013,-007
+013,-007
+013,-007
+013,-007
+013,-007
+013,-007
+013,-007
+013,-007
+013,-007
+013,-006
+013,-006
+013,-006
+013,-006
+013,-006
+013,-006
+013,-006
+013,-006
+013,-006
+013,-006
+013,-006
+015,-005
+015,-005
+015,-005
+015,-005
+015,-005
+015,-005
+015,-005
+015,-005
+015,-005
+015,-005
+015,-005
+015,-005
+015,-005
+015,-005
+015,-005
+015,-005
+015,-005
+015,-005
+015,-005
+015,-005
+015,-005
+015,-005
+015,-005
+015,-005
+015,-005
+015,-005
+015,-005
+015,-005
+015,-005
+015,-005
+015,-005
+015,-005
+015,-005
+015,-005
+015,-005
+015,-005
+015,-005
+015,-005
+015,-005
+015,-005
+015,-005
+015,-005
+015,-005
+015,-005
+015,-005
+015,-005
+015,-005
+015,-005
+015,-005
+015,-005
+015,-005
+015,-005
+015,-005
+015,-005
+015,-005
+015,-005
+015,-005
+015,-005
+015,-005
+015,-005
+015,-005
+015,-005
+015,-005
+015,-005
+015,-005
+015,-005
+015,-005
+015,-005
+015,-005
+015,-005
+015,-005
+015,-005
+015,-005
+015,-005
+015,-005
+015,-005
+015,-005
+015,-005
+015,-005
+015,-005
+015,-005
+015,-005
+015,-005
+015,-005
+015,-005
+015,-005
+015,-005
+017,-005
+017,-005
+017,-005
+017,-005
+017,-005
+017,-005
+017,-005
+017,-005
+017,-005
+017,-005
+017,-005
+017,-005
+017,-005
+017,-005
+017,-005
+017,-005
+017,-005
+017,-005
+017,-005
+017,-005
+017,-005
+017,-005
+017,-005
+017,-005
+017,-005
+017,-005
+017,-004
+017,-004
+017,-004
+017,-004
+017,-004
+017,-004
+017,-004
+017,-004
+017,-004
+017,-004
+017,-004
+017,-004
+017,-004
+017,-004
+017,-004
+017,-004
+017,-004
+017,-004
+017,-004
+017,-004
+017,-004
+017,-004
+017,-004
+017,-004
+017,-004
+017,-004
+017,-004
+017,-004
+017,-004
+017,-004
+017,-004
+017,-004
+017,-004
+017,-004
+017,-004
+017,-004
+017,-004
+017,-004
+017,-004
+017,-004
+017,-004
+017,-004
+017,-004
+017,-004
+017,-004
+017,-004
+017,-004
+017,-004
+017,-004
+017,-004
+017,-004
+017,-004
+017,-004
+015,-004
+015,-004
+015,-004
+015,-004
+015,-004
+015,-004
+015,-004
+015,-004
+015,-004
+015,-004
+015,-004
+015,-004
+015,-004
+015,-004
+015,-004
+015,-004
+015,-004
+015,-004
+015,-004
+015,-004
+015,-004
+015,-004
+015,-004
+015,-004
+015,-004
+015,-004
+015,-004
+015,-004
+015,-004
+015,-004
+015,-004
+015,-004
+015,-004
+015,-004
+015,-007
+015,-007
+013,-007
+013,-007
+013,-007
+013,-007
+013,-007
+013,-007
+013,-007
+013,-007
+013,-007
+013,-007
+013,-007
+013,-007
+013,-007
+013,-007
+013,-007
+013,-007
+013,-007
+013,-007
+013,-007
+013,-007
+013,-007
+013,-007
+013,-007
+013,-007
+013,-007
+013,-007
+013,-007
+013,-007
+013,-007
+013,-007
+013,-007
+013,-007
+013,-007
+013,-007
+013,-007
+013,-007
+011,-007
+011,-007
+011,-007
+011,-007
+011,-007
+011,-007
+011,-007
+011,-007
+011,-007
+011,-007
+011,-007
+011,-007
+011,-007
+011,-010
+011,-010
+011,-010
+011,-010
+011,-010
+011,-010
+011,-010
+011,-010
+011,-010
+011,-010
+011,-010
+009,-010
+009,-010
+009,-010
+009,-010
+009,-010
+009,-010
+009,-010
+009,-010
+009,-010
+009,-010
+009,-010
+009,-010
+009,-010
+009,-010
+009,-010
+009,-010
+009,-010
+009,-010
+009,-010
+009,-010
+009,-010
+009,-010
+009,-010
+009,-010
+009,-010
+009,-010
+009,-013
+009,-013
+009,-013
+009,-013
+009,-013
+009,-013
+009,-013
+009,-013
+009,-013
+009,-013
+009,-013
+009,-013
+009,-013
+009,-013
+009,-013
+009,-013
+009,-013
+009,-013
+009,-013
+009,-013
+009,-013
+009,-013
+009,-013
+009,-013
+009,-013
+009,-013
+009,-013
+009,-013
+009,-013
+009,-013
+009,-013
+009,-013
+009,-013
+009,-013
+009,-013
+009,-013
+009,-013
+009,-013
+009,-013
+009,-013
+009,-013
+009,-013
+009,-013
+009,-013
+009,-016
+009,-015
+009,-015
+009,-015
+009,-015
+009,-015
+009,-015
+009,-015
+009,-015
+009,-015
+009,-015
+009,-015
+009,-015
+009,-015
+009,-015
+009,-015
+009,-018
+009,-018
+009,-018
+009,-018
+009,-018
+009,-018
+009,-018
+009,-018
+009,-018
+009,-018
+009,-018
+009,-018
+009,-018
+009,-018
+009,-018
+009,-018
+009,-018
+009,-018
+009,-018
+009,-018
+009,-018
+009,-018
+009,-018
+009,-018
+009,-018
+009,-018
+009,-018
+009,-018
+009,-018
+009,-018
+009,-018
+009,-018
+009,-018
+009,-018
+009,-018
+009,-018
+009,-018
+009,-018
+009,-018
+011,-021
+011,-021
+011,-021
+011,-021
+011,-021
+011,-021
+011,-021
+011,-021
+011,-021
+011,-021
+011,-021
+011,-021
+011,-021
+011,-021
+013,-021
+013,-021
+013,-021
+013,-021
+013,-021
+013,-021
+013,-021
+013,-021
+013,-021
+013,-021
+013,-021
+013,-021
+013,-021
+013,-021
+013,-021
+013,-021
+013,-021
+013,-021
+013,-021
+013,-021
+013,-021
+013,-021
+013,-024
+013,-024
+013,-024
+013,-024
+013,-024
+013,-024
+013,-024
+013,-024
+013,-024
+013,-024
+013,-024
+013,-024
+013,-024
+013,-024
+013,-024
+013,-024
+013,-024
+013,-024
+013,-024
+013,-024
+013,-024
+013,-024
+015,-024
+015,-024
+015,-024
+015,-024
+015,-024
+015,-024
+015,-024
+015,-024
+015,-024
+015,-024
+015,-024
+015,-024
+015,-024
+015,-024
+015,-024
+015,-024
+015,-024
+015,-024
+015,-024
+015,-024
+015,-024
+015,-024
+015,-024
+015,-024
+015,-024
+015,-024
+015,-024
+015,-024
+015,-024
+015,-024
+015,-024
+015,-024
+015,-024
+015,-024
+015,-024
+015,-024
+015,-024
+015,-024
+015,-024
+015,-024
+015,-024
+015,-024
+015,-024
+015,-024
+015,-024
+015,-024
+015,-024
+015,-024
+015,-024
+015,-024
+015,-024
+015,-024
+015,-024
+015,-024
+015,-024
+015,-024
+015,-024
+015,-024
+015,-024
+015,-024
+015,-024
+015,-024
+015,-024
+015,-024
+015,-024
+015,-024
+015,-024
+015,-024
+015,-024
+015,-024
+015,-024
+015,-024
+015,-024
+015,-024
+015,-024
+015,-024
+015,-024
+015,-024
+015,-024
+015,-024
+015,-024
+015,-024
+015,-024
+015,-024
+015,-024
+015,-024
+015,-024
+015,-024
+015,-024
+015,-024
+015,-024
+015,-024
+015,-024
+015,-024
+015,-024
+015,-024
+015,-024
+015,-024
+015,-024
+015,-024
+015,-024
+015,-024
+015,-024
+015,-024
+015,-024
+015,-024
+015,-024
+015,-024
+015,-024
+015,-024
+015,-024
+015,-024
+015,-024
+015,-024
+015,-024
+015,-024
+015,-023
+015,-023
+013,-023
+013,-023
+013,-023
+013,-023
+013,-023
+013,-023
+013,-023
+013,-022
+013,-022
+013,-022
+013,-022
+013,-022
+013,-022
+013,-022
+013,-022
+013,-022
+013,-022
+013,-021
+013,-021
+013,-021
+013,-021
+013,-021
+013,-021
+013,-021
+013,-021
+013,-021
+013,-021
+013,-020
+013,-020
+013,-020
+013,-020
+013,-020
+013,-020
+013,-020
+013,-020
+013,-020
+013,-020
+013,-020
+013,-020
+011,-020
+011,-020
+011,-020
+011,-020
+011,-020
+011,-019
+011,-019
+011,-019
+011,-019
+011,-019
+011,-019
+011,-019
+011,-019
+011,-019
+011,-019
+011,-019
+011,-019
+011,-019
+011,-019
+011,-019
+011,-019
+011,-019
+011,-019
+011,-019
+011,-019
+011,-019
+011,-019
+011,-019
+011,-019
+011,-019
+011,-019
+011,-019
+011,-019
+011,-019
+011,-019
+011,-019
+011,-019
+011,-019
+011,-019
+011,-019
+011,-019
+011,-019
+011,-019
+011,-019
+011,-019
+011,-019
+011,-019
+011,-019
+011,-019
+011,-019
+011,-019
+011,-018
+011,-018
+011,-018
+011,-018
+011,-018
+011,-018
+011,-018
+011,-018
+011,-018
+011,-018
+011,-018
+011,-018
+011,-018
+011,-018
+011,-018
+011,-018
+011,-018
+011,-018
+011,-018
+011,-018
+011,-018
+011,-018
+009,-018
+009,-018
+009,-018
+009,-018
+009,-018
+009,-018
+009,-018
+009,-018
+009,-018
+009,-018
+009,-018
+009,-018
+009,-018
+009,-018
+009,-018
+009,-018
+009,-018
+009,-018
+009,-018
+009,-018
+009,-018
+009,-018
+009,-018
+009,-018
+009,-018
+009,-018
+009,-018
+009,-018
+009,-018
+009,-018
+009,-018
+009,-018
+009,-018
+009,-018
+009,-018
+009,-018
+009,-018
+009,-018
+009,-018
+009,-018
+009,-018
+009,-018
+009,-018
+009,-018
+009,-018
+009,-018
+009,-018
+009,-018
+009,-018
+009,-018
+009,-018
+009,-018
+009,-018
+009,-018
+009,-018
+009,-018
+009,-018
+009,-018
+009,-018
+009,-018
+009,-018
+009,-018
+009,-018
+009,-018
+009,-018
+009,-018
+009,-018
+009,-018
+009,-018
+009,-018
+009,-018
+009,-018
+009,-018
+009,-018
+009,-018
+009,-018
+009,-018
+009,-018
+009,-018
+009,-018
+009,-018
+009,-018
+009,-018
+009,-018
+009,-018
+009,-018
+009,-018
+009,-018
+009,-018
+009,-018
+009,-018
+009,-018
+009,-018
+009,-018
+009,-018
+009,-018
+009,-018
+009,-018
+009,-018
+009,-018
+009,-018
+009,-018
+009,-018
+009,-018
+009,-018
+009,-018
+009,-018
+009,-018
+009,-018
+009,-018
+009,-018
+009,-018
+009,-018
+009,-018
+009,-018
+009,-018
+009,-018
+009,-018
+009,-018
+009,-018
+009,-018
+009,-018
+009,-018
+009,-018
+009,-018
+009,-018
+009,-018
+009,-018
+009,-018
+009,-018
+009,-018
+009,-018
+009,-018
+009,-018
+009,-018
+009,-018
+009,-018
+009,-018
+009,-018
+009,-018
+009,-018
+009,-018
+009,-018
+009,-018
+009,-018
+009,-018
+009,-018
+009,-018
+009,-018
+009,-018
+009,-018
+009,-018
+009,-018
+009,-018
+009,-018
+009,-018
+009,-018
+009,-018
+009,-018
+009,-018
+009,-018
+009,-018
+009,-018
+009,-018
+009,-018
+009,-018
+009,-018
+009,-018
+009,-018
+009,-018
+009,-018
+009,-018
+009,-018
+009,-018
+009,-018
+009,-018
+009,-018
+009,-018
+009,-018
+009,-018
+009,-018
+009,-018
+009,-018
+009,-018
+009,-018
+009,-018
+009,-018
+009,-018
+009,-018
+009,-018
+009,-018
+009,-018
+009,-018
+009,-018
+009,-018
+009,-018
+009,-018
+009,-018
+009,-018
+009,-018
+009,-018
+009,-018
+009,-018
+009,-018
+009,-018
+009,-018
+009,-018
+009,-018
+009,-018
+009,-018
+009,-018
+009,-018
+009,-018
+009,-018
+009,-018
+009,-018
+009,-018
+009,-018
+009,-018
+009,-018
+009,-018
+009,-018
+009,-018
+009,-018
+009,-018
+009,-018
+009,-018
+009,-018
+009,-018
+009,-018
+009,-018
+009,-018
+009,-018
+009,-018
+009,-018
+009,-018
+009,-018
+009,-018
+009,-018
+009,-018
+009,-018
+009,-018
+009,-018
+009,-018
+009,-018
+009,-018
+009,-018
+009,-018
+009,-018
+009,-018
+009,-018
+009,-018
+009,-017
+009,-017
+009,-017
+009,-017
+009,-017
+009,-017
+009,-017
+009,-017
+009,-017
+009,-017
+009,-017
+009,-017
+009,-017
+009,-017
+009,-017
+009,-017
+009,-017
+009,-016
+009,-016
+009,-016
+009,-016
+009,-016
+009,-016
+009,-016
+009,-016
+009,-016
+009,-015
+009,-015
+009,-015
+009,-015
+009,-014
+009,-014
+009,-014
+009,-014
+009,-014
+009,-014
+009,-014
+009,-014
+009,-014
+009,-014
+009,-014
+009,-013
+009,-013
+009,-013
+009,-013
+009,-013
+009,-012
+009,-012
+009,-012
+009,-012
+009,-012
+009,-012
+009,-011
+011,-011
+011,-011
+011,-011
+011,-011
+011,-011
+011,-011
+011,-011
+011,-011
+011,-010
+011,-010
+011,-010
+011,-010
+011,-010
+011,-010
+011,-010
+011,-010
+011,-010
+011,-010
+011,-010
+011,-010
+011,-009
+011,-009
+011,-009
+011,-009
+011,-009
+011,-009
+011,-009
+011,-009
+011,-009
+011,-009
+011,-008
+011,-008
+011,-008
+011,-008
+011,-008
+011,-008
+011,-008
+011,-008
+011,-008
+011,-008
+011,-008
+011,-008
+011,-007
+011,-007
+011,-007
+011,-007
+011,-007
+011,-006
+011,-006
+011,-006
+011,-006
+011,-006
+011,-006
+011,-006
+011,-005
+011,-005
+011,-005
+011,-005
+011,-005
+011,-005
+011,-005
+011,-005
+011,-005
+011,-005
+011,-005
+011,-005
+011,-005
+011,-005
+011,-005
+011,-005
+011,-005
+011,-005
+011,-005
+011,-005
+011,-005
+011,-005
+011,-005
+011,-005
+011,-005
+011,-005
+011,-005
+011,-005
+011,-005
+011,-005
+011,-005
+011,-005
+011,-005
+011,-005
+011,-005
+011,-005
+011,-005
+011,-005
+011,-005
+011,-005
+011,-005
+011,-005
+011,-005
+011,-005
+011,-005
+011,-005
+011,-005
+011,-005
+011,-005
+011,-005
+011,-005
+011,-005
+011,-005
+011,-005
+011,-005
+011,-005
+011,-005
+011,-005
+011,-005
+011,-005
+011,-005
+011,-005
+011,-005
+011,-005
+011,-005
+011,-005
+011,-005
+011,-005
+011,-005
+011,-005
+011,-005
+011,-005
+011,-005
+011,-005
+011,-005
+011,-005
+011,-005
+011,-005
+011,-005
+011,-005
+011,-005
+011,-005
+011,-005
+011,-005
+011,-005
+011,-005
+011,-005
+011,-005
+011,-005
+011,-005
+011,-005
+011,-005
+011,-005
+011,-005
+011,-005
+011,-005
+011,-005
+011,-005
+011,-005
+011,-005
+011,-005
+011,-005
+011,-004
+011,-004
+011,-004
+011,-004
+011,-004
+011,-004
+011,-004
+011,-004
+011,-004
+009,-004
+009,-003
+009,-003
+009,-003
+009,-003
+009,-003
+009,-003
+009,-003
+009,-003
+009,-003
+009,-003
+009,-003
+009,-003
+009,-003
+009,-003
+009,-003
+009,-003
+009,-003
+009,-002
+009,-002
+009,-002
+009,-002
+009,-002
+009,-002
+009,-002
+009,-002
+009,-002
+007,-002
+007,-002
+007,-002
+007,-002
+007,-002
+007,-002
+007,-002
+007,-002
+007,-002
+007,-002
+007,-002
+007,-002
+007,-002
+007,-002
+007,-002
+007,-001
+007,-001
+007,-001
+007,-001
+007,-001
+007,-001
+007,-001
+007,-001
+007,-001
+007,-001
+007,-001
+007,-001
+007,-001
+007,-001
+007,-001
+007,-001
+007,-001
+007,-001
+007,-001
+007,-001
+007,-001
+007,-001
+007,-001
+007,-001
+007,-001
+007,-001
+007,-001
+007,-001
+007,-001
+007,-001
+007,-001
+007,-001
+007,-001
+007,-001
+007,-001
+007,-001
+007,-001
+007,-001
+007,-001
+007,-001
+007,-001
+007,-001
+007,-001
+007,-001
+007,-001
+007,-001
+007,-001
+007,-001
+007,-001
+007,-001
+007,-001
+007,-001
+007,-001
+007,-001
+007,-001
+007,-001
+007,-001
+007,-001
+007,-001
+007,-001
+007,-001
+007,-001
+007,-001
+007,-001
+007,-001
+007,-001
+007,-001
+007,-001
+007,-001
+007,-001
+007,-001
+007,-001
+007,-001
+007,-001
+007,-001
+007,-001
+007,-001
+007,-001
+007,-001
+007,-001
+007,-001
+007,-001
+007,-001
+007,-001
+007,-001
+007,-001
+007,-001
+007,-001
+007,-001
+007,-001
+007,-001
+007,-001
+007,-001
+007,-001
+007,-001
+007,-001
+007,-001
+007,-001
+007,-001
+007,-001
+007,-001
+007,-001
+007,-001
+007,-001
+007,-001
+007,-001
+007,-001
+007,-001
+007,-001
+007,-001
+007,-001
+007,-001
+007,-001
+007,-001
+007,-001
+007,-001
+007,-001
+007,-001
+007,-001
+007,-001
+007,-001
+007,-001
+007,-001
+007,-001
+007,-001
+007,-001
+007,-001
+007,-001
+007,-001
+007,-001
+007,-001
+007,-001
+007,-001
+007,-001
+007,-001
+007,-001
+007,-001
+007,-001
+007,-001
+007,-001
+007,-001
+007,-001
+007,-001
+007,-001
+007,-001
+005,-001
+005,-001
+005,-001
+005,-001
+005,-001
+005,-004
+005,-004
+005,-004
+005,-003
+005,-003
+005,-003
+005,-003
+005,-003
+005,-003
+005,-003
+005,-003
+005,-003
+005,-003
+005,-003
+005,-003
+005,-003
+005,-003
+005,-003
+005,-003
+005,-003
+005,-003
+005,-003
+005,-003
+005,-003
+005,-003
+005,-003
+005,-003
+005,-003
+005,-003
+005,-003
+005,-003
+005,-003
+005,-003
+005,-003
+005,-003
+005,-003
+005,-003
+005,-003
+005,-003
+005,-003
+005,-003
+005,-003
+005,-003
+005,-003
+005,-003
+005,-003
+005,-003
+005,-003
+005,-003
+005,-003
+005,-003
+005,-003
+005,-003
+005,-003
+005,-003
+005,-003
+005,-003
+005,-003
+005,-003
+005,-003
+005,-003
+005,-003
+005,-003
+005,-003
+005,-003
+005,-003
+005,-003
+005,-003
+005,-003
+005,-003
+005,-003
COP Area(S): 000369
COP Area(R): 000582