-000,-000
-000,-001
-001,-001
-001,-001
-001,-001
-001,-001
-001,-001
-001,-002
-001,-002
-001,-002
-001,-002
-001,-002
-001,-002
-001,-002
-001,-002
-001,-002
-001,-002
-001,-002
-001,-002
-001,-002
-001,-002
-001,-002
-001,-002
-001,-002
-004,-002
-004,-002
-004,-002
-004,-002
-004,-002
-004,-002
-004,-002
-004,-002
-004,-002
-004,-002
-004,-002
-004,-002
-004,-002
-004,-002
-004,-002
-004,-002
-004,-002
+006,-002
+006,-002
+006,-002
+006,-002
+006,-002
+006,-002
+006,-003
+006,-003
+005,-003
+005,-004
+005,-004
+005,-004
+005,-004
+005,-005
-004,-005
-003,-005
-003,-006
-003,-006
-002,-007
-002,-007
-002,-008
-001,-008
-000,-009
-000,-009
-000,-010
-001,-010
-001,-010
-001,-011
-002,-011
-002,-011
-002,-011
-003,-011
-003,-011
-003,-011
-003,-011
-003,-011
-003,-011
-003,-011
-003,-011
-003,-011
-003,-011
-003,-011
-003,-011
-003,-011
-003,-011
-003,-008
-003,-008
-003,-008
-003,-008
-000,-008
-000,-008
-000,-008
-000,-008
-000,-005
-003,-005
-003,-005
-003,-005
-003,-005
+005,-002
+005,-002
+005,-002
+005,-002
+007,-002
+007,-002
+009,-002
+009,-001
+009,-001
+011,-001
+011,-001
+011,-001
+013,-001
+013,-001
+013,-004
+015,-004
+015,-004
+015,-004
+015,-004
+017,-004
+019,-008
+019,-008
+019,-008
+021,-008
+021,-007
+023,-007
+023,-006
+023,-006
+023,-006
+023,-006
+023,-006
+023,-006
+023,-006
+023,-006
+023,-006
+023,-006
+025,-006
+025,-006
+025,-006
+025,-006
+025,-006
+025,-006
+025,-006
+025,-006
+025,-006
+025,-006
+025,-006
+025,-006
+025,-006
+025,-006
+025,-006
+025,-006
+025,-006
+025,-006
+025,-009
+025,-009
+025,-009
+025,-009
+025,-009
+025,-009
+025,-009
+023,-009
+023,-009
+023,-009
+023,-009
+023,-009
+023,-009
+023,-009
+023,-009
+023,-009
+023,-009
+023,-009
+023,-012
+023,-011
+023,-011
+023,-011
+023,-011
+023,-010
+023,-010
+023,-010
+023,-010
+023,-010
+023,-010
+023,-010
+023,-010
+023,-010
+023,-010
+023,-010
+023,-010
+023,-010
+023,-010
+023,-013
+023,-013
+023,-013
+023,-013
+023,-013
+023,-013
+023,-013
+023,-013
+023,-013
+023,-013
+023,-013
+023,-013
+023,-013
+023,-013
+023,-013
+021,-013
+021,-013
+021,-013
+021,-013
+021,-013
+021,-013
+021,-013
+021,-016
+019,-016
+019,-016
+019,-016
+019,-016
+019,-016
+019,-016
+019,-016
+019,-016
+019,-016
+019,-016
+017,-016
+017,-016
+017,-016
+017,-016
+017,-016
+017,-016
+017,-016
+017,-016
+017,-016
+017,-016
+017,-016
+017,-016
+017,-016
+017,-016
+017,-016
+017,-016
+017,-016
+017,-016
+017,-016
+017,-016
+017,-016
+017,-016
+017,-015
+017,-015
+017,-015
+017,-015
+017,-015
+017,-015
+017,-015
+017,-015
+017,-015
+017,-015
+017,-015
+017,-015
+017,-015
+017,-015
+017,-015
+017,-015
+017,-015
+017,-015
+017,-015
+017,-015
+017,-015
+017,-015
+017,-015
+017,-015
+017,-015
+017,-015
+017,-015
+017,-015
+017,-015
+017,-015
+017,-015
+017,-015
+017,-015
+017,-015
+017,-015
+017,-015
+017,-015
+017,-015
+017,-015
+017,-015
+017,-015
+015,-015
+015,-015
+015,-018
+015,-018
+015,-018
+015,-018
+015,-018
+015,-018
+015,-018
+015,-018
+015,-018
+015,-018
+015,-018
+015,-018
+015,-018
+013,-018
+013,-018
+013,-018
+013,-018
+013,-018
+013,-018
+013,-018
+013,-018
+013,-018
+013,-018
+013,-018
+013,-018
+013,-018
+013,-018
+013,-018
+013,-018
+013,-017
+013,-017
+013,-017
+013,-017
+015,-017
+015,-017
+015,-017
+015,-017
+015,-017
+015,-017
+015,-017
+015,-017
+015,-017
+015,-017
+015,-017
+015,-016
+015,-016
+015,-016
+015,-016
+015,-016
+015,-016
+015,-016
+015,-016
+015,-016
+015,-016
+015,-016
+015,-016
+015,-016
+015,-016
+015,-016
+015,-016
+015,-016
+015,-016
+015,-016
+015,-016
+013,-016
+013,-016
+013,-016
+013,-016
+013,-016
+013,-016
+013,-016
+013,-016
+013,-016
+013,-016
+013,-016
+013,-016
+013,-016
+013,-016
+013,-016
+013,-016
+013,-016
+013,-016
+013,-016
+013,-016
+013,-016
+013,-016
+013,-016
+013,-016
+013,-016
+013,-016
+013,-016
+013,-016
+013,-016
+013,-016
+013,-016
+013,-016
+013,-016
+013,-016
+013,-016
+013,-016
+013,-016
+013,-016
+013,-016
+013,-016
+013,-016
+013,-016
+013,-016
+015,-016
+015,-016
+015,-016
+015,-016
+015,-016
+015,-016
+015,-016
+015,-016
+015,-016
+017,-016
+017,-016
+017,-016
+017,-016
+017,-016
+017,-016
+017,-016
+017,-016
+017,-016
+019,-016
+019,-015
+019,-015
+019,-015
+019,-015
+019,-015
+019,-015
+019,-014
+019,-014
+019,-014
+019,-014
+019,-014
+019,-014
+019,-014
+019,-013
+019,-013
+019,-013
+019,-013
+019,-013
+019,-013
+019,-013
+019,-012
+019,-012
+019,-012
+019,-012
+019,-012
+019,-011
+019,-011
+019,-011
+019,-011
+019,-010
+019,-010
+019,-009
+019,-009
+019,-009
+019,-008
+019,-008
+015,-006
+015,-005
+015,-005
+015,-004
+015,-003
+015,-003
+015,-001
+015,-001
+015,-000
+015,-001
+015,-001
+015,-001
+015,-001
+015,-001
+015,-002
+015,-002
+015,-002
+015,-002
+015,-002
+015,-002
+015,-002
+015,-002
+015,-002
+015,-002
+015,-002
+015,-002
+015,-002
+015,-002
+015,-002
+015,-002
+015,-002
+015,-002
+015,-002
+015,-002
+017,-002
+017,-002
+017,-002
+017,-002
+017,-002
+017,-002
+017,-002
+017,-001
+017,-001
+017,-001
+017,-001
+017,-001
+017,-001
+017,-001
+017,-001
+017,-001
+017,-001
+017,-001
+017,-001
+017,-001
+017,-001
+017,-001
+017,-001
+015,-004
+015,-004
+015,-004
+015,-004
+015,-004
+015,-004
+015,-004
+015,-007
+015,-007
+015,-007
+015,-007
+015,-007
+015,-007
+015,-007
+015,-007
+015,-010
+015,-010
+015,-010
+015,-010
+015,-010
+015,-010
+015,-010
+015,-010
+015,-010
+015,-010
+015,-010
+015,-010
+015,-010
+015,-010
+015,-010
+015,-010
+015,-010
+015,-010
+015,-010
+015,-010
+015,-010
+015,-010
+015,-010
+015,-010
+015,-010
+015,-010
+015,-010
+015,-010
+015,-010
+015,-010
+015,-010
+015,-010
+015,-010
+015,-010
+015,-010
+015,-010
+015,-010
+015,-010
+015,-010
+015,-010
+015,-010
+015,-010
+015,-010
+015,-010
+015,-010
+015,-010
+017,-010
+017,-010
+017,-010
+017,-010
+017,-010
+017,-010
+017,-010
+017,-010
+017,-010
+017,-010
+017,-010
+017,-010
+017,-010
+017,-010
+017,-010
+017,-010
+017,-010
+017,-010
+015,-010
+015,-010
+015,-010
+015,-010
+015,-010
+015,-010
+015,-010
+015,-010
+015,-010
+015,-010
+015,-010
+015,-010
+015,-010
+015,-010
+015,-010
+015,-010
+015,-010
+015,-010
+015,-010
+015,-010
+015,-010
+015,-010
+015,-010
+015,-010
+015,-010
+015,-010
+015,-010
+015,-010
+015,-010
+015,-010
+015,-010
+015,-010
+015,-010
+015,-010
+015,-010
+015,-010
+015,-010
+015,-010
+015,-010
+015,-010
+015,-010
+015,-010
+015,-010
+015,-010
+015,-010
+015,-010
+015,-010
+015,-010
+015,-010
+015,-010
+015,-010
+015,-010
+015,-010
+015,-013
+015,-013
+015,-013
+015,-013
+015,-013
+015,-013
+015,-013
+015,-013
+015,-013
+015,-013
+015,-013
+015,-013
+015,-013
+015,-013
+015,-013
+015,-013
+015,-013
+015,-013
+015,-013
+015,-013
+015,-013
+015,-013
+015,-013
+015,-016
+015,-016
+015,-016
+015,-016
+015,-016
+015,-016
+015,-016
+015,-016
+015,-016
+015,-016
+015,-016
+015,-016
+015,-016
+015,-016
+015,-016
+015,-016
+015,-016
+015,-016
+015,-016
+015,-016
+015,-016
+015,-016
+015,-016
+015,-016
+015,-016
+015,-016
+015,-016
+015,-016
+015,-016
+015,-016
+015,-016
+015,-016
+015,-015
+017,-015
+017,-015
+017,-015
+017,-015
+017,-015
+017,-015
+017,-015
+019,-015
+019,-015
+019,-015
+019,-015
+019,-015
+019,-015
+019,-015
+019,-015
+021,-015
+021,-015
+021,-015
+021,-015
+021,-015
+021,-015
+021,-015
+021,-015
+021,-015
+021,-015
+021,-015
+021,-015
+021,-015
+021,-015
+021,-014
+021,-014
+021,-014
+021,-014
+021,-014
+021,-014
+021,-014
+021,-014
+021,-014
+021,-014
+021,-014
+021,-014
+021,-014
+021,-014
+021,-014
+021,-014
+019,-014
+019,-014
+019,-014
+019,-014
+019,-014
+019,-013
+019,-013
+019,-013
+019,-013
+019,-013
+019,-013
+019,-013
+019,-013
+019,-013
+019,-013
+019,-013
+017,-013
+017,-013
+017,-013
+017,-013
+017,-013
+017,-013
+017,-013
+017,-013
+017,-013
+017,-013
+017,-013
+017,-013
+017,-013
+017,-013
+017,-013
+017,-013
+017,-013
+017,-013
+017,-013
+017,-013
+015,-013
+015,-013
+015,-013
+015,-013
+015,-013
+015,-013
+015,-013
+015,-013
+015,-013
+015,-013
+015,-013
+015,-016
+015,-016
+015,-016
+015,-016
+015,-016
+015,-016
+015,-016
+015,-016
+015,-016
+015,-016
+015,-016
+015,-016
+015,-016
+015,-016
+015,-016
+015,-016
+015,-016
+015,-016
+015,-016
+015,-016
+015,-016
+015,-016
+015,-016
+015,-016
+015,-016
+015,-016
+015,-016
+015,-016
+015,-016
+015,-016
+015,-016
+015,-016
+015,-016
+015,-016
+015,-016
+015,-016
+015,-016
+015,-016
+015,-016
+015,-016
+015,-016
+015,-016
+015,-016
+015,-016
+015,-015
+015,-015
+015,-015
+015,-015
+015,-015
+015,-015
+015,-015
+015,-015
+015,-015
+015,-015
+015,-015
+015,-015
+015,-015
+015,-015
+015,-015
+015,-015
+015,-014
+015,-014
+015,-014
+015,-014
+015,-014
+015,-014
+015,-014
+015,-014
+015,-014
+015,-014
+015,-013
+015,-013
+013,-013
+013,-013
+013,-013
+013,-013
+013,-013
+011,-012
+011,-012
+011,-012
+011,-011
+011,-011
+011,-011
+011,-011
+011,-011
+011,-011
+009,-011
+009,-011
+009,-011
+009,-011
+009,-011
+009,-011
+009,-011
+009,-011
+009,-011
+009,-011
+011,-011
+011,-011
+011,-011
+011,-011
+011,-011
+011,-011
+011,-011
+011,-011
+011,-011
+011,-014
+011,-013
+011,-012
+011,-012
+011,-012
+011,-012
+011,-012
+011,-012
+011,-012
+011,-012
+011,-012
+011,-012
+011,-012
+011,-012
+011,-012
+011,-012
+011,-012
+013,-012
+013,-012
+013,-012
+013,-012
+013,-012
+013,-012
+013,-012
+013,-012
+013,-012
+013,-012
+013,-012
+013,-012
+015,-012
+015,-012
+015,-012
+015,-012
+015,-012
+015,-012
+015,-012
+015,-012
+015,-012
+015,-012
+015,-012
+015,-012
+015,-012
+015,-012
+015,-012
+015,-012
+015,-012
+017,-012
+017,-012
+017,-012
+017,-012
+017,-012
+017,-012
+017,-012
+017,-012
+017,-012
+017,-012
+017,-012
+017,-012
+017,-012
+017,-012
+017,-012
+017,-012
+017,-012
+017,-012
+017,-012
+017,-012
+017,-012
+017,-012
+017,-012
+017,-012
+017,-012
+017,-012
+017,-012
+017,-012
+017,-012
+017,-012
+017,-012
+017,-012
+017,-012
+017,-012
+017,-012
+017,-012
+017,-012
+017,-012
+017,-012
+017,-012
+017,-012
+017,-012
+017,-012
+017,-012
+017,-012
+017,-012
+017,-012
+017,-012
+017,-012
+017,-012
+017,-012
+017,-012
+017,-012
+017,-012
+017,-012
+017,-012
+017,-012
+017,-012
+017,-012
+017,-012
+017,-012
+017,-012
+017,-012
+017,-012
+017,-012
+017,-012
+017,-012
+017,-012
+017,-012
+017,-012
+017,-012
+017,-012
+017,-012
+017,-012
+017,-012
+017,-012
+017,-012
+017,-012
+017,-012
+017,-012
+017,-012
+017,-012
+017,-012
+017,-012
+017,-012
+017,-012
+017,-012
+017,-012
+019,-012
+019,-012
+019,-012
+019,-012
+019,-012
+019,-012
+019,-012
+019,-012
+019,-012
+019,-012
+019,-012
+019,-012
+019,-012
+019,-012
+019,-012
+021,-012
+021,-012
+021,-012
+021,-012
+021,-012
+021,-012
+021,-012
+021,-012
+021,-012
+021,-012
+021,-012
+021,-012
+021,-012
+021,-012
+021,-012
+021,-012
+021,-012
+021,-012
+021,-012
+019,-012
+019,-012
+019,-012
+019,-012
+019,-012
+019,-012
+019,-012
+019,-012
+019,-012
+019,-012
+019,-012
+019,-012
+019,-012
+019,-012
+019,-012
+019,-012
+019,-012
+019,-012
+019,-012
+019,-012
+019,-012
+019,-012
+019,-012
+019,-012
+019,-012
+019,-012
+019,-012
+019,-012
+019,-012
+019,-012
+019,-012
+019,-012
+019,-012
+019,-012
+019,-012
+019,-012
+019,-012
+019,-012
+019,-012
+019,-012
+019,-012
+019,-012
+019,-012
+019,-012
+019,-012
+019,-012
+019,-012
+019,-012
+019,-012
+019,-012
+019,-012
+019,-012
+019,-012
+019,-012
+019,-012
+019,-012
+019,-012
+019,-012
+019,-012
+019,-012
+019,-012
+019,-012
+019,-012
+019,-012
+019,-012
+019,-012
+019,-012
+019,-012
+019,-012
+019,-012
+019,-012
+019,-012
+019,-012
+019,-012
+019,-012
+019,-012
+019,-012
+019,-012
+019,-012
+019,-012
+019,-012
+019,-012
+019,-012
+019,-012
+019,-011
+019,-011
+019,-011
+019,-011
+019,-011
+019,-011
+019,-011
+019,-011
+019,-011
+017,-011
+017,-011
+017,-011
+017,-011
+017,-011
+017,-011
+017,-011
+017,-011
+017,-011
+017,-011
+017,-011
+017,-011
+017,-011
+017,-011
+017,-011
+017,-011
+017,-011
+017,-011
+017,-011
+017,-011
+017,-011
+017,-011
+017,-011
+017,-011
+017,-011
+017,-011
+017,-011
+017,-011
+017,-011
+017,-011
+017,-011
+017,-011
+017,-011
+017,-011
+017,-011
+017,-011
+017,-011
+017,-011
+017,-011
+017,-011
+017,-011
+019,-011
+019,-011
+019,-011
+019,-011
+019,-011
+019,-011
+019,-011
+019,-011
+019,-011
+019,-011
+021,-010
+021,-010
+021,-009
+021,-009
+023,-009
+023,-009
+023,-009
+023,-009
+023,-009
+023,-009
+023,-009
+023,-009
+023,-009
+023,-009
+023,-009
+023,-009
+023,-009
+023,-009
+023,-009
+023,-009
+023,-009
+023,-009
+023,-009
+023,-009
+023,-009
+023,-009
+023,-009
+023,-009
+023,-009
+023,-009
+023,-009
+023,-009
+023,-009
+023,-009
+023,-009
+023,-009
+023,-009
+023,-009
+023,-009
+023,-009
+023,-009
+023,-009
+023,-009
+023,-009
+023,-009
+023,-012
+021,-012
+021,-012
+021,-012
+021,-012
+021,-012
+021,-012
+021,-012
+021,-012
+021,-012
+021,-012
+021,-012
+021,-012
+021,-012
+019,-012
+019,-012
+019,-012
+019,-012
+019,-012
+019,-012
+019,-012
+019,-012
+019,-012
+019,-012
+019,-012
+019,-012
+019,-012
+019,-012
+019,-012
+019,-012
+019,-012
+019,-012
+019,-012
+019,-012
+019,-012
+019,-011
+019,-011
+019,-011
+019,-011
+019,-011
+019,-011
+019,-011
+019,-011
+019,-011
+019,-011
+019,-011
+019,-011
+019,-011
+019,-011
+019,-011
+019,-011
+019,-011
+019,-011
+019,-011
+019,-011
+019,-010
+019,-010
+019,-010
+019,-010
+019,-010
+019,-010
+019,-010
+019,-010
+019,-010
+017,-010
+017,-010
+017,-010
+017,-010
+017,-010
+017,-010
+017,-010
+017,-010
+017,-010
+017,-010
+017,-010
+017,-010
+017,-010
+017,-010
+017,-010
+017,-010
+017,-010
+017,-010
+017,-010
+017,-010
+017,-010
+017,-010
+017,-010
+017,-010
+017,-010
+017,-010
+017,-010
+017,-010
+017,-010
+017,-010
+017,-010
+017,-010
+017,-010
+017,-010
+017,-010
+017,-010
+017,-010
+017,-010
+017,-010
+017,-010
+017,-010
+017,-010
+017,-010
+017,-010
+017,-010
+017,-010
+017,-010
+017,-010
+017,-010
+017,-010
+017,-010
+017,-010
+017,-010
+017,-010
+017,-010
+017,-009
+017,-009
+017,-009
+017,-009
+017,-009
+017,-009
+017,-009
+017,-009
+017,-009
+017,-009
+017,-009
+017,-009
+017,-009
+017,-009
+017,-009
+017,-009
+017,-009
+017,-009
+017,-009
+017,-009
+017,-009
+017,-009
+017,-009
+017,-009
+017,-009
+017,-009
+017,-009
+017,-009
+017,-009
+017,-009
+017,-009
+017,-009
+017,-009
+017,-009
+017,-009
+017,-009
+017,-009
+017,-009
+017,-009
+017,-009
+017,-009
+017,-009
+019,-009
+019,-009
+019,-009
+019,-009
+019,-012
+019,-012
+019,-012
+019,-012
+019,-012
+019,-012
+019,-012
+019,-012
+019,-012
+019,-012
+019,-012
+019,-012
+019,-012
+021,-012
+021,-012
+021,-012
+021,-012
+021,-012
+021,-012
+021,-011
+021,-011
+021,-011
+021,-011
+021,-011
+021,-011
+023,-010
+023,-010
+023,-010
+023,-010
+023,-009
+023,-009
+023,-009
+023,-009
+023,-009
+023,-009
+023,-009
+023,-009
+023,-009
+023,-009
+023,-009
+023,-009
+023,-009
+023,-009
+023,-009
+023,-009
+023,-009
+023,-009
+023,-009
+023,-009
+023,-009
+023,-009
+023,-009
+021,-009
+021,-009
+021,-009
+021,-009
+019,-009
+019,-009
+019,-009
+019,-009
+019,-009
+019,-009
+019,-009
+019,-009
+019,-009
+019,-009
+019,-009
+019,-009
+019,-009
+019,-009
+019,-009
+019,-009
+019,-009
+019,-009
+019,-009
+019,-009
+019,-009
+019,-009
+019,-009
+017,-009
+017,-009
+017,-009
+017,-009
+017,-009
+017,-009
+017,-009
+017,-009
+017,-009
+017,-009
+017,-009
+017,-009
+017,-009
+017,-009
+017,-009
+017,-009
+017,-009
+017,-009
+017,-009
+017,-009
+017,-012
+017,-011
+017,-011
+017,-011
+017,-011
+017,-011
+017,-011
+017,-011
+017,-011
+017,-011
+017,-011
+017,-011
+017,-011
+017,-011
+017,-011
+017,-011
+017,-011
+017,-011
+017,-011
+017,-011
+017,-011
+015,-011
+015,-011
+015,-011
+015,-011
+015,-011
+015,-011
+015,-011
+015,-011
+015,-011
+015,-011
+015,-011
+015,-011
+015,-011
+015,-011
+015,-011
+015,-011
+015,-011
+015,-011
+015,-011
+015,-011
+015,-011
+015,-011
+015,-011
+015,-011
+015,-011
+015,-011
+015,-011
+015,-011
+015,-011
+015,-011
+017,-011
+017,-011
+017,-011
+017,-011
+017,-011
+017,-011
+017,-011
+017,-011
+017,-011
+017,-011
+017,-011
+017,-010
+017,-010
+017,-010
+017,-010
+017,-010
+017,-010
+019,-010
+019,-010
+019,-010
+019,-010
+019,-009
+019,-009
+019,-009
+021,-008
+021,-008
+021,-008
+021,-008
+021,-008
+021,-008
+021,-008
+021,-008
+021,-008
+021,-008
+021,-008
+021,-008
+021,-008
+021,-008
+021,-008
+021,-008
+021,-008
+021,-008
+021,-008
+021,-008
+021,-008
+021,-008
+019,-008
+019,-008
+019,-011
+019,-011
+019,-011
+019,-011
+019,-011
+019,-011
+019,-011
+019,-011
+019,-011
+019,-010
+019,-010
+019,-010
+019,-010
+019,-010
+019,-010
+019,-010
+019,-010
+019,-010
+019,-010
+019,-010
+019,-010
+019,-010
+019,-010
+019,-010
+019,-010
+019,-010
+019,-010
+019,-010
+019,-010
+019,-010
+019,-010
+019,-010
+019,-010
+019,-010
+019,-010
+019,-010
+019,-010
+019,-010
+019,-010
+019,-010
+019,-010
+019,-010
+019,-010
+019,-010
+019,-010
+019,-010
+019,-010
+019,-010
+019,-010
+019,-010
+019,-010
+017,-010
+017,-010
+017,-010
+017,-010
+017,-010
+017,-010
+017,-010
+017,-010
+017,-010
+017,-010
+017,-010
+017,-010
+017,-010
+017,-010
+017,-010
+017,-010
+017,-010
+017,-010
+017,-010
+017,-010
+017,-010
+017,-010
+017,-010
+017,-010
+017,-010
+017,-010
+017,-010
+017,-010
+017,-010
+017,-010
+017,-010
+017,-010
+015,-010
+015,-010
+015,-010
+015,-010
+015,-010
+015,-010
+015,-010
+015,-010
+015,-013
+015,-012
+015,-012
+015,-012
+015,-012
+015,-012
+015,-012
+015,-012
+015,-012
+015,-012
+015,-012
+015,-012
+015,-012
+015,-012
+015,-012
+015,-012
+015,-012
+015,-012
+015,-012
+015,-012
+015,-012
+015,-012
+015,-012
+015,-012
+015,-012
+015,-012
+015,-012
+015,-012
+015,-012
+015,-012
+015,-012
+015,-012
+015,-012
+015,-012
+015,-012
+015,-012
+015,-012
+015,-012
+015,-012
+015,-012
+015,-012
+017,-011
+017,-011
+017,-011
+017,-011
+017,-011
+017,-011
+017,-011
+017,-011
+017,-011
+017,-011
+017,-011
+017,-011
+017,-011
+017,-011
+017,-011
+017,-011
+017,-011
+017,-011
+017,-011
+017,-011
+017,-011
+017,-011
+017,-011
+017,-011
+017,-011
+017,-011
+017,-011
+017,-011
+017,-011
+017,-011
+017,-011
+017,-011
+017,-011
+017,-011
+017,-011
+017,-011
+017,-011
+017,-011
+017,-011
+017,-011
+017,-011
+017,-010
+017,-010
+017,-010
+017,-010
+017,-010
+017,-010
+017,-010
+017,-010
+017,-010
+017,-010
+017,-010
+017,-010
+017,-010
+017,-010
+017,-010
+017,-010
+017,-010
+017,-010
+017,-010
+017,-010
+017,-010
+017,-010
+017,-010
+017,-010
+017,-010
+017,-010
+017,-010
+017,-010
+015,-010
+015,-010
+015,-010
+015,-010
+015,-010
+015,-010
+015,-010
+015,-013
+015,-012
+015,-012
+015,-012
+015,-012
+015,-012
+015,-012
+015,-012
+015,-012
+013,-015
+013,-015
+013,-015
+013,-015
+013,-015
+013,-015
+013,-015
+013,-015
+013,-015
+013,-015
+013,-015
+013,-015
+013,-015
+013,-015
+013,-015
+013,-015
+013,-015
+013,-015
+013,-015
+013,-015
+013,-015
+013,-015
+013,-015
+013,-015
+013,-015
+013,-015
+013,-015
+013,-015
+013,-015
+013,-015
+013,-015
+013,-015
+013,-015
+013,-015
+013,-015
+013,-015
+013,-015
+013,-015
+013,-015
+013,-015
+013,-015
+013,-015
+013,-015
+013,-015
+013,-015
+015,-015
+015,-015
+015,-015
+015,-015
+015,-015
+015,-015
+015,-015
+015,-015
+015,-015
+015,-015
+017,-014
+017,-014
+017,-014
+017,-014
+017,-014
+017,-014
+017,-014
+017,-014
+017,-014
+017,-014
+019,-013
+019,-013
+019,-013
+019,-013
+019,-013
+019,-013
+019,-013
+019,-013
+019,-013
+019,-013
+019,-013
+021,-013
+021,-013
+021,-013
+021,-013
+021,-013
+021,-013
+021,-013
+021,-013
+021,-013
+021,-013
+021,-013
+021,-013
+021,-013
+021,-013
+021,-013
+021,-013
+021,-013
+021,-013
+021,-013
+021,-013
+021,-013
+021,-013
+021,-013
+021,-013
+021,-013
+021,-013
+021,-013
+021,-013
+021,-013
+021,-013
+021,-013
+021,-013
+021,-013
+021,-012
+021,-012
+021,-012
+021,-012
+021,-012
+019,-012
+019,-012
+019,-012
+019,-012
+019,-012
+019,-012
+019,-012
+019,-012
+019,-012
+019,-012
+019,-012
+019,-012
+019,-012
+019,-012
+019,-012
+019,-012
+019,-012
+019,-012
+019,-012
+019,-012
+019,-012
+019,-012
+019,-012
+019,-012
+019,-012
+019,-012
+019,-012
+019,-015
+019,-014
+019,-014
+019,-014
+019,-014
+019,-014
+019,-014
+019,-014
+019,-014
+019,-014
+019,-014
+019,-014
+019,-014
+019,-014
+019,-014
+019,-014
+019,-014
+019,-014
+019,-014
+019,-014
+019,-014
+019,-014
+019,-014
+019,-014
+019,-014
+019,-014
+019,-014
+019,-014
+019,-014
+019,-014
+019,-014
+019,-014
+019,-014
+019,-014
+019,-014
+019,-014
+019,-014
+019,-014
+019,-014
+019,-014
+019,-014
+019,-014
+019,-014
+019,-014
+019,-014
+019,-014
+019,-014
+019,-014
+019,-014
+019,-014
+019,-014
+019,-014
+019,-014
+019,-014
+019,-014
+019,-014
+019,-014
+019,-014
+019,-014
+019,-014
+019,-014
+019,-014
+019,-014
+019,-014
+019,-014
+019,-014
+019,-014
+019,-014
+019,-013
+019,-013
+019,-013
+019,-013
+019,-013
+019,-013
+019,-013
+019,-013
+019,-013
+019,-013
+019,-013
+019,-013
+019,-013
+019,-013
+019,-013
+019,-013
+019,-013
+019,-013
+019,-013
+019,-013
+019,-013
+019,-013
+019,-013
+019,-013
+019,-013
+019,-013
+019,-013
+019,-013
+019,-013
+019,-013
+019,-013
+019,-013
+019,-013
+019,-013
+019,-013
+019,-013
+019,-013
+019,-013
+019,-013
+019,-013
+019,-013
+019,-013
+019,-013
+019,-013
+019,-013
+019,-013
+019,-013
+019,-013
+019,-013
+019,-013
+019,-013
+019,-013
+019,-013
+019,-013
+019,-013
+019,-013
+019,-013
+019,-013
+019,-013
+019,-013
+019,-013
+019,-013
+019,-013
+019,-013
+019,-013
+019,-013
+019,-013
+019,-013
+019,-013
+019,-013
+019,-013
+019,-013
+019,-013
+019,-013
+019,-013
+019,-013
+019,-013
+019,-013
+019,-013
+019,-013
+019,-013
+019,-013
+019,-013
+019,-013
+019,-013
+019,-013
+019,-013
+021,-013
+021,-013
+021,-013
+021,-013
+021,-013
+021,-013
+021,-013
+021,-013
+021,-013
+021,-013
+021,-013
+021,-013
+021,-013
+021,-013
+021,-013
+021,-013
+021,-013
+021,-013
+021,-013
+021,-013
+021,-013
+021,-013
+021,-013
+021,-013
+021,-013
+021,-013
+021,-013
+021,-013
+021,-013
+021,-013
+021,-013
+021,-013
+021,-013
+021,-013
+021,-013
+021,-013
+021,-013
+021,-013
+021,-013
+021,-013
+021,-013
+021,-013
+021,-013
+021,-013
+021,-013
+021,-013
+021,-013
+021,-013
+021,-013
+021,-013
+021,-013
+021,-013
+021,-013
+021,-013
+021,-013
+021,-013
+021,-013
+021,-013
+021,-013
+021,-013
+021,-013
+021,-013
+021,-013
+021,-013
+021,-013
+021,-013
+021,-013
+021,-013
+021,-013
+021,-013
+021,-013
+019,-013
+019,-013
+019,-013
+019,-013
+019,-013
+019,-013
+019,-013
+019,-013
+019,-013
+019,-013
+019,-013
+019,-013
+019,-013
+019,-013
+019,-013
+019,-013
+019,-013
+019,-013
+019,-013
+019,-013
+019,-013
+019,-013
+019,-013
+019,-013
+019,-013
+019,-013
+019,-012
+019,-012
+019,-012
+019,-012
+019,-012
+019,-012
+019,-012
+017,-012
+017,-012
+017,-012
+017,-012
+017,-012
+017,-012
+017,-012
+017,-012
+017,-012
+017,-012
+017,-012
+017,-012
+017,-012
+017,-012
+017,-012
+017,-012
+017,-012
+017,-012
+017,-012
+017,-011
+017,-011
+017,-011
+017,-011
+017,-011
+017,-011
+017,-011
+017,-011
+017,-011
+017,-011
+017,-011
+017,-011
+017,-011
+017,-011
+017,-011
+017,-011
+017,-011
+017,-011
+017,-011
+017,-011
+017,-011
+017,-011
+017,-011
+017,-011
+017,-011
+017,-011
+017,-011
+017,-011
+017,-011
+017,-011
+017,-011
+017,-011
+017,-011
+017,-011
+017,-011
+017,-011
+017,-011
+017,-011
+017,-011
+017,-011
+017,-011
+017,-011
+017,-011
+017,-011
+017,-011
+017,-011
+017,-011
+017,-011
+017,-011
+017,-011
+017,-011
+017,-011
+017,-011
+017,-011
+017,-011
+017,-011
+017,-011
+017,-011
+017,-011
+017,-011
+017,-011
+017,-011
+017,-011
+017,-011
+017,-011
+017,-011
+017,-011
+017,-011
+017,-011
+017,-011
+017,-011
+017,-011
+017,-011
+017,-011
+017,-011
+017,-011
+017,-011
+017,-011
+017,-011
+017,-011
+017,-010
+017,-010
+017,-010
+017,-010
+017,-010
+017,-010
+017,-010
+017,-010
+017,-010
+017,-010
+017,-009
+017,-009
+017,-009
+017,-009
+017,-009
+017,-009
+017,-009
+017,-009
+017,-009
+019,-007
+019,-007
+019,-006
+019,-006
+019,-006
+019,-006
+021,-006
+021,-006
+021,-006
+021,-006
+021,-006
+021,-006
+021,-006
+021,-005
+021,-005
+021,-005
+021,-005
+021,-005
+021,-005
+021,-005
+021,-005
+021,-005
+021,-005
+021,-005
+021,-005
+021,-005
+021,-005
+021,-005
+021,-004
+021,-004
+021,-004
+021,-004
+021,-004
+021,-004
+019,-003
+019,-002
+019,-002
+019,-002
+019,-002
+019,-002
+019,-002
+019,-002
+017,-002
+017,-002
+017,-002
+017,-002
+017,-002
+017,-002
+017,-002
+017,-002
+017,-002
+017,-002
+017,-002
+017,-002
+017,-002
+017,-002
+017,-002
+017,-002
+019,-002
+019,-002
+019,-002
+019,-002
+019,-005
+019,-005
+019,-005
+019,-005
+019,-005
+019,-005
+021,-005
+021,-005
+021,-005
+021,-005
+021,-005
+021,-005
+021,-005
+021,-005
+021,-005
+021,-005
+021,-005
+021,-005
+021,-005
+021,-005
+021,-005
+021,-005
+021,-005
+021,-005
+021,-005
+021,-005
+021,-005
+021,-005
+021,-005
+021,-005
+023,-005
+023,-005
+023,-005
+023,-005
+023,-005
+023,-005
+023,-005
+023,-005
+023,-005
+023,-005
+023,-005
+023,-005
+023,-005
+023,-005
+023,-005
+023,-005
+023,-005
+023,-005
+023,-005
+023,-005
+023,-005
+023,-005
+023,-005
+023,-005
+023,-005
+023,-005
+023,-005
+023,-005
+023,-005
+023,-005
+023,-005
+023,-005
+023,-005
+023,-005
+023,-005
+023,-005
+023,-005
+023,-005
+023,-005
+023,-005
+023,-005
+023,-005
+023,-005
+023,-005
+023,-005
+023,-005
+023,-005
+023,-005
+023,-005
+023,-005
+023,-005
+023,-008
+023,-007
+023,-007
+021,-007
+021,-007
+021,-007
+021,-007
+021,-007
+021,-007
+021,-007
+021,-007
+019,-007
+019,-010
+019,-010
+019,-010
+019,-010
+019,-010
+019,-010
+019,-010
+019,-010
+019,-010
+019,-010
+019,-010
+019,-010
+019,-010
+019,-010
+019,-010
+019,-010
+019,-010
+019,-010
+017,-010
+017,-010
+017,-010
+017,-010
+017,-010
+017,-010
+017,-010
+017,-010
+017,-010
+017,-010
+017,-010
+017,-010
+017,-010
+017,-010
+017,-010
+017,-010
+017,-010
+017,-010
+017,-010
+017,-010
+017,-010
+017,-010
+017,-010
+017,-010
+017,-010
+017,-010
+017,-010
+017,-010
+017,-010
+017,-010
+017,-010
+017,-010
+017,-010
+017,-010
+017,-010
+017,-010
+017,-010
+017,-010
+017,-010
+017,-010
+017,-010
+017,-010
+017,-010
+017,-010
+017,-010
+017,-010
+017,-010
+017,-010
+017,-010
+017,-010
+017,-010
+017,-010
+017,-010
+017,-013
+017,-013
+017,-013
+017,-013
+017,-013
+017,-013
+017,-013
+017,-013
+017,-013
+017,-013
+017,-013
+017,-013
+017,-013
+017,-013
+017,-013
+017,-013
+017,-013
+017,-013
+017,-013
+017,-013
+017,-013
+017,-013
+017,-013
+017,-013
+017,-013
+017,-012
+017,-012
+017,-012
+017,-012
+017,-012
+017,-012
+017,-012
+017,-012
+017,-012
+017,-012
+017,-012
+017,-012
+017,-012
+017,-012
+017,-012
+017,-012
+017,-012
+017,-012
+017,-012
+017,-012
+017,-012
+017,-012
+017,-012
+017,-012
+017,-012
+017,-012
+017,-012
+017,-012
+017,-012
+017,-012
+017,-012
+017,-012
+017,-012
+017,-012
+017,-012
+017,-012
+017,-012
+017,-012
+017,-012
+017,-012
+017,-012
+017,-012
+017,-012
+017,-012
+017,-012
+017,-012
+017,-012
+017,-012
+017,-012
+017,-012
+017,-012
+017,-012
+017,-012
+017,-012
+017,-012
+017,-012
+017,-012
+017,-012
+017,-012
+017,-012
+017,-012
+017,-012
+017,-012
+017,-012
+017,-012
+017,-012
+017,-012
+017,-012
+017,-012
+017,-012
+017,-012
+017,-012
+017,-012
+017,-012
+017,-012
+017,-012
+017,-012
+017,-012
+017,-012
+017,-012
+017,-012
+017,-012
+017,-012
+017,-012
+017,-012
+017,-012
+017,-012
+017,-012
+017,-012
+017,-012
+017,-012
+017,-012
+017,-012
+017,-012
+017,-012
+017,-012
+019,-012
+019,-012
+019,-012
+019,-012
+019,-012
+019,-012
+019,-012
+019,-012
+019,-012
+019,-012
+019,-012
+019,-012
+019,-012
+019,-012
+019,-015
+019,-015
+019,-015
+019,-015
+019,-015
+019,-015
+021,-015
+021,-015
+021,-015
+021,-015
+021,-015
+021,-015
+021,-015
+021,-015
+021,-015
+021,-015
+021,-015
+021,-015
+021,-015
+021,-015
+021,-015
+021,-015
+021,-015
+021,-015
+021,-015
+021,-015
+021,-015
+021,-015
+021,-015
+021,-015
+021,-015
+021,-015
+021,-015
+021,-015
+021,-015
+021,-015
+021,-015
+021,-015
+021,-015
+021,-015
+021,-015
+021,-015
+021,-015
+021,-014
+021,-014
+021,-014
+021,-014
+021,-014
+021,-014
+021,-014
+021,-014
+021,-014
+021,-014
+021,-014
+021,-014
+021,-014
+021,-014
+021,-014
+021,-014
+019,-014
+019,-013
+019,-013
+019,-013
+019,-013
+019,-013
+019,-013
+019,-013
+019,-013
+019,-013
+019,-013
+019,-013
+019,-013
+019,-013
+019,-013
+019,-013
+019,-013
+019,-013
+017,-013
+017,-013
+017,-013
+017,-013
+017,-013
+017,-013
+017,-013
+017,-013
+017,-013
+017,-013
+017,-013
+017,-013
+017,-013
+017,-013
+017,-013
+017,-013
+017,-013
+017,-013
+017,-013
+017,-013
+017,-013
+017,-013
+017,-013
+017,-013
+017,-013
+017,-013
+017,-013
+017,-013
+015,-013
+015,-013
+015,-013
+015,-013
+015,-013
+015,-013
+015,-013
+015,-013
+015,-013
+015,-013
+015,-013
+015,-013
+015,-013
+015,-013
+015,-013
+015,-013
+015,-013
+015,-013
+015,-013
+015,-013
+015,-013
+015,-013
+015,-013
+015,-013
+015,-013
+015,-013
+015,-013
+015,-013
+015,-013
+015,-013
+015,-013
+015,-013
+015,-013
+015,-013
+015,-013
+015,-013
+015,-013
+015,-013
+017,-012
+017,-012
+017,-012
+017,-012
+017,-012
+017,-012
+017,-012
+017,-012
+017,-012
+017,-012
+017,-012
+017,-012
+017,-012
+017,-011
+019,-011
+019,-011
+019,-011
+019,-011
+019,-011
+019,-009
+022,-008
+022,-008
+022,-008
+022,-007
+022,-007
+022,-007
+022,-007
+022,-006
+022,-006
+022,-006
+024,-006
+024,-006
+024,-005
+024,-005
+024,-005
+024,-005
+024,-005
+024,-005
+024,-005
+024,-005
+024,-004
+024,-004
+024,-004
+024,-004
+024,-004
+024,-004
+024,-004
+026,-004
+026,-004
+026,-004
+026,-003
+026,-003
+026,-003
+026,-003
+026,-003
+026,-003
+026,-003
+026,-003
+026,-003
+026,-003
+026,-003
+026,-003
+026,-003
+026,-003
+026,-003
+026,-003
+026,-003
+026,-003
+026,-003
+026,-003
+026,-003
+026,-003
+024,-003
+024,-003
+024,-003
+024,-003
+024,-003
+024,-003
+024,-003
+024,-003
+024,-003
+024,-003
+024,-003
+024,-003
+024,-003
+024,-003
+024,-003
+024,-003
+024,-003
+022,-003
+022,-003
+022,-006
+022,-006
+022,-006
+022,-006
+022,-006
+022,-006
+022,-006
+022,-006
+022,-006
+022,-006
+022,-006
+022,-006
+022,-006
+022,-006
+020,-006
+020,-006
+020,-006
+020,-006
+020,-006
+018,-009
+018,-009
+018,-009
+018,-009
+018,-009
+018,-009
+018,-009
+018,-009
+018,-009
+018,-009
+018,-009
+018,-009
+018,-009
+018,-009
+018,-009
+018,-009
+018,-009
+018,-009
+018,-009
+018,-009
+018,-009
+018,-009
+018,-009
+018,-009
+018,-009
+018,-009
+018,-009
+018,-009
+018,-009
+018,-009
+018,-009
+018,-009
+018,-012
+018,-012
+018,-011
+018,-011
+018,-011
+018,-011
+018,-011
+018,-011
+018,-011
+018,-011
+018,-011
+018,-011
+018,-011
+018,-011
+018,-011
+018,-011
+020,-011
+020,-011
+020,-011
+020,-011
+020,-011
+020,-011
+020,-011
+020,-011
+020,-011
+020,-011
+020,-011
+020,-011
+020,-011
+020,-011
+020,-011
+020,-011
+020,-011
+020,-011
+020,-011
+020,-011
+020,-011
+020,-011
+020,-011
+020,-011
+018,-011
+018,-011
+018,-011
+018,-011
+018,-011
+018,-011
+018,-011
+018,-011
+018,-011
+018,-011
+018,-011
+018,-011
+018,-011
+018,-011
+018,-011
+018,-011
+018,-011
+018,-011
+018,-011
+018,-011
+016,-011
+016,-011
+016,-010
+016,-010
+016,-010
+016,-010
+016,-010
+016,-010
+016,-010
+016,-010
+016,-010
+016,-010
+016,-010
+016,-010
+016,-010
+016,-010
+016,-010
+016,-010
+016,-010
+016,-010
+016,-010
+016,-010
+016,-009
+016,-009
+016,-009
+016,-009
+016,-009
+016,-009
+016,-009
+016,-009
+016,-009
+016,-009
+016,-009
+016,-009
+016,-009
+016,-009
+016,-009
+016,-009
+016,-009
+016,-009
+016,-009
+016,-009
+016,-009
+016,-009
+016,-009
+016,-009
+016,-009
+016,-009
+016,-009
+016,-009
+016,-009
+016,-009
+016,-009
+016,-009
+016,-009
+016,-009
+016,-009
+016,-009
+016,-009
+016,-009
+016,-009
+016,-009
+016,-009
+016,-012
+014,-012
+014,-012
+014,-011
+014,-011
+014,-011
+014,-011
+014,-011
+014,-011
+014,-011
+014,-011
+014,-011
+014,-011
+014,-011
+014,-011
+014,-011
+014,-011
+014,-011
+014,-011
+014,-011
+014,-011
+014,-011
+014,-011
+014,-011
+014,-011
+014,-011
+014,-011
+014,-011
+014,-011
+014,-011
+014,-011
+014,-014
+014,-013
+014,-013
+014,-013
+014,-013
+014,-013
+014,-013
+014,-013
+014,-013
+014,-013
+014,-013
+016,-013
+016,-013
+016,-013
+016,-013
+016,-013
+016,-013
+016,-013
+016,-013
+016,-013
+016,-013
+016,-013
+016,-013
+016,-013
+016,-013
+018,-013
+018,-013
+018,-013
+018,-013
+018,-013
+018,-013
+018,-013
+018,-013
+018,-013
+018,-013
+018,-012
+018,-012
+018,-012
+018,-012
+018,-012
+018,-012
+018,-011
+018,-011
+018,-011
+018,-011
+018,-011
+020,-011
+020,-011
+020,-011
+020,-011
+020,-010
+020,-010
+020,-010
+020,-009
+020,-009
+020,-009
+020,-009
+020,-009
+020,-009
+020,-009
+020,-009
+020,-009
+020,-009
+018,-009
+018,-009
+018,-009
+018,-009
+018,-009
+018,-009
+018,-009
+018,-009
+018,-009
+018,-009
+018,-009
+018,-009
+018,-009
+018,-009
+018,-009
+018,-009
+018,-009
+018,-009
+018,-009
+018,-009
+018,-009
+018,-009
+018,-009
+018,-009
+018,-009
+018,-009
+018,-009
+018,-009
+018,-009
+018,-009
+018,-009
+018,-009
+018,-009
+016,-009
+016,-009
+016,-009
+016,-009
+016,-009
+016,-009
+016,-009
+016,-009
+016,-009
+016,-009
+016,-009
+016,-009
+016,-009
+016,-009
+016,-009
+016,-009
+016,-009
+016,-009
+016,-009
+016,-009
+016,-009
+016,-009
+016,-009
+016,-009
+016,-009
+016,-009
+016,-009
+016,-009
+016,-009
+016,-009
+016,-009
+016,-009
+016,-009
+016,-009
+016,-009
+016,-009
+016,-009
+016,-009
+016,-009
+016,-009
+016,-009
+016,-009
+014,-009
+014,-009
+014,-009
+014,-008
+014,-008
+012,-008
+012,-007
+012,-006
+012,-006
+012,-006
+012,-006
+012,-006
+012,-006
+012,-006
+012,-006
+010,-006
+010,-006
+010,-006
+010,-006
+010,-006
+010,-006
+010,-006
+010,-006
+010,-006
+010,-006
+010,-006
+010,-006
+010,-006
+010,-006
+010,-006
+010,-006
+010,-006
+010,-006
+010,-006
+010,-006
+010,-006
+010,-006
+010,-006
+010,-006
+010,-006
+010,-006
+010,-006
+010,-006
+010,-006
+010,-006
+010,-006
+010,-006
+010,-006
+010,-006
+010,-006
+010,-005
+010,-005
+010,-005
+010,-005
+010,-005
+010,-005
+010,-005
+010,-005
+010,-005
+010,-005
+010,-005
+010,-005
+010,-005
+010,-005
+010,-005
+010,-005
+010,-005
+012,-005
+012,-005
+012,-005
+012,-005
+012,-005
+012,-005
+012,-005
+014,-008
+014,-008
+014,-008
+014,-008
+014,-008
+016,-008
+016,-008
+016,-008
+016,-008
+016,-008
+016,-008
+016,-008
+016,-008
+016,-008
+016,-008
+016,-008
+016,-008
+016,-011
+016,-011
+016,-011
+016,-011
+016,-011
+016,-011
+016,-011
+016,-011
+016,-011
+016,-011
+016,-011
+016,-011
+016,-011
+016,-011
+016,-011
+016,-011
+016,-010
+016,-010
+016,-010
+018,-010
+018,-010
+018,-010
+018,-010
+018,-010
+018,-010
+018,-010
+018,-010
+018,-010
+018,-010
+018,-010
+018,-010
+018,-010
+018,-010
+018,-009
+018,-009
+018,-008
+018,-008
+018,-008
+020,-007
+020,-007
+020,-007
+020,-007
+020,-006
+020,-006
+020,-006
+020,-006
+020,-006
+020,-006
+020,-006
+020,-005
+020,-005
+020,-005
+020,-005
+020,-005
+020,-004
+020,-004
+020,-004
+020,-004
+020,-004
+020,-004
+018,-003
+018,-003
+018,-002
+018,-002
+018,-002
+018,-002
+018,-002
+016,-002
+016,-002
+016,-001
+016,-001
+016,-001
+016,-001
+016,-001
+016,-001
+016,-001
+016,-001
+016,-001
+016,-001
+016,-001
+016,-001
+016,-001
+016,-001
+016,-001
+016,-001
+016,-001
+016,-001
+016,-001
+018,-001
+018,-001
+018,-001
+018,-004
+018,-004
+018,-004
+018,-004
+020,-004
+020,-004
+020,-004
+020,-004
+020,-004
+020,-004
+020,-004
+020,-004
+020,-004
+020,-004
+020,-004
+020,-004
+020,-004
+020,-004
+020,-004
+020,-004
+020,-004
+020,-004
+020,-004
+020,-004
+020,-004
+020,-004
+020,-004
+020,-004
+020,-004
+020,-004
+020,-004
+020,-004
+020,-004
+020,-004
+020,-004
+020,-004
+022,-004
+022,-004
+022,-004
+022,-004
+022,-004
+022,-004
+022,-007
+022,-007
+022,-006
+022,-006
+022,-006
+022,-006
+022,-006
+022,-006
+022,-006
+022,-006
+022,-006
+022,-006
+022,-006
+022,-006
+022,-006
+022,-006
+022,-006
+022,-006
+022,-006
+022,-006
+022,-006
+022,-006
+022,-006
+022,-006
+022,-006
+022,-006
+022,-006
+022,-006
+022,-006
+022,-006
+022,-006
+022,-006
+022,-006
+022,-006
+022,-006
+022,-006
+022,-006
+022,-006
+022,-006
+022,-006
+022,-006
+022,-006
+022,-006
+022,-006
+022,-006
+022,-006
+022,-006
+022,-006
+022,-006
+022,-006
+022,-006
+022,-006
+022,-006
+022,-006
+022,-006
+022,-005
+022,-005
+022,-005
+022,-005
+022,-005
+022,-005
+022,-005
+020,-005
+020,-005
+020,-005
+020,-005
+020,-005
+020,-005
+020,-005
+020,-004
+020,-004
+020,-004
+020,-004
+020,-004
+020,-004
+020,-004
+020,-004
+020,-004
+020,-004
+020,-004
+020,-003
+020,-003
+020,-003
+020,-003
+018,-003
+018,-003
+018,-002
+018,-002
+018,-002
+018,-002
+018,-002
+018,-002
+018,-002
+018,-002
+018,-002
+018,-002
+018,-002
+018,-002
+018,-005
+018,-005
+018,-005
+018,-005
+018,-005
+018,-005
+018,-005
+018,-005
+018,-005
+018,-005
+018,-005
+018,-005
+018,-005
+018,-005
+018,-005
+018,-005
+018,-005
+018,-005
+018,-005
+018,-005
+018,-005
+018,-005
+018,-008
+018,-008
+018,-008
+018,-008
+018,-008
+018,-008
+018,-008
+018,-008
+018,-008
+018,-008
+018,-008
+018,-008
+018,-008
+018,-008
+018,-008
+018,-008
+018,-008
+018,-008
+018,-008
+018,-008
+018,-008
+018,-011
+018,-010
+018,-010
+018,-010
+018,-010
+018,-010
+018,-010
+018,-010
+018,-010
+018,-010
+018,-010
+018,-010
+018,-010
+018,-010
+018,-010
+018,-010
+020,-009
+020,-009
+020,-009
+020,-009
+020,-008
+020,-008
+020,-008
+020,-008
+020,-008
+020,-008
+020,-008
+020,-008
+020,-008
+020,-008
+020,-008
+020,-008
+020,-008
+020,-008
+020,-008
+020,-011
+020,-010
+020,-010
+020,-010
+020,-010
+020,-010
+020,-010
+020,-010
+020,-010
+020,-010
+020,-010
+020,-010
+020,-010
+020,-010
+020,-010
+020,-010
+020,-010
+020,-010
+020,-010
+020,-010
+020,-010
+020,-013
+018,-013
+018,-013
+018,-013
+018,-013
+018,-013
+018,-013
+018,-013
+018,-013
+018,-013
+018,-013
+018,-013
+018,-013
+018,-013
+018,-013
+018,-013
+018,-013
+018,-013
+018,-013
+018,-013
+018,-013
+018,-013
+018,-013
+018,-013
+018,-013
+018,-013
+018,-013
+018,-013
+018,-013
+018,-013
+018,-013
+018,-013
+018,-013
+018,-013
+018,-013
+018,-013
+018,-013
+018,-013
+018,-013
+018,-013
+018,-013
+018,-013
+018,-013
+018,-013
+018,-013
+018,-013
+018,-013
+018,-013
+018,-013
+018,-013
+018,-013
+018,-013
+018,-013
+018,-013
+018,-013
+018,-013
+018,-013
+018,-013
+018,-013
+018,-013
+018,-013
+018,-013
+018,-013
+018,-013
+018,-013
+018,-013
+018,-013
+018,-013
+018,-013
+018,-013
+018,-016
+018,-016
+018,-016
+018,-016
+018,-016
+018,-016
+018,-016
+018,-016
+018,-016
+018,-016
+018,-016
+020,-016
+020,-016
+020,-016
+020,-016
+020,-016
+020,-016
+020,-016
+020,-016
+020,-016
+020,-016
+020,-016
+020,-016
+020,-016
+020,-016
+020,-016
+020,-016
+020,-016
+020,-016
+020,-016
+020,-016
+020,-016
+020,-016
+020,-016
+020,-016
+020,-016
+020,-016
+020,-016
+020,-016
+020,-016
+020,-016
+020,-016
+020,-016
+020,-016
+020,-016
+020,-016
+020,-016
+020,-016
+020,-016
+020,-016
+020,-016
+020,-016
+020,-016
+020,-016
+020,-016
+020,-016
+020,-016
+020,-016
+020,-016
+020,-016
+020,-016
+020,-016
+018,-016
+018,-016
+018,-016
+018,-016
+018,-016
+018,-016
+018,-016
+018,-016
+018,-016
+018,-016
+018,-016
+018,-016
+018,-016
+018,-016
+018,-016
+018,-016
+016,-019
+016,-018
+016,-018
+016,-018
+016,-018
+016,-018
+016,-018
+016,-018
+016,-018
+016,-018
+016,-018
+016,-018
+016,-017
+014,-017
+014,-017
+014,-017
+014,-017
+014,-017
+014,-017
+014,-017
+014,-017
+014,-017
+014,-017
+014,-017
+014,-017
+014,-017
+014,-017
+014,-017
+014,-017
+014,-017
+014,-017
+014,-017
+014,-017
+014,-017
+014,-017
+014,-017
+014,-017
+014,-017
+014,-017
+014,-017
+014,-017
+014,-017
+014,-017
+014,-017
+014,-017
+014,-017
+014,-017
+014,-017
+014,-017
+014,-017
+014,-017
+014,-017
+014,-017
+014,-017
+016,-017
+016,-017
+016,-017
+016,-017
+016,-017
+016,-017
+016,-017
+016,-017
+016,-017
+016,-020
+016,-020
+016,-019
+016,-019
+016,-019
+016,-019
+018,-019
+018,-019
+018,-019
+018,-019
+018,-019
+018,-019
+018,-019
+018,-019
+018,-019
+020,-019
+020,-019
+020,-019
+020,-019
+020,-019
+020,-019
+020,-019
+020,-019
+020,-019
+020,-019
+020,-018
+020,-018
+020,-018
+020,-018
+020,-018
+020,-018
+020,-018
+020,-018
+020,-018
+020,-018
+020,-018
+020,-018
+020,-018
+020,-017
+020,-017
+020,-017
+020,-017
+022,-017
+022,-017
+022,-017
+022,-016
+022,-016
+022,-016
+022,-016
+022,-016
+022,-016
+022,-016
+022,-016
+022,-016
+022,-016
+022,-016
+022,-016
+022,-016
+022,-016
+022,-016
+022,-016
+022,-015
+022,-015
+022,-015
+022,-015
+022,-015
+022,-015
+022,-015
+022,-015
+022,-014
+022,-014
+022,-014
+022,-014
+022,-013
+022,-013
+022,-013
+022,-013
+022,-013
+022,-013
+022,-013
+022,-013
+022,-013
+022,-013
COP Area(S): 000750
COP Area(R): 001321