-000,+000
-000,+000
-000,+000
-000,+000
-000,+000
-000,+000
-001,+000
-001,+000
-001,+000
-001,+000
-001,+000
-001,+000
-001,+000
-002,+000
-002,+000
-002,+000
-002,+000
-002,+000
-002,+000
-002,+000
-002,+000
-002,+000
-002,+000
-002,+000
-002,+000
-002,+000
-002,+000
-002,+000
-002,+000
-002,+000
-002,+000
-002,+000
-002,+000
-002,+000
-002,+000
-002,+000
-002,+000
-002,+000
-002,+000
-002,+000
-002,+000
-002,+000
-002,+002
-002,+002
-002,+002
-002,+002
-002,+002
-002,+002
-002,+002
-002,+002
-002,+002
-001,+002
-000,+002
-000,+002
-000,+002
-000,+002
-000,+002
-000,+002
-000,+002
-000,+002
-000,+002
-003,+002
-002,+002
-002,+002
-002,+002
-002,+002
-002,+002
-002,+002
-002,+002
-002,+002
-002,+002
-002,+002
-002,+002
-005,+002
-005,+002
-005,+002
-005,+002
-005,+002
-005,+002
-005,+002
-005,+002
-005,+002
-005,+002
-005,+002
-005,+002
-005,+002
-005,+002
-005,+002
-005,+002
-005,+002
-005,+002
-005,+002
-005,+002
-005,+002
-008,+002
-008,+002
-008,+002
-008,+002
-008,+002
-008,+002
-008,+002
-008,+002
-008,+002
-008,+002
-008,+002
-008,+002
-008,+002
-008,+002
-008,+002
+010,+002
+010,+004
+010,+004
+010,+004
+010,+004
+010,+004
+010,+004
+010,+004
+010,+006
+010,+006
+010,+006
+010,+006
+012,+006
+012,+006
+012,+006
+012,+008
+012,+008
+012,+008
+012,+008
+012,+008
+012,+008
+012,+008
+014,-009
+014,-009
+014,-009
+014,-009
+014,-009
+014,-009
+014,-010
+014,-010
+014,-010
+014,-010
+014,-010
+014,-010
+014,-010
+014,-010
+014,-010
+014,-010
+014,-011
+014,-011
+014,-011
+014,-011
+014,-011
+014,-011
+014,-011
+014,-011
+014,-011
+014,-011
+014,-011
+014,-011
+012,-011
+012,-011
+012,-012
+012,-012
+012,-012
+012,-012
+012,-012
+010,-012
+010,-012
+010,-012
+010,-012
+010,-012
+009,-012
+009,-012
+009,-012
+009,-012
-008,-012
-008,-012
-008,-012
-007,-012
-007,-012
-007,-012
-007,-012
-006,-012
-006,-012
-006,-012
-006,-012
-006,-012
-006,-012
-005,-012
-005,-012
-005,-012
-005,-012
-005,-012
-005,-012
-005,-012
-005,-012
-004,-012
-004,-012
-004,-012
-004,-012
-004,-012
-004,-012
-004,-012
-004,-012
-004,-012
-004,-012
-004,-012
-004,-012
-004,-012
-004,-012
-004,-012
-004,-012
-004,-012
-004,-012
-004,-012
-004,-012
-004,-012
-004,-012
-004,-012
-004,-012
-004,-012
-004,-012
-004,-012
-004,-012
-004,-012
-004,-012
-004,-012
-004,-012
-004,-012
-004,-012
-004,-012
-004,-012
-004,-012
-004,-012
-004,-012
-004,-012
-004,-012
-004,-012
-004,-012
-004,-012
-004,-012
-004,-012
-004,-012
-004,-012
-004,-012
-004,-012
-004,-012
-004,-012
-004,-012
-004,-012
-004,-012
-004,-012
-004,-012
-004,-012
-004,-012
-004,-012
-004,-012
-004,-012
-004,-012
-004,-012
-004,-012
-004,-012
-004,-012
-004,-012
-004,-012
-004,-012
-004,-012
-004,-012
-004,-012
-004,-012
-004,-012
-004,-012
-004,-012
-004,-012
-004,-012
-004,-012
-004,-012
-004,-012
-004,-013
-004,-013
-007,-013
-007,-013
-007,-013
-007,-013
-007,-013
-007,-013
-007,-013
-007,-013
-007,-013
-007,-013
-007,-013
-007,-013
-007,-013
-007,-013
-007,-013
-006,-013
-006,-013
-006,-013
-005,-013
-004,-014
-003,-015
-003,-015
-002,-015
-002,-015
-002,-015
-002,-015
-002,-015
-001,-015
-001,-015
-001,-015
-001,-015
-000,-015
-000,-015
-000,-015
-000,-015
-001,-015
-001,-015
-001,-015
-001,-015
-002,-015
-002,-015
-002,-016
-003,-016
-003,-016
-003,-016
-003,-016
-003,-016
-003,-016
-003,-016
-004,-016
-004,-016
-004,-016
-004,-016
-004,-016
-004,-016
-004,-016
-005,-016
-005,-016
-005,-017
-005,-017
-005,-017
-005,-017
-005,-017
-005,-017
-005,-017
-005,-017
-006,-017
-006,-017
-006,-017
-006,-017
-006,-017
-006,-017
-006,-017
-006,-017
-006,-017
-007,-017
-007,-017
-007,-017
-007,-017
-007,-017
-007,-017
-007,-017
-008,-017
-008,-017
-008,-017
-008,-017
-008,-017
-008,-017
-009,-017
-009,-017
-009,-017
-009,-017
-009,-017
-009,-017
-009,-017
-009,-017
-009,-017
-009,-017
-009,-017
-009,-017
-009,-017
-009,-017
-009,-017
-009,-017
-009,-017
-009,-017
-009,-017
-009,-017
-009,-017
-009,-017
-009,-017
-009,-017
-009,-017
-009,-017
-009,-017
-009,-017
-009,-017
-009,-017
-009,-017
-009,-017
-009,-017
-009,-017
-010,-017
-010,-017
-010,-017
-010,-017
-010,-017
-010,-017
-010,-017
-010,-017
-010,-017
-010,-017
-010,-017
-010,-018
-010,-018
-010,-018
-010,-018
-010,-018
-010,-019
-010,-019
-010,-019
-010,-019
-010,-019
-010,-019
-010,-019
-010,-020
-010,-020
-010,-020
-010,-020
-011,-021
-011,-021
-011,-021
-011,-021
-011,-021
-011,-021
-011,-021
-011,-022
-011,-022
-011,-022
-011,-022
-011,-022
-011,-023
-011,-023
-011,-023
-011,-023
-011,-023
-011,-023
-011,-023
-011,-023
-011,-023
-011,-023
-011,-023
-011,-023
-011,-023
-011,-023
-011,-023
-011,-023
-011,-023
-011,-023
-011,-023
-011,-023
-011,-023
-011,-023
-011,-023
-011,-023
-011,-023
-011,-023
-011,-023
-011,-023
-011,-023
-011,-023
-011,-023
-011,-023
-011,-023
-011,-020
-011,-020
-011,-020
-011,-020
-011,-020
-011,-020
-011,-020
-011,-020
-011,-017
-008,-017
-008,-017
-008,-017
-008,-017
-008,-017
-008,-017
-008,-017
-008,-017
-008,-017
-008,-017
-005,-017
-005,-017
-005,-017
-005,-017
-005,-014
-005,-014
-005,-014
-005,-014
-005,-014
-005,-014
-005,-014
-005,-014
-005,-014
-005,-014
-005,-014
-005,-014
-005,-014
-005,-014
-005,-014
-005,-014
-005,-014
-002,-014
-002,-014
-003,-014
-003,-011
-003,-011
-003,-011
-003,-011
-003,-011
-003,-011
-003,-011
-003,-011
-000,-011
-000,-011
-000,-011
-000,-011
-000,-011
-000,-011
-000,-011
-000,-011
-000,-011
-000,-011
-000,-011
-000,-011
-000,-011
-000,-011
-000,-011
-000,-011
-000,-011
-000,-011
-000,-011
-000,-011
-001,-011
-001,-011
-001,-011
-001,-011
-001,-011
-001,-011
-001,-011
-002,-011
-002,-011
-002,-011
-002,-011
-002,-011
-002,-011
-002,-011
-002,-011
-002,-011
-002,-011
-002,-011
-002,-011
-002,-011
-002,-011
-002,-011
-002,-011
-002,-011
-002,-011
-002,-011
-002,-011
-002,-011
-002,-011
-002,-011
-002,-011
-002,-011
-002,-011
-002,-011
-002,-011
-002,-011
-002,+008
-002,-009
-002,-009
-002,-009
-001,-009
-001,-009
-001,-009
-001,-009
-001,-009
-001,-009
-001,-009
-001,-009
-001,-009
-001,-009
-001,-009
-001,-009
-001,-009
-001,-009
-001,-009
-001,-009
-001,-010
-000,-010
-000,-010
-001,-012
-001,-012
-001,-013
-001,-013
-001,-014
-001,-014
-001,-014
-001,-015
-001,-015
-001,-015
-001,-015
-001,-015
-001,-015
-001,-016
-001,-016
-001,-016
-001,-016
-001,-017
-001,-017
-001,-017
-001,-017
-001,-018
-001,-018
-001,-018
-001,-018
-001,-018
-001,-018
-001,-018
-001,-018
-001,-018
-001,-019
-001,-019
-001,-019
-001,-019
-001,-019
-001,-019
-001,-019
-001,-019
-001,-019
-001,-019
-001,-019
-001,-019
-001,-019
-001,-019
-001,-019
-001,-019
-001,-019
-001,-019
-001,-019
-001,-019
-001,-019
-001,-019
-001,-019
-001,-019
-001,-019
-001,-019
-001,-019
-001,-019
-001,-019
-001,-019
-001,-019
-001,-019
-001,-019
-001,-019
-002,-019
-002,-019
-002,-019
-002,-019
-002,-019
-002,-016
-002,-017
-002,-017
-002,-017
-005,-017
-005,-014
-005,-014
-005,-014
-005,-014
-005,-014
-005,-014
-005,-014
-005,-014
-005,-014
-005,-014
-005,-014
-005,-014
-005,-014
-008,-014
-008,-014
-008,-014
-008,-014
-008,-014
-008,-014
-008,-014
-008,-014
-008,-014
-008,-014
-008,-014
-008,-014
-008,-014
-008,-014
-008,-014
-008,-014
-008,-014
-008,-014
-008,-014
-008,-014
-008,-014
-008,-014
-008,-014
-008,-014
-008,-014
-008,-014
-008,-014
-008,-014
-008,-014
-008,-014
-008,-014
-008,-014
-008,-014
-008,-014
-008,-014
-008,-014
-008,-014
-008,-014
-008,-014
-008,-014
-008,-014
-008,-014
-008,-014
-008,-014
-008,-014
-008,-014
-008,-014
-008,-014
-008,-014
-008,-014
-008,-014
-008,-014
-008,-014
-008,-014
-008,-014
-008,-014
-008,-014
-008,-014
-008,-014
+010,-014
+010,-014
+010,-014
+010,-014
+010,-014
+010,-014
+010,-014
+010,-014
+010,-014
+010,-014
+010,-014
+010,-014
+010,-014
+010,-014
+010,-014
+010,-014
+010,-014
+010,-014
+010,-014
+010,-014
+010,-014
+010,-014
+009,-014
+009,-014
+009,-014
+009,-014
-008,-014
-008,-014
-008,-014
-008,-014
-007,-014
-007,-014
-007,-014
-007,-014
-007,-014
-007,-014
-006,-014
-006,-014
-006,-014
-006,-014
-005,-014
-005,-014
-005,-014
-005,-014
-005,-014
-005,-014
-005,-014
-005,-014
-005,-014
-004,-014
-004,-014
-004,-014
-004,-014
-004,-014
-004,-014
-003,-016
-002,-016
-002,-016
-002,-016
-002,-016
-002,-016
-002,-017
-002,-017
-002,-017
-002,-017
-002,-017
-002,-017
-002,-017
-002,-017
-002,-017
-002,-017
-002,-017
-002,-017
-002,-017
-002,-017
-006,-014
-006,-014
-006,-014
-006,-014
-006,-014
-006,-014
-006,-014
-006,-014
-006,-014
-006,-014
-006,-014
-006,-014
-006,-014
-006,-014
-006,-014
-006,-014
-006,-014
-006,-014
-006,-014
-006,-014
-006,-014
-006,-014
-006,-014
-006,-014
-006,-014
-006,-014
-006,-014
+009,-014
+009,-014
-008,-014
-008,-014
-008,-014
-008,-014
-008,-014
-008,-014
-008,-014
-008,-014
-008,-014
-008,-014
-008,-014
-008,-014
-008,-014
-008,-014
-008,-014
-008,-014
-008,-014
-008,-014
-008,-014
-008,-014
-008,-014
-008,-014
-008,-011
-008,-011
-008,-012
-008,-012
-008,-012
-008,-012
-008,-012
-008,-012
-008,-012
-008,-012
-008,-012
-008,-012
-008,-012
-008,-012
-008,-012
-008,-012
-008,-012
-008,-012
-008,-012
-008,-012
-008,-012
-008,-012
-008,-012
-008,-012
-008,-012
+010,-012
+010,-012
+010,-012
+010,-012
+010,-012
+010,-012
+010,-013
+010,-013
+010,-013
+010,-013
+010,-013
+010,-013
+010,-013
+012,-014
+012,-014
+012,-014
+012,-014
+012,-014
+012,-015
+012,-015
+012,-015
+012,-015
+012,-015
+012,-016
+012,-016
+012,-016
+012,-016
+014,-016
+014,-016
+014,-016
+014,-017
+014,-017
+014,-017
+014,-018
+014,-018
+014,-018
+014,-018
+014,-018
+014,-018
+014,-018
+014,-019
+016,-019
+016,-019
+016,-019
+016,-019
+016,-019
+016,-019
+016,-019
+016,-019
+016,-019
+016,-019
+016,-019
+016,-019
+016,-019
+016,-019
+016,-019
+016,-019
+016,-019
+016,-019
+016,-019
+016,-019
+016,-019
+016,-019
+016,-019
+016,-019
+016,-019
+016,-019
+016,-019
+014,-019
+014,-019
+014,-019
+014,-019
+014,-019
+014,-019
+014,-019
+014,-019
+014,-019
+014,-019
+014,-019
+012,-019
+012,-019
+012,-019
+012,-019
+012,-019
+012,-019
+012,-019
+012,-019
+012,-019
+012,-019
+012,-019
+012,-019
+012,-019
+012,-019
+012,-019
+012,-019
+012,-019
+012,-019
+012,-019
+010,-019
+010,-019
+010,-020
+010,-020
+010,-020
+010,-020
+010,-020
+010,-020
+010,-020
+010,-020
+010,-020
+010,-020
+010,-020
+010,-020
+010,-020
+010,-020
+010,-020
+010,-020
+010,-020
+010,-017
+010,-017
+010,-017
+010,-017
+010,-017
+010,-017
+010,-017
+010,-017
+010,-017
+010,-017
+010,-017
+010,-017
+009,-017
+009,-017
+009,-017
+009,-017
+009,-017
+009,-017
+009,-014
+009,-014
+009,-014
-008,-014
-008,-014
-008,-014
-008,-014
-007,-014
-007,-014
-007,-014
-007,-014
-007,-014
-007,-014
-007,-014
-007,-014
-007,-014
-006,-014
-006,-014
-006,-014
-006,-014
-005,-011
-005,-011
-005,-011
-005,-011
-005,-011
-005,-011
-005,-011
-005,-011
-005,-011
-005,-011
-005,-011
-004,-011
-004,-011
-004,-011
-004,-011
-004,-011
-004,-011
-004,-011
-004,-011
-004,-011
-004,-011
-004,-011
-004,-011
-004,-011
-004,-011
-004,-011
-004,-011
-004,-011
-004,-011
-004,-011
-004,-011
-004,-011
-004,-011
-004,-011
-004,-011
-004,-011
-004,-011
-004,-011
-004,-011
-004,-011
-004,-011
-004,-011
-004,-011
-004,-011
-004,-011
-004,-011
-004,-011
-004,-011
-004,-011
-004,-011
-004,-011
-004,-011
-004,-011
-004,-011
-004,-011
-004,-012
-004,-012
-004,-012
-004,-012
-004,-012
-004,-012
-004,-012
-004,-012
-004,-012
-004,-012
-004,-012
-004,-012
-004,-012
-004,-012
-004,-012
-004,-012
-004,-012
-004,-012
-004,-012
-004,-012
-004,-012
-004,-012
-004,-012
-004,-012
-004,-012
-004,-012
-004,-012
-004,-013
-004,-013
-004,-013
-004,-013
-004,-013
-004,-013
-004,-013
-004,-013
-004,-013
-004,-013
-004,-013
-004,-013
-004,-013
-004,-013
-004,-013
-004,-013
-004,-013
-004,-013
-004,-013
-003,-013
-003,-013
-003,-013
-003,-013
-003,-013
-003,-013
-003,-013
-003,-013
-003,-013
-003,-013
-003,-013
-003,-013
-003,-013
-003,-010
-003,-010
-003,-010
-003,-010
-003,-010
-003,-010
-002,-010
-002,-010
-002,-010
-002,-010
-002,-010
-002,-010
-002,-010
-002,-010
-002,-010
-002,-010
-002,-010
-002,-010
-002,-010
-002,-010
-002,-010
-002,-010
-002,-010
-002,-010
-002,-010
-002,-010
-002,-010
-002,-010
-002,-010
-002,-010
-002,-010
-002,-010
-002,-010
-002,-010
-002,-010
-002,-010
-002,-010
-002,-010
-002,-010
-002,-010
-002,-010
-002,-010
-002,-010
-002,-010
-002,-010
-002,-010
-002,-010
-002,-010
-002,-010
-002,-010
-002,-010
-002,-010
-002,-010
-002,-010
-002,-010
-002,-010
-002,-010
-002,-010
-002,-010
-002,-010
-002,-010
-002,-010
-002,-010
-002,-010
-002,-010
-002,-010
-002,-010
-002,-010
-002,-010
-002,-010
-002,-010
-002,-010
-002,-010
-002,-010
-002,-010
-002,-010
-002,-010
-002,-010
-002,-010
-002,-010
-002,-010
-002,-010
-002,-010
-002,-010
-002,-010
-002,-010
-002,-010
-002,-010
-002,-010
-002,-010
-002,-010
-002,-010
-002,-010
-002,-010
-002,-010
-002,-010
-002,-010
-002,-010
-002,-010
-002,-010
-002,-010
-002,-010
-002,-010
-002,-010
-002,-010
-002,-010
-002,-010
-002,-010
-002,-010
-002,-010
-002,-010
-002,-010
-002,-010
-002,-011
-002,-011
-002,-011
-002,-011
-002,-011
-001,-013
-000,-014
-000,-014
-000,-014
-000,-014
-001,-014
-001,-015
-001,-015
-001,-015
-001,-015
-002,-015
-002,-015
-002,-016
-002,-016
-002,-016
-002,-016
-002,-016
-002,-016
-002,-016
-002,-016
-002,-016
-002,-016
-002,-016
-002,-016
-002,-016
-002,-016
-002,-016
-002,-016
-002,-016
-002,-016
-002,-016
-002,-016
-002,-016
-002,-016
-002,-016
-002,-016
-002,-016
-002,-016
-002,-016
-002,-016
-001,-016
-001,-016
-001,-016
-001,-016
-001,-016
-001,-013
-004,-013
-004,-013
-004,-013
-004,-013
-004,-013
-004,-013
-004,-013
-004,-013
-004,-013
-004,-013
-004,-013
-004,-013
-004,-013
-004,-013
-004,-013
-004,-013
-004,-013
-004,-013
-004,-013
-004,-013
-004,-013
-007,-013
-006,-013
-006,-013
-006,-013
-006,-013
-006,-013
-006,-013
-006,-013
-006,-013
-006,-013
-006,-013
-006,-013
-006,-013
-006,-014
-006,-014
-006,-014
-006,-014
-006,-014
-006,-014
-006,-014
-006,-014
-006,-014
-006,-014
-005,-015
-005,-015
-004,-015
-004,-016
-004,-016
-004,-016
-004,-016
-003,-017
-003,-017
-003,-017
-003,-017
-003,-017
-003,-017
-003,-017
-003,-017
-003,-017
-003,-017
-003,-017
-003,-017
-003,-017
-003,-017
-002,-017
-002,-017
-002,-017
-002,-018
-002,-018
-002,-018
-002,-018
-002,-018
-001,-018
-001,-018
-001,-018
-001,-018
-001,-018
-001,-018
-001,-018
-001,-018
-001,-019
-000,-019
-000,-019
-000,-019
-000,-019
-000,-019
-000,-019
-000,-019
-000,-019
-000,-019
-000,-019
-000,-019
-000,-019
-000,-019
-001,-019
-001,-019
-001,-019
-001,-019
-001,-019
-001,-019
-001,-019
-001,-019
-001,-019
-001,-019
-001,-019
-001,-019
-001,-019
-001,-019
-001,-019
-001,-019
-001,-019
-001,-019
-001,-019
-001,-019
-001,-019
-001,-019
-001,-019
-001,-019
-001,-019
-001,-019
-001,-019
-001,-019
-002,-019
-002,-019
-002,-019
-002,-019
-002,-019
-002,-019
-002,-019
-002,-019
-002,-019
-002,-019
-002,-019
-002,-019
-002,-019
-002,-019
-002,-019
-002,-019
-002,-019
-002,-019
-002,-019
-002,-019
-002,-019
-002,-019
-002,-019
-002,-019
-002,-019
-002,-019
-002,-019
-002,-019
-002,-019
-002,-019
-002,-019
-002,-019
-002,-019
-002,-019
-002,-019
-002,-019
-002,-019
-002,-019
-002,-019
-001,-019
-001,-019
-001,-019
-001,-019
-000,-019
-000,-019
-000,-019
-000,-019
-000,-019
-000,-019
-001,-019
-001,-019
-001,-019
-001,-019
-001,-019
-001,-019
-001,-019
-001,-019
-001,-019
-001,-019
-001,-019
-001,-019
-001,-019
-001,-019
-001,-019
-001,-019
-001,-019
-001,-019
-001,-019
-001,-019
-001,-019
-001,-019
-001,-019
-001,-019
-001,-019
-001,-019
-001,-019
-001,-019
-001,-019
-001,-019
-001,-019
-001,-019
-001,-019
-002,-019
-002,-019
-002,-019
-002,-019
-002,-019
-002,-019
-002,-019
-002,-016
-002,-016
-002,-016
-002,-016
-005,-016
-005,-016
-005,-016
-005,-013
-005,-013
-005,-013
-005,-013
-005,-013
-005,-013
-005,-013
-005,-013
-005,-013
-005,-013
-005,-013
-005,-013
-005,-013
-005,-013
-005,-013
-005,-013
-005,-013
-005,-013
-005,-013
-005,-013
-005,-013
-005,-013
-005,-013
-005,-013
-005,-013
-005,-013
-005,-013
-005,-013
-005,-013
-005,-013
-005,-013
-005,-013
-005,-013
-005,-013
-005,-013
-005,-013
-005,-013
-005,-013
-005,-013
-004,-013
-004,-013
-004,-014
-003,-014
-003,-014
-003,-014
-002,-015
-002,-015
-002,-015
-002,-015
-002,-015
-002,-015
-002,-015
-002,-015
-002,-015
-002,-015
-002,-015
-002,-015
-002,-015
-002,-015
-002,-015
-002,-015
-002,-015
-002,-015
-005,-015
-005,-015
-005,-015
-005,-015
-005,-015
-005,-015
-005,-015
-005,-015
-005,-015
-005,-015
-005,-015
-005,-015
-005,-015
-005,-015
-005,-015
-005,-015
-005,-015
-005,-015
-008,-015
-008,-015
-008,-015
-008,-015
-008,-015
-008,-015
-008,-015
-008,-015
-008,-015
-008,-015
-008,-015
-008,-015
-008,-015
-008,-015
-008,-015
-008,-015
-008,-015
-008,-015
-008,-015
-008,-015
-008,-015
-008,-015
-008,-015
-008,-015
-008,-015
-008,-015
-008,-015
-008,-015
-008,-015
-008,-015
-008,-015
-008,-015
-008,-015
-008,-015
-008,-015
-008,-015
-008,-015
-008,-015
-008,-015
-008,-012
-008,-012
-008,-012
-008,-012
-008,-012
-008,-012
-008,-012
-008,-012
-008,-012
-008,-012
-008,-012
-008,-012
-008,-012
-008,-012
-008,-012
-008,-012
-008,-012
-008,-012
-008,-012
-008,-012
-008,-012
-008,-012
-008,-012
-008,-012
-008,-012
-008,-012
-008,-012
-008,-012
-008,-012
-008,-012
-008,-012
-008,-012
-008,-012
-008,-012
-008,-012
-008,-012
-008,-012
-008,-013
-008,-013
-008,-013
-008,-013
-008,-013
-008,-013
-008,-013
-008,-013
-008,-013
-008,-013
-008,-013
-008,-013
-008,-013
-008,-013
-008,-013
-008,-013
-008,-013
-008,-013
-008,-013
-008,-013
-008,-013
-008,-013
-008,-013
-008,-013
-008,-013
-008,-013
-008,-013
-008,-013
-008,-013
-008,-013
-008,-013
-008,-013
-008,-013
-008,-013
-008,-013
-008,-013
-008,-013
-008,-013
-008,-013
-008,-013
-008,-013
-008,-014
-008,-014
-008,-014
-008,-014
-008,-014
-008,-014
-008,-014
-008,-014
-008,-014
-008,-014
-008,-014
-008,-014
-008,-014
-008,-014
-008,-014
-008,-014
-008,-014
-008,-014
-008,-015
-008,-015
-008,-015
-008,-015
-008,-015
-008,-015
-008,-015
-008,-015
-008,-015
-008,-015
-008,-015
+010,-015
+010,-015
+010,-015
+010,-015
+010,-015
+010,-015
+010,-015
+010,-015
+010,-015
+010,-015
+010,-015
+010,-015
+010,-015
+010,-015
+010,-015
+010,-015
+010,-015
+010,-015
+010,-015
+010,-015
+010,-015
+010,-015
+010,-015
+010,-015
+010,-015
+010,-015
+010,-015
+010,-015
+010,-015
+010,-015
+010,-015
+010,-015
+010,-015
+010,-015
+010,-015
+010,-015
+010,-015
+010,-015
+010,-015
+010,-015
+010,-015
+010,-015
+010,-015
+010,-015
+010,-015
+010,-015
+010,-015
+010,-015
+010,-015
+010,-015
+009,-015
+009,-015
+009,-015
+009,-015
+009,-015
+009,-015
+009,-015
+009,-015
+009,-015
+009,-015
+009,-015
+009,-015
+009,-015
-008,-015
-008,-015
-008,-015
-008,-015
-008,-015
-008,-015
-008,-015
-008,-015
-007,-016
-007,-016
-006,-017
-005,-018
-005,-018
-005,-018
-005,-018
-005,-018
-005,-018
-005,-018
-005,-018
-005,-018
-005,-018
-005,-018
-005,-014
-005,-015
-005,-015
-005,-015
-005,-015
-005,-015
-005,-015
-005,-015
-005,-015
-005,-015
-005,-015
-005,-015
-005,-015
-005,-015
-005,-012
-005,-012
-005,-012
-005,-012
-005,-012
-005,-012
-005,-012
-005,-012
-005,-012
-005,-012
-005,-012
-005,-012
-005,-012
-005,-012
-005,-012
-008,-012
-008,-012
-007,-012
-007,-012
-007,-012
-007,-012
-007,-012
-007,-012
-007,-012
-007,-012
-007,-012
-007,-012
-007,-012
-007,-012
-007,-012
-007,-012
-007,-012
-007,-012
-007,-012
-007,-012
-007,-012
-007,-012
-007,-012
-007,-012
-007,-012
-007,-012
-007,-012
-007,-012
-007,-012
-007,-012
-007,-012
-007,-012
-007,-012
-007,-012
-007,-012
-006,-012
-006,-012
-006,-012
-006,-012
-006,-012
-006,-012
-006,-012
-006,-012
-006,-012
-006,-012
-006,-012
-006,-012
-006,-012
-006,-012
-006,-012
-006,-012
-006,-012
-006,-012
-006,-012
-006,-012
-006,-012
-005,-012
-005,-012
-005,-012
-005,-012
-005,-012
-005,-012
-005,-012
-005,-012
-005,-012
-005,-012
-005,-012
-005,-012
-005,-012
-005,-012
-005,-012
-005,-012
-005,-012
-005,-012
-005,-012
-005,-012
-005,-012
-005,-012
-005,-012
-005,-012
-005,-012
-005,-012
-005,-012
-005,-012
-005,-012
-005,-012
-005,-012
-005,-012
-005,-012
-005,-012
-005,-012
-005,-012
-005,-012
-005,-012
-005,-012
-005,-012
-005,-012
-005,-012
-005,-012
-005,-012
-005,-012
-005,-012
-005,-012
-005,-012
-005,-012
-005,-012
-005,-012
-005,-012
-005,-012
-005,-012
-005,-012
-005,-012
-005,-012
-005,-012
-005,-012
-005,-012
-004,-012
-004,-012
-004,-012
-004,-012
-004,-012
-004,-012
-004,-012
-004,-012
-004,-012
-004,-012
-004,-012
-004,-012
-004,-012
-004,-012
-004,-012
-004,-012
-004,-012
-004,-012
-004,-012
-004,-012
-004,-012
-004,-012
-004,-012
-004,-012
-004,-012
-004,-012
-004,-012
-004,-012
-004,-012
-004,-012
-004,-012
-004,-012
-004,-012
-004,-012
-004,-012
-004,-012
-004,-012
-004,-012
-004,-012
-004,-012
-004,-012
-004,-012
-004,-012
-004,-012
-004,-012
-004,-012
-004,-012
-004,-012
-004,-012
-004,-012
-004,-012
-004,-012
-004,-012
-004,-012
-004,-012
-004,-012
-004,-012
-004,-012
-004,-012
-004,-012
-004,-012
-004,-012
-004,-012
-004,-012
-004,-012
-004,-012
-004,-012
-004,-012
-004,-012
-004,-012
-003,-012
-003,-012
-003,-012
-003,-012
-003,-012
-003,-012
-003,-012
-002,-012
-002,-013
-002,-013
-002,-013
-001,-013
-001,-014
-001,-014
-001,-014
-001,-014
-001,-014
-001,-014
-001,-014
-000,-014
-000,-014
-000,-014
-000,-014
-000,-014
-000,-014
-000,-014
-000,-014
-000,-014
-000,-014
-000,-014
-000,-014
-000,-014
-000,-014
-000,-014
-003,-014
-003,-011
-003,-011
-003,-011
-003,-011
-003,-011
-003,-011
-003,-011
-003,-011
-003,-011
-003,-011
-003,-011
-003,-011
-003,-011
-003,-011
-003,-011
-003,-011
-003,-011
-003,-011
-003,-011
-003,-011
-003,-012
-003,-012
-003,-012
-003,-012
-003,-012
-003,-012
-003,-012
-003,-012
-003,-012
-003,-012
-006,-012
-005,-012
-005,-012
-005,-012
-005,-012
-005,-012
-005,-012
-005,-012
-005,-012
-005,-012
-005,-012
-005,-012
-005,-012
-005,-012
-005,-012
-005,-012
-005,-013
-005,-013
-005,-013
-005,-013
-005,-013
-005,-013
-005,-013
-005,-013
-005,-013
-005,-013
-005,-013
-005,-013
-005,-013
-005,-013
-005,-013
-005,-013
-005,-013
-005,-013
-005,-013
-005,-013
-005,-013
-005,-013
-005,-013
-005,-013
-005,-013
-005,-013
-005,-013
-005,-013
-005,-013
-005,-013
-005,-013
-005,-013
-005,-013
-005,-013
-005,-013
-005,-013
-005,-013
-005,-013
-005,-013
-005,-013
-005,-013
-005,-013
-005,-013
-005,-013
-005,-013
-005,-013
-005,-013
-005,-013
-005,-013
-005,-013
-005,-013
-005,-013
-005,-013
-005,-013
-005,-013
-005,-010
-005,-010
-005,-011
-005,-011
-005,-011
-005,-011
-005,-011
-005,-011
-005,-011
-005,-011
-005,-011
-005,-011
-005,-011
-005,-011
-005,-011
-005,-011
-005,-011
-005,-011
-005,-011
-005,-011
-005,-011
-005,-011
-005,-011
-005,-011
-005,-011
-005,-011
-005,-011
-005,-011
-005,-011
-005,-011
-005,-011
-005,-011
-005,-011
-005,-011
-005,-011
-005,-011
-005,-011
-005,-011
-005,-011
-005,-012
-005,-012
-005,-012
-005,-012
-005,-012
-005,-012
-005,-012
-005,-012
-005,-012
-005,-012
-005,-012
-005,-012
-005,-012
-008,-012
-008,-012
-008,-012
-008,-012
-008,-012
-008,-012
-008,-012
-008,-012
-008,-012
-008,-012
-008,-012
-008,-012
-008,-012
-008,-012
-008,-012
-008,-012
-008,-012
-008,-012
-008,-012
-008,-012
-008,-012
-008,-012
-008,-012
-008,-012
-008,-012
-008,-012
-008,-012
-008,-012
-008,-012
-008,-012
-008,-012
-008,-012
-008,-012
-008,-012
+010,-012
+010,-012
+010,-012
+010,-012
+010,-012
+010,-012
+010,-012
+010,-012
+010,-012
+010,-012
+010,-012
+010,-012
+010,-012
+010,-012
+010,-012
+010,-012
+010,-012
+010,-012
+010,-012
+010,-012
+010,-012
+010,-012
+010,-012
+010,-012
+010,-012
+010,-012
+010,-012
+010,-012
+010,-012
+010,-012
+010,-012
+010,-012
+010,-012
+010,-012
+010,-012
+010,-012
+012,-012
+012,-012
+012,-012
+012,-012
+012,-012
+012,-012
+012,-012
+012,-012
+012,-012
+012,-012
+012,-012
+012,-012
+012,-012
+012,-012
+012,-012
+012,-009
+012,-010
+012,-010
+012,-010
+012,-010
+012,-010
+012,-010
+012,-010
+012,-010
+012,-010
+012,-010
+012,-010
+012,-010
+012,-010
+012,-010
+012,-010
+012,-010
+012,-010
+012,-010
+012,-010
+012,-010
+012,-010
+012,-010
+012,-010
+012,-010
+012,-010
+012,-010
+012,-010
+010,-010
+010,-010
+010,-010
+010,-010
+010,-010
+010,-010
+010,-010
+010,-010
+010,-010
+010,-010
+010,-010
+010,-010
+010,-010
+010,-010
+010,-010
+010,-010
+010,-010
+010,-010
+010,-010
+010,-010
+010,-010
+010,-010
+009,-010
+009,-010
+009,-010
+009,-010
+009,-010
+009,-010
-008,-010
-008,-010
-008,-010
-008,-010
-008,-010
-008,-010
-008,-010
-008,-010
-007,-010
-007,-010
-007,-011
-007,-011
-007,-011
-007,-011
-007,-011
-007,-011
-007,-011
-007,-011
-007,-011
-007,-012
-007,-012
-007,-012
-007,-012
-007,-012
-007,-012
-007,-012
-007,-012
-007,-012
-007,-012
-007,-012
-007,-012
-007,-012
-007,-012
-007,-012
-006,-012
-006,-012
-006,-012
-006,-012
-006,-012
-006,-012
-006,-012
-006,-012
-006,-012
-006,-012
-006,-012
-006,-012
-006,-012
-006,-013
-006,-013
-006,-013
-006,-013
-006,-013
-006,-013
-006,-013
-006,-013
-006,-013
-006,-013
-006,-013
-006,-013
-006,-013
-006,-013
-006,-013
-006,-013
-006,-013
-006,-013
-006,-013
-006,-013
-006,-014
-006,-014
-006,-014
-006,-014
-006,-014
-006,-014
-006,-014
-006,-014
-006,-014
-006,-015
-006,-015
-006,-015
+009,-015
+009,-015
-008,-015
-008,-015
-008,-015
-008,-015
-008,-015
-008,-015
-008,-015
-008,-015
-008,-015
-008,-015
-008,-015
-008,-015
-008,-015
-008,-015
-008,-015
-008,-015
-008,-015
-008,-015
-008,-015
-008,-015
-008,-015
-008,-015
-008,-015
-008,-015
-008,-015
-008,-015
-008,-015
-008,-015
-008,-015
-008,-015
-008,-015
-008,-015
-008,-015
-008,-015
-008,-015
-008,-015
-008,-015
-008,-015
-008,-015
-008,-015
-008,-015
-008,-015
-008,-015
-008,-015
-008,-015
-008,-015
-008,-015
-008,-015
-008,-015
-008,-015
-008,-015
-008,-015
-008,-015
-008,-015
-008,-015
-008,-015
-008,-015
-007,-015
-007,-015
-007,-015
-007,-015
-007,-015
-007,-015
-007,-015
-007,-015
-007,-015
-006,-015
-006,-015
-006,-015
-006,-015
-006,-015
-006,-015
-006,-015
-006,-015
-006,-015
-006,-015
-005,-015
-005,-015
-005,-015
-005,-015
-005,-015
-005,-015
-005,-015
-005,-015
-005,-012
-005,-013
-005,-013
-005,-013
-005,-013
-005,-013
-005,-013
-005,-013
-005,-013
-005,-013
-005,-013
-005,-013
-005,-013
-005,-013
-005,-013
-005,-013
-005,-013
-005,-013
-005,-013
-005,-013
-005,-013
-005,-013
-005,-013
-005,-013
-005,-013
-005,-013
-005,-013
-005,-013
-005,-013
-005,-013
-005,-013
-005,-013
-005,-013
-005,-013
-005,-013
-005,-013
-005,-013
-005,-014
-005,-014
-005,-014
-005,-014
-005,-014
-005,-014
-005,-014
-005,-014
-005,-014
-005,-014
-005,-014
-005,-014
-005,-014
-005,-015
-008,-015
-007,-015
-007,-015
-007,-015
-007,-015
-007,-015
-007,-015
-007,-015
-007,-015
-007,-016
-007,-016
-007,-016
-007,-016
-007,-016
-007,-016
-007,-016
-007,-016
-007,-016
-007,-016
-007,-016
-007,-016
-007,-016
-007,-016
-007,-016
-007,-016
-007,-016
-007,-016
-007,-016
-007,-016
-007,-016
-007,-016
-007,-016
-007,-016
-007,-016
-007,-016
-007,-016
-007,-016
-007,-016
-007,-016
-007,-016
-007,-016
-007,-016
-007,-016
-007,-016
-007,-016
-007,-016
-007,-016
-007,-016
-007,-016
-007,-016
-007,-016
-007,-016
-007,-016
-007,-016
-007,-016
-007,-016
-007,-016
-007,-016
-007,-016
-007,-016
-007,-016
-007,-016
-007,-016
-007,-013
-007,-014
-007,-014
-007,-014
-007,-014
-007,-014
-007,-014
-007,-014
-007,-014
-007,-014
-007,-014
-007,-014
-007,-014
-007,-014
-007,-014
-007,-014
-007,-014
-007,-014
-007,-014
-007,-014
-007,-014
-007,-014
-007,-014
-007,-015
-007,-015
-007,-015
-007,-015
-007,-015
-007,-015
-007,-015
-007,-015
-007,-015
-007,-015
-007,-015
-007,-015
-007,-015
-007,-015
-007,-015
-007,-015
-007,-015
-007,-016
-007,-016
-007,-016
-007,-016
+009,-016
+009,-016
+009,-016
+009,-016
+009,-016
+009,-016
+009,-016
+009,-016
+009,-016
+009,-016
+009,-016
+009,-016
+009,-016
+009,-016
+009,-016
+009,-016
+009,-016
+009,-016
+009,-016
+009,-016
+009,-016
+009,-016
+009,-016
+009,-016
+009,-016
+009,-016
+009,-016
+009,-016
+009,-016
+009,-016
+009,-016
+009,-016
+009,-016
+009,-016
+009,-016
+009,-016
+009,-016
+009,-016
+009,-016
+009,-016
+009,-016
+009,-016
+009,-016
+009,-016
+009,-016
+009,-016
+009,-016
+009,-016
+009,-016
+009,-016
+009,-016
+009,-016
+009,-016
+009,-016
+009,-016
+009,-016
+009,-016
+009,-016
+009,-013
+009,-014
+009,-014
+009,-014
+009,-014
+009,-014
+009,-014
+009,-014
+009,-014
+009,-014
+009,-014
+009,-014
+009,-014
+009,-014
+009,-014
+009,-014
+009,-014
+009,-014
+009,-014
+009,-014
+009,-014
+009,-014
+009,-014
+009,-014
+009,-014
+009,-014
+009,-014
+009,-014
+009,-015
+009,-015
+009,-015
+009,-015
+009,-015
+009,-015
+009,-015
+009,-015
+009,-015
+009,-015
+009,-015
+009,-015
+009,-015
+009,-015
+009,-015
+009,-015
+009,-015
+009,-015
+009,-015
+009,-015
+009,-015
+009,-015
+009,-015
+009,-015
+009,-015
+009,-015
+009,-015
+009,-015
+009,-015
+009,-015
+009,-015
+009,-015
+009,-015
+009,-015
+011,-015
+011,-015
+011,-015
+011,-015
+011,-015
+011,-015
+011,-015
+011,-015
+011,-015
+011,-015
+011,-015
+011,-012
+011,-012
+011,-012
+011,-012
+011,-012
+011,-012
+011,-012
+011,-012
+011,-012
+011,-012
+011,-012
+011,-012
+011,-012
+011,-012
+011,-012
+011,-012
+011,-012
+011,-009
+011,-010
+011,-010
+011,-010
+011,-010
+013,-010
+013,-010
+013,-010
+013,-010
+013,-010
+013,-010
+013,-010
+013,-010
+013,-010
+013,-010
+013,-010
+013,-010
+013,-010
+013,-010
+013,-010
+013,-010
+013,-010
+013,-010
+013,-010
+013,-010
+013,-010
+013,-010
+013,-010
+015,-010
+015,-010
+015,-010
+015,-010
+015,-010
+015,-010
+015,-010
+015,-010
+015,-010
+015,-010
+015,-010
+015,-010
+015,-010
+017,-010
+017,-010
+017,-010
+017,-010
+017,-010
+017,-010
+017,-010
+017,-010
+017,-010
+017,-010
+017,-010
+017,-010
+017,-011
+017,-011
+017,-011
+017,-011
+017,-011
+017,-011
+017,-011
+017,-011
+017,-011
+017,-011
+017,-011
+017,-011
+017,-011
+017,-011
+017,-011
+017,-011
+017,-012
+017,-012
+017,-012
+017,-012
+017,-012
+017,-012
+017,-012
+017,-012
+017,-012
+017,-012
+017,-012
+017,-012
+017,-012
+017,-012
+017,-012
+015,-013
+015,-013
+015,-013
+015,-013
+015,-013
+015,-013
+015,-013
+015,-013
+015,-014
+013,-014
+013,-014
+013,-014
+013,-014
+013,-014
+013,-014
+013,-014
+013,-014
+013,-014
+013,-015
+013,-015
+013,-015
+013,-015
+013,-015
+013,-015
+013,-015
+013,-015
+013,-015
+013,-015
+013,-015
+013,-015
+013,-015
+013,-015
+013,-015
+013,-016
+013,-016
+013,-016
+013,-016
+013,-016
+013,-016
+013,-016
+013,-016
+013,-016
+013,-016
+013,-016
+013,-016
+013,-016
+013,-016
+013,-016
+013,-016
+013,-016
+013,-016
+013,-016
+013,-016
+013,-016
+013,-016
+013,-016
+013,-016
+013,-016
+013,-016
+013,-016
+013,-016
+013,-016
+013,-016
+013,-016
+013,-016
+011,-016
+011,-016
+011,-016
+011,-016
+011,-016
+011,-016
+011,-016
+011,-016
+011,-016
+011,-016
+011,-016
+011,-016
+011,-016
+011,-016
+011,-016
+011,-016
+011,-016
+011,-016
+011,-016
+011,-016
+011,-016
+011,-017
+011,-017
+011,-017
+011,-017
+011,-017
+011,-017
+011,-017
+011,-017
+011,-017
+011,-017
+011,-017
+011,-017
+011,-017
+011,-017
+011,-017
+011,-017
+011,-017
+011,-017
+011,-017
+011,-017
+011,-017
+011,-017
+011,-017
+011,-017
+011,-017
+011,-018
+011,-018
+011,-018
+011,-018
+011,-018
+011,-018
+011,-018
+011,-018
+011,-018
+011,-018
+011,-018
+011,-018
+011,-018
+011,-018
+011,-018
+011,-018
+011,-018
+011,-018
+011,-018
+011,-018
+011,-018
+013,-018
+013,-018
+013,-018
+013,-018
+013,-018
+013,-018
+013,-018
+013,-018
+013,-018
+013,-018
+013,-018
+013,-018
+013,-018
+013,-018
+013,-018
+013,-018
+013,-018
+013,-018
+013,-018
+013,-018
+013,-018
+013,-018
+013,-018
+013,-018
+013,-018
+013,-018
+013,-018
+013,-018
+013,-018
+013,-018
+013,-018
+013,-018
+013,-018
+013,-018
+013,-018
+013,-018
+013,-018
+013,-018
+013,-018
+013,-018
+013,-018
+013,-018
+013,-018
+013,-018
+013,-018
+013,-018
+013,-018
+013,-018
+013,-018
+013,-018
+013,-018
+013,-018
+013,-018
+013,-018
+013,-018
+013,-018
+013,-018
+013,-018
+013,-018
+013,-018
+013,-018
+013,-018
+013,-018
+013,-018
+013,-018
+013,-018
+011,-018
+011,-018
+011,-015
+011,-016
+011,-016
+011,-016
+011,-016
+011,-016
+011,-016
+011,-016
+011,-016
+011,-016
+011,-016
+011,-016
+011,-016
+009,-016
+009,-016
+009,-016
+009,-016
+009,-016
+009,-016
+009,-013
+009,-013
+009,-013
+009,-013
+009,-013
+009,-013
+009,-013
+009,-013
+009,-013
+009,-013
+009,-013
-008,-013
-008,-013
-008,-013
-008,-013
-008,-013
-008,-013
-007,-013
-007,-013
-007,-013
-007,-013
-007,-013
-007,-013
-007,-013
-007,-013
-007,-013
-007,-013
-007,-013
-006,-013
-006,-013
-006,-013
-006,-013
-006,-013
-006,-013
-006,-013
-006,-013
-006,-013
-005,-013
-005,-013
-005,-013
-005,-013
-005,-013
-005,-013
-005,-013
-005,-013
-005,-013
-005,-013
-004,-013
-004,-013
-004,-013
-004,-013
-004,-013
-004,-013
-004,-013
-004,-013
-004,-013
-004,-013
-004,-013
-004,-013
-004,-013
-004,-013
-004,-013
-004,-013
-004,-013
-004,-013
-004,-013
-004,-013
-004,-013
-004,-013
-004,-013
-004,-013
-004,-013
-004,-013
-004,-013
-004,-013
-004,-013
-004,-013
-004,-013
-004,-013
-004,-013
-004,-013
-004,-013
-004,-013
-004,-013
-004,-013
-004,-013
-004,-013
-004,-013
-004,-013
-004,-013
-007,-013
-007,-013
-007,-013
-007,-013
-007,-013
-007,-013
-007,-013
-007,-013
-007,-013
-007,-013
+009,-013
+009,-013
+009,-013
+009,-013
+009,-013
+009,-013
+009,-013
+009,-013
+011,-013
+011,-013
+011,-013
+011,-013
+011,-013
+011,-013
+011,-013
+011,-013
+011,-013
+011,-013
+011,-013
+013,-013
+013,-013
+013,-013
+013,-013
+013,-013
+013,-013
+013,-013
+013,-013
+013,-013
+013,-013
+013,-013
+013,-013
+013,-013
+013,-013
+013,-013
+013,-013
+013,-013
+013,-013
+013,-013
+013,-013
+013,-013
+013,-013
+013,-013
+013,-013
+013,-013
+013,-013
+011,-013
+011,-013
+011,-013
+011,-013
+011,-013
+011,-013
+011,-013
+011,-013
+011,-013
+009,-013
+009,-013
+009,-013
+009,-013
+009,-013
+009,-013
+009,-013
+009,-013
+009,-013
+009,-013
-008,-013
-008,-013
-008,-013
-008,-013
-008,-013
-008,-013
-008,-013
-007,-013
-007,-013
-007,-013
-007,-013
-007,-013
-007,-013
-007,-013
-007,-013
-007,-013
-007,-013
-007,-013
-007,-013
-007,-013
-007,-013
-007,-013
-007,-013
-007,-013
-007,-013
-007,-013
-007,-013
-007,-013
-007,-013
-007,-013
-007,-013
-007,-010
-007,-010
-007,-011
-007,-011
-007,-011
-007,-011
-007,-011
-007,-011
-007,-011
-007,-011
-007,-011
-007,-011
-007,-011
-007,-011
-007,-011
-007,-011
-007,-011
-007,-011
-007,-011
-007,-011
-007,-011
-007,-011
-007,-011
-007,-011
-007,-011
-007,-011
-007,-011
-007,-011
-007,-011
-006,-011
-006,-011
-006,-011
-006,-011
-006,-011
-006,-011
-006,-011
-006,-011
-006,-011
-006,-011
-006,-011
-006,-011
-006,-011
-006,-011
-006,-011
-005,-011
-005,-011
-005,-011
-005,-011
-005,-011
-005,-011
-005,-011
-005,-011
-005,-011
-005,-011
-005,-011
-005,-011
-004,-011
-004,-011
-004,-011
-004,-011
-004,-011
-004,-011
-004,-011
-004,-011
-004,-011
-004,-011
-004,-011
-004,-011
-004,-011
-004,-011
-004,-011
-004,-011
-004,-011
-004,-011
-004,-011
-004,-011
-004,-011
-004,-011
-004,-011
-004,-011
-004,-011
-004,-011
-004,-011
-004,-011
-004,-011
-004,-011
-004,-011
-004,-011
-004,-011
-004,-011
-004,-011
-004,-011
-004,-011
-004,-011
-004,-011
-004,-011
-004,-011
-004,-011
-004,-011
-004,-011
-004,-011
-004,-011
-004,-011
-004,-011
-004,-011
-004,-011
-004,-011
-004,-011
-004,-011
-004,-011
-004,-011
-004,-011
-004,-011
-004,-011
-004,-011
-004,-011
-004,-011
-004,-011
-004,-011
-004,-011
-004,-011
-004,-011
-004,-011
-004,-011
-004,-011
-004,-011
-004,-011
-004,-011
-004,-011
-004,-011
-004,-011
-004,-011
-004,-011
-004,-011
-004,-011
-004,-011
-004,-011
-004,-011
-004,-011
-004,-011
-004,-011
-004,-011
-004,-011
-004,-011
-004,-011
-004,-011
-004,-011
-004,-011
-004,-011
-004,-011
-004,-011
-004,-011
-004,-011
-004,-011
-004,-011
-004,-011
-004,-011
-004,-011
-004,-011
-004,-011
-004,-011
-004,-011
-004,-011
-004,-011
-004,-011
-004,-011
-004,-011
-004,-011
-004,-011
-004,-011
-004,-011
-004,-011
-004,-011
-004,-011
-004,-011
-004,-011
-004,-011
-004,-011
-004,-011
-004,-011
-004,-011
-004,-011
-004,-011
-004,-011
-004,-011
-004,-011
-004,-011
-004,-011
-004,-011
-004,-011
-004,-011
-004,-011
-004,-011
-004,-011
-004,-011
-004,-011
-004,-011
-004,-011
-004,-011
-004,-011
-004,-011
-004,-011
-004,-011
-004,-011
-004,-011
-004,-011
-004,-011
-004,-011
-004,-011
-004,-011
-004,-011
-004,-011
-004,-011
-004,-011
-004,-011
-004,-011
-004,-011
-004,-011
-004,-011
-004,-011
-004,-011
-004,-011
-004,-011
-004,-011
-004,-011
-004,-011
-004,-011
-004,-011
-004,-011
-004,-011
-004,-011
-004,-011
-004,-011
-004,-011
-004,-011
-004,-011
-004,-011
-004,-011
-004,-011
-004,-011
-004,-011
-004,-011
-004,-011
-004,-011
-004,-011
-004,-011
-004,-011
-007,-011
-006,-011
-006,-011
-006,-011
-006,-011
-006,-011
-006,-011
-006,-011
-006,-011
-006,-011
-006,-011
-006,-011
-006,-011
-006,-011
-006,-011
-006,-011
-006,-011
-006,-011
-006,-011
-006,-011
-006,-012
-006,-012
-006,-012
-006,-012
-006,-012
-006,-012
-006,-012
-006,-012
-006,-012
-006,-012
-006,-012
+009,-012
+009,-012
+009,-012
+009,-012
+009,-012
+009,-012
+009,-013
+009,-013
+009,-013
+009,-013
+009,-013
+009,-013
+009,-013
+009,-013
+009,-013
+009,-013
+009,-013
+009,-013
+009,-013
+009,-013
+009,-013
+009,-013
+009,-013
+009,-013
+009,-013
+009,-013
+009,-013
+009,-013
+009,-013
-008,-013
-008,-013
-008,-013
-008,-013
-008,-013
-008,-013
-008,-013
-008,-013
-008,-013
-007,-013
-007,-013
-007,-013
-007,-013
-007,-013
-007,-013
-007,-013
-007,-013
-007,-013
-007,-013
-007,-013
-007,-010
-007,-011
-007,-011
-007,-011
-007,-011
-007,-011
-007,-011
-007,-011
-006,-011
-006,-011
-006,-011
-006,-011
-006,-011
-006,-011
-006,-011
-006,-011
-006,-011
-006,-011
-006,-011
-006,-011
-006,-011
-006,-011
-006,-011
-006,-011
-006,-011
-006,-011
-006,-011
-006,-011
-006,-011
-006,-011
-006,-011
-006,-011
-005,-011
-005,-011
-005,-011
-005,-011
-005,-011
-005,-011
-005,-012
-005,-012
-005,-012
-005,-012
-005,-012
-005,-012
-005,-012
-005,-012
-005,-012
-005,-012
-005,-012
-005,-012
-005,-012
-005,-012
-005,-012
-005,-012
-005,-012
-005,-012
-005,-012
-005,-012
-005,-012
-005,-012
-005,-012
-005,-012
-005,-012
-005,-012
-005,-012
-005,-012
-005,-012
-005,-012
-005,-012
-005,-012
-005,-012
-005,-012
-005,-012
-005,-012
-005,-012
-005,-012
-005,-012
-005,-012
-005,-012
-005,-012
-005,-012
-005,-012
-005,-012
-005,-012
-005,-012
-005,-012
-005,-012
-008,-012
-008,-012
-008,-012
-008,-012
-008,-012
-008,-012
-008,-012
-008,-012
-008,-012
-008,-012
-008,-012
-008,-012
-008,-012
-008,-012
-008,-012
-008,-012
-008,-012
-008,-012
-008,-012
-008,-012
-008,-012
-008,-012
-008,-012
-008,-012
-008,-012
+010,-012
+010,-012
+010,-012
+010,-012
+010,-012
+010,-012
+010,-012
+010,-012
+010,-012
+010,-012
+010,-012
+010,-012
+010,-012
+010,-012
+010,-012
+010,-012
+010,-012
+010,-012
+010,-012
+010,-012
+010,-012
+010,-012
+010,-012
+010,-012
+010,-012
+010,-012
+010,-012
+010,-012
+010,-012
+010,-012
+010,-012
+010,-012
+010,-012
+010,-012
+010,-012
+010,-012
+010,-012
+010,-012
+010,-012
+010,-012
+010,-012
+010,-012
+010,-012
+010,-012
+010,-012
+010,-012
+010,-012
+010,-012
+010,-012
+010,-012
+010,-012
+010,-012
+010,-012
+010,-012
+010,-012
+010,-012
+010,-012
+010,-012
+010,-012
+010,-012
+010,-012
+010,-012
+010,-012
+010,-012
+010,-012
+010,-012
+010,-012
+010,-012
+010,-012
+010,-012
+010,-012
+010,-012
+010,-012
+010,-012
+010,-012
+010,-012
+010,-012
+010,-012
+010,-012
+010,-012
+010,-012
+010,-012
+010,-012
+010,-012
+010,-012
+012,-012
+012,-012
+012,-012
+012,-012
+012,-012
+012,-012
+012,-013
+012,-013
+012,-013
+012,-013
+012,-013
+012,-013
+012,-013
+012,-013
+012,-013
+012,-013
+012,-013
+012,-013
+012,-013
+012,-013
+012,-013
+012,-013
+012,-013
+012,-013
+012,-013
+012,-013
+012,-013
+012,-013
+012,-013
+012,-013
+012,-013
+012,-013
+012,-013
+012,-013
+012,-013
+012,-013
+012,-013
+012,-013
+012,-013
+012,-013
+012,-013
+012,-013
+012,-013
+012,-013
+012,-013
+012,-013
+012,-013
+012,-013
+012,-013
+012,-013
+012,-013
+012,-013
+012,-013
+012,-013
+012,-013
+012,-013
+012,-013
+012,-013
+012,-010
+012,-010
+012,-011
+012,-011
+012,-011
+012,-011
+012,-011
+012,-011
+012,-011
+012,-011
+012,-011
+012,-011
+012,-011
+012,-011
+010,-011
+010,-011
+010,-011
+010,-011
+010,-011
+010,-011
+010,-011
+010,-011
+010,-011
+010,-011
+010,-011
+010,-011
+010,-011
+010,-011
+010,-011
+010,-011
+010,-011
+010,-011
+010,-011
+010,-011
+010,-011
+010,-011
+010,-011
+010,-011
+010,-011
+010,-011
COP Area(S): 000361
COP Area(R): 000699