+000,+000
+000,+001
+000,+001
+000,+001
+000,+001
+000,+001
+000,+001
+000,+003
+000,+003
+000,+003
+000,+003
+000,+003
+000,+003
+000,+003
+000,+003
+000,+003
+000,+005
+000,+005
+000,+005
+000,+005
+000,+005
+000,+005
+000,+007
+002,+007
+002,+007
+002,+007
+002,+007
+002,+007
+002,+007
+002,+007
+002,+007
+002,+007
+002,+007
+002,+007
+002,+007
+002,+007
+002,+007
+002,+007
+002,+007
+002,+007
+002,+007
+002,+007
+002,+007
+002,+007
+002,+007
+002,+007
+002,+007
+002,+007
+002,+007
+000,+007
+000,+007
+000,+007
+000,+007
+000,+009
+000,+009
+000,+009
+000,+009
+000,+009
+000,+009
+000,+009
+000,+009
+002,+009
+002,+009
+002,+009
+002,+011
+002,+011
+002,+011
+002,+011
+002,+011
+002,+011
+002,+011
+002,+011
+004,+011
+004,+011
+004,+011
+004,+011
+004,+011
+004,+011
+004,+011
+004,+011
+004,+011
+004,+011
+004,+011
+004,+011
+004,+011
+004,+011
+004,+011
+004,+011
+004,+011
+002,+011
+002,+011
+002,+011
+002,+011
+002,+011
+002,+011
+002,+011
+002,+011
+000,+011
+000,+011
+000,+011
+000,+011
+000,+011
+000,+011
+000,+011
+000,+011
+000,+011
+000,+011
+000,+011
+000,+011
+000,+011
+000,+011
+000,+011
+000,+011
+002,+011
+002,+011
+002,+011
+002,+011
+002,+011
+002,+011
+002,+011
+002,+011
+002,+011
+002,+011
+002,+011
+002,+011
+002,+011
+002,+011
+002,+011
+002,+011
+002,+011
+002,+011
+002,+011
+002,+011
+002,+011
+004,+011
+004,+011
+004,+011
+004,+011
+004,+011
+004,+011
+004,+011
+004,+011
+004,+011
+004,+011
+004,+011
+004,+011
+004,+011
+004,+011
+004,+011
+004,+011
+004,+011
+004,+011
+004,+011
+004,+011
+004,+011
+004,+011
+004,+011
+004,+011
+004,+011
+004,+011
+004,+011
+004,+011
+004,+011
+004,+013
+004,+013
+004,+013
+004,+013
+004,+013
+004,+013
+004,+013
+004,+013
+004,+013
+004,+013
+004,+013
+004,+013
+002,+013
+002,+013
+002,+013
+002,+013
+002,+013
+002,+013
+002,+013
+002,+013
+002,+013
+002,+013
+002,+013
+002,+013
+002,+013
+002,+013
+002,+013
+002,+013
+002,+013
+002,+013
+002,+013
+002,+013
+002,+013
+002,+013
+002,+013
+002,+013
+002,+013
+002,+013
+002,+013
+004,+013
+004,+013
+004,+013
+004,+013
+004,+013
+004,+013
+004,+013
+004,+013
+004,+013
+004,+013
+004,+011
+004,+011
+004,+011
+004,+011
+004,+011
+004,+011
+004,+011
+004,+011
+004,+011
+004,+011
+004,+011
+004,+011
+004,+011
+004,+011
+004,+011
+004,+011
+004,+011
+004,+011
+004,+011
+004,+011
+006,+011
+006,+011
+006,+011
+006,+011
+006,+011
+006,+011
+006,+011
+006,+011
+006,+011
+006,+011
+006,+011
+006,+011
+006,+011
+006,+011
+006,+011
+006,+011
+006,+009
+006,+009
+006,+009
+006,+009
+006,+009
+006,+009
+008,+009
+008,+009
+008,+009
+008,+009
+008,+009
+008,+009
+008,+009
+008,+009
+008,+009
+008,+009
+008,+009
+008,+009
+008,+009
+008,+009
+008,+009
+008,+009
+008,+009
+008,+009
+008,+009
+008,+009
+008,+009
+008,+007
+008,+007
+008,+007
+008,+007
+008,+007
+010,+007
+010,+007
+010,+007
+010,+007
+010,+007
+010,+007
+010,+007
+010,+007
+010,+007
+010,+007
+012,+007
+012,+007
+012,+007
+012,+007
+012,+007
+012,+007
+012,+007
+012,+007
+012,+007
+014,+007
+014,+007
+014,+007
+014,+007
+014,+007
+014,+007
+014,+005
+014,+005
+016,+005
+016,+005
+016,+005
+016,+005
+016,+005
+016,+005
+016,+005
+016,+005
+016,+005
+016,+005
+016,+005
+016,+005
+016,+005
+016,+005
+014,+005
+014,+005
+014,+005
+014,+005
+014,+005
+014,+005
+014,+005
+014,+005
+014,+003
+014,+003
+012,+003
+012,+003
+012,+003
+012,+003
+012,+003
+012,+003
+012,+003
+012,+001
+012,+001
+012,+001
+012,+001
+012,+001
+012,+001
+012,+001
+012,+001
+012,+001
+012,+001
+012,+001
+012,+001
+012,+001
+012,+001
+012,+001
+012,+001
+012,+001
+012,+001
+012,+001
+012,+001
+012,+001
+012,+001
+012,+001
+012,+001
+012,+001
+012,+001
+012,+001
+012,+001
+012,+001
+012,+001
+012,+001
+012,+001
+012,+001
+012,+001
+012,+001
+012,+001
+012,+001
+012,+003
+014,+003
+014,+003
+014,+003
+014,+003
+014,+003
+014,+003
+014,+003
+014,+003
+016,+003
+016,+003
+016,+003
+018,+005
+018,+005
+018,+005
+020,+005
+020,+005
+020,+005
+020,+005
+020,+005
+022,+005
+022,+005
+022,+005
+022,+005
+022,+005
+022,+005
+022,+005
+024,+005
+024,+005
+024,+005
+024,+005
+024,+005
+024,+005
+024,+005
+026,+005
+026,+005
+026,+005
+026,+005
+026,+005
+026,+005
+026,+005
+026,+005
+026,+005
+026,+005
+028,+005
+028,+005
+028,+005
+028,+005
+028,+005
+028,+005
+028,+005
+028,+005
+028,+005
+028,+005
+028,+005
+028,+005
+028,+005
+028,+005
+028,+005
+028,+005
+028,+005
+028,+005
+028,+005
+028,+005
+028,+005
+028,+005
+028,+005
+028,+005
+028,+005
+028,+005
+028,+005
+028,+005
+028,+005
+028,+005
+028,+005
+028,+005
+028,+005
+028,+005
+028,+005
+028,+005
+028,+005
+028,+005
+028,+005
+028,+005
+028,+005
+028,+005
+028,+005
+028,+005
+028,+005
+026,+005
+026,+005
+026,+005
+026,+005
+026,+005
+026,+005
+026,+005
+026,+005
+026,+005
+026,+005
+026,+005
+024,+005
+024,+005
+024,+005
+024,+005
+024,+005
+024,+005
+024,+005
+024,+005
+024,+005
+024,+005
+024,+005
+024,+005
+024,+005
+024,+005
+024,+005
+026,+005
+026,+005
+026,+005
+026,+005
+026,+005
+026,+005
+026,+005
+026,+005
+026,+005
+026,+005
+026,+005
+028,+005
+028,+005
+028,+005
+028,+005
+028,+005
+028,+005
+028,+005
+028,+005
+028,+005
+028,+005
+028,+005
+028,+005
+030,+005
+030,+007
+030,+007
+030,+007
+030,+007
+030,+007
+030,+007
+030,+007
+030,+007
+030,+007
+030,+007
+030,+007
+030,+007
+030,+007
+030,+007
+030,+007
+032,+007
+032,+007
+032,+007
+032,+007
+032,+007
+032,+007
+032,+007
+032,+007
+032,+007
+032,+007
+032,+007
+032,+007
+032,+007
+032,+007
+032,+007
+032,+007
+032,+007
+032,+007
+032,+007
+032,+007
+032,+007
+032,+007
+032,+007
+032,+007
+032,+007
+032,+007
+032,+007
+032,+007
+032,+007
+032,+007
+032,+007
+032,+007
+032,+007
+032,+007
+032,+007
+032,+007
+032,+007
+032,+007
+032,+007
+032,+007
+032,+007
+032,+007
+032,+007
+032,+007
+032,+007
+032,+007
+032,+007
+032,+007
+032,+007
+032,+007
+032,+007
+032,+007
+032,+007
+032,+007
+032,+007
+032,+007
+032,+007
+032,+007
+032,+007
+032,+007
+032,+007
+032,+007
+032,+007
+032,+007
+032,+007
+032,+007
+030,+007
+030,+007
+030,+007
+030,+007
+030,+007
+030,+007
+030,+007
+030,+007
+030,+007
+030,+007
+030,+007
+030,+007
+030,+007
+030,+007
+030,+007
+030,+007
+030,+007
+030,+007
+030,+007
+030,+007
+030,+007
+030,+007
+030,+007
+030,+007
+030,+007
+030,+007
+030,+007
+030,+007
+030,+007
+030,+007
+030,+007
+030,+007
+030,+007
+030,+007
+030,+007
+030,+007
+030,+007
+030,+007
+030,+007
+028,+007
+028,+007
+028,+007
+028,+007
+028,+007
+028,+007
+028,+007
+028,+007
+028,+007
+028,+007
+028,+007
+028,+007
+028,+007
+026,+009
+026,+009
+026,+009
+026,+009
+026,+009
+026,+009
+026,+009
+026,+009
+026,+009
+026,+009
+026,+009
+026,+009
+026,+009
+026,+009
+026,+009
+024,+009
+024,+009
+024,+009
+024,+009
+024,+009
+024,+009
+024,+009
+024,+009
+024,+009
+024,+009
+024,+009
+024,+009
+024,+009
+024,+009
+024,+009
+024,+009
+024,+011
+024,+011
+024,+011
+024,+011
+024,+011
+024,+011
+022,+011
+022,+011
+022,+011
+022,+011
+022,+011
+022,+011
+022,+011
+022,+011
+022,+011
+022,+011
+022,+011
+022,+011
+022,+011
+022,+011
+022,+011
+022,+011
+022,+011
+022,+011
+022,+011
+022,+013
+022,+013
+022,+013
+022,+013
+022,+013
+022,+013
+022,+013
+022,+013
+022,+013
+022,+013
+022,+015
+022,+015
+022,+015
+022,+015
+020,+015
+020,+015
+020,+015
+020,+017
+020,+017
+020,+017
+020,+017
+020,+017
+020,+017
+020,+017
+020,+019
+018,+019
+018,+019
+018,+019
+018,+019
+018,+019
+018,+019
+018,+019
+018,+019
+018,+019
+018,+019
+018,+019
+018,+019
+018,+021
+018,+021
+018,+021
+018,+021
+016,+021
+016,+021
+016,+021
+016,+021
+016,+021
+016,+021
+016,+021
+016,+021
+016,+021
+016,+021
+016,+021
+016,+021
+016,+021
+016,+021
+016,+021
+016,+021
+016,+021
+016,+021
+016,+021
+016,+021
+016,+021
+016,+021
+016,+021
+016,+021
+016,+021
+018,+021
+018,+019
+018,+019
+018,+019
+018,+019
+018,+019
+018,+019
+018,+019
+018,+019
+018,+019
+020,+019
+020,+019
+020,+019
+020,+019
+020,+019
+020,+019
+020,+019
+020,+019
+020,+019
+020,+019
+020,+019
+020,+019
+020,+019
+020,+017
+020,+017
+020,+017
+020,+017
+020,+017
+020,+017
+020,+017
+020,+017
+020,+017
+020,+017
+020,+017
+020,+017
+020,+017
+020,+015
+020,+015
+020,+015
+020,+015
+020,+015
+020,+015
+020,+015
+020,+015
+020,+015
+020,+015
+020,+013
+020,+013
+020,+013
+020,+013
+020,+013
+020,+013
+020,+013
+020,+013
+020,+013
+020,+013
+022,+013
+022,+013
+022,+013
+022,+013
+022,+013
+022,+013
+022,+013
+022,+013
+022,+013
+022,+013
+022,+013
+022,+013
+022,+013
+022,+013
+024,+013
+024,+013
+024,+013
+024,+013
+024,+013
+024,+013
+024,+013
+024,+013
+024,+013
+024,+013
+024,+013
+024,+011
+024,+011
+024,+011
+024,+011
+024,+011
+024,+011
+024,+011
+024,+011
+024,+011
+024,+011
+024,+011
+024,+011
+024,+011
+024,+011
+024,+011
+024,+011
+024,+011
+022,+011
+022,+011
+022,+011
+022,+011
+022,+011
+022,+011
+022,+011
+022,+011
+022,+011
+022,+011
+022,+011
+022,+011
+022,+011
+022,+011
+022,+011
+022,+011
+022,+011
+020,+011
+020,+011
+020,+009
+020,+009
+020,+009
+020,+009
+020,+009
+020,+009
+020,+009
+020,+009
+020,+009
+020,+009
+020,+009
+020,+009
+020,+009
+020,+009
+020,+009
+020,+009
+020,+009
+020,+009
+020,+009
+020,+009
+020,+009
+020,+009
+020,+009
+020,+009
+020,+009
+020,+009
+020,+009
+020,+009
+020,+009
+020,+009
+020,+009
+020,+009
+020,+009
+020,+009
+020,+009
+020,+009
+020,+009
+022,+009
+022,+011
+022,+011
+022,+011
+022,+011
+022,+011
+022,+011
+022,+011
+022,+011
+022,+011
+022,+011
+022,+011
+022,+011
+022,+011
+022,+011
+022,+009
+022,+009
+022,+009
+022,+009
+022,+009
+022,+009
+022,+009
+022,+009
+022,+009
+022,+009
+022,+009
+022,+009
+022,+009
+020,+009
+020,+007
+020,+007
+020,+007
+020,+007
+020,+007
+020,+007
+020,+007
+020,+005
+020,+005
+020,+005
+020,+005
+020,+005
+020,+003
+020,+003
+020,+003
+020,+003
+020,+003
+020,+003
+020,+003
+020,+001
+020,+001
+018,+001
+018,+001
+018,+001
+018,+001
+018,+001
+018,+001
+018,+001
+018,+001
+018,+001
+018,+001
+018,+001
+018,+001
+018,+001
+018,+001
+018,+001
+018,+001
+018,+001
+018,+001
+018,+001
+018,+001
+018,+001
+018,+001
+018,+001
+018,+001
+018,+001
+018,+001
+018,+001
+018,+001
+018,+001
+018,+001
+018,+001
+018,+001
+018,+001
+018,+001
+018,+001
+018,+001
+018,+001
+018,+001
+018,+001
+018,+001
+020,+001
+020,+001
+020,+001
+020,+001
+020,+001
+020,+001
+020,+001
+020,+001
+022,+001
+022,+001
+022,+001
+022,+001
+022,+001
+022,+001
+022,+001
+022,+001
+022,+001
+022,+003
+022,+003
+022,+003
+022,+003
+022,+003
+022,+003
+022,+003
+022,+003
+022,+003
+022,+003
+022,+003
+022,+003
+022,+003
+022,+003
+022,+003
+022,+003
+022,+003
+022,+003
+022,+003
+022,+003
+022,+003
+022,+003
+022,+003
+022,+003
+022,+003
+022,+003
+022,+003
+022,+003
+022,+003
+022,+003
+022,+003
+022,+003
+022,+003
+022,+003
+022,+003
+022,+003
+022,+003
+022,+003
+022,+003
+022,+003
+022,+003
+022,+003
+022,+003
+022,+003
+022,+003
+022,+003
+022,+003
+022,+003
+022,+003
+022,+003
+022,+003
+022,+003
+022,+005
+022,+005
+022,+005
+022,+005
+022,+005
+022,+005
+022,+005
+022,+005
+022,+005
+022,+005
+022,+005
+022,+005
+022,+005
+022,+005
+022,+005
+022,+005
+022,+005
+024,+005
+024,+005
+024,+005
+024,+005
+024,+005
+024,+005
+024,+005
+024,+005
+024,+005
+024,+005
+024,+005
+024,+005
+024,+005
+024,+005
+024,+005
+024,+005
+024,+005
+024,+005
+024,+005
+024,+005
+024,+005
+024,+005
+024,+005
+024,+005
+024,+005
+024,+005
+024,+005
+024,+005
+024,+005
+024,+005
+024,+005
+024,+005
+024,+005
+024,+005
+024,+005
+024,+005
+024,+005
+024,+005
+024,+005
+024,+005
+024,+005
+024,+005
+022,+005
+022,+005
+022,+005
+022,+005
+022,+005
+022,+005
+022,+005
+022,+005
+022,+005
+022,+007
+022,+007
+022,+007
+022,+007
+022,+007
+022,+007
+022,+007
+022,+007
+022,+007
+022,+007
+022,+007
+022,+007
+022,+007
+022,+007
+022,+007
+022,+007
+022,+007
+022,+007
+022,+007
+022,+007
+022,+007
+022,+007
+022,+007
+022,+007
+022,+007
+022,+007
+022,+007
+022,+007
+022,+007
+022,+009
+022,+009
+022,+009
+022,+009
+022,+009
+020,+009
+020,+009
+020,+009
+020,+009
+020,+009
+020,+009
+020,+009
+020,+009
+020,+009
+020,+009
+020,+009
+020,+009
+020,+009
+020,+009
+020,+009
+020,+009
+020,+009
+020,+009
+020,+009
+020,+009
+020,+009
+020,+009
+020,+009
+020,+009
+020,+009
+020,+009
+020,+009
+020,+009
+020,+009
+020,+009
+020,+009
+022,+009
+022,+009
+022,+009
+022,+009
+022,+009
+022,+009
+022,+009
+022,+009
+022,+009
+022,+009
+022,+009
+022,+009
+022,+009
+022,+009
+022,+009
+022,+009
+022,+009
+022,+009
+022,+009
+022,+009
+022,+009
+022,+009
+022,+009
+022,+009
+024,+009
+024,+009
+024,+009
+024,+009
+024,+009
+024,+009
+024,+009
+024,+009
+024,+009
+024,+009
+024,+009
+024,+009
+024,+009
+024,+009
+024,+009
+024,+009
+024,+009
+024,+009
+024,+009
+024,+009
+024,+009
+024,+009
+024,+009
+024,+009
+024,+009
+024,+009
+024,+009
+024,+009
+024,+009
+024,+009
+024,+009
+024,+009
+024,+009
+024,+009
+024,+009
+024,+009
+024,+009
+024,+009
+024,+009
+024,+009
+024,+007
+024,+007
+024,+007
+024,+007
+024,+007
+024,+007
+024,+007
+024,+007
+024,+007
+026,+007
+026,+007
+026,+007
+026,+007
+026,+007
+026,+007
+026,+007
+026,+007
+026,+005
+026,+005
+026,+005
+026,+005
+026,+005
+026,+005
+026,+005
+026,+005
+026,+005
+028,+005
+028,+005
+028,+005
+028,+005
+028,+005
+028,+005
+028,+005
+028,+005
+028,+005
+028,+005
+028,+005
+028,+005
+028,+005
+028,+005
+028,+005
+028,+005
+030,+005
+030,+005
+030,+005
+030,+005
+030,+005
+030,+005
+030,+005
+030,+005
+030,+005
+030,+005
+030,+005
+030,+005
+030,+005
+030,+005
+030,+005
+030,+005
+030,+005
+030,+005
+030,+005
+030,+005
+030,+005
+030,+005
+030,+005
+030,+005
+030,+003
+030,+003
+030,+003
+032,+003
+032,+003
+032,+003
+032,+003
+032,+003
+032,+003
+032,+003
+032,+003
+032,+003
+032,+003
+032,+003
+032,+003
+032,+003
+032,+003
+032,+003
+032,+003
+032,+003
+034,+003
+034,+003
+034,+003
+034,+003
+034,+003
+034,+003
+034,+003
+034,+003
+034,+003
+034,+003
+034,+003
+034,+003
+036,+003
+036,+003
+036,+003
+036,+003
+036,+003
+036,+003
+036,+005
+036,+005
+036,+005
+036,+005
+036,+005
+036,+005
+036,+005
+036,+005
+036,+005
+036,+005
+036,+005
+036,+005
+036,+005
+034,+005
+034,+007
+034,+007
+034,+007
+034,+007
+034,+007
+034,+007
+032,+007
+032,+007
+032,+007
+032,+009
+032,+009
+032,+009
+032,+009
+032,+011
+032,+011
+032,+011
+030,+011
+030,+011
+030,+011
+030,+013
+030,+013
+030,+013
+030,+013
+028,+013
+028,+013
+028,+013
+028,+013
+028,+015
+028,+015
+028,+015
+028,+015
+026,+015
+026,+015
+026,+015
+026,+015
+026,+015
+026,+015
+026,+015
+026,+015
+026,+015
+024,+015
+024,+015
+024,+015
+024,+015
+024,+017
+024,+017
+022,+017
+022,+017
+022,+017
+022,+017
+022,+017
+022,+017
+020,+017
+020,+017
+020,+017
+020,+017
+020,+017
+020,+019
+018,+019
+018,+019
+018,+019
+018,+019
+018,+019
+018,+019
+018,+019
+018,+019
+018,+019
+018,+019
+018,+019
+018,+019
+018,+019
+018,+019
+018,+019
+018,+019
+018,+019
+018,+019
+018,+019
+018,+019
+018,+019
+018,+019
+018,+019
+018,+019
+018,+019
+018,+019
+018,+017
+018,+017
+018,+017
+018,+017
+020,+017
+020,+017
+020,+017
+020,+017
+020,+017
+020,+017
+020,+017
+020,+017
+020,+017
+020,+017
+020,+017
+020,+017
+020,+017
+020,+017
+020,+017
+020,+017
+020,+017
+020,+017
+020,+017
+020,+017
+020,+017
+020,+017
+020,+017
+020,+017
+020,+017
+020,+017
+020,+017
+020,+017
+020,+017
+020,+017
+020,+017
+020,+017
+020,+017
+020,+017
+020,+017
+020,+017
+020,+017
+020,+017
+022,+017
+022,+019
+022,+019
+022,+019
+022,+019
+022,+019
+022,+019
+022,+019
+022,+019
+024,+019
+024,+019
+024,+019
+024,+019
+024,+019
+024,+019
+024,+019
+024,+019
+024,+019
+024,+019
+024,+019
+024,+019
+024,+019
+024,+019
+024,+019
+024,+019
+024,+019
+024,+019
+024,+019
+024,+017
+024,+017
+024,+017
+024,+017
+024,+017
+024,+017
+024,+017
+024,+017
+024,+017
+024,+017
+024,+017
+024,+017
+024,+017
+024,+017
+024,+017
+024,+017
+024,+017
+024,+017
+024,+017
+024,+017
+024,+015
+024,+015
+024,+015
+024,+015
+024,+015
+024,+015
+024,+015
+024,+015
+024,+015
+024,+015
+024,+015
+024,+015
+024,+015
+024,+015
+024,+015
+024,+015
+024,+015
+026,+013
+026,+013
+026,+013
+026,+013
+026,+013
+026,+013
+026,+013
+026,+013
+026,+013
+026,+013
+026,+013
+026,+013
+026,+013
+026,+013
+026,+013
+026,+013
+026,+013
+026,+013
+024,+013
+024,+013
+024,+013
+024,+013
+024,+013
+024,+013
+024,+013
+024,+013
+024,+013
+024,+013
+024,+013
+024,+013
+024,+013
+024,+013
+024,+013
+024,+013
+024,+013
+024,+013
+024,+013
+024,+013
+022,+013
+022,+013
+022,+013
+022,+013
+022,+013
+022,+013
+022,+013
+022,+013
+022,+013
+022,+013
+022,+013
+022,+013
+022,+013
+022,+013
+022,+013
+022,+013
+022,+013
+022,+013
+022,+013
+022,+013
+022,+013
+022,+013
+022,+013
+022,+013
+022,+013
+022,+013
+022,+013
+020,+013
+020,+013
+020,+013
+020,+013
+020,+013
+020,+013
+020,+013
+020,+013
+020,+013
+020,+013
+020,+013
+020,+013
+020,+013
+020,+013
+020,+013
+020,+013
+020,+013
+020,+013
+020,+013
+020,+013
+020,+013
+020,+013
+020,+013
+020,+013
+020,+013
+020,+013
+020,+013
+020,+013
+020,+013
+020,+013
+020,+013
+020,+013
+020,+013
+020,+013
+020,+013
+020,+013
+020,+013
+020,+013
+020,+013
+020,+013
+020,+013
+020,+013
+020,+013
+020,+013
+020,+013
+020,+011
+020,+011
+020,+011
+020,+011
+020,+011
+020,+011
+020,+011
+020,+011
+020,+011
+020,+011
+020,+011
+020,+009
+020,+009
+020,+009
+020,+009
+020,+009
+020,+009
+020,+009
+020,+009
+020,+009
+020,+009
+020,+009
+020,+009
+020,+009
+020,+009
+020,+009
+020,+009
+022,+009
+022,+009
+022,+009
+022,+009
+022,+009
+022,+009
+022,+007
+022,+007
+022,+007
+022,+007
+022,+007
+022,+007
+022,+007
+022,+007
+022,+007
+022,+007
+024,+007
+024,+007
+024,+007
+024,+007
+024,+007
+024,+005
+024,+005
+024,+005
+024,+005
+024,+005
+024,+005
+024,+005
+024,+005
+024,+005
+024,+005
+024,+005
+024,+005
+024,+005
+024,+005
+024,+005
+024,+005
+024,+005
+024,+005
+024,+005
+024,+005
+024,+003
+024,+003
+024,+003
+024,+003
+024,+003
+026,+003
+026,+003
+026,+003
+026,+003
+026,+003
+026,+003
+026,+003
+026,+003
+026,+003
+026,+003
+026,+003
+026,+003
+026,+003
+026,+003
+026,+003
+026,+003
+026,+003
+026,+003
+026,+003
+026,+003
+026,+003
+026,+001
+026,+001
+026,+001
+026,+001
+026,+001
+024,+001
+024,+001
+024,+001
+024,+001
+024,+001
+024,+001
+024,+001
+024,+001
+024,+001
+024,+001
+024,+001
+024,+001
+024,+001
+024,+001
+024,+001
+024,+001
+024,+001
+024,+001
+024,+001
+022,+001
+022,+001
+022,+001
+022,+001
+022,+001
+022,+001
+022,+001
+022,+001
+022,+001
+022,+001
+022,+001
+022,+001
+022,+001
+022,+001
+020,+001
+020,+003
+020,+003
+020,+003
+020,+003
+020,+003
+020,+003
+020,+003
+020,+003
+020,+003
+020,+003
+020,+003
+020,+003
+020,+003
+020,+003
+020,+003
+020,+003
+020,+003
+020,+003
+020,+003
+020,+003
+020,+003
+020,+003
+020,+003
+020,+003
+020,+003
+020,+003
+020,+003
+020,+003
+020,+003
+020,+003
+020,+001
+020,+001
+020,+001
+022,+001
+022,+001
+022,+001
+022,+001
+022,+001
+022,+001
+020,+001
+020,+001
+020,+001
+020,+001
+020,+001
+020,+001
+020,+001
+020,+001
+020,+001
+020,+001
+020,+001
+020,+001
+020,+001
+020,+001
+020,+001
+020,+001
+020,+001
+020,+001
+020,+001
+020,+001
+020,+001
+020,+001
+020,+001
+020,+001
+020,+001
+020,+001
+020,+001
+020,+001
+020,+001
+018,+001
+018,+001
+018,+001
+018,+001
+018,+001
+018,+001
+018,+001
+018,+001
+018,+001
+018,+001
+018,+001
+018,+001
+018,+001
+018,+001
+018,+001
+018,+001
+018,+001
+016,+001
+016,+001
+016,+001
+016,+001
+016,+001
+016,+001
+016,+001
+016,+001
+016,+001
+016,+001
+016,+001
+016,+001
+016,+001
+016,+001
+016,+001
+016,+001
+016,+001
+016,+001
+016,+001
+016,+001
+016,+001
+016,+001
+016,+001
+016,+001
+016,+001
+016,+001
+016,+001
+016,+001
+016,+001
+016,+001
+014,+001
+014,+001
+014,+001
+014,+003
+014,+003
+014,+003
+014,+003
+014,+003
+014,+003
+014,+003
+014,+003
+014,+003
+014,+003
+014,+003
+014,+003
+014,+003
+014,+003
+014,+003
+014,+003
+014,+005
+014,+005
+014,+005
+014,+005
+014,+005
+014,+005
+014,+005
+014,+005
+014,+005
+014,+005
+014,+005
+014,+005
+014,+005
+014,+005
+014,+005
+014,+005
+014,+005
+014,+005
+014,+005
+014,+005
+014,+005
+014,+005
+014,+005
+016,+005
+016,+005
+016,+005
+016,+005
+016,+005
+016,+005
+016,+005
+018,+005
+018,+005
+018,+005
+018,+005
+018,+005
+018,+005
+018,+005
+020,+005
+020,+005
+020,+005
+020,+005
+020,+005
+020,+005
+022,+005
+022,+005
+022,+005
+022,+005
+022,+005
+022,+005
+022,+005
+022,+005
+022,+005
+022,+005
+022,+003
+022,+003
+022,+003
+022,+003
+022,+003
+022,+003
+022,+003
+022,+003
+022,+003
+022,+003
+022,+003
+022,+003
+022,+003
+022,+003
+022,+003
+022,+003
+022,+003
+022,+003
+022,+003
+022,+003
+022,+003
+022,+003
+022,+003
+022,+003
+022,+003
+022,+003
+022,+003
+022,+003
+022,+003
+022,+003
+022,+003
+022,+003
+022,+003
+022,+003
+022,+003
+022,+003
+024,+003
+024,+003
+024,+005
+024,+005
+024,+005
+024,+005
+024,+005
+024,+005
+024,+005
+024,+005
+024,+005
+024,+007
+024,+007
+024,+007
+024,+007
+024,+007
+024,+007
+024,+007
+024,+007
+024,+007
+024,+007
+024,+007
+024,+007
+024,+007
+024,+007
+024,+007
+024,+007
+024,+007
+024,+007
+024,+007
+024,+007
+024,+009
+024,+009
+024,+009
+024,+009
+024,+009
+024,+009
+024,+009
+024,+009
+024,+009
+026,+009
+026,+009
+026,+009
+026,+011
+026,+011
+026,+011
+026,+011
+026,+011
+026,+011
+026,+011
+026,+011
+026,+011
+026,+011
+026,+011
+026,+011
+026,+011
+026,+011
+026,+013
+026,+013
+026,+013
+026,+013
+026,+013
+026,+013
+026,+013
+026,+013
+026,+013
+026,+013
+026,+013
+026,+013
+026,+015
+026,+015
+026,+015
+026,+015
+026,+015
+026,+015
+026,+015
+026,+015
+026,+015
+026,+017
+026,+017
+026,+017
+026,+017
+024,+017
+024,+017
+024,+017
+024,+017
+024,+017
+024,+017
+024,+017
+024,+019
+024,+019
+024,+019
+024,+019
+024,+019
+024,+021
+024,+021
+024,+021
+024,+021
+022,+021
+022,+021
+022,+021
+022,+023
+022,+023
+022,+023
+022,+023
+022,+023
+022,+025
+020,+025
+020,+025
+020,+025
+020,+025
+020,+025
+018,+027
+018,+027
+018,+027
+018,+027
+018,+027
+018,+027
+018,+027
+018,+027
+018,+029
+018,+029
+016,+029
+016,+029
+016,+029
+016,+029
+016,+029
+016,+029
+016,+029
+016,+029
+016,+029
+016,+029
+016,+029
+016,+029
+016,+031
+016,+031
+016,+031
+016,+031
+016,+031
+016,+031
+016,+031
+016,+031
+016,+031
+016,+031
+016,+031
+016,+031
+016,+031
+016,+031
+016,+031
+016,+029
+016,+029
+016,+029
+016,+029
+016,+029
+016,+029
+016,+029
+016,+029
+016,+029
+016,+029
+018,+029
+018,+029
+018,+029
+018,+029
+018,+029
+018,+029
+018,+029
+018,+029
+020,+029
+020,+029
+020,+029
+020,+029
+020,+029
+020,+029
+022,+029
+022,+029
+022,+029
+022,+029
+022,+029
+022,+029
+022,+029
+022,+029
+022,+029
+022,+029
+022,+029
+024,+029
+024,+029
+024,+029
+024,+029
+024,+029
+024,+029
+024,+029
+024,+029
+024,+029
+024,+029
+024,+029
+024,+029
+024,+029
+024,+029
+024,+029
+024,+029
+024,+029
+024,+029
+024,+029
+024,+027
+024,+027
+026,+027
+026,+027
+026,+027
+026,+027
+026,+027
+026,+027
+026,+027
+026,+027
+026,+027
+026,+027
+026,+027
+028,+027
+028,+027
+028,+027
+028,+027
+028,+027
+028,+027
+028,+027
+028,+027
+028,+027
+028,+027
+028,+027
+028,+027
+030,+027
+030,+027
+030,+027
+030,+025
+030,+025
+030,+025
+030,+025
+030,+025
+030,+025
+030,+025
+030,+025
+030,+025
+030,+025
+030,+025
+030,+025
+030,+025
+030,+025
+030,+025
+030,+025
+030,+025
+030,+025
+030,+025
+030,+023
+030,+023
+030,+023
+030,+023
+030,+023
+030,+023
+030,+023
+030,+023
+030,+023
+030,+021
+030,+021
+030,+021
+030,+021
+030,+019
+030,+019
+030,+019
+030,+019
+032,+019
+032,+019
+032,+019
+032,+019
+032,+019
+032,+017
+032,+017
+032,+017
+032,+017
+032,+017
+032,+017
+032,+017
+032,+017
+032,+015
+032,+015
+032,+015
+032,+015
+032,+015
+032,+015
+032,+015
+032,+015
+032,+015
+032,+015
+032,+015
+032,+015
+032,+015
+032,+013
+032,+013
+032,+013
+032,+013
+032,+013
+032,+013
+032,+013
+032,+013
+032,+013
+032,+013
+032,+013
+032,+013
+032,+013
+032,+013
+032,+013
+032,+013
+032,+013
+032,+013
+032,+013
+032,+013
+032,+013
+032,+013
+032,+013
+032,+013
+032,+013
+032,+013
+032,+013
+032,+013
+032,+011
+032,+011
+032,+011
+032,+011
+032,+011
+032,+011
+032,+011
+032,+011
+032,+011
+032,+011
+032,+011
+032,+011
+032,+011
+034,+011
+034,+011
+034,+011
+034,+011
+034,+013
+034,+013
+034,+013
+034,+013
+034,+013
+034,+013
+034,+013
+034,+013
+034,+013
+034,+013
+034,+013
+036,+013
+036,+013
+036,+013
+036,+013
+036,+013
+036,+013
+036,+013
+036,+015
+036,+015
+036,+015
+036,+015
+036,+015
+036,+015
+036,+015
+036,+015
+036,+015
+036,+015
+036,+015
+036,+015
+036,+015
+036,+015
+036,+015
+036,+015
+036,+015
+036,+015
+036,+015
+036,+015
+036,+015
+036,+015
+036,+015
+036,+015
+036,+015
+036,+015
+036,+015
+036,+015
+036,+015
+036,+015
+036,+015
+036,+015
+036,+015
+036,+015
+036,+015
+036,+015
+036,+015
+036,+017
+036,+017
+036,+017
+036,+017
+036,+017
+036,+017
+036,+017
+036,+017
+036,+017
+036,+017
+036,+017
+036,+019
+036,+019
+036,+019
+036,+019
+036,+019
+036,+019
+036,+019
+036,+019
+036,+021
+036,+021
+036,+021
+036,+021
+034,+021
+034,+021
+034,+021
+034,+021
+034,+023
+034,+023
+034,+023
+034,+023
+032,+023
+032,+023
+032,+023
+032,+023
+032,+025
+032,+025
+032,+025
+032,+025
+032,+025
+032,+025
+030,+025
+030,+025
+030,+025
+030,+025
+030,+025
+030,+025
+030,+025
+030,+025
+030,+025
+030,+025
+030,+025
+030,+025
+030,+025
+028,+023
+028,+023
+028,+023
+028,+023
+028,+023
+028,+023
+028,+023
+028,+023
+028,+023
+028,+021
+028,+021
+028,+021
+028,+021
+028,+021
+026,+021
+026,+019
+026,+019
+026,+019
+026,+019
+026,+019
+026,+019
+024,+019
+024,+019
+024,+019
+024,+019
+024,+017
+024,+017
+024,+017
+024,+017
+024,+017
+024,+017
+024,+017
+024,+017
+024,+017
+022,+017
+022,+017
+022,+017
+022,+015
+022,+015
+022,+015
+022,+015
+022,+015
+022,+015
+022,+015
+022,+015
+022,+015
+022,+015
+022,+015
+022,+015
+022,+015
+022,+015
+022,+015
+022,+015
+022,+015
+022,+015
+022,+015
+022,+015
+022,+015
+022,+015
+022,+015
+022,+015
+022,+015
+022,+015
+022,+015
+022,+015
+022,+015
+022,+015
+022,+015
+022,+015
+022,+015
+022,+015
+022,+015
+022,+013
+022,+013
+022,+013
+022,+013
+022,+013
+022,+013
+022,+013
+022,+013
+022,+013
+022,+013
+022,+013
+022,+013
+022,+013
+022,+013
+024,+011
+024,+011
+024,+011
+024,+011
+024,+011
+024,+011
+024,+011
+026,+011
+026,+011
+026,+011
+026,+011
+026,+011
+026,+011
+026,+011
+026,+011
+026,+011
+026,+011
+028,+011
+028,+011
+028,+011
+028,+011
+028,+011
+028,+011
+028,+011
+030,+011
+030,+011
+030,+011
+030,+011
+030,+011
+030,+011
+030,+011
+030,+009
+032,+009
+032,+009
+032,+009
+032,+009
+032,+009
+032,+009
+032,+009
+032,+009
+032,+009
+032,+009
+032,+009
+032,+009
+032,+009
+032,+009
+032,+009
+032,+009
+032,+009
+032,+009
+032,+009
+032,+009
+032,+009
+032,+009
+032,+009
+032,+009
+032,+009
+032,+009
+032,+009
+032,+009
+032,+009
+032,+009
+032,+009
+032,+007
+032,+007
+032,+007
+032,+007
+032,+007
+032,+007
+032,+007
+032,+007
+032,+007
+032,+007
+032,+007
+030,+007
+030,+007
+030,+007
+030,+007
+030,+009
+030,+009
+030,+009
+030,+009
+030,+009
+030,+009
+030,+009
+028,+009
+028,+009
+028,+009
+028,+009
+028,+009
+028,+009
+028,+009
+028,+009
+028,+009
+026,+009
+026,+009
+026,+009
+026,+009
+026,+009
+026,+009
+026,+009
+026,+009
+026,+009
+026,+009
+026,+009
+026,+009
+026,+009
+024,+009
+024,+009
+024,+009
+024,+009
+024,+009
+024,+009
+024,+009
+024,+009
+024,+009
+024,+009
+024,+011
+022,+011
+022,+011
+022,+011
+022,+011
+022,+011
+022,+011
+022,+011
+020,+011
+020,+011
+020,+011
+020,+011
+020,+011
+020,+011
+018,+011
+018,+011
+018,+011
+018,+011
+016,+011
+016,+011
+016,+011
+016,+013
+016,+013
+014,+013
+014,+013
+014,+013
+014,+013
+014,+013
+012,+013
+012,+013
+012,+011
+010,+011
+008,+011
+008,+011
+008,+011
+008,+011
+008,+011
+008,+011
+006,+011
+006,+011
+006,+011
+006,+011
+006,+011
+006,+011
+006,+011
+006,+011
+006,+011
+004,+011
+004,+011
+004,+011
+004,+011
+004,+011
+004,+011
+004,+011
+004,+011
+004,+011
+004,+011
+004,+011
+004,+011
+004,+011
+004,+011
+006,+011
+006,+011
+006,+011
+006,+011
+006,+011
+006,+011
+006,+011
+006,+011
+006,+011
+006,+011
+006,+011
+006,+011
+006,+011
+006,+011
+006,+011
+006,+011
+006,+011
+006,+011
+006,+011
+004,+011
+004,+011
+004,+011
+004,+011
+004,+011
+004,+011
+004,+011
+004,+011
+004,+011
+004,+011
+004,+011
+004,+011
+004,+011
+004,+011
+004,+011
+004,+011
+004,+011
+004,+011
+004,+011
+004,+011
+004,+011
+004,+009
+004,+009
+004,+009
+004,+009
+004,+009
+006,+009
+006,+009
+006,+009
+006,+009
+006,+009
+006,+009
+006,+009
+006,+009
+006,+009
+006,+007
+006,+007
+006,+007
+006,+007
+006,+007
+006,+007
+006,+007
+008,+007
+008,+007
+008,+007
+008,+007
+008,+007
+008,+007
+008,+007
+010,+007
+010,+007
+010,+007
+010,+005
+012,+005
+012,+005
+012,+005
+012,+005
+012,+005
+012,+005
+014,+005
+014,+003
+014,+003
+014,+003
+014,+003
+014,+003
+014,+003
+014,+003
+016,+001
+016,+001
+016,+001
+016,+001
+016,+001
+016,+001
+016,+001
+016,+001
+018,+001
+018,+001
+018,+001
+018,+001
+018,+001
+018,+001
+018,+001
+018,+001
+020,+001
+020,+001
+020,+001
+020,+003
+020,+003
+020,+003
+020,+003
+022,+003
+022,+003
+022,+003
+022,+003
+022,+003
+022,+003
+022,+003
+022,+003
+022,+003
+022,+003
+022,+003
+022,+003
+022,+003
+022,+003
+022,+003
+022,+003
+022,+003
+022,+003
+022,+003
+022,+003
+022,+003
+022,+003
+022,+003
+022,+003
+022,+003
+022,+003
+022,+003
+022,+003
+022,+003
+022,+003
+022,+003
+022,+003
+022,+003
+022,+003
+020,+003
+020,+003
+020,+003
+020,+003
+020,+003
+020,+003
+020,+003
+020,+003
+020,+003
+020,+003
+022,+003
+022,+003
+022,+003
+022,+003
+022,+003
+022,+003
+022,+003
+022,+003
+022,+003
+022,+003
+022,+003
+022,+003
+022,+003
+022,+003
+022,+001
+022,+001
+022,+001
+022,+001
+022,+001
+022,+001
+022,+001
+022,+003
+022,+003
+022,+003
+022,+003
+022,+003
+022,+005
+022,+005
+020,+005
+020,+005
+020,+005
+020,+005
+020,+005
+020,+007
+020,+007
+020,+007
+020,+007
+020,+007
+020,+007
+020,+007
+020,+007
+020,+007
+020,+007
+020,+007
+020,+007
+020,+007
+020,+007
+020,+007
+020,+007
+020,+007
+020,+007
+020,+007
+020,+007
+020,+007
+022,+007
+022,+007
+022,+007
+022,+007
+022,+007
+022,+007
+022,+007
+022,+007
+022,+007
+022,+007
+022,+009
+022,+009
+022,+009
+022,+009
+022,+009
+022,+009
+022,+009
+022,+009
+024,+009
+024,+009
+024,+009
+024,+009
+024,+009
+024,+009
+024,+011
+024,+011
+024,+011
+024,+011
+024,+011
+024,+011
+024,+011
+024,+011
+024,+011
+024,+011
+024,+011
+024,+013
+024,+013
+024,+013
+024,+013
+024,+013
+024,+013
+024,+013
+026,+013
+026,+013
+026,+013
+026,+013
+026,+013
+026,+013
+028,+013
+028,+013
+028,+013
+028,+013
+028,+013
+028,+013
+028,+013
+028,+013
+028,+013
+028,+013
+030,+013
+030,+013
+030,+013
+030,+013
+030,+013
+030,+013
+032,+011
+032,+011
+032,+011
+032,+011
+032,+011
+032,+011
+032,+011
+034,+011
+034,+011
+034,+011
+034,+011
+034,+011
+034,+011
+034,+011
+034,+011
+034,+011
+034,+011
+036,+011
+036,+011
+036,+011
+036,+011
+036,+011
+036,+011
+036,+011
+036,+011
+036,+011
+036,+011
+036,+011
+036,+011
+034,+011
+034,+011
+034,+011
+034,+013
+034,+013
+034,+013
+034,+013
+034,+013
+034,+013
+034,+013
+034,+013
+034,+013
+036,+013
+036,+013
+036,+013
+036,+013
+036,+013
+036,+015
+036,+015
+036,+015
+036,+015
+036,+015
+036,+015
+036,+015
+036,+015
+036,+015
+036,+015
+036,+017
+036,+017
+036,+017
+036,+017
+036,+017
+036,+017
+036,+017
+036,+017
+036,+017
+036,+017
+036,+017
+038,+017
+038,+017
+038,+017
+038,+017
+038,+017
+038,+017
+038,+017
+038,+017
+038,+017
+038,+017
+038,+017
+038,+019
+038,+019
+038,+019
+038,+019
+038,+019
+038,+019
+038,+019
+036,+021
+036,+021
+036,+021
+036,+021
+036,+021
+036,+021
+034,+021
+034,+023
+034,+023
+034,+023
+034,+023
+032,+025
+032,+025
+032,+025
+030,+025
+030,+025
+030,+025
+030,+027
+030,+027
+030,+027
+030,+027
+028,+027
+028,+027
+028,+027
+028,+029
+028,+029
+028,+029
+026,+029
+026,+029
+026,+029
+026,+029
+026,+029
+026,+029
+024,+029
+024,+029
+024,+029
+024,+029
+024,+029
+024,+029
+024,+029
+022,+029
+022,+029
+022,+029
+022,+029
+022,+029
+022,+029
+022,+029
+022,+029
+022,+029
+022,+029
+020,+029
+020,+029
+020,+029
+020,+029
+020,+029
+020,+029
+020,+029
+020,+029
+020,+029
+022,+029
+022,+029
+022,+029
+022,+029
+022,+029
+022,+029
+022,+029
+022,+029
+022,+029
+024,+029
+024,+027
+024,+027
+024,+027
+024,+027
+024,+027
+024,+027
+026,+027
+026,+027
+026,+027
+026,+027
+026,+027
+026,+027
+026,+027
+026,+025
+026,+025
+028,+025
+028,+025
+028,+025
+028,+025
+028,+025
+028,+025
+028,+025
+030,+023
+030,+023
+030,+023
+030,+023
+030,+023
+030,+023
+030,+023
+030,+023
+032,+023
+032,+021
+032,+021
+032,+021
+032,+021
+032,+021
+032,+021
+034,+021
+034,+021
+034,+021
+034,+021
+034,+019
+034,+019
+034,+019
+034,+019
+034,+019
+034,+019
+034,+019
+034,+019
+034,+019
+034,+019
+034,+019
+034,+019
+034,+019
+034,+019
+034,+019
+034,+019
+034,+019
+034,+019
+034,+019
+034,+019
+034,+019
+034,+019
+034,+019
+034,+019
+034,+019
+034,+019
+034,+019
+034,+019
+034,+019
+034,+019
+034,+019
+034,+019
+034,+019
+034,+019
+034,+019
+034,+019
+034,+019
+034,+019
+032,+019
+032,+019
+032,+019
+032,+019
+032,+019
+032,+019
+032,+019
+032,+019
+032,+019
+030,+019
+030,+019
+030,+019
+030,+021
+028,+021
+028,+021
+028,+021
+028,+021
+026,+021
+026,+021
+026,+021
+026,+021
+026,+021
+024,+021
+024,+021
+024,+021
+024,+021
+024,+021
+024,+021
+024,+021
+022,+021
+022,+021
+022,+021
+022,+021
+022,+021
+022,+021
+022,+021
+022,+021
+022,+021
+022,+021
+022,+021
+024,+021
+024,+019
+024,+019
+024,+019
+024,+019
+024,+019
+024,+019
+024,+019
+024,+019
+026,+019
+026,+019
+026,+019
+026,+019
+026,+019
+026,+021
+026,+021
+026,+021
+026,+021
+026,+021
+026,+021
+026,+021
+026,+021
+026,+021
+026,+021
+026,+021
+024,+021
+024,+021
+024,+021
+024,+021
+024,+021
+024,+021
+024,+021
+024,+021
+024,+021
+024,+021
+024,+021
+024,+021
+024,+021
+024,+021
+024,+021
+024,+021
+024,+021
+024,+021
+024,+021
+024,+021
+022,+021
+022,+021
+022,+021
+022,+021
+022,+021
+022,+021
+022,+021
+022,+021
+022,+021
+022,+021
+022,+021
+022,+021
+022,+021
+022,+021
+020,+021
+020,+021
+020,+019
+020,+019
+020,+019
+020,+019
+020,+019
+020,+019
+020,+019
+020,+019
+020,+019
+020,+019
+020,+017
+020,+017
+020,+017
+020,+017
+020,+017
+020,+017
+020,+017
+020,+017
+020,+017
+020,+017
+022,+017
+022,+017
+022,+017
+022,+017
+022,+017
+022,+017
+022,+017
+022,+017
+024,+017
+024,+017
+024,+017
+024,+017
+024,+017
+024,+015
+024,+015
+024,+015
+026,+015
+026,+015
+026,+015
+026,+015
+026,+015
+026,+015
+026,+015
+026,+015
+026,+015
+026,+015
+026,+015
+026,+015
+026,+015
+026,+015
+026,+015
+026,+015
+026,+013
+026,+013
+026,+013
+026,+013
+026,+013
+026,+013
+026,+013
+026,+013
+026,+013
+026,+013
+026,+013
+026,+013
+026,+013
+026,+013
+026,+013
+026,+013
+026,+013
+026,+013
+026,+013
+026,+013
+026,+013
+026,+011
+026,+011
+026,+011
+026,+011
+026,+011
+026,+011
+026,+011
+026,+011
+026,+011
+026,+011
+026,+011
+026,+011
+026,+011
+026,+011
+026,+011
+026,+011
+026,+011
+026,+011
+026,+011
+026,+011
+026,+011
+024,+011
+024,+011
+024,+011
+024,+011
+024,+013
+024,+013
+024,+013
+022,+013
+022,+013
+022,+013
+022,+013
+022,+013
+022,+013
+022,+013
+022,+013
+022,+013
+022,+013
+022,+013
+022,+013
+022,+013
+022,+013
+022,+013
+022,+013
+022,+013
+022,+013
+022,+011
+022,+011
+022,+011
+022,+011
+022,+011
+022,+011
+022,+011
+022,+011
+022,+011
+022,+011
+022,+011
+022,+011
+022,+011
+022,+011
+022,+011
+022,+011
+022,+011
+022,+011
+022,+011
+022,+011
+022,+011
+022,+011
+022,+011
+022,+011
+022,+011
+022,+011
+022,+011
+022,+011
+022,+011
+022,+011
+022,+011
+024,+009
+024,+009
+024,+009
+024,+009
+024,+009
+024,+009
+024,+009
+024,+009
+024,+009
+024,+009
+024,+009
+024,+009
+024,+009
+024,+009
+024,+009
+024,+009
+024,+009
+024,+009
+024,+009
+024,+009
+022,+009
+022,+009
+022,+009
+022,+009
+022,+009
+022,+009
+022,+009
+022,+009
+022,+009
+022,+009
+022,+009
+022,+009
+022,+009
+022,+009
+020,+009
+020,+009
+020,+009
+020,+009
+020,+009
+020,+009
+018,+009
+018,+009
+018,+009
+018,+009
+018,+009
+018,+009
+018,+009
+018,+009
+018,+009
+018,+009
+018,+009
+018,+009
+018,+009
+018,+009
+016,+009
+016,+009
+016,+009
+016,+009
+016,+009
+016,+009
+016,+009
+016,+009
+016,+009
+016,+009
+016,+009
+016,+009
+016,+009
+018,+009
+018,+009
+018,+007
+018,+007
+018,+007
+018,+007
+018,+007
+018,+007
+018,+007
+018,+007
+018,+007
+018,+007
+018,+007
+020,+007
+020,+007
+020,+007
+020,+007
+020,+007
+020,+007
+020,+007
+020,+007
+020,+007
+020,+007
+020,+007
+020,+007
+020,+007
+020,+007
+020,+007
+020,+007
+020,+007
+022,+007
+022,+007
+022,+007
+022,+007
+022,+007
+022,+007
+022,+007
+022,+007
+022,+007
+022,+007
+022,+007
+022,+007
+022,+007
+022,+007
+022,+007
+022,+007
+022,+007
+022,+007
+022,+007
+024,+007
+024,+007
+024,+007
+024,+005
+024,+005
+024,+005
+024,+005
+024,+005
+024,+005
+024,+005
+024,+005
+024,+005
+024,+005
+024,+005
+024,+005
+024,+005
+024,+005
+024,+005
+024,+005
+024,+005
+024,+005
+024,+005
+024,+005
+022,+005
+022,+005
+022,+005
+022,+005
+022,+005
+022,+007
+022,+007
+022,+007
+022,+007
+022,+007
+022,+007
+022,+007
+022,+007
+022,+007
+022,+007
+022,+007
+022,+007
+022,+005
+022,+005
+022,+005
+022,+005
+022,+005
+022,+005
+022,+005
+022,+005
+022,+005
+022,+005
+022,+005
+022,+005
+022,+005
+022,+005
+022,+005
+022,+005
+022,+005
+022,+005
+022,+005
+022,+005
+022,+005
+022,+005
+022,+005
+022,+005
+022,+005
+022,+005
+022,+005
+022,+005
+022,+005
+022,+005
+022,+005
+022,+005
+022,+005
+022,+005
+022,+005
+022,+005
+022,+005
+022,+005
+022,+005
+022,+005
+022,+005
+022,+005
+022,+005
+022,+005
+022,+005
+022,+005
+022,+005
+022,+005
+022,+005
+022,+005
+022,+005
+020,+005
+020,+005
+020,+005
+020,+005
+020,+005
+020,+005
+020,+005
+020,+005
+020,+005
+020,+005
+020,+005
+020,+005
+020,+005
+020,+005
+020,+005
+018,+005
+018,+005
+018,+005
+018,+005
+018,+005
+018,+005
+018,+005
+018,+005
+018,+005
+018,+005
+018,+005
+018,+005
+018,+005
+018,+005
+018,+005
+018,+005
+018,+005
+018,+005
+018,+005
+018,+005
+018,+005
+018,+005
+018,+005
+018,+005
+018,+003
+018,+003
+018,+003
+018,+003
+018,+003
+018,+003
+018,+003
+018,+003
+018,+003
+018,+003
+018,+003
+020,+003
+020,+003
+020,+003
+020,+003
+020,+003
+020,+003
+020,+003
+020,+003
+020,+003
+020,+003
+020,+003
+020,+003
+022,+003
+022,+003
+022,+003
+022,+003
+022,+003
+022,+003
+022,+003
+022,+003
+022,+003
+024,+003
+024,+003
+024,+003
+024,+003
+024,+003
+024,+003
+024,+003
+024,+003
+024,+003
+024,+003
+024,+003
+024,+003
+024,+003
+024,+003
+024,+003
+024,+003
+024,+003
+024,+003
+024,+003
+024,+003
+024,+005
+024,+005
+024,+005
+024,+005
+024,+005
+024,+005
+024,+005
+024,+005
+024,+005
+024,+005
+024,+005
+024,+005
+026,+005
+026,+005
+026,+005
+026,+005
+026,+005
+026,+005
+026,+005
+026,+005
+026,+005
+026,+005
+028,+005
+028,+005
+028,+005
+028,+005
+028,+005
+028,+005
+028,+005
+028,+005
+028,+005
+028,+005
+028,+005
+028,+005
+028,+005
+028,+005
+028,+005
+028,+005
+028,+005
+028,+005
+028,+005
+028,+005
+028,+005
+028,+005
+028,+005
+028,+005
+028,+005
+028,+005
+028,+005
+028,+007
+028,+007
+028,+007
+028,+007
+028,+007
+028,+007
+028,+007
+028,+007
+028,+007
+028,+007
+028,+007
+028,+007
+028,+007
+028,+007
+028,+009
+028,+009
+028,+009
+028,+009
+026,+009
+026,+009
+026,+009
+026,+009
+026,+009
+026,+009
+024,+009
+024,+009
+024,+009
+024,+009
+024,+009
+024,+009
+022,+011
+022,+011
+022,+011
+022,+011
+022,+011
+022,+011
+020,+011
+020,+011
+020,+011
+020,+011
+020,+011
+020,+011
+020,+011
+020,+011
+020,+013
+020,+013
+020,+013
+020,+013
+020,+013
+020,+013
+020,+013
+020,+013
+020,+013
+020,+013
+020,+013
+020,+013
+020,+013
+020,+013
+020,+013
+020,+013
+020,+013
+020,+013
+020,+013
+020,+013
+020,+013
+020,+013
+020,+015
+018,+015
+018,+015
+018,+015
+018,+015
+018,+015
+018,+015
+018,+015
+018,+017
+018,+017
+018,+017
+016,+017
+016,+017
+016,+017
+016,+017
+016,+017
+016,+017
+016,+019
+016,+019
+016,+019
+016,+019
+016,+019
+016,+019
+016,+019
+016,+019
+016,+019
+016,+019
+016,+019
+016,+019
+016,+019
+016,+019
+016,+019
+016,+019
+016,+019
+016,+019
+016,+019
+016,+019
+016,+019
+016,+019
+016,+017
+016,+017
+016,+017
+016,+017
+016,+017
+016,+017
+016,+017
+016,+017
+016,+017
+016,+017
+016,+017
+018,+017
+018,+017
+018,+015
+018,+015
+018,+015
+018,+015
+018,+015
+020,+015
+020,+015
+020,+015
+020,+015
+020,+015
+020,+015
+020,+015
+020,+015
+020,+015
+020,+015
COP Area(S): 000947
COP Area(R): 001872