+000,+000
+001,+000
+001,+000
+001,+000
+001,+000
+001,+000
+001,+002
+001,+002
+001,+002
+001,+002
+001,+002
+001,+002
+001,+002
+001,+002
+001,+004
+001,+004
+003,+004
+003,+006
+003,+006
+003,+006
+003,+006
+003,+006
+003,+006
+003,+006
+003,+006
+003,+006
+003,+006
+005,+006
+005,+006
+005,+006
+005,+006
+005,+006
+005,+006
+005,+004
+005,+004
+005,+002
+005,+002
+005,+002
+005,+002
+005,+002
+005,+000
+005,+000
+005,+000
+005,+000
+005,+000
+007,+000
+007,+000
+007,+000
+007,+002
+009,+002
+009,+002
+009,+002
+011,+002
+011,+002
+011,+002
+011,+002
+011,+002
+011,+002
+013,+002
+013,+002
+013,+002
+013,+002
+013,+002
+013,+002
+013,+002
+013,+002
+013,+002
+013,+002
+013,+002
+013,+002
+013,+002
+013,+002
+013,+002
+013,+002
+013,+002
+013,+002
+013,+002
+013,+002
+013,+002
+013,+002
+013,+002
+013,+002
+013,+002
+013,+002
+013,+002
+013,+002
+013,+002
+013,+002
+013,+002
+013,+002
+013,+002
+013,+002
+013,+002
+013,+002
+013,+002
+013,+002
+013,+002
+013,+002
+013,+002
+013,+002
+013,+002
+013,+002
+013,+002
+013,+002
+015,+002
+015,+002
+015,+002
+015,+002
+015,+002
+015,+002
+015,+002
+015,+000
+015,+000
+015,+000
+015,+000
+015,+000
+015,+000
+015,+000
+015,+000
+015,+000
+015,+000
+015,+000
+015,+000
+015,+000
+015,+000
+015,+000
+015,+000
+015,+000
+015,+000
+015,+000
+015,+000
+015,+000
+015,+000
+015,+000
+015,+000
+015,+000
+015,+000
+015,+000
+015,+000
+015,+000
+015,+000
+015,+000
+015,+000
+015,+000
+015,+000
+015,+000
+015,+000
+015,+000
+015,+002
+012,+002
+012,+004
+012,+004
+012,+004
+012,+004
+012,+004
+012,+004
+010,+006
+010,+006
+010,+006
+010,+006
+010,+006
+010,+008
+010,+008
+010,+008
+010,+008
+010,+008
+008,+010
+008,+010
+008,+010
+008,+010
+008,+010
+008,+010
+008,+010
+008,+010
+008,+012
+008,+012
+008,+012
+008,+012
+006,+012
+006,+012
+006,+012
+006,+012
+006,+012
+006,+012
+006,+012
+006,+012
+006,+012
+006,+010
+006,+010
+006,+010
+006,+010
+006,+010
+006,+010
+006,+010
+006,+010
+006,+010
+006,+010
+006,+008
+006,+008
+006,+008
+006,+008
+006,+008
+006,+008
+006,+008
+006,+008
+006,+008
+006,+008
+006,+008
+006,+008
+006,+008
+006,+008
+006,+008
+004,+008
+004,+008
+004,+008
+004,+008
+004,+008
+004,+008
+004,+008
+004,+008
+004,+010
+004,+010
+004,+010
+004,+010
+004,+010
+002,+010
+002,+010
+002,+010
+002,+010
+002,+010
+002,+012
+002,+012
+002,+012
+002,+012
+002,+012
+002,+012
+002,+012
+002,+012
+002,+012
+000,+012
+000,+012
+000,+012
+000,+012
+000,+012
+000,+012
+000,+012
+000,+012
+000,+012
+000,+012
+000,+012
+000,+012
+000,+012
+000,+012
+000,+012
+000,+012
+000,+012
+000,+012
+000,+012
+000,+012
+000,+012
+000,+010
+000,+010
+000,+010
+000,+010
+000,+010
+000,+010
+000,+012
+000,+012
+000,+012
+000,+012
+000,+012
+000,+012
+000,+012
+002,+012
+002,+012
+002,+012
+002,+012
+002,+014
+002,+014
+002,+014
+002,+014
+002,+014
+002,+014
+002,+014
+002,+014
+004,+016
+004,+016
+004,+016
+004,+016
+004,+016
+004,+016
+004,+016
+004,+016
+004,+016
+004,+016
+004,+016
+004,+016
+004,+016
+004,+016
+006,+016
+006,+016
+006,+016
+006,+016
+006,+016
+006,+016
+006,+016
+006,+016
+006,+016
+004,+016
+004,+016
+004,+016
+004,+016
+004,+016
+004,+016
+004,+016
+004,+016
+004,+014
+004,+014
+002,+014
+002,+014
+002,+014
+002,+014
+002,+014
+002,+014
+002,+014
+002,+014
+002,+012
+002,+012
+002,+012
+002,+012
+002,+012
+002,+010
+002,+008
+002,+008
+002,+008
+002,+008
+002,+008
+002,+008
+002,+006
+002,+006
+002,+006
+002,+006
+002,+006
+002,+006
+002,+006
+002,+006
+002,+006
+002,+006
+002,+006
+002,+004
+002,+004
+002,+004
+002,+004
+002,+004
+002,+004
+002,+004
+002,+004
+002,+004
+002,+004
+002,+004
+002,+004
+002,+004
+002,+004
+002,+004
+002,+004
+002,+004
+002,+004
+000,+006
+000,+006
+000,+006
+000,+006
+000,+006
+000,+006
+000,+009
+002,+009
+002,+009
+002,+009
+002,+009
+002,+009
+002,+009
+002,+009
+002,+011
+002,+011
+002,+011
+002,+011
+002,+011
+002,+011
+002,+011
+002,+011
+002,+011
+002,+011
+004,+011
+004,+011
+004,+011
+004,+011
+004,+011
+004,+011
+004,+011
+004,+009
+004,+009
+004,+009
+004,+009
+004,+009
+006,+009
+006,+009
+006,+009
+006,+009
+006,+009
+006,+009
+006,+009
+006,+009
+006,+007
+006,+007
+006,+007
+006,+007
+006,+007
+006,+007
+006,+007
+006,+007
+006,+005
+006,+005
+006,+005
+006,+005
+006,+005
+006,+005
+006,+003
+006,+003
+006,+003
+006,+003
+004,+001
+004,+001
+004,+001
+004,+001
+004,+001
+004,+001
+004,+001
+004,+001
+004,+001
+004,+001
+004,+001
+006,+001
+006,+001
+006,+001
+006,+001
+006,+001
+006,+001
+006,+001
+006,+001
+006,+001
+008,+003
+008,+003
+008,+001
+008,+001
+008,+001
+008,+001
+006,+001
+006,+001
+006,+001
+006,+001
+006,+002
+006,+002
+008,+002
+008,-003
+008,-003
+008,-003
+008,-003
+008,-004
+008,-004
+008,-004
+008,-004
+008,-005
+008,-005
+008,-005
+008,-005
+008,-006
+008,-006
+008,-006
+008,-006
+008,-006
+008,-007
+008,-007
+008,-007
+008,-007
+008,-007
+008,-007
+008,-007
+008,-007
+008,-007
+008,-007
+008,-007
+008,-007
+008,-007
+008,-007
+008,-008
+008,-008
+008,-008
+008,-008
+008,-008
+008,-008
+008,-008
+008,-008
+008,-008
+008,-008
+008,-008
+008,-008
+008,-008
+008,-008
+008,-008
+008,-008
+008,-008
+008,-008
+008,-008
+008,-008
+008,-008
+008,-008
+008,-008
+008,-008
+008,-008
+008,-008
+008,-008
+008,-008
+008,-008
+008,-008
+008,-008
+008,-008
+008,-008
+008,-008
+008,-009
+008,-009
+008,-010
+008,-010
+008,-010
+008,-011
+006,-012
+006,-012
+006,-012
+006,-013
+006,-013
+006,-014
+006,-014
+006,-014
+006,-014
+006,-015
+006,-015
+006,-015
+006,-015
+006,-016
+006,-016
+006,-016
+006,-016
+006,-016
+006,-016
+006,-016
+006,-016
+006,-016
+006,-016
+006,-016
+006,-016
+006,-016
+006,-016
+006,-016
+006,-016
+006,-016
+006,-016
+006,-016
+006,-016
+006,-016
+006,-016
+006,-016
+006,-016
+006,-013
+006,-013
+006,-013
+006,-013
+006,-013
+006,-013
+006,-013
+006,-013
+006,-013
+006,-013
+006,-013
+006,-013
+006,-013
+006,-010
+006,-010
+006,-010
+006,-010
+006,-010
+006,-010
+004,-010
+004,-010
+004,-010
+004,-010
+004,-010
+004,-010
+004,-010
+004,-010
+004,-010
+004,-010
+004,-010
+004,-010
+004,-010
+004,-010
+004,-010
+004,-010
+004,-010
+004,-010
+004,-010
+004,-010
+004,-010
+004,-010
+004,-010
+004,-010
+004,-010
+004,-010
+004,-010
+004,-010
+004,-010
+004,-010
+004,-010
+004,-010
+004,-010
+004,-010
+004,-010
+004,-010
+004,-010
+004,-010
+004,-010
+004,-010
+004,-010
+004,-010
+004,-010
+004,-010
+004,-010
+004,-010
+004,-010
+004,-010
+004,-010
+004,-010
+004,-010
+004,-010
+004,-010
+004,-010
+004,-010
+004,-010
+004,-010
+004,-010
+004,-010
+004,-010
+004,-010
+004,-010
+004,-010
+004,-010
+004,-010
+004,-010
+004,-010
+004,-010
+004,-010
+004,-010
+004,-010
+004,-010
+004,-007
+002,-007
+002,-007
+002,-007
+002,-007
+002,-004
+002,-004
+002,-004
+002,-004
+002,-004
+002,-004
+002,-004
+002,-004
+002,-004
+002,-004
+000,-004
+000,-004
+000,-004
+000,-004
+000,-004
+000,+002
+000,+002
+000,+002
+000,+002
+000,+002
+000,+002
+000,+002
+000,+002
+000,+002
+000,+002
+000,+002
+000,+002
+000,+002
+000,+002
+000,+002
+000,+002
+000,+000
+000,+000
+000,+000
+000,+000
+000,+000
+000,+000
+000,+000
+000,+000
+000,+000
+000,+000
+000,+000
+000,+000
+000,+000
+000,+000
+000,+000
+000,+000
+000,+002
+002,+002
+002,+002
+002,+002
+002,+002
+002,+002
+002,+002
+002,+002
+002,+002
+002,+002
+002,+002
+002,+002
+002,+002
+002,+002
+002,+002
+002,+002
+002,+002
+002,+002
+002,+002
+002,+002
+002,+002
+002,+002
+002,+002
+002,+002
+002,+002
+002,+002
+002,+000
+002,+000
+002,+000
+002,+000
+002,+000
+002,+000
+002,+000
+002,+000
+002,+000
+002,+000
+002,+002
+002,+002
+002,+002
+002,+002
+002,+002
+002,+002
+002,+002
+002,+002
+002,+002
+002,+002
+002,+002
+002,+004
+002,+004
+002,+004
+002,+004
+002,+004
+002,+004
+002,+004
+002,+006
+002,+006
+002,+008
+002,+008
+002,+008
+002,+008
+002,+008
+004,+008
+004,+008
+004,+008
+004,+008
+004,+008
+004,+008
+004,+008
+004,+008
+004,+008
+004,+008
+004,+008
+004,+008
+004,+008
+004,+008
+004,+008
+004,+008
+004,+008
+004,+008
+004,+008
+004,+008
+004,+008
+004,+008
+004,+008
+004,+008
+004,+008
+004,+008
+004,+008
+004,+008
+004,+008
+004,+008
+004,+008
+004,+008
+004,+008
+004,+008
+004,+008
+004,+008
+004,+008
+004,+008
+004,+008
+004,+008
+004,+010
+004,+010
+004,+010
+004,+010
+004,+010
+004,+010
+004,+010
+004,+010
+004,+010
+004,+010
+004,+010
+004,+010
+004,+010
+004,+010
+004,+010
+004,+010
+004,+010
+004,+010
+004,+010
+004,+010
+004,+012
+004,+012
+002,+012
+002,+012
+002,+012
+002,+012
+002,+012
+002,+012
+002,+012
+002,+012
+002,+012
+002,+012
+002,+012
+002,+012
+002,+012
+002,+012
+002,+012
+002,+012
+002,+012
+002,+012
+002,+012
+002,+012
+002,+012
+002,+012
+002,+012
+002,+012
+002,+012
+002,+012
+002,+012
+002,+012
+002,+012
+002,+012
+002,+010
+004,+010
+004,+010
+004,+010
+004,+010
+004,+010
+004,+010
+004,+010
+004,+010
+004,+010
+004,+010
+004,+010
+004,+010
+004,+010
+004,+010
+004,+012
+004,+012
+004,+012
+004,+012
+004,+012
+004,+012
+004,+012
+004,+012
+004,+012
+004,+012
+004,+012
+004,+012
+004,+012
+004,+012
+004,+012
+004,+012
+004,+012
+004,+012
+004,+012
+004,+012
+004,+012
+004,+012
+004,+012
+004,+014
+004,+014
+004,+014
+004,+014
+004,+014
+004,+014
+004,+014
+004,+014
+004,+014
+004,+014
+004,+014
+004,+014
+004,+014
+004,+014
+004,+014
+004,+014
+004,+014
+004,+014
+004,+014
+004,+014
+004,+014
+004,+014
+004,+014
+004,+014
+004,+014
+004,+014
+004,+014
+004,+014
+004,+012
+004,+012
+004,+012
+004,+012
+004,+012
+004,+012
+004,+012
+004,+012
+004,+012
+004,+012
+004,+012
+004,+010
+004,+010
+004,+010
+004,+010
+004,+010
+004,+010
+004,+010
+004,+010
+004,+010
+004,+010
+004,+010
+004,+010
+004,+010
+004,+008
+004,+008
+004,+008
+004,+008
+004,+008
+004,+008
+004,+008
+004,+008
+004,+008
+004,+008
+004,+008
+004,+008
+004,+008
+004,+008
+004,+008
+004,+008
+004,+008
+004,+008
+004,+008
+004,+008
+004,+008
+004,+008
+004,+008
+004,+008
+004,+008
+006,+008
+006,+008
+006,+008
+006,+008
+006,+008
+006,+008
+006,+008
+006,+008
+006,+008
+006,+008
+006,+008
+006,+008
+006,+008
+006,+008
+006,+008
+006,+008
+006,+008
+006,+008
+006,+008
+006,+008
+006,+008
+006,+008
+006,+008
+006,+008
+006,+008
+006,+006
+006,+006
+006,+006
+006,+006
+006,+006
+006,+006
+006,+006
+006,+006
+006,+006
+006,+006
+006,+006
+006,+006
+006,+006
+006,+006
+006,+006
+006,+006
+006,+006
+006,+004
+006,+004
+006,+004
+006,+004
+006,+004
+006,+004
+006,+004
+006,+004
+006,+004
+006,+004
+006,+004
+006,+004
+006,+004
+006,+004
+006,+004
+006,+002
+006,+002
+006,+002
+006,+002
+006,+000
+006,+000
+006,+000
+006,+000
+006,+000
+006,+000
+006,+000
+006,+000
+006,+000
+006,+002
+008,+002
+008,+002
+008,+002
+008,-003
+008,-003
+008,-003
+008,-003
+008,-003
+008,-003
+008,-003
+008,-003
+008,-003
+008,-003
+008,-003
+008,-003
+008,-003
+008,-003
+008,-003
+008,-004
+008,-004
+008,-004
+008,-004
+008,-004
+008,-004
+008,-004
+008,-004
+008,-004
+008,-004
+008,-004
+008,-004
+008,-004
+008,-005
+008,-005
+008,-005
+008,-005
+008,-005
+008,-005
+008,-006
+008,-006
+008,-006
+008,-006
+008,-006
+008,-006
+008,-006
+008,-006
+008,-006
+008,-006
+008,-006
+008,-006
+008,-006
+008,-006
+008,-006
+008,-006
+008,-006
+008,-006
+008,-006
+008,-006
+008,-006
+008,-006
+008,-006
+008,-006
+008,-006
+008,-006
+008,-006
+008,-006
+008,-006
+008,-006
+008,-006
+008,-006
+008,-006
+008,-006
+008,-006
+008,-006
+008,-006
+008,-007
+008,-007
+008,-007
+008,-007
+008,-007
+008,-007
+008,-007
+008,-007
+008,-007
+008,-007
+008,-007
+008,-007
+008,-007
+008,-007
+008,-007
+008,-007
+008,-007
+008,-007
+008,-004
+008,-004
+008,-005
+008,-005
+008,-005
+008,-005
+008,-005
+008,-005
+008,-005
+008,-005
+008,-005
+008,-005
+008,-005
+008,-005
+008,-005
+008,-005
+008,-005
+008,-005
+008,-005
+008,-005
+008,-005
+010,-005
+010,-005
+010,-005
+010,-005
+010,-005
+010,-005
+010,-005
+010,-005
+010,+002
+010,+002
+012,+002
+012,+002
+012,+000
+012,+000
+012,+000
+012,+000
+012,+000
+012,+000
+012,+000
+012,+000
+012,+000
+012,+000
+012,+000
+012,+000
+012,+000
+012,+000
+012,+000
+012,+000
+012,+000
+012,+000
+012,+000
+012,+000
+012,+000
+012,+000
+012,+000
+012,+000
+012,+000
+012,+000
+012,+000
+012,+000
+012,+000
+012,+000
+012,+000
+012,+000
+012,+000
+012,+000
+012,+000
+012,+000
+012,+000
+012,+000
+012,+000
+012,+000
+012,+000
+012,+000
+012,+000
+012,+000
+012,+000
+012,+000
+012,+000
+012,+000
+012,+000
+012,+000
+012,+000
+012,+002
+012,+002
+012,+002
+012,+002
+012,+002
+012,+002
+012,+002
+012,+002
+012,+002
+012,+002
+012,+002
+012,+002
+012,+004
+012,+004
+012,+004
+012,+004
+012,+004
+012,+004
+010,+004
+010,+004
+010,+004
+010,+004
+010,+004
+010,+004
+010,+004
+010,+004
+010,+004
+010,+004
+010,+004
+010,+004
+010,+004
+010,+004
+010,+004
+010,+004
+010,+004
+010,+004
+010,+004
+010,+004
+010,+004
+010,+004
+010,+004
+010,+004
+010,+004
+010,+004
+010,+004
+010,+004
+010,+004
+010,+004
+010,+004
+010,+004
+010,+004
+010,+004
+010,+004
+010,+004
+010,+004
+010,+004
+010,+004
+010,+004
+010,+004
+010,+004
+010,+004
+010,+004
+010,+004
+010,+004
+010,+004
+010,+004
+010,+004
+010,+004
+010,+004
+010,+004
+010,+004
+010,+004
+010,+004
+010,+004
+010,+004
+010,+004
+012,+004
+012,+004
+012,+002
+012,+002
+012,+002
+012,+002
+012,+002
+012,+002
+012,+002
+012,+002
+012,+002
+012,+004
+012,+004
+012,+004
+012,+004
+012,+004
+012,+004
+012,+004
+012,+004
+012,+004
+012,+004
+012,+004
+012,+004
+012,+004
+012,+004
+012,+004
+012,+004
+012,+004
+012,+004
+012,+004
+012,+004
+012,+004
+012,+004
+012,+004
+012,+004
+012,+004
+012,+004
+012,+004
+012,+004
+012,+004
+012,+004
+012,+004
+012,+004
+012,+004
+012,+004
+012,+004
+012,+004
+012,+004
+012,+004
+012,+004
+012,+004
+012,+004
+012,+004
+012,+004
+012,+004
+012,+004
+012,+004
+012,+006
+012,+006
+012,+006
+012,+006
+012,+006
+012,+006
+012,+006
+012,+006
+012,+006
+012,+006
+012,+006
+012,+006
+012,+006
+012,+006
+012,+006
+012,+006
+012,+006
+012,+006
+012,+004
+014,+004
+014,+004
+014,+004
+014,+004
+014,+004
+014,+004
+014,+002
+014,+002
+014,+002
+014,+002
+014,+002
+014,+002
+014,+002
+014,+002
+014,+002
+014,+002
+014,+002
+014,+002
+014,+002
+014,+000
+014,+000
+014,+000
+014,+000
+014,+000
+014,+000
+014,+000
+014,+000
+014,+000
+014,+000
+014,+000
+014,+000
+014,+000
+014,+000
+014,+000
+014,+000
+014,+000
+014,+000
+014,+000
+014,+000
+014,+000
+014,+000
+014,+000
+014,+000
+014,+000
+014,+000
+014,+000
+014,+000
+014,+000
+014,+000
+014,+000
+014,+000
+014,+000
+014,+000
+014,+000
+014,+000
+014,+000
+014,+002
+014,+002
+014,+002
+014,+002
+014,+002
+014,+002
+014,+002
+014,+002
+014,+002
+014,+002
+014,+002
+014,+002
+014,+002
+014,+002
+014,+002
+014,+002
+014,+002
+014,+002
+014,+002
+014,+002
+014,+002
+014,+002
+014,+002
+014,+002
+014,+002
+014,+002
+014,+002
+014,+002
+014,+002
+014,+002
+014,+002
+014,+002
+014,+000
+014,+000
+014,+000
+014,+000
+014,+000
+014,+000
+014,+000
+014,+000
+014,+000
+014,+000
+014,+000
+014,+000
+014,+000
+014,+000
+014,+000
+014,+000
+014,+000
+014,+000
+014,+000
+014,+000
+014,+000
+014,+002
+014,+002
+014,+002
+014,+002
+014,+002
+014,+002
+014,+002
+014,+002
+014,+002
+014,+002
+014,+002
+012,-004
+012,-005
+012,-005
+012,-006
+012,-006
+012,-006
+012,-006
+012,-006
+012,-007
+012,-007
+012,-007
+012,-007
+012,-007
+012,-008
+012,-008
+012,-008
+012,-009
+012,-009
+012,-009
+012,-009
+012,-009
+012,-009
+012,-009
+012,-009
+012,-009
+012,-009
+012,-009
+012,-009
+012,-009
+010,-009
+010,-009
+010,-009
+010,-009
+010,-009
+010,-006
+010,-006
+010,-007
+010,-007
+010,-007
+010,-007
+010,-007
+010,-007
+010,-007
+010,-007
+010,-007
+010,-007
+010,-007
+010,-007
+010,-007
+010,-007
+010,-007
+010,-007
+010,-007
+010,-007
+010,-007
+010,-007
+010,-007
+010,-007
+010,-007
+010,-007
+010,-007
+010,-004
+010,-004
+010,-004
+010,-004
+010,-004
+010,-004
+010,-004
+010,-004
+010,-004
+010,-004
+010,-004
+010,-004
+010,-004
+010,-004
+010,-004
+010,-004
+010,-004
+010,-004
+010,-004
+010,-004
+010,-004
+010,-004
+010,-004
+010,-004
+010,-004
+010,-004
+010,-004
+010,-004
+010,-004
+010,-004
+010,-004
+010,-004
+010,-004
+010,-004
+010,-004
+010,-004
+010,-004
+010,-004
+010,-004
+010,-004
+010,-004
+010,-004
+010,-004
+010,-004
+010,-004
+010,-004
+010,-004
+010,-004
+010,-004
+010,-004
+010,-004
+010,-004
+010,-004
+010,-004
+010,-004
+010,-004
+010,-004
+010,-004
+010,-004
+010,-004
+010,-004
+010,-004
+010,-004
+010,-004
+010,-004
+010,-004
+010,-004
+010,-004
+010,-004
+010,+002
+010,+002
+012,+000
+012,+002
+012,+002
+012,+002
+010,+002
+010,+002
+010,+004
+010,+004
+010,+004
+010,+004
+010,+004
+010,+004
+010,+004
+010,+004
+010,+004
+010,+004
+010,+004
+010,+004
+010,+004
+010,+004
+010,+004
+010,+004
+010,+004
+010,+004
+010,+004
+010,+004
+010,+004
+010,+004
+010,+004
+010,+004
+010,+004
+010,+004
+010,+004
+010,+004
+010,+004
+010,+006
+010,+006
+010,+006
+010,+006
+010,+006
+010,+006
+010,+006
+010,+006
+010,+006
+008,+006
+008,+006
+008,+006
+008,+006
+008,+006
+008,+006
+008,+006
+008,+006
+008,+008
+008,+008
+008,+008
+008,+008
+008,+008
+008,+008
+008,+008
+008,+008
+008,+008
+008,+008
+008,+008
+008,+008
+008,+008
+008,+008
+008,+008
+008,+008
+008,+008
+008,+008
+008,+008
+008,+008
+008,+008
+008,+008
+008,+008
+008,+008
+008,+008
+008,+008
+008,+008
+008,+008
+008,+008
+008,+008
+008,+008
+008,+008
+008,+008
+008,+008
+008,+008
+008,+008
+008,+008
+008,+008
+008,+008
+008,+008
+008,+008
+008,+008
+008,+008
+008,+008
+008,+008
+008,+008
+008,+008
+008,+008
+008,+008
+008,+008
+008,+008
+008,+008
+008,+008
+008,+008
+008,+008
+008,+008
+008,+010
+008,+010
+008,+010
+008,+010
+008,+010
+008,+010
+008,+010
+008,+012
+008,+012
+008,+012
+008,+012
+008,+012
+008,+012
+008,+012
+008,+012
+008,+012
+008,+012
+008,+014
+008,+014
+008,+014
+008,+014
+008,+014
+008,+016
+008,+016
+008,+016
+008,+016
+008,+016
+008,+016
+008,+016
+008,+016
+008,+016
+008,+018
+008,+018
+008,+018
+008,+018
+008,+018
+008,+018
+008,+018
+008,+018
+008,+018
+008,+018
+008,+018
+008,+016
+008,+016
+010,+016
+010,+016
+010,+016
+010,+016
+010,+016
+010,+016
+010,+016
+010,+016
+010,+016
+010,+016
+010,+016
+010,+016
+010,+016
+010,+016
+010,+016
+010,+016
+010,+016
+010,+016
+010,+016
+010,+016
+010,+016
+010,+018
+010,+018
+010,+018
+010,+018
+010,+018
+010,+018
+010,+018
+010,+018
+010,+018
+010,+018
+010,+018
+010,+018
+010,+018
+010,+018
+010,+018
+010,+018
+010,+018
+010,+018
+010,+018
+010,+018
+010,+018
+010,+018
+010,+018
+010,+018
+010,+018
+010,+018
+010,+020
+010,+020
+008,+020
+008,+020
+008,+020
+008,+020
+008,+020
+008,+020
+008,+020
+008,+020
+008,+020
+008,+022
+008,+022
+008,+022
+008,+022
+008,+022
+008,+022
+008,+022
+008,+022
+008,+022
+008,+022
+008,+022
+008,+022
+008,+022
+008,+022
+008,+022
+008,+022
+008,+022
+006,+022
+006,+022
+006,+022
+006,+022
+006,+022
+006,+022
+006,+022
+006,+022
+006,+022
+006,+022
+006,+022
+006,+022
+006,+022
+006,+022
+006,+022
+006,+022
+006,+022
+006,+022
+006,+022
+006,+022
+006,+022
+006,+022
+006,+022
+006,+022
+006,+022
+006,+022
+006,+022
+006,+022
+006,+022
+006,+022
+006,+020
+006,+020
+006,+020
+008,+020
+008,+020
+008,+020
+008,+020
+008,+020
+008,+020
+008,+020
+008,+020
+008,+020
+008,+020
+008,+020
+008,+020
+008,+020
+008,+020
+008,+020
+008,+020
+008,+018
+008,+018
+008,+018
+008,+018
+008,+018
+008,+018
+008,+018
+008,+018
+008,+018
+008,+018
+008,+018
+008,+018
+008,+018
+008,+018
+008,+018
+008,+018
+008,+018
+008,+018
+008,+018
+008,+018
+008,+016
+008,+016
+008,+016
+008,+016
+008,+016
+008,+016
+008,+016
+008,+016
+008,+016
+008,+016
+008,+016
+008,+016
+008,+016
+008,+016
+008,+016
+008,+014
+008,+014
+008,+014
+008,+014
+008,+014
+008,+014
+008,+014
+008,+014
+008,+014
+008,+014
+008,+014
+008,+014
+008,+014
+008,+014
+008,+016
+008,+016
+008,+016
+008,+016
+008,+016
+008,+016
+008,+016
+008,+016
+008,+016
+008,+016
+008,+018
+008,+018
+008,+018
+008,+018
+008,+018
+008,+018
+008,+018
+008,+018
+008,+018
+008,+018
+008,+018
+008,+018
+008,+018
+008,+018
+008,+018
+008,+018
+008,+018
+008,+018
+008,+018
+008,+018
+008,+018
+008,+018
+008,+016
+008,+016
+008,+016
+008,+014
+008,+014
+008,+014
+008,+014
+008,+014
+008,+012
+008,+012
+008,+012
+008,+010
+008,+010
+008,+010
+008,+010
+008,+010
+008,+008
+008,+008
+008,+008
+008,+008
+008,+008
+008,+008
+010,+008
+010,+008
+010,+008
+010,+008
+010,+008
+010,+006
+010,+006
+010,+006
+010,+006
+010,+006
+010,+006
+010,+006
+010,+006
+010,+006
+010,+006
+010,+006
+010,+006
+010,+006
+010,+006
+010,+006
+010,+008
+010,+008
+010,+008
+010,+008
+010,+008
+010,+008
+010,+008
+010,+008
+010,+008
+010,+008
+010,+008
+010,+008
+010,+008
+010,+010
+010,+010
+010,+010
+010,+010
+010,+010
+010,+010
+010,+010
+008,+010
+008,+010
+008,+010
+008,+010
+008,+012
+008,+012
+008,+012
+008,+012
+008,+012
+008,+012
+008,+014
+008,+014
+008,+014
+008,+014
+008,+014
+008,+014
+008,+014
+008,+014
+008,+014
+008,+014
+008,+014
+008,+014
+008,+014
+008,+014
+008,+014
+008,+014
+008,+014
+008,+014
+008,+014
+008,+012
+008,+012
+008,+012
+008,+012
+008,+012
+008,+012
+008,+012
+008,+012
+008,+010
+008,+010
+008,+010
+008,+010
+008,+010
+008,+010
+008,+010
+008,+010
+006,+010
+006,+010
+006,+010
+006,+010
+006,+010
+006,+010
+006,+010
+006,+010
+006,+010
+006,+010
+006,+010
+006,+010
+006,+010
+006,+010
+006,+010
+006,+010
+006,+010
+006,+010
+006,+010
+006,+010
+006,+010
+006,+010
+006,+010
+006,+010
+006,+010
+006,+010
+006,+010
+006,+010
+006,+010
+006,+010
+006,+010
+006,+010
+006,+010
+006,+010
+006,+010
+006,+012
+006,+012
+006,+012
+006,+012
+006,+012
+006,+012
+006,+012
+006,+012
+006,+012
+006,+012
+006,+012
+006,+012
+006,+012
+008,+012
+008,+012
+008,+012
+008,+012
+008,+012
+008,+012
+008,+012
+008,+012
+008,+012
+008,+012
+008,+012
+008,+012
+008,+012
+008,+012
+008,+012
+008,+012
+008,+014
+008,+014
+008,+014
+008,+014
+008,+014
+008,+014
+008,+014
+008,+014
+006,+014
+006,+014
+006,+014
+006,+014
+006,+014
+006,+014
+006,+014
+006,+014
+006,+014
+006,+014
+006,+014
+006,+014
+006,+014
+006,+014
+006,+014
+006,+014
+006,+014
+006,+014
+006,+014
+006,+014
+006,+014
+006,+014
+006,+014
+006,+014
+006,+014
+006,+014
+006,+014
+006,+014
+006,+014
+006,+014
+006,+014
+006,+014
+006,+014
+006,+014
+006,+014
+006,+014
+006,+014
+006,+014
+006,+014
+006,+014
+006,+014
+006,+014
+006,+014
+006,+014
+006,+014
+006,+014
+006,+014
+006,+014
+006,+014
+006,+014
+006,+014
+006,+014
+006,+014
+006,+014
+006,+014
+006,+014
+006,+014
+006,+014
+006,+014
+006,+014
+006,+014
+006,+014
+006,+014
+006,+014
+006,+014
+006,+014
+006,+014
+006,+014
+006,+014
+006,+014
+006,+014
+006,+014
+006,+014
+006,+014
+006,+014
+006,+014
+006,+014
+006,+014
+006,+014
+006,+014
+006,+014
+006,+014
+008,+014
+008,+014
+008,+014
+008,+012
+008,+012
+008,+012
+008,+012
+008,+012
+008,+012
+008,+012
+008,+012
+008,+012
+008,+012
+008,+012
+008,+012
+008,+012
+008,+010
+008,+010
+008,+010
+008,+010
+008,+010
+008,+010
+008,+010
+008,+010
+008,+010
+008,+010
+008,+010
+008,+010
+008,+012
+008,+012
+008,+012
+008,+012
+008,+012
+008,+012
+010,+012
+010,+012
+010,+012
+010,+012
+010,+012
+010,+012
+010,+012
+010,+012
+010,+012
+010,+012
+010,+012
+010,+012
+010,+012
+010,+012
+010,+012
+010,+012
+010,+012
+010,+012
+010,+012
+010,+012
+010,+012
+010,+012
+010,+012
+010,+012
+010,+012
+010,+012
+010,+012
+010,+012
+010,+012
+010,+012
+010,+012
+010,+012
+010,+012
+010,+012
+010,+012
+010,+012
+010,+012
+010,+012
+010,+012
+010,+012
+010,+012
+010,+012
+010,+012
+010,+012
+010,+012
+010,+012
+010,+012
+010,+012
+010,+012
+010,+012
+010,+012
+008,+012
+008,+012
+008,+012
+008,+012
+008,+012
+008,+012
+008,+012
+008,+012
+008,+012
+008,+012
+008,+012
+008,+012
+008,+014
+008,+014
+008,+014
+008,+014
+008,+014
+008,+014
+008,+014
+008,+014
+008,+014
+008,+014
+008,+014
+008,+014
+008,+014
+008,+014
+008,+014
+008,+014
+008,+014
+008,+014
+008,+014
+008,+014
+008,+014
+008,+014
+008,+014
+008,+014
+008,+014
+008,+012
+008,+012
+008,+012
+008,+012
+008,+012
+008,+012
+008,+012
+008,+012
+008,+012
+008,+012
+008,+010
+008,+010
+008,+010
+008,+010
+008,+010
+008,+010
+008,+010
+008,+010
+008,+010
+008,+010
+008,+010
+008,+010
+008,+010
+008,+010
+008,+010
+008,+010
+008,+010
+008,+010
+008,+010
+008,+012
+008,+012
+008,+012
+008,+012
+008,+012
+008,+012
+008,+012
+008,+012
+008,+012
+008,+014
+008,+014
+008,+014
+008,+014
+008,+014
+008,+014
+008,+014
+008,+014
+008,+014
+008,+016
+008,+016
+008,+016
+008,+016
+008,+016
+008,+018
+008,+018
+008,+018
+008,+018
+008,+020
+008,+020
+008,+020
+008,+020
+008,+020
+008,+020
+008,+022
+008,+022
+008,+022
+008,+022
+008,+022
+006,+022
+006,+022
+006,+022
+006,+022
+006,+022
+006,+022
+006,+022
+006,+020
+006,+020
+006,+020
+006,+020
+006,+018
+006,+018
+006,+018
+006,+018
+006,+018
+006,+016
+006,+016
+006,+016
+006,+014
+006,+014
+006,+014
+006,+014
+008,+014
+008,+012
+008,+012
+008,+012
+008,+012
+008,+012
+008,+012
+008,+012
+008,+012
+008,+012
+008,+010
+008,+010
+008,+010
+008,+010
+008,+010
+008,+010
+008,+010
+008,+010
+008,+010
+008,+010
+008,+010
+008,+010
+008,+010
+008,+010
+008,+010
+008,+010
+008,+010
+008,+010
+008,+010
+008,+010
+008,+010
+008,+010
+008,+010
+008,+010
+008,+010
+008,+010
+008,+010
+008,+010
+008,+010
+008,+010
+008,+010
+008,+010
+008,+010
+010,+010
+010,+010
+010,+010
+010,+010
+010,+010
+010,+010
+010,+010
+010,+010
+010,+010
+010,+010
+010,+010
+010,+010
+010,+010
+010,+010
+010,+010
+010,+010
+010,+010
+010,+010
+010,+010
+010,+010
+010,+010
+010,+010
+010,+012
+010,+012
+010,+012
+010,+012
+010,+012
+010,+012
+010,+012
+010,+012
+010,+012
+010,+012
+010,+012
+010,+012
+010,+012
+010,+012
+010,+012
+010,+012
+010,+012
+010,+012
+010,+012
+010,+012
+010,+012
+010,+012
+010,+012
+010,+012
+010,+012
+010,+012
+010,+012
+010,+012
+010,+012
+010,+012
+010,+014
+012,+014
+012,+014
+012,+014
+012,+014
+012,+014
+012,+014
+012,+014
+012,+014
+012,+014
+012,+014
+012,+014
+012,+014
+012,+014
+012,+014
+012,+014
+012,+014
+012,+014
+012,+014
+012,+014
+012,+014
+012,+014
+012,+014
+012,+014
+012,+014
+012,+014
+012,+014
+012,+014
+012,+014
+012,+014
+012,+014
+012,+014
+012,+014
+012,+014
+012,+014
+012,+014
+012,+014
+012,+014
+012,+014
+012,+014
+012,+014
+012,+014
+012,+014
+012,+014
+012,+014
+012,+014
+012,+014
+012,+014
+012,+014
+012,+014
+012,+014
+012,+014
+012,+014
+012,+014
+012,+014
+012,+014
+012,+014
+012,+014
+012,+014
+012,+014
+012,+014
+012,+014
+012,+016
+012,+016
+012,+016
+012,+016
+012,+016
+012,+016
+012,+016
+012,+016
+012,+016
+012,+016
+010,+016
+010,+016
+010,+016
+010,+016
+010,+016
+010,+016
+010,+016
+010,+016
+010,+016
+010,+016
+010,+016
+010,+016
+010,+016
+010,+016
+010,+016
+010,+016
+010,+016
+010,+016
+010,+016
+010,+016
+010,+016
+010,+016
+010,+016
+010,+016
+010,+016
+010,+016
+010,+016
+010,+016
+010,+016
+010,+016
+010,+016
+010,+016
+010,+016
+010,+016
+010,+016
+010,+016
+010,+016
+010,+016
+010,+016
+010,+016
+010,+016
+010,+016
+010,+016
+010,+016
+010,+016
+010,+016
+010,+016
+010,+016
+010,+016
+010,+016
+010,+016
+010,+016
+010,+016
+010,+016
+010,+016
+010,+016
+010,+016
+010,+016
+010,+016
+010,+016
+010,+016
+010,+016
+010,+016
+010,+016
+010,+016
+010,+018
+010,+018
+010,+018
+010,+018
+010,+018
+010,+018
+010,+018
+010,+018
+010,+018
+010,+018
+010,+018
+010,+018
+010,+018
+010,+018
+010,+018
+010,+018
+010,+018
+010,+018
+010,+018
+010,+018
+010,+018
+010,+018
+010,+018
+010,+018
+010,+018
+010,+018
+010,+018
+010,+018
+010,+018
+010,+018
+010,+018
+010,+018
+010,+018
+010,+018
+010,+018
+010,+018
+010,+018
+010,+018
+010,+018
+010,+018
+010,+018
+010,+018
+010,+018
+010,+018
+010,+018
+010,+018
+010,+018
+010,+018
+010,+018
+010,+018
+010,+018
+010,+016
+010,+016
+010,+016
+010,+016
+010,+016
+010,+016
+010,+016
+010,+016
+010,+016
+010,+016
+010,+016
+010,+016
+010,+016
+010,+016
+010,+016
+010,+016
+010,+016
+010,+016
+010,+016
+010,+016
+010,+016
+010,+014
+010,+014
+010,+014
+010,+014
+010,+014
+010,+014
+010,+014
+010,+014
+010,+014
+010,+014
+010,+014
+010,+014
+010,+014
+010,+014
+010,+014
+010,+014
+010,+014
+010,+014
+010,+014
+010,+014
+010,+014
+010,+014
+010,+014
+010,+014
+010,+014
+010,+014
+010,+014
+010,+014
+010,+014
+010,+014
+010,+014
+010,+014
+010,+014
+010,+014
+010,+014
+010,+016
+010,+016
+010,+016
+010,+016
+010,+016
+010,+016
+010,+016
+010,+016
+010,+016
+010,+016
+010,+016
+010,+016
+010,+016
+010,+018
+010,+018
+010,+018
+010,+018
+010,+018
+010,+018
+010,+018
+010,+018
+010,+018
+010,+018
+010,+018
+010,+018
+010,+018
+010,+018
+010,+018
+010,+018
+010,+018
+010,+018
+010,+018
+010,+018
+010,+018
+010,+018
+010,+018
+010,+018
+010,+018
+010,+016
+010,+016
+010,+016
+010,+016
+010,+016
+010,+016
+010,+016
+010,+016
+010,+016
+010,+016
+010,+016
+010,+016
+010,+016
+010,+014
+010,+014
+010,+014
+010,+014
+010,+014
+010,+014
+010,+014
+010,+014
+010,+014
+010,+014
+010,+014
+010,+014
+010,+014
+010,+014
+010,+014
+010,+014
+010,+014
+010,+014
+010,+012
+010,+012
+010,+012
+010,+012
+010,+012
+010,+012
+010,+012
+010,+012
+010,+012
+010,+012
+010,+012
+010,+012
+010,+012
+010,+010
+010,+010
+010,+010
+010,+010
+012,+010
+012,+010
+012,+010
+012,+010
+012,+010
+012,+010
+012,+010
+012,+010
+012,+010
+012,+010
+012,+010
+012,+010
+012,+010
+012,+010
+012,+010
+012,+010
+012,+010
+012,+010
+012,+010
+012,+010
+012,+010
+012,+010
+012,+010
+012,+010
+012,+010
+012,+010
+012,+010
+012,+010
+012,+010
+012,+010
+012,+010
+012,+010
+012,+008
+012,+008
+012,+008
+012,+008
+012,+008
+012,+008
+012,+008
+012,+006
+012,+006
+012,+006
+012,+006
+012,+006
+012,+006
+012,+006
+012,+006
+014,+006
+014,+006
+014,+004
+014,+004
+014,+004
+014,+004
+014,+004
+014,+004
+014,+004
+014,+004
+014,+004
+014,+002
+014,+002
+014,+002
+014,+002
+014,+002
+014,+002
+014,+002
+014,+002
+014,+002
+014,+002
+014,+002
+014,+002
+014,+002
+014,+002
+014,+002
+014,+002
+014,+002
+014,+002
+014,+002
+014,+004
+014,+004
+014,+004
+014,+004
+014,+004
+014,+004
+014,+004
+014,+004
+014,+004
+014,+004
+014,+006
+014,+006
+014,+006
+014,+006
+014,+006
+014,+006
+016,+004
+016,+004
+016,+004
+016,+004
+016,+004
+016,+004
+016,+004
+016,+004
+016,+004
+016,+004
+016,+004
+016,+004
+016,+004
+016,+004
+016,+004
+016,+004
+016,+004
+016,+004
+016,+004
+016,+004
+016,+002
+016,+002
+016,+002
+016,+002
+016,+002
+016,+002
+016,+002
+016,+002
+016,+002
+016,+002
+016,+002
+016,+002
+016,+002
+016,+002
+016,+002
+016,+002
+016,+002
+016,+002
+016,+002
+016,+002
+016,+004
+016,+004
+016,+004
+016,+004
+016,+004
+016,+004
+016,+004
+016,+004
+016,+004
+016,+004
+016,+004
+016,+004
+016,+004
+016,+004
+016,+004
+016,+004
+016,+004
+016,+004
+016,+004
+016,+004
+016,+004
+016,+004
+016,+004
+016,+004
+016,+004
+016,+004
+016,+004
+016,+004
+016,+004
+016,+004
+016,+004
+016,+004
+016,+004
+016,+004
+016,+004
+016,+004
+016,+004
+016,+004
+016,+004
+016,+004
+016,+004
+016,+004
+016,+004
+016,+004
+016,+004
+016,+004
+016,+004
+016,+004
+016,+004
+016,+004
+016,+004
+016,+004
+016,+004
+016,+004
+016,+004
+016,+004
+016,+004
+016,+004
+016,+004
+016,+004
+016,+004
+016,+004
+016,+004
+016,+004
+016,+004
+016,+004
+016,+004
+016,+004
+016,+004
+016,+004
+016,+004
+016,+004
+016,+004
+016,+004
+016,+004
+016,+004
+016,+004
+016,+004
+016,+004
+016,+004
+016,+004
+016,+004
+016,+004
+016,+004
+016,+004
+016,+004
+016,+004
+016,+004
+016,+004
+016,+004
+016,+004
+016,+004
+016,+004
+016,+004
+016,+004
+016,+004
+016,+004
+016,+004
+016,+004
+016,+004
+016,+004
+016,+004
+016,+004
+016,+004
+016,+004
+016,+004
+016,+004
+016,+004
+016,+004
+016,+004
+016,+004
+016,+004
+016,+004
+016,+004
+016,+004
+016,+004
+016,+004
+016,+004
+016,+004
+016,+004
+016,+004
+016,+004
+016,+004
+016,+004
+016,+004
+016,+004
+016,+004
+016,+004
+014,+004
+014,+004
+014,+004
+014,+004
+014,+004
+014,+004
+014,+004
+014,+004
+014,+004
+014,+004
+014,+004
+014,+004
+014,+006
+014,+006
+014,+006
+014,+006
+014,+006
+014,+006
+014,+006
+014,+006
+014,+008
+014,+008
+014,+008
+014,+008
+014,+008
+014,+008
+014,+008
+014,+008
+014,+008
+014,+008
+014,+010
+014,+010
+014,+010
+014,+010
+014,+010
+014,+010
+014,+010
+014,+010
+014,+010
+014,+010
+014,+010
+014,+010
+014,+010
+014,+010
+014,+010
+014,+010
+014,+010
+014,+010
+014,+010
+014,+010
+014,+010
+014,+010
+014,+010
+014,+010
+014,+010
+014,+010
+014,+010
+014,+010
+014,+010
+014,+010
+014,+010
+014,+010
+014,+010
+014,+010
+014,+010
+014,+010
+014,+010
+014,+010
+014,+010
+014,+010
+014,+010
+014,+010
+014,+010
+014,+010
+014,+010
+014,+010
+014,+010
+014,+010
+014,+010
+014,+010
+014,+010
+014,+010
+014,+010
+014,+010
+014,+010
+014,+010
+014,+010
+014,+010
+014,+010
+014,+010
+014,+010
+014,+010
+014,+010
+014,+010
+014,+010
+014,+010
+014,+010
+014,+010
+016,+010
+016,+010
+016,+010
+016,+010
+016,+010
+016,+010
+016,+010
+016,+010
+016,+010
+016,+010
+016,+010
+016,+010
+016,+010
+016,+010
+016,+010
+016,+010
+016,+010
+016,+010
+016,+008
+016,+008
+016,+008
+016,+008
+016,+008
+016,+008
+016,+008
+016,+008
+016,+008
+016,+008
+016,+008
+016,+008
+016,+008
+016,+008
+016,+008
+016,+008
+016,+008
+016,+008
+016,+008
+016,+008
+016,+008
+018,+008
+018,+008
+018,+008
+018,+008
+018,+008
+018,+008
+018,+008
+018,+008
+018,+008
+018,+008
+018,+008
+018,+008
+018,+008
+018,+008
+018,+008
+018,+008
+018,+008
+018,+008
+018,+008
+018,+008
+018,+008
+018,+008
+018,+008
+018,+008
+018,+008
+018,+008
+018,+008
+018,+008
+018,+008
+018,+008
+018,+008
+018,+008
+018,+008
+020,+008
+020,+008
+020,+006
+020,+006
+020,+006
+020,+006
+020,+006
+020,+006
+020,+006
+020,+006
+020,+006
+020,+006
+020,+006
+020,+006
+020,+006
+020,+006
+020,+006
+020,+006
+020,+006
+020,+006
+020,+006
+020,+006
+020,+006
+020,+006
+020,+006
+018,+004
+018,+004
+018,+004
+018,+004
+018,+004
+018,+004
+018,+004
+018,+004
+018,+004
+018,+004
+018,+004
+018,+004
+018,+004
+018,+004
+018,+004
+018,+004
+018,+004
+018,+004
+018,+004
+018,+004
+018,+004
+018,+004
+018,+004
+018,+004
+018,+004
+018,+004
+018,+004
+018,+004
+018,+004
+018,+004
+018,+004
+018,+004
+018,+004
+018,+004
+018,+004
+018,+004
+018,+004
+018,+004
+018,+004
+018,+004
+018,+004
+018,+004
+018,+004
+018,+004
+018,+004
+018,+004
+018,+004
+018,+004
+018,+004
+018,+004
+018,+004
+018,+004
+018,+004
+018,+004
+018,+004
+018,+004
+018,+004
+018,+004
+018,+004
+018,+004
+018,+004
+018,+004
+018,+004
+018,+004
+018,+004
+018,+004
+018,+004
+018,+004
+018,+004
+018,+004
+018,+004
+018,+004
+018,+004
+018,+004
+018,+004
+018,+004
+018,+004
+018,+004
+018,+004
+018,+004
+018,+004
+018,+004
+018,+004
+018,+004
+018,+004
+018,+004
+018,+004
+018,+004
+018,+004
+018,+004
+018,+004
+018,+004
+018,+004
+018,+004
+018,+004
+018,+004
+018,+004
+018,+004
+018,+002
+018,+002
+018,+002
+018,+002
+018,+002
+018,+002
+018,+002
+018,+002
+018,+002
+018,+002
+018,+002
+018,+002
+018,+002
+018,+002
+018,+002
+018,+002
+018,+002
+018,+002
+018,+002
+018,+002
+018,+002
+018,+002
+018,+002
+018,+002
+018,+002
+016,+002
+016,+002
+016,+002
+016,+002
+016,+002
+016,+002
+016,+002
+016,+002
+016,+002
+016,+002
+016,+002
+016,+002
+016,+002
+016,+002
+016,+002
+016,+002
+016,+002
+016,+002
+016,+002
+016,+002
+016,+002
+016,+002
+016,+002
+016,+002
+016,+002
+016,+002
+016,+002
+016,+002
+016,+002
+016,+002
+016,+002
+016,+002
+016,+002
+016,+002
+016,+002
+016,+002
+016,+002
+016,+002
+016,+002
+016,+002
+016,+002
+016,+002
+016,+002
+016,+000
+016,+000
+016,+000
+016,+000
+016,+000
+016,+000
+016,+000
+016,+000
+016,+000
+016,+000
+016,+000
+016,+000
+016,+000
+016,+000
+016,+000
+016,+000
+016,+000
+016,+000
+016,+000
+016,+000
+016,+000
+016,+000
+016,+000
+016,+000
+014,+000
+014,+000
+014,+000
+014,+000
+014,+000
+014,+000
+014,+000
+014,+000
+014,+000
+014,+000
+014,+000
+014,+000
+014,+000
+014,+000
+014,+000
+014,+002
+014,+002
+014,+002
+014,+002
+014,+002
+014,+002
+014,+002
+014,+002
+014,+002
+014,+002
+014,+002
+014,+002
+014,+002
+014,+002
+014,+002
+014,+002
+014,+002
+014,+002
+014,+002
+014,+002
+014,+002
+014,+002
+014,+002
+014,+002
+014,+002
+014,+002
+014,+002
+014,+002
+014,+002
+014,+002
+014,+002
+014,+002
+014,+002
+014,+002
+014,+000
+014,+000
+014,+000
+014,+000
+014,+000
+014,+000
+014,+000
+014,+000
+014,+000
+014,+000
+014,+000
+014,+000
+014,+000
+016,+000
+016,+000
+016,+000
+016,+000
+016,+000
+016,+000
+016,+000
+016,+000
+016,+000
+016,+000
+016,+000
+016,+000
+016,+000
+016,+000
+016,+000
+016,+000
+016,+000
+016,+000
+016,+000
+016,+000
+016,+000
+016,+000
+016,+000
+016,+000
+016,+000
+016,+000
+016,+000
+016,+000
+016,+000
+016,+000
+016,+000
+016,+000
+016,+000
+016,+000
+016,+002
+016,+002
+016,+002
+016,+002
+016,+002
+016,+002
+016,+004
+016,+004
+016,+004
+018,+004
+018,+004
+018,+004
+018,+004
+018,+004
+018,+004
+018,+004
+018,+004
+018,+004
+018,+004
+018,+004
+018,+004
+018,+004
+018,+004
+018,+004
+018,+004
+018,+004
+018,+004
+018,+004
+018,+004
+018,+004
+018,+004
+018,+004
+018,+004
+018,+004
+018,+004
+018,+004
+018,+004
+018,+004
+018,+004
+018,+004
+018,+004
+018,+004
+018,+004
+018,+004
+018,+004
+018,+004
+018,+004
+018,+004
+018,+004
+018,+004
+018,+004
+018,+004
+018,+004
+018,+004
+018,+004
+018,+004
+018,+004
+018,+004
+018,+004
+020,+004
+020,+004
+020,+004
+020,+006
+020,+006
+020,+006
+020,+006
+020,+006
+020,+006
+020,+006
+020,+006
+020,+006
+020,+006
+020,+006
+020,+006
+020,+006
+020,+006
+020,+006
+020,+006
+020,+006
+020,+006
+020,+006
+020,+006
+020,+008
+020,+008
+020,+008
+020,+008
+020,+008
+020,+008
+020,+008
+020,+008
+020,+008
+020,+008
+020,+008
+020,+008
+020,+008
+020,+008
+020,+010
+020,+010
+020,+010
+020,+010
+020,+010
+020,+010
+020,+010
+020,+010
+020,+010
+020,+010
+020,+010
+020,+010
+020,+010
+020,+010
+020,+010
+020,+010
+020,+010
+020,+010
+018,+010
+018,+010
+018,+010
+018,+010
+018,+010
+018,+012
+018,+010
+018,+010
+018,+010
+020,+010
+020,+010
+020,+010
+020,+010
+020,+010
+020,+010
+020,+010
+020,+010
+020,+010
+020,+010
+020,+010
+020,+010
+020,+010
+020,+012
+020,+012
+020,+012
+020,+012
+020,+012
+018,+012
+018,+012
+018,+012
+018,+012
+018,+012
+018,+012
+018,+012
+018,+012
+018,+012
+018,+012
+018,+012
+018,+012
+018,+014
+018,+014
+018,+014
+018,+014
+018,+014
+018,+014
+018,+014
+018,+014
+018,+014
+018,+014
+018,+014
+018,+014
+018,+014
+018,+014
+018,+016
+018,+016
+018,+016
+018,+016
+018,+016
+018,+016
+018,+016
+018,+016
+018,+016
+018,+016
+018,+016
+018,+016
+018,+016
+018,+016
+018,+016
+018,+016
+018,+016
+018,+016
+018,+016
+018,+016
+018,+016
+018,+016
+018,+016
+018,+016
+018,+016
+018,+016
+018,+016
+018,+016
+018,+016
+018,+016
+018,+016
+018,+016
+018,+018
+018,+018
+018,+018
+018,+018
+018,+018
+018,+018
+018,+018
+018,+018
+018,+018
+018,+018
+018,+018
+018,+018
+018,+018
+018,+018
+018,+018
+018,+018
+018,+018
+018,+018
+018,+018
+018,+018
+018,+018
+018,+018
+018,+018
+018,+018
+018,+018
+018,+018
+018,+018
+018,+018
+018,+018
+018,+018
+018,+018
+018,+018
+018,+018
+018,+018
+018,+018
+018,+018
+018,+018
+018,+018
+018,+018
+018,+018
+018,+018
+018,+018
+018,+018
+018,+018
+018,+018
+018,+018
+018,+018
+018,+018
+018,+018
+018,+018
+018,+018
+018,+018
+018,+018
+018,+018
+018,+018
+018,+018
+018,+018
+018,+018
+018,+018
+018,+018
+018,+018
+018,+018
+018,+018
+018,+018
+018,+018
+018,+018
+018,+018
+018,+018
+018,+018
+018,+018
+018,+018
+018,+016
+018,+016
+018,+016
+018,+016
+018,+016
+018,+016
+018,+016
+018,+016
+018,+016
+018,+016
+018,+016
+018,+016
+018,+016
+018,+016
+016,+016
+016,+016
+016,+016
+016,+016
+016,+016
+016,+016
+016,+016
+016,+016
+016,+016
+016,+016
+016,+016
+016,+016
+016,+016
+016,+016
+016,+016
+016,+016
+016,+016
+016,+016
+016,+016
+016,+016
+016,+016
+016,+016
+016,+016
+016,+016
+016,+016
+016,+016
+016,+016
+016,+016
+016,+016
+016,+016
+016,+016
+016,+016
+016,+016
+016,+016
+016,+016
+016,+016
+016,+016
+016,+016
+016,+016
+016,+016
+016,+016
+016,+018
+016,+018
+016,+018
+016,+018
+016,+018
+016,+018
+016,+018
+016,+018
+016,+018
+016,+018
+016,+018
+016,+018
+016,+018
+016,+018
+016,+018
+016,+018
+016,+018
+016,+018
+016,+018
+016,+018
+016,+018
+016,+018
+016,+018
+016,+018
+016,+018
+016,+018
+016,+018
+016,+018
+018,+018
+018,+018
+018,+018
+018,+018
+018,+018
+018,+018
+018,+018
+018,+018
+018,+018
+018,+018
+018,+018
+018,+018
+018,+018
+018,+018
+018,+018
+018,+018
+018,+018
+018,+018
COP Area(S): 000364
COP Area(R): 000577