+000,-000
+001,-000
+001,-000
+001,-000
+003,-000
+003,-000
+003,-000
+003,-000
+003,-000
+003,-000
+003,-000
+003,-000
+003,-000
+005,-000
+005,-000
+005,-000
+005,-000
+005,-000
+005,-000
+005,-000
+005,-000
+007,-000
+007,-000
+007,-000
+007,-000
+007,-000
+007,-000
+007,-000
+009,-000
+009,-000
+009,-000
+009,-000
+009,-000
+009,-000
+009,-000
+009,-000
+011,-004
+011,-003
+011,-003
+011,-003
+011,-003
+011,-003
+011,-003
+011,-003
+011,-003
+011,-003
+011,-003
+011,-003
+011,-003
+011,-006
+011,-006
+013,-006
+013,-006
+013,-006
+013,-006
+013,-006
+013,-006
+013,-006
+013,-006
+013,-006
+013,-006
+013,-006
+013,-006
+013,-006
+013,-006
+013,-006
+013,-006
+013,-006
+013,-006
+013,-006
+013,-006
+013,-006
+013,-006
+013,-006
+013,-006
+013,-006
+013,-006
+013,-006
+013,-006
+013,-006
+013,-006
+013,-006
+013,-006
+013,-006
+013,-006
+013,-006
+013,-009
+013,-008
+013,-008
+013,-008
+013,-008
+013,-008
+013,-008
+013,-008
+013,-008
+013,-008
+013,-008
+013,-008
+013,-008
+013,-008
+013,-008
+013,-008
+013,-008
+013,-008
+013,-008
+013,-008
+013,-008
+013,-008
+013,-008
+013,-008
+013,-008
+013,-008
+013,-011
+013,-011
+013,-011
+013,-011
+013,-011
+013,-011
+013,-011
+013,-011
+013,-011
+013,-011
+013,-011
+013,-011
+013,-011
+013,-011
+013,-011
+013,-011
+013,-011
+013,-011
+013,-011
+013,-011
+013,-014
+013,-014
+013,-014
+013,-014
+013,-014
+013,-014
+013,-014
+013,-014
+013,-014
+013,-014
+013,-014
+013,-014
+013,-014
+013,-014
+013,-014
+013,-014
+013,-014
+013,-014
+013,-014
+013,-014
+013,-014
+013,-014
+013,-014
+013,-014
+013,-014
+013,-014
+013,-014
+011,-017
+011,-017
+011,-017
+011,-017
+011,-017
+011,-017
+011,-017
+011,-017
+011,-017
+011,-017
+011,-017
+011,-017
+011,-017
+011,-017
+009,-017
+009,-017
+009,-017
+009,-017
+009,-017
+009,-017
+009,-017
+009,-017
+009,-017
+009,-017
+009,-017
+009,-017
+009,-017
+007,-017
+007,-017
+007,-017
+007,-020
+007,-020
+007,-020
+007,-020
+007,-020
+007,-020
+007,-020
+007,-020
+007,-020
+005,-020
+005,-020
+005,-020
+005,-020
+005,-020
+005,-020
+005,-020
+005,-020
+003,-020
+003,-020
+003,-020
+003,-020
+003,-020
+003,-020
+003,-020
+001,-020
+001,-020
+001,-020
+001,-020
+001,-020
+001,-020
+001,-020
+001,-020
+001,-020
+001,-020
+001,-020
+001,-020
+001,-020
+001,-020
+001,-020
+001,-020
+001,-020
+001,-020
+001,-020
+001,-020
+001,-020
+001,-020
+001,-020
+001,-020
+001,-020
+001,-020
+001,-020
+001,-019
+001,-019
+001,-019
+001,-019
+001,-018
+001,-018
+001,-018
+001,-018
+003,-017
+003,-017
+003,-017
+003,-015
+005,-014
+005,-013
+005,-013
+005,-013
+005,-013
+005,-013
+005,-012
+005,-012
+005,-012
+005,-012
+005,-012
+005,-012
+005,-011
+005,-011
+005,-011
+005,-010
+005,-010
+005,-010
+005,-010
+005,-009
+005,-009
+005,-009
+005,-008
+005,-008
+005,-008
+005,-008
+005,-007
+005,-007
+005,-007
+005,-007
+005,-007
+005,-006
+005,-006
+005,-006
+005,-006
+005,-005
+005,-005
+005,-005
+005,-004
+005,-004
+005,-004
+005,-004
+005,-004
+005,-004
+005,-004
+005,-003
+005,-003
+005,-003
+005,-003
+005,-002
+005,-002
+005,-002
+005,-002
+005,-002
+003,-002
+003,-002
+003,-002
+003,-002
+003,-002
+003,-002
+003,-002
+003,-002
+001,-002
+001,-002
+001,-002
+001,-002
+001,-002
+001,-002
+001,-002
+001,-002
+001,-002
+001,-002
+001,-002
+001,-002
+001,-002
+001,-002
+001,-002
+001,-002
+001,-002
+001,-002
+001,-002
+001,-002
+001,-002
+001,-002
+001,-002
+001,-002
+001,-002
+001,-002
+001,-002
+001,-002
+001,-005
+001,-005
+001,-004
+001,-004
+001,-004
+003,-004
+003,-004
+003,-004
+003,-004
+003,-004
+003,-004
+003,-004
+003,-004
+003,-004
+003,-004
+003,-004
+003,-004
+003,-004
+003,-004
+003,-004
+003,-004
+003,-004
+003,-004
+003,-004
+003,-004
+003,-004
+003,-004
+003,-004
+003,-004
+003,-004
+003,-004
+003,-004
+003,-004
+003,-004
+003,-004
+003,-004
+003,-004
+003,-004
+003,-004
+005,-004
+005,-004
+005,-007
+005,-007
+005,-007
+005,-007
+005,-007
+007,-007
+007,-007
+007,-007
+007,-007
+007,-007
+007,-007
+007,-007
+007,-007
+007,-007
+007,-007
+007,-007
+007,-007
+007,-007
+007,-007
+007,-007
+007,-007
+007,-007
+007,-007
+007,-007
+007,-007
+007,-007
+007,-007
+007,-007
+007,-007
+007,-007
+007,-007
+007,-007
+007,-010
+007,-010
+007,-010
+007,-010
+007,-010
+007,-010
+007,-010
+007,-010
+005,-010
+005,-010
+005,-010
+005,-010
+005,-010
+005,-010
+005,-010
+005,-010
+005,-010
+005,-010
+005,-010
+005,-010
+005,-010
+005,-010
+003,-010
+003,-010
+003,-010
+003,-010
+003,-010
+003,-010
+003,-010
+003,-010
+003,-010
+003,-010
+003,-010
+003,-010
+003,-013
+003,-013
+003,-013
+003,-013
+003,-013
+003,-013
+003,-013
+003,-013
+003,-013
+003,-013
+003,-013
+003,-013
+003,-013
+003,-013
+003,-013
+003,-013
+003,-013
+003,-013
+003,-013
+003,-013
+003,-013
+001,-013
+001,-013
+001,-013
+001,-013
+001,-013
+001,-013
+001,-013
+001,-013
+001,-013
+001,-013
+001,-013
+001,-013
+001,-013
+001,-013
+001,-013
+001,-013
+001,-013
+001,-013
+001,-013
+001,-013
+001,-013
+001,-012
+001,-012
+003,-012
+003,-012
+003,-012
+003,-012
+003,-012
+003,-012
+003,-012
+003,-012
+003,-012
+003,-012
+003,-012
+003,-012
+003,-012
+003,-012
+003,-012
+003,-012
+003,-012
+003,-012
+003,-011
+003,-011
+003,-011
+003,-011
+003,-011
+003,-011
+003,-011
+003,-011
+003,-011
+003,-011
+003,-011
+003,-011
+003,-011
+003,-011
+003,-011
+003,-011
+003,-010
+003,-010
+003,-010
+003,-010
+003,-010
+003,-010
+003,-010
+003,-010
+003,-009
+003,-009
+003,-009
+003,-009
+003,-009
+003,-008
+003,-008
+003,-008
+003,-008
+003,-007
+003,-007
+003,-007
+003,-007
+003,-006
+003,-006
+003,-006
+003,-005
+003,-005
+003,-005
+003,-005
+003,-004
+003,-004
+003,-004
+003,-004
+003,-004
+003,-003
+003,-003
+003,-003
+003,-003
+003,-002
+003,-002
+003,-002
+003,-002
+003,-002
+003,-002
+003,-002
+003,-002
+003,-002
+003,-002
+003,-002
+003,-002
+003,-002
+003,-002
+003,-001
+003,-001
+003,-001
+003,-001
+003,-001
+003,-001
+003,-001
+003,-001
+003,-001
+003,-001
+003,-001
+003,-001
+003,-001
+003,-000
+003,-000
+003,-000
+003,-000
+003,-000
+003,-000
+003,-000
+003,-000
+003,-000
+003,-001
+003,-001
+003,-001
+003,-001
+003,-001
+003,-001
+003,-001
+003,-001
+003,-001
+003,-001
+003,-001
+003,-002
+003,-002
+003,-002
+003,-002
+003,-002
+003,-002
+003,-003
+003,-003
+003,-003
+003,-003
+003,-003
+003,-003
+003,-003
+003,-003
+003,-003
+003,-003
+003,-003
+003,-003
+003,-003
+003,-003
+003,-004
+003,-004
+003,-004
+003,-004
+003,-004
+003,-004
+003,-004
+003,-004
+003,-004
+003,-004
+003,-004
+003,-004
+003,-004
+003,-005
+003,-005
+003,-005
+003,-005
+003,-005
+003,-005
+003,-005
+003,-005
+003,-005
+003,-005
+001,-006
+001,-006
+001,-006
+001,-006
+001,-006
+001,-006
+001,-006
+001,-006
+001,-006
+001,-006
+001,-006
+001,-006
+001,-006
+001,-007
+001,-007
+001,-007
+001,-007
+001,-007
+001,-007
+001,-007
+001,-007
+001,-007
+001,-007
+001,-007
+001,-007
+001,-007
+001,-007
+001,-007
+001,-007
+003,-007
+003,-007
+003,-007
+003,-007
+003,-007
+003,-007
+003,-007
+003,-007
+003,-007
+003,-007
+003,-007
+003,-007
+003,-007
+003,-007
+003,-007
+005,-007
+005,-007
+005,-007
+005,-007
+005,-007
+005,-007
+005,-007
+005,-007
+005,-007
+005,-007
+005,-007
+005,-007
+005,-007
+005,-007
+005,-007
+005,-007
+005,-007
+005,-007
+005,-007
+005,-007
+005,-007
+005,-007
+005,-007
+005,-007
+005,-007
+005,-004
+005,-005
+003,-005
+003,-005
+003,-005
+003,-005
+003,-005
+003,-005
+003,-005
+003,-005
+001,-005
+001,-005
+001,-005
+001,-005
+001,-005
+001,-005
+001,-005
+001,-005
+001,-005
+001,-005
+001,-005
+001,-005
+001,-005
+001,-005
+001,-005
+001,-005
+001,-005
+001,-005
+001,-005
+001,-005
+001,-005
+001,-005
+001,-005
+001,-005
+001,-005
+001,-005
+001,-005
+001,-005
+001,-005
+001,-005
+001,-002
+003,-002
+003,-002
+003,-002
+003,-002
+003,-002
+003,-002
+003,-002
+003,-003
+003,-003
+003,-003
+003,-003
+003,-003
+003,-003
+003,-003
+003,-003
+003,-003
+003,-003
+003,-003
+003,-003
+003,-003
+003,-003
+003,-003
+003,-003
+003,-003
+003,-003
+003,-003
+003,-003
+003,-003
+003,-003
+003,-003
+003,-003
+003,-003
+003,-003
+003,-003
+003,-003
+003,-003
+003,-003
+003,-003
+003,-003
+003,-003
+003,-003
+003,-003
+003,-003
+003,-003
+003,-003
+003,-003
+003,-003
+003,-003
+003,-003
+003,-003
+003,-003
+003,-003
+003,-003
+003,-003
+003,-003
+003,-003
+003,-003
+003,-003
+003,-003
+003,-003
+003,-003
+003,-003
+003,-003
+003,-003
+003,-003
+003,-004
+003,-004
+003,-004
+003,-004
+003,-004
+003,-004
+003,-004
+003,-004
+003,-004
+003,-004
+003,-004
+003,-004
+003,-004
+003,-004
+003,-004
+003,-004
+003,-004
+003,-004
+003,-004
+003,-004
+003,-004
+003,-004
+003,-004
+003,-004
+003,-004
+003,-004
+003,-004
+003,-004
+003,-004
+003,-004
+003,-004
+003,-004
+003,-005
+003,-005
+001,-005
+001,-005
+001,-005
+001,-005
+001,-005
+001,-005
+001,-005
+001,-005
+001,-005
+001,-005
+001,-005
+001,-005
+001,-005
+001,-005
+001,-005
+001,-005
+001,-005
+001,-005
+001,-005
+001,-005
+001,-005
+001,-005
+001,-005
+001,-005
+001,-005
+001,-005
+001,-005
+001,-005
+001,-005
+001,-005
+001,-005
+001,-005
+001,-005
+001,-005
+001,-005
+001,-005
+001,-005
+001,-005
+001,-005
+001,-005
+001,-005
+003,-005
+003,-005
+003,-005
+003,-005
+003,-005
+003,-005
+003,-005
+003,-005
+003,-005
+003,-005
+003,-005
+003,-005
+003,-005
+003,-005
+003,-005
+003,-005
+003,-005
+003,-005
+003,-005
+003,-005
+003,-005
+003,-005
+003,-005
+003,-005
+003,-005
+003,-005
+003,-005
+003,-005
+003,-005
+003,-005
+003,-005
+003,-005
+001,-005
+001,-005
+001,-005
+001,-005
+001,-005
+001,-005
+001,-005
+001,-005
+001,-005
+001,-005
+001,-005
+001,-005
+001,-005
+001,-002
+001,-002
+001,-003
+001,-003
+001,-003
+001,-003
+001,-003
+001,-003
+001,-003
+001,-003
+001,-003
+003,-003
+003,-003
+003,-003
+003,-003
+003,-003
+003,-003
+003,-003
+003,-003
+003,-003
+003,-003
+003,-003
+003,-003
+003,-003
+005,-003
+005,-003
+005,-003
+005,-003
+005,-003
+005,-003
+005,-003
+005,-003
+005,-003
+005,-003
+005,-003
+005,-003
+005,-003
+005,-003
+005,-003
+005,-003
+007,-003
+007,-003
+007,-003
+007,-003
+007,-003
+007,-003
+007,-003
+007,-003
+007,-003
+007,-003
+007,-003
+007,-003
+007,-003
+007,-003
+007,-003
+007,-003
+007,-003
+007,-003
+007,-003
+007,-003
+007,-003
+007,-003
+007,-003
+009,-003
+009,-003
+009,-003
+009,-003
+009,-003
+009,-003
+009,-003
+009,-003
+009,-000
+009,-001
+009,-001
+009,-001
+009,-001
+009,-001
+009,-001
+011,-001
+011,-002
+011,-002
+013,-002
+013,-002
+013,-002
+013,-002
+013,-002
+013,-002
+013,-002
+013,-002
+013,-002
+013,-002
+013,-002
+013,-002
+013,-002
+013,-002
+013,-002
+013,-002
+015,-002
+015,-002
+015,-002
+015,-002
+015,-002
+015,-002
+015,-002
+015,-002
+015,-002
+015,-002
+015,-002
+015,-002
+015,-002
+015,-001
+015,-001
+015,-000
+015,-000
+015,-000
+015,-000
+015,-000
+015,-000
+015,-000
+015,-000
+015,-000
+015,-000
+015,-000
+015,-000
+015,-000
+015,-000
+015,-000
+015,-000
+015,-000
+015,-000
+013,-000
+013,-003
+013,-002
+013,-002
+013,-002
+013,-002
+013,-002
+013,-002
+013,-002
+013,-002
+013,-002
+013,-002
+013,-002
+013,-002
+013,-002
+013,-002
+013,-002
+013,-002
+013,-002
+013,-002
+013,-002
+013,-002
+011,-002
+011,-002
+011,-002
+011,-002
+011,-002
+011,-002
+011,-002
+011,-002
+011,-002
+011,-002
+011,-002
+011,-002
+011,-002
+011,-002
+011,-002
+011,-002
+011,-002
+011,-002
+011,-002
+011,-002
+011,-002
+011,-002
+011,-002
+011,-002
+011,-002
+011,-002
+011,-002
+009,-002
+009,-002
+009,-002
+009,-002
+009,-002
+009,-005
+009,-005
+009,-005
+009,-005
+009,-005
+009,-005
+009,-005
+009,-005
+009,-005
+009,-005
+009,-005
+009,-005
+009,-005
+007,-005
+007,-005
+007,-005
+007,-005
+007,-005
+007,-005
+007,-005
+007,-005
+007,-005
+007,-005
+007,-005
+007,-005
+007,-005
+007,-005
+005,-005
+005,-005
+005,-005
+005,-005
+005,-005
+005,-005
+005,-005
+005,-005
+005,-005
+005,-005
+005,-005
+003,-005
+003,-005
+003,-005
+003,-005
+003,-005
+003,-005
+003,-005
+003,-004
+003,-004
+001,-004
+001,-004
+001,-004
+001,-003
+001,-003
+001,-003
+001,-003
+001,-003
+001,-002
+001,-002
+001,-002
+001,-002
+001,-001
+001,-001
+001,-001
+001,-001
+001,-001
+001,-001
+001,-000
+001,-000
+001,-000
+001,-000
+001,-000
+001,-000
+003,-001
+003,-001
+003,-001
+003,-001
+003,-001
+003,-001
+003,-001
+003,-001
+003,-001
+003,-002
+003,-002
+003,-002
+003,-002
+003,-002
+003,-003
+003,-003
+003,-003
+003,-003
+003,-004
+003,-004
+003,-004
+003,-004
+003,-004
+003,-005
+003,-005
+003,-005
+003,-005
+003,-005
+003,-006
+003,-006
+003,-006
+003,-006
+003,-006
+003,-006
+005,-006
+005,-006
+005,-006
+005,-007
+005,-007
+005,-007
+005,-007
+005,-007
+005,-007
+005,-007
+005,-007
+005,-007
+005,-007
+005,-007
+005,-007
+005,-007
+005,-007
+005,-007
+005,-007
+005,-007
+005,-007
+005,-007
+005,-007
+005,-007
+005,-007
+005,-007
+005,-007
+005,-007
+005,-007
+005,-007
+005,-007
+005,-007
+005,-007
+005,-007
+005,-007
+005,-007
+005,-007
+005,-007
+005,-007
+005,-007
+005,-007
+005,-007
+005,-007
+005,-007
+005,-007
+005,-007
+005,-007
+005,-008
+005,-008
+005,-008
+005,-008
+005,-008
+005,-008
+005,-008
+005,-008
+005,-008
+005,-008
+005,-008
+003,-008
+003,-008
+003,-008
+003,-008
+003,-008
+003,-008
+003,-008
+003,-008
+003,-008
+003,-008
+003,-008
+003,-008
+003,-008
+003,-008
+003,-008
+003,-008
+003,-008
+001,-008
+001,-008
+001,-008
+001,-008
+001,-008
+001,-008
+001,-008
+001,-008
+001,-008
+001,-008
+001,-008
+001,-008
+001,-008
+001,-008
+001,-008
+001,-008
+001,-008
+001,-008
+001,-008
+001,-008
+001,-008
+001,-008
+001,-008
+001,-008
+001,-008
+001,-008
+001,-008
+001,-008
+001,-008
+001,-008
+001,-008
+001,-009
+001,-009
+001,-009
+001,-009
+001,-009
+001,-009
+001,-009
+001,-009
+001,-009
+001,-009
+001,-009
+001,-009
+001,-009
+001,-009
+001,-009
+001,-009
+001,-009
+001,-009
+001,-009
+001,-009
+001,-009
+001,-009
+001,-009
+001,-009
+001,-009
+001,-009
+001,-009
+001,-009
+001,-009
+001,-009
+001,-009
+001,-009
+001,-009
+001,-009
+001,-009
+001,-009
+001,-009
+001,-009
+001,-009
+001,-009
+001,-009
+001,-009
+001,-009
+001,-009
+001,-009
+001,-009
+001,-009
+001,-009
+001,-009
+001,-009
+001,-009
+001,-009
+001,-009
+001,-009
+001,-009
+001,-009
+001,-009
+001,-009
+001,-009
+001,-009
+001,-009
+001,-009
+001,-009
+001,-009
+001,-009
+001,-009
+001,-009
+001,-009
+001,-009
+001,-009
+001,-009
+001,-009
+001,-009
+001,-009
+001,-009
+001,-009
+001,-009
+001,-009
+001,-009
+001,-009
+001,-009
+001,-009
+001,-009
+001,-009
+001,-009
+001,-009
+001,-009
+001,-009
+001,-009
+001,-009
+003,-009
+003,-009
+003,-009
+003,-009
+003,-009
+003,-009
+003,-009
+003,-009
+003,-009
+003,-009
+003,-009
+003,-009
+003,-009
+003,-009
+003,-009
+003,-009
+003,-009
+005,-009
+005,-009
+005,-009
+005,-009
+005,-009
+005,-009
+005,-009
+005,-009
+005,-009
+005,-009
+005,-009
+005,-009
+005,-009
+005,-009
+005,-009
+005,-009
+005,-009
+005,-009
+005,-009
+005,-009
+005,-009
+005,-009
+005,-009
+005,-009
+005,-009
+005,-009
+005,-009
+005,-009
+005,-009
+005,-009
+005,-009
+005,-009
+005,-009
+005,-009
+005,-009
+005,-009
+005,-009
+005,-009
+005,-009
+005,-009
+005,-009
+005,-009
+005,-009
+005,-009
+005,-009
+005,-009
+005,-009
+005,-009
+005,-009
+005,-009
+005,-009
+005,-009
+005,-009
+005,-009
+005,-009
+005,-009
+005,-006
+005,-006
+005,-006
+003,-006
+003,-006
+003,-006
+003,-006
+003,-006
+003,-006
+003,-006
+003,-006
+003,-006
+003,-006
+003,-006
+003,-006
+003,-006
+003,-006
+003,-006
+003,-006
+003,-006
+003,-006
+003,-006
+003,-006
+003,-006
+003,-006
+003,-003
+003,-003
+003,-003
+003,-003
+003,-003
+003,-003
+003,-003
+003,-003
+003,-003
+003,-003
+003,-003
+003,-003
+003,-003
+003,-003
+003,-003
+003,-003
+003,-003
+003,-003
+003,-003
+003,-003
+003,-003
+003,-003
+003,-003
+003,-003
+003,-003
+003,-003
+003,-003
+003,-003
+003,-003
+003,-003
+001,-003
+001,-003
+001,-003
+001,-003
+001,-003
+001,-003
+001,-003
+001,-003
+001,-003
+001,-003
+001,-003
+001,-003
+001,-003
+001,-003
+001,-003
+001,-003
+001,-003
+001,-003
+001,-003
+001,-003
+001,-003
+001,-003
+001,-004
+001,-004
+001,-004
+001,-004
+001,-004
+001,-004
+001,-004
+001,-004
+001,-004
+001,-004
+001,-004
+001,-004
+001,-004
+001,-004
+001,-005
+001,-005
+001,-005
+001,-005
+001,-005
+001,-005
+001,-005
+001,-005
+001,-005
+001,-005
+001,-005
+001,-005
+003,-005
+003,-005
+003,-005
+003,-005
+003,-005
+003,-005
+003,-005
+003,-005
+003,-005
+003,-002
+003,-002
+003,-002
+003,-002
+003,-002
+003,-002
+003,-003
+003,-003
+003,-003
+003,-003
+003,-003
+003,-003
+003,-003
+003,-003
+003,-003
+003,-003
+003,-003
+003,-003
+003,-003
+003,-003
+003,-003
+003,-003
+003,-003
+003,-003
+003,-003
+003,-003
+003,-003
+003,-003
+003,-003
+003,-003
+003,-003
+003,-003
+003,-003
+003,-003
+003,-003
+003,-003
+003,-003
+003,-000
+003,-001
+003,-001
+003,-001
+003,-001
+003,-001
+003,-001
+003,-001
+003,-001
+003,-001
+003,-001
+003,-001
+003,-001
+003,-001
+003,-001
+003,-001
+003,-001
+003,-001
+003,-001
+003,-001
+003,-001
+003,-001
+003,-001
+003,-001
+003,-001
+003,-001
+003,-001
+003,-001
+003,-001
+003,-001
+003,-001
+003,-001
+003,-001
+003,-001
+003,-001
+003,-001
+003,-001
+003,-001
+003,-001
+003,-001
+003,-001
+003,-001
+003,-001
+003,-001
+003,-001
+003,-001
+003,-001
+003,-001
+003,-001
+003,-001
+003,-001
+003,-002
+003,-001
+003,-001
+003,-001
+003,-001
+003,-001
+003,-001
+003,-001
+001,-001
+001,-001
+001,-001
+001,-001
+001,-001
+001,-001
+001,-001
+001,-001
+001,-001
+001,-001
+001,-001
+001,-001
+001,-001
+001,-001
+001,-001
+001,-001
+001,-001
+001,-001
+001,-001
+001,-001
+001,-001
+001,-001
+001,-001
+001,-001
+001,-001
+001,-001
+001,-001
+001,-001
+001,-001
+001,-001
+003,-001
+003,-001
+003,-001
+003,-001
+003,-001
+003,-001
+003,-001
+003,-000
+003,-000
+003,-000
+003,-000
+003,-000
+003,-000
+003,-000
+003,-000
+003,-000
+003,-001
+003,-001
+003,-001
+003,-001
+003,-002
+003,-002
+003,-002
+003,-002
+003,-002
+003,-002
+003,-002
+003,-002
+003,-002
+003,-002
+003,-002
+003,-002
+003,-002
+003,-002
+003,-002
+003,-002
+003,-002
+003,-002
+003,-002
+003,-002
+005,-002
+005,-002
+005,-002
+005,-002
+005,-002
+005,-002
+005,-002
+005,-002
+005,-002
+005,-002
+005,-002
+005,-002
+005,-002
+005,-002
+005,-002
+005,-002
+005,-002
+005,-002
+003,-002
+003,-002
+003,-003
+003,-003
+003,-003
+003,-003
+003,-003
+003,-003
+003,-003
+003,-003
+003,-003
+003,-003
+003,-003
+003,-003
+003,-003
+003,-003
+003,-003
+003,-003
+003,-003
+003,-003
+003,-003
+003,-003
+003,-003
+003,-003
+003,-003
+003,-003
+003,-003
+001,-003
+001,-003
+001,-003
+001,-003
+001,-003
+001,-003
+001,-003
+001,-003
+001,-004
+001,-004
+001,-004
+001,-004
+001,-004
+001,-004
+001,-004
+001,-004
+001,-004
+001,-004
+001,-004
+001,-004
+001,-004
+001,-004
+001,-004
+001,-004
+001,-004
+001,-004
+001,-004
+001,-004
+001,-004
+001,-004
+001,-004
+001,-004
+001,-004
+001,-004
+001,-004
+001,-004
+001,-004
+001,-004
+001,-004
+001,-004
+001,-004
+001,-004
+001,-004
+001,-004
+001,-004
+001,-004
+001,-004
+001,-004
+001,-004
+001,-004
+001,-004
+001,-004
+001,-004
+001,-004
+001,-004
+001,-004
+001,-004
+001,-004
+001,-004
+001,-004
+001,-004
+001,-004
+003,-004
+003,-004
+003,-004
+003,-004
+003,-004
+003,-004
+003,-004
+003,-004
+003,-004
+003,-004
+003,-004
+003,-004
+003,-004
+003,-004
+003,-004
+003,-004
+003,-004
+003,-004
+003,-004
+003,-004
+003,-004
+003,-004
+003,-004
+003,-004
+003,-004
+003,-004
+003,-004
+003,-004
+003,-004
+003,-004
+003,-004
+003,-004
+003,-004
+003,-004
+003,-004
+003,-004
+003,-004
+003,-004
+003,-004
+003,-004
+003,-004
+003,-004
+003,-004
+003,-004
+003,-004
+003,-004
+003,-004
+003,-004
+003,-004
+003,-004
+003,-004
+003,-004
+003,-004
+003,-004
+003,-004
+003,-004
+003,-004
+003,-004
+003,-004
+003,-004
+003,-004
+003,-004
+003,-004
+003,-004
+003,-004
+003,-004
+003,-004
+003,-004
+003,-004
+003,-004
+003,-004
+005,-004
+005,-004
+005,-004
+005,-001
+005,-001
+005,-002
+005,-002
+005,-002
+005,-002
+005,-002
+005,-002
+005,-002
+005,-002
+005,-002
+005,-002
+005,-002
+005,-002
+005,-002
+005,-002
+005,-002
+005,-002
+005,-002
+005,-002
+005,-002
+005,-002
+005,-002
+005,-002
+005,-002
+005,-002
+005,-002
+005,-002
+005,-002
+005,-002
+005,-002
+005,-002
+005,-002
+005,-002
+007,-002
+007,-003
+007,-003
+007,-003
+007,-003
+007,-003
+007,-003
+007,-003
+007,-003
+007,-003
+007,-003
+007,-004
+007,-005
+009,-005
+009,-006
+009,-006
+009,-006
+009,-006
+009,-006
+009,-006
+009,-006
+011,-006
+011,-006
+011,-006
+011,-006
+011,-006
+011,-006
+011,-006
+011,-007
+011,-007
+011,-007
+011,-007
+011,-007
+011,-007
+011,-007
+011,-007
+013,-007
+013,-007
+013,-007
+013,-007
+013,-007
+013,-007
+013,-007
+013,-007
+013,-007
+013,-007
+013,-007
+013,-007
+013,-007
+013,-007
+013,-007
+013,-007
+013,-007
+013,-007
+013,-007
+013,-007
+013,-007
+013,-007
+013,-007
+013,-007
+013,-007
+013,-007
+013,-007
+013,-007
+013,-007
+013,-007
+013,-007
+013,-007
+013,-007
+013,-007
+013,-007
+013,-007
+013,-007
+013,-007
+013,-007
+013,-007
+013,-007
+013,-007
+013,-007
+013,-007
+013,-007
+013,-007
+013,-007
+013,-007
+013,-007
+013,-007
+013,-007
+013,-004
+013,-005
+013,-005
+013,-005
+013,-005
+013,-005
+013,-005
+013,-005
+013,-005
+013,-005
+013,-005
+013,-005
+013,-005
+013,-005
+013,-005
+013,-005
+013,-005
+013,-005
+013,-005
+013,-005
+013,-005
+013,-005
+013,-005
+013,-005
+013,-005
+013,-005
+013,-002
+013,-002
+013,-002
+013,-002
+015,-002
+015,-002
+015,-002
+015,-002
+015,-002
+015,-002
+015,-002
+015,-002
+015,-003
+015,-003
+015,-003
+015,-003
+015,-003
+015,-003
+015,-003
+015,-003
+015,-003
+015,-003
+015,-003
+015,-003
+015,-003
+015,-003
+015,-003
+015,-003
+015,-003
+015,-004
+015,-004
+015,-004
+015,-005
+017,-005
+017,-005
+017,-005
+017,-005
+017,-005
+017,-005
+017,-005
+017,-005
+017,-005
+017,-005
+017,-005
+017,-005
+017,-006
+017,-006
+017,-006
+017,-006
+017,-006
+017,-006
+017,-006
+017,-006
+017,-006
+017,-006
+017,-006
+017,-006
+017,-006
+017,-006
+017,-006
+017,-006
+017,-006
+017,-006
+017,-006
+017,-006
+017,-006
+017,-006
+017,-006
+017,-006
+017,-006
+017,-006
+015,-006
+015,-006
+015,-006
+015,-006
+015,-006
+015,-006
+015,-006
+015,-006
+015,-007
+015,-007
+015,-007
+015,-007
+015,-007
+015,-007
+013,-007
+013,-007
+013,-007
+013,-007
+013,-007
+013,-007
+013,-007
+013,-008
+013,-008
+013,-008
+011,-008
+011,-008
+011,-008
+011,-008
+011,-008
+011,-009
+011,-009
+011,-009
+011,-009
+011,-009
+009,-009
+009,-009
+009,-009
+009,-009
+009,-009
+007,-009
+007,-009
+007,-009
+005,-009
+005,-009
+005,-009
+005,-009
+005,-009
+003,-009
+003,-009
+003,-009
+003,-009
+003,-009
+003,-009
+003,-009
+001,-009
+001,-009
+001,-009
+001,-009
+001,-009
+001,-009
+001,-009
+001,-009
+001,-009
+001,-010
+001,-010
+001,-010
+001,-010
+001,-010
+001,-010
+001,-010
+001,-010
+003,-011
+003,-011
+003,-011
+003,-011
+003,-011
+003,-011
+003,-012
+003,-012
+005,-012
+005,-012
+005,-012
+005,-012
+005,-012
+005,-012
+005,-012
+005,-012
+005,-012
+007,-012
+007,-012
+007,-012
+007,-012
+007,-012
+007,-012
+007,-012
+007,-013
+007,-013
+007,-013
+007,-013
+007,-013
+007,-013
+007,-013
+007,-013
+009,-013
+009,-013
+009,-013
+009,-013
+009,-013
+009,-013
+009,-013
+009,-013
+009,-013
+009,-013
+009,-013
+011,-013
+011,-013
+011,-013
+011,-013
+011,-013
+011,-013
+011,-013
+011,-013
+011,-013
+011,-013
+011,-013
+011,-013
+011,-013
+011,-013
+011,-013
+011,-013
+011,-013
+013,-013
+013,-013
+013,-013
+013,-013
+013,-013
+013,-013
+013,-013
+013,-013
+013,-013
+013,-013
+013,-013
+013,-013
+013,-013
+013,-013
+013,-013
+013,-013
+013,-013
+013,-013
+013,-013
+013,-013
+013,-013
+013,-013
+013,-013
+013,-013
+013,-013
+013,-013
+013,-013
+013,-013
+013,-013
+013,-013
+015,-013
+015,-013
+015,-013
+015,-013
+015,-013
+015,-013
+015,-013
+015,-013
+015,-013
+015,-013
+015,-013
+015,-013
+015,-013
+015,-013
+015,-013
+015,-013
+015,-013
+015,-013
+015,-013
+015,-013
+015,-013
+015,-013
+015,-013
+015,-013
+015,-013
+015,-013
+015,-013
+015,-013
+015,-013
+015,-013
+015,-013
+015,-013
+015,-013
+015,-013
+015,-013
+015,-013
+015,-013
+015,-013
+015,-014
+015,-014
+015,-014
+015,-014
+015,-014
+015,-014
+015,-014
+015,-014
+015,-014
+015,-014
+015,-014
+015,-014
+015,-014
+015,-014
+013,-014
+013,-014
+013,-014
+013,-014
+013,-014
+013,-014
+013,-014
+013,-014
+013,-014
+013,-014
+013,-014
+013,-014
+013,-014
+013,-014
+013,-014
+013,-014
+013,-014
+013,-014
+013,-014
+013,-014
+013,-014
+013,-014
+013,-014
+013,-014
+013,-014
+013,-014
+013,-014
+013,-014
+011,-014
+011,-014
+011,-014
+011,-014
+011,-014
+011,-014
+011,-014
+011,-014
+011,-014
+011,-014
+011,-014
+011,-014
+011,-014
+011,-014
+011,-014
+011,-014
+011,-014
+011,-014
+009,-014
+009,-014
+009,-014
+009,-014
+009,-014
+009,-014
+009,-014
+009,-014
+009,-014
+009,-014
+009,-014
+009,-014
+009,-014
+009,-014
+007,-014
+007,-014
+007,-014
+007,-014
+007,-014
+007,-014
+005,-014
+005,-014
+005,-014
+005,-014
+005,-014
+005,-014
+005,-014
+003,-014
+003,-014
+003,-014
+003,-011
+003,-011
+003,-011
+003,-011
+001,-011
+001,-011
+001,-011
+001,-011
+001,-011
+001,-011
+001,-011
+001,-011
+001,-011
+001,-011
+001,-011
+001,-011
+001,-011
+001,-011
+001,-011
+001,-011
+001,-011
+001,-011
+001,-011
+001,-011
+001,-011
+001,-011
+001,-011
+001,-011
+001,-011
+001,-011
+001,-011
+001,-011
+001,-011
+001,-011
+001,-011
+001,-008
+001,-009
+001,-009
+001,-009
+001,-009
+001,-009
+001,-009
+001,-009
+001,-009
+001,-009
+001,-009
+001,-009
+001,-009
+001,-009
+001,-009
+001,-009
+001,-009
+001,-009
+001,-009
+001,-009
+001,-009
+001,-009
+001,-009
+001,-009
+001,-009
+001,-009
+001,-009
+001,-009
+001,-009
+001,-009
+001,-009
+001,-009
+001,-009
+001,-009
+001,-010
+001,-010
+001,-010
+001,-010
+001,-010
+001,-010
+001,-010
+001,-010
+001,-010
+001,-010
+001,-010
+001,-010
+001,-010
+001,-010
+001,-010
+001,-010
+001,-010
+001,-010
+001,-010
+001,-010
+001,-010
+001,-010
+001,-010
+003,-010
+003,-010
+003,-010
+003,-010
+003,-010
+003,-010
+003,-010
+003,-010
+003,-010
+003,-010
+005,-010
+005,-010
+005,-010
+005,-010
+005,-007
+005,-007
+005,-007
+005,-007
+005,-007
+005,-007
+005,-007
+005,-007
+005,-007
+007,-007
+007,-007
+007,-007
+007,-007
+007,-007
+007,-007
+007,-007
+007,-007
+007,-007
+007,-007
+007,-007
+007,-007
+007,-007
+007,-007
+007,-007
+007,-007
+007,-007
+007,-007
+007,-007
+007,-007
+007,-007
+007,-007
+007,-007
+007,-007
+007,-007
+007,-007
+007,-007
+007,-007
+007,-007
+007,-007
+007,-007
+007,-008
+007,-008
+007,-008
+007,-008
+007,-008
+007,-008
+007,-008
+007,-008
+007,-008
+007,-008
+007,-008
+007,-008
+007,-008
+007,-008
+005,-008
+005,-008
+005,-008
+005,-008
+005,-008
+005,-008
+005,-008
+005,-008
+005,-008
+005,-008
+005,-008
+005,-008
+005,-008
+005,-008
+005,-008
+005,-009
+005,-009
+005,-009
+005,-009
+005,-009
+005,-009
+005,-009
+005,-009
+005,-009
+005,-009
+005,-009
+005,-009
+005,-009
+005,-009
+005,-010
+005,-010
+005,-010
+005,-010
+005,-010
+005,-010
+005,-010
+005,-010
+005,-010
+005,-010
+005,-010
+005,-010
+005,-010
+005,-010
+005,-010
+005,-010
+005,-011
+005,-011
+005,-011
+005,-011
+005,-011
+005,-011
+003,-011
+003,-012
+003,-012
+003,-012
+003,-012
+003,-012
+003,-012
+003,-012
+003,-012
+003,-012
+003,-012
+003,-012
+003,-012
+003,-012
+003,-012
+003,-012
+003,-012
+003,-012
+003,-012
+003,-012
+003,-012
+003,-012
+003,-012
+003,-012
+003,-012
+003,-012
+001,-012
+001,-012
+001,-012
+001,-012
+001,-012
+001,-012
+001,-012
+001,-012
+001,-012
+001,-012
+001,-012
+001,-012
+001,-012
+001,-012
+001,-012
+001,-012
+001,-012
+001,-012
+001,-012
+001,-012
+001,-012
+001,-012
+001,-012
+001,-012
+001,-012
+001,-012
+001,-012
+001,-012
+001,-012
+001,-012
+001,-012
+001,-012
+001,-012
+001,-012
+001,-012
+001,-012
+001,-012
+001,-012
+001,-012
+001,-012
+001,-012
+001,-012
+001,-012
+001,-012
+001,-012
+001,-012
+001,-012
+001,-012
+001,-012
+001,-012
+001,-012
+001,-009
+001,-010
+001,-010
+001,-010
+001,-010
+001,-010
+001,-010
+001,-010
+001,-010
+001,-010
+001,-010
+001,-010
+001,-010
+001,-010
+001,-010
+001,-010
+001,-010
+001,-010
+001,-010
+001,-010
+001,-010
+001,-010
+001,-010
+001,-010
+001,-010
+001,-010
+001,-010
+001,-010
+001,-010
+001,-010
+001,-010
+001,-010
+001,-010
+001,-010
+001,-010
+001,-010
+001,-010
+001,-010
+001,-010
+001,-010
+001,-010
+001,-010
+001,-007
+001,-007
+001,-008
+001,-008
+001,-008
+001,-008
+001,-008
+001,-008
+001,-008
+001,-008
+001,-008
+001,-008
+001,-008
+001,-008
+001,-008
+001,-008
+001,-008
+001,-008
+001,-008
+001,-008
+001,-008
+001,-008
+001,-009
+001,-009
+001,-009
+001,-009
+001,-009
+001,-009
+001,-009
+001,-009
+001,-009
+001,-009
+001,-009
+001,-009
+001,-009
+001,-009
+001,-009
+001,-009
+001,-009
+001,-009
+001,-009
+001,-009
+001,-009
+001,-009
+001,-009
+001,-009
+001,-009
+003,-009
+003,-009
+003,-006
+003,-006
+003,-006
+003,-006
+003,-006
+003,-006
+003,-006
+003,-006
+003,-006
+003,-006
+003,-006
+003,-006
+003,-006
+003,-006
+003,-006
+003,-006
+003,-006
+003,-006
+003,-006
+003,-006
+003,-006
+003,-006
+003,-006
+003,-006
+003,-006
+003,-006
+003,-006
+005,-006
+005,-006
+005,-006
+005,-006
+005,-006
+005,-006
+005,-006
+005,-006
+005,-006
+005,-006
+005,-006
+005,-006
+005,-006
+005,-006
+005,-006
+005,-006
+005,-006
+005,-006
+005,-006
+005,-006
+005,-006
+005,-006
+005,-006
+005,-006
+005,-006
+005,-006
+005,-006
+005,-006
+005,-006
+005,-006
+005,-006
+005,-006
+005,-006
+005,-006
+005,-006
+005,-006
+005,-006
+005,-006
+005,-006
+005,-006
+005,-006
+003,-006
+003,-006
+003,-006
+003,-006
+003,-003
+003,-004
+003,-004
+003,-004
+003,-004
+003,-004
+003,-004
+003,-004
+003,-004
+003,-004
+003,-004
+003,-004
+003,-004
+003,-004
+001,-004
+001,-004
+001,-004
+001,-004
+001,-004
+001,-004
+001,-004
+001,-004
+001,-004
+001,-004
+001,-004
+001,-004
+001,-004
+001,-004
+001,-004
+001,-004
+001,-001
+001,-001
+001,-001
+001,-001
+001,-001
+001,-001
+001,-001
+001,-001
+001,-001
+001,-001
+003,-001
+003,-001
+003,-001
+003,-001
+003,-001
+003,-001
+003,-001
+003,-001
+003,-001
+003,-001
+003,-001
+003,-001
+003,-001
+003,-001
+003,-001
+003,-001
+003,-001
+003,-001
+003,-001
+003,-001
+003,-002
+003,-001
+003,-001
+003,-001
+003,-001
+003,-001
+003,-001
+003,-001
+003,-001
+003,-001
+003,-001
+003,-001
+003,-001
+005,-001
+005,-001
+005,-001
+005,-001
+005,-001
+005,-001
+005,-001
+005,-001
+005,-001
+005,-001
+005,-001
+005,-001
+005,-001
+005,-001
+005,-004
+005,-004
+005,-004
+005,-004
+003,-004
+003,-004
+003,-004
+003,-004
+003,-004
+003,-004
+003,-004
+003,-004
+003,-004
+003,-004
+003,-004
+003,-004
+003,-004
+001,-004
+001,-004
+001,-004
+001,-007
+001,-006
+001,-006
+001,-006
+001,-006
+001,-006
+001,-006
+001,-006
+001,-006
+001,-006
+001,-006
+001,-006
+001,-006
+001,-006
+001,-006
+001,-006
+001,-006
+001,-006
+001,-006
+001,-006
+001,-006
+001,-006
+001,-006
+001,-006
+001,-006
+001,-006
+001,-006
+001,-006
+001,-006
+001,-006
+001,-006
+001,-006
+001,-006
+001,-006
+001,-006
+001,-006
+001,-006
+001,-006
+001,-006
+001,-006
+001,-006
+001,-006
+001,-006
+001,-006
+001,-006
+001,-006
+001,-006
+001,-006
+001,-006
+001,-006
+001,-006
+001,-006
+001,-006
+001,-006
+001,-006
+001,-006
+001,-006
+001,-006
+001,-006
+001,-006
+001,-006
+001,-006
+001,-006
+001,-006
+001,-006
+001,-006
+001,-006
+003,-009
+003,-009
+003,-009
+003,-009
+003,-009
+003,-009
+003,-009
+005,-009
+005,-009
+005,-009
+005,-009
+005,-009
+005,-009
+005,-009
+005,-009
+007,-009
+007,-009
+007,-009
+007,-009
+007,-009
+007,-009
+007,-009
+007,-009
+007,-012
+009,-012
+009,-012
+009,-012
+009,-012
+009,-012
+009,-012
+009,-012
+009,-012
+009,-012
+009,-012
+009,-012
+011,-012
+011,-012
+011,-012
+011,-012
+011,-012
+011,-012
+011,-012
+011,-012
+011,-012
+011,-012
+011,-011
+011,-011
+011,-011
+011,-011
+011,-011
+011,-011
+011,-011
+011,-011
+011,-011
+011,-011
+011,-011
+011,-011
+011,-011
+011,-011
+011,-011
+011,-011
+011,-011
+011,-011
+009,-011
+009,-011
+009,-011
+009,-011
+009,-011
+009,-011
+009,-011
+009,-011
+007,-011
+007,-011
+007,-011
+007,-011
+007,-011
+005,-011
+005,-011
+005,-011
+005,-011
+005,-011
+005,-011
+005,-011
+003,-014
+003,-014
+003,-014
+003,-014
+003,-014
+003,-014
+001,-014
+001,-014
+001,-013
+001,-013
+001,-013
+001,-013
+001,-013
+001,-013
+001,-013
+003,-012
+003,-012
+003,-012
+003,-012
+003,-012
+005,-012
+005,-012
+005,-012
+005,-012
+005,-012
+005,-012
+005,-012
+007,-012
+007,-012
+007,-012
+007,-012
+007,-012
+007,-012
+007,-012
+009,-012
+009,-012
+009,-012
+009,-012
+009,-012
+009,-012
+009,-012
+009,-012
+011,-012
+011,-012
+011,-012
+011,-012
+011,-012
+011,-012
+011,-012
+013,-012
+013,-012
+013,-012
+013,-012
+013,-012
+013,-012
+013,-012
+013,-012
+013,-012
+013,-012
+013,-012
+013,-012
+013,-012
+013,-012
+013,-012
+013,-012
+013,-012
+015,-012
+015,-012
+015,-012
+015,-012
+015,-012
+015,-012
+015,-012
+015,-012
+015,-012
+015,-012
+015,-012
+015,-012
+015,-012
+015,-012
+015,-012
+015,-012
+015,-012
+015,-012
+015,-012
+015,-012
+015,-012
+015,-012
+015,-012
+015,-015
+015,-015
+015,-015
+015,-015
+015,-015
+015,-015
+015,-015
+015,-015
+015,-015
+015,-015
+015,-015
+015,-015
+015,-015
+015,-015
+015,-015
+015,-015
+015,-015
+015,-015
+015,-015
+015,-015
+015,-015
+015,-015
+015,-015
+015,-015
+015,-015
+015,-015
+015,-015
+015,-015
+015,-015
+013,-015
+013,-015
+013,-015
+013,-015
+013,-015
+013,-015
+013,-015
+013,-015
+013,-015
+013,-015
+013,-015
+013,-015
+013,-015
+013,-015
+013,-015
+013,-015
+013,-015
+013,-015
+013,-015
+013,-015
+013,-014
+013,-014
+013,-014
+013,-014
+013,-014
+013,-014
+013,-014
+013,-014
+013,-014
+013,-014
+011,-014
+011,-014
+011,-014
+011,-014
+011,-014
+011,-014
+011,-014
+011,-014
+011,-014
+011,-014
+011,-014
+011,-014
+011,-014
+011,-014
+011,-014
+011,-014
+011,-014
+011,-014
+011,-014
+011,-014
+009,-014
+009,-014
+009,-014
+009,-014
+009,-014
+009,-014
+009,-014
+009,-013
+009,-013
+009,-013
+009,-013
+009,-013
+007,-013
+007,-013
+007,-013
+007,-013
+007,-013
+007,-012
+007,-012
+007,-012
+007,-012
+007,-012
+007,-012
+007,-012
+007,-011
+007,-011
+007,-011
+007,-011
+007,-011
+007,-011
+007,-011
+007,-011
+007,-011
+005,-011
+005,-011
+005,-011
+005,-011
+005,-010
+005,-010
+005,-010
+005,-010
+005,-010
+005,-010
+005,-010
+005,-010
+005,-010
+005,-010
+005,-010
+005,-010
+005,-009
+005,-009
+005,-009
+005,-009
+005,-009
+005,-009
+005,-009
+005,-009
+005,-009
+005,-009
+005,-008
+005,-008
+005,-008
+005,-008
+005,-008
+005,-007
+005,-007
+005,-007
+005,-007
+007,-007
+007,-007
+007,-006
+007,-006
+007,-006
+007,-006
+007,-006
+007,-006
+007,-005
+007,-005
+007,-005
+007,-005
+007,-004
+009,-004
+009,-004
+009,-004
+009,-004
+009,-004
+009,-004
+009,-004
+009,-004
+009,-004
+009,-004
+009,-004
+009,-004
+009,-004
+009,-004
+009,-004
+009,-004
+009,-003
+009,-003
+009,-003
+009,-003
+009,-003
+009,-003
+009,-003
+009,-003
+009,-003
+009,-003
+009,-003
+009,-003
+009,-003
+009,-003
+009,-003
+009,-003
+009,-003
+009,-003
+009,-003
+009,-003
+009,-003
+009,-003
+009,-003
+009,-003
+009,-003
+009,-003
+009,-003
+009,-003
+009,-003
+009,-003
+009,-003
+009,-003
+009,-003
+009,-003
+009,-003
+009,-003
+009,-003
+009,-003
+009,-003
+009,-003
+009,-003
+009,-003
+009,-003
+009,-003
+009,-003
+009,-003
+009,-003
+009,-003
+009,-003
+009,-003
+007,-003
+007,-003
+007,-003
+007,-003
+007,-003
+007,-003
+007,-003
+007,-003
+007,-003
+007,-002
+007,-002
+007,-002
+007,-002
+007,-001
+005,-001
+005,-001
+005,-001
+005,-001
+005,-001
+005,-001
+005,-001
+005,-001
+005,-001
+005,-001
+005,-001
+005,-001
+005,-001
+005,-001
+005,-001
+005,-001
+005,-001
+007,-001
+007,-001
+007,-001
+007,-001
+007,-001
+007,-001
+007,-001
+007,-001
+007,-001
+007,-001
+007,-001
+007,-001
+007,-001
+007,-001
+007,-004
+007,-004
+007,-003
+007,-003
+007,-003
+007,-003
+007,-003
+007,-003
+007,-003
+007,-003
+007,-003
+007,-003
+007,-003
+007,-003
+007,-002
+007,-002
+007,-002
+009,-002
+009,-002
+009,-002
+009,-002
+009,-002
+009,-002
+009,-002
+009,-002
+009,-002
+009,-002
+009,-002
+009,-002
+009,-002
+009,-002
+009,-002
+009,-002
+009,-002
+009,-002
+009,-002
+009,-002
+009,-002
+009,-001
+009,-001
+009,-001
+009,-001
+009,-001
+009,-001
+009,-001
+009,-001
+009,-001
+009,-001
+009,-000
+009,-000
+009,-000
+009,-000
+009,-000
+009,-000
+009,-000
+009,-000
+009,-000
+009,-000
+009,-000
+009,-000
+009,-000
+009,-001
+009,-001
+009,-001
+009,-001
+009,-001
+009,-001
+009,-001
+009,-001
+009,-001
+009,-001
+009,-001
+009,-001
+009,-001
+009,-001
+009,-001
+009,-001
+009,-001
+009,-001
+009,-001
+011,-001
+011,-001
+011,-001
+011,-001
+011,-001
+011,-001
+011,-001
+011,-001
+011,-001
+011,-001
+011,-001
+011,-001
+011,-001
+011,-001
+011,-001
+011,-001
+011,-001
+011,-001
+011,-001
+011,-001
+011,-001
+011,-001
+011,-001
+011,-001
+011,-001
+011,-001
+011,-001
+011,-002
+011,-001
+011,-001
+011,-001
+011,-001
+011,-001
+011,-001
+011,-001
+011,-001
+011,-001
+011,-001
+011,-001
+011,-001
+011,-001
+011,-001
+011,-001
+011,-001
+011,-001
+011,-001
+011,-001
+011,-001
+011,-001
+011,-001
+011,-001
+011,-001
+011,-001
+011,-001
+011,-001
+011,-001
+011,-001
+011,-001
+011,-001
+011,-001
+011,-001
+011,-001
+011,-001
+011,-001
+011,-001
+011,-001
+011,-001
+011,-001
+011,-001
+011,-001
+011,-001
+011,-001
+011,-001
+011,-001
+011,-001
+011,-001
+011,-001
+011,-001
+011,-001
+011,-001
+011,-001
+011,-001
+011,-001
+011,-001
+011,-001
+011,-001
+009,-001
+009,-001
+009,-001
+009,-001
+009,-001
+009,-001
+009,-001
+009,-001
+009,-001
+009,-001
+009,-001
+009,-001
+009,-001
+009,-001
+009,-001
+009,-001
+009,-001
+009,-001
+009,-001
+009,-001
+009,-001
+009,-001
+009,-001
+009,-001
+009,-001
+009,-001
+009,-001
+009,-001
+009,-001
+009,-001
+009,-001
+009,-001
+009,-001
+009,-001
+009,-001
+009,-001
+009,-001
+009,-001
+009,-001
+009,-001
+009,-001
+009,-001
+009,-000
+009,-000
+009,-000
+009,-000
+009,-000
+009,-000
+009,-000
+009,-000
+009,-000
+009,-000
+009,-000
+009,-000
+009,-000
+009,-000
+009,-000
+009,-000
+009,-000
+009,-000
+009,-001
+009,-001
+009,-001
+009,-001
+009,-001
+009,-001
+009,-001
+009,-002
+009,-002
+009,-002
+009,-002
+009,-002
+009,-003
+009,-003
+009,-003
+009,-003
+009,-003
+009,-003
+009,-003
+009,-004
+009,-004
+009,-004
+009,-004
+009,-004
+009,-004
+009,-004
+009,-005
+007,-005
+007,-005
+007,-005
+007,-005
+007,-005
+007,-007
+007,-007
+007,-007
+007,-007
+009,-008
+009,-008
+009,-008
+009,-008
+009,-008
+009,-008
+009,-008
+009,-008
+009,-008
+009,-008
+009,-008
+009,-008
+009,-008
+009,-008
+009,-008
+009,-008
+009,-008
+009,-008
+009,-008
+009,-008
+009,-008
+009,-008
+009,-008
+009,-008
+009,-008
+009,-008
+009,-008
+009,-008
+009,-008
+009,-008
+009,-008
+009,-008
+009,-008
+009,-008
+009,-008
+009,-008
+009,-008
+009,-008
+009,-008
+009,-008
+009,-008
+009,-008
+009,-008
+009,-008
+009,-008
+009,-005
+009,-005
+007,-005
+007,-005
+007,-005
+007,-005
+007,-005
+007,-005
+007,-005
+007,-005
+007,-005
+007,-005
+007,-005
+007,-005
+007,-005
+007,-005
+007,-005
+007,-005
+007,-005
+007,-005
+007,-005
+007,-005
+007,-005
+007,-005
+007,-005
+007,-005
+007,-005
+007,-005
+007,-005
+007,-005
+007,-005
+007,-005
+007,-005
+007,-005
+007,-005
+007,-005
+007,-005
+007,-005
+007,-005
+007,-005
+007,-005
+007,-005
+009,-005
+009,-005
+009,-005
+009,-006
+009,-006
+009,-006
+009,-006
+009,-006
+009,-006
+009,-006
+009,-007
+009,-007
+009,-007
+009,-007
+009,-007
+009,-007
+009,-007
+009,-007
+009,-007
+009,-007
+009,-007
+009,-007
+009,-007
+007,-004
+007,-004
+007,-004
+007,-004
+007,-004
+007,-004
+007,-004
+007,-004
+007,-004
+007,-004
+007,-004
+007,-004
+007,-004
+007,-004
+007,-004
+007,-004
+007,-004
+007,-005
+007,-005
+007,-005
+007,-005
+007,-005
+007,-005
+007,-005
+007,-005
+007,-005
+007,-005
+007,-005
+007,-005
+007,-005
+005,-005
+005,-005
+005,-005
+005,-006
+005,-006
+005,-006
+005,-006
+005,-006
+005,-006
+005,-007
+005,-007
+005,-007
+005,-007
+005,-007
+005,-007
+005,-007
+005,-008
+005,-008
+005,-008
+005,-008
+005,-008
+005,-008
+005,-008
+003,-009
+003,-009
+003,-009
+003,-009
+003,-009
+003,-009
+003,-009
+003,-009
+003,-010
+003,-010
+003,-010
+003,-010
+003,-010
+001,-011
+001,-011
+001,-011
+001,-011
+001,-011
+001,-011
+001,-011
+001,-011
+001,-011
+001,-012
+001,-012
+001,-012
+001,-012
+001,-012
+001,-012
+001,-012
+001,-012
+001,-012
+001,-012
+001,-012
+001,-012
COP Area(S): 000156
COP Area(R): 000247