+000,-000
+001,-000
+001,-000
+001,-000
+001,-000
+001,-000
+001,-000
+001,-000
+001,-000
+001,-000
+001,-000
+001,-000
+001,-000
+001,-000
+001,-000
+001,-000
+001,-000
+001,-000
+001,-000
+001,-000
+001,-000
+001,-000
+001,-000
+001,-000
+003,-000
+003,-000
+003,-000
+003,-000
+003,-000
+003,-000
+003,-000
+003,-000
+003,-000
+003,-000
+003,-000
+003,-000
+003,-000
+003,-000
+003,-000
+003,-000
+003,-000
+003,-000
+003,-000
+003,-000
+003,-000
+003,-000
+003,-000
+003,-000
+003,-000
+003,-000
+003,-000
+003,-000
+003,-000
+003,-000
+003,-000
+003,-000
+003,-000
+003,-000
+003,-000
+003,-000
+003,-000
+003,-000
+001,-000
+001,-000
+001,-000
+001,-000
+001,-000
+001,-000
+001,-000
+001,-000
+001,-000
+001,-000
+001,-000
+001,-000
+001,-001
+001,-001
+001,-001
+001,-001
+001,-001
+001,-001
+001,-001
+001,-001
+001,-001
+001,-001
+001,-001
+001,-001
+001,-001
+001,-001
+001,-001
+001,-001
+001,-001
+001,-001
+001,-001
+001,-001
+001,-001
+001,-001
+001,-001
+001,-001
+001,-001
+001,-001
+003,-001
+003,-002
+003,-002
+003,-002
+003,-002
+003,-002
+003,-002
+005,-002
+005,-002
+005,-002
+005,-002
+005,-002
+005,-002
+007,-002
+007,-002
+007,-002
+007,-002
+007,-002
+009,-002
+009,-002
+009,-002
+009,-002
+009,-002
+009,-002
+011,-002
+011,-002
+011,-002
+011,-002
+011,-002
+011,-002
+011,-002
+011,-002
+011,-002
+011,-002
+011,-002
+013,-002
+013,-002
+013,-002
+013,-002
+013,-002
+013,-002
+013,-002
+013,-002
+013,-002
+013,-002
+013,-002
+013,-002
+013,-002
+013,-002
+013,-002
+013,-003
+013,-003
+013,-003
+013,-003
+013,-004
+013,-004
+011,-004
+011,-004
+011,-004
+011,-004
+011,-004
+011,-005
+011,-005
+011,-005
+011,-005
+011,-006
+011,-006
+011,-007
+011,-007
+009,-007
+009,-008
+009,-008
+009,-008
+009,-009
+009,-009
+009,-010
+009,-010
+009,-010
+009,-010
+009,-010
+009,-011
+009,-011
+009,-011
+009,-011
+009,-011
+009,-012
+009,-012
+007,-012
+007,-013
+007,-013
+007,-013
+007,-013
+007,-013
+007,-013
+007,-013
+007,-013
+007,-013
+007,-013
+007,-013
+007,-013
+007,-014
+007,-014
+007,-014
+007,-014
+007,-015
+007,-015
+007,-015
+007,-016
+007,-016
+007,-016
+007,-016
+007,-017
+007,-017
+007,-017
+007,-017
+007,-017
+007,-017
+007,-017
+007,-017
+007,-017
+007,-017
+007,-017
+007,-017
+007,-018
+007,-018
+007,-018
+007,-018
+007,-018
+007,-018
+009,-018
+009,-018
+009,-019
+009,-019
+009,-019
+009,-019
+009,-019
+009,-019
+009,-019
+009,-019
+009,-019
+011,-019
+011,-020
+011,-020
+011,-020
+011,-021
+011,-021
+011,-021
+011,-021
+011,-022
+011,-022
+011,-023
+011,-023
+011,-023
+011,-024
+011,-024
+011,-024
+011,-024
+011,-025
+011,-025
+011,-025
+011,-026
+011,-026
+011,-026
+011,-027
+011,-027
+011,-027
+011,-027
+011,-028
+011,-028
+009,-028
+009,-029
+009,-029
+009,-029
+009,-029
+009,-030
+009,-030
+009,-030
+009,-030
+009,-030
+007,-030
+007,-030
+007,-030
+007,-030
+007,-030
+005,-030
+005,-030
+005,-030
+005,-030
+005,-030
+005,-030
+005,-030
+003,-030
+003,-030
+003,-030
+003,-030
+003,-030
+003,-030
+003,-030
+003,-030
+003,-030
+003,-030
+003,-030
+001,-030
+001,-030
+001,-030
+001,-030
+001,-030
+001,-030
+001,-030
+001,-030
+001,-030
+001,-030
+001,-030
+001,-030
+001,-030
+001,-027
+001,-027
+001,-027
+001,-027
+001,-027
+001,-027
+001,-027
+001,-027
+001,-027
+001,-027
+001,-027
+001,-024
+001,-024
+001,-024
+001,-024
+001,-024
+001,-024
+001,-024
+001,-024
+001,-024
+001,-024
+001,-021
+001,-022
+001,-022
+001,-022
+001,-022
+001,-022
+001,-022
+001,-022
+001,-022
+001,-022
+001,-022
+001,-022
+001,-022
+003,-022
+003,-022
+003,-022
+003,-022
+003,-022
+003,-022
+003,-022
+003,-022
+003,-022
+003,-022
+003,-022
+003,-022
+003,-022
+003,-022
+003,-022
+003,-022
+003,-022
+003,-022
+003,-022
+003,-022
+003,-022
+003,-022
+003,-022
+003,-022
+003,-022
+003,-023
+001,-023
+001,-023
+001,-023
+001,-023
+001,-023
+001,-023
+001,-024
+001,-024
+001,-024
+001,-025
+003,-025
+003,-025
+003,-026
+003,-026
+003,-026
+003,-027
+003,-027
+003,-027
+005,-028
+005,-029
+005,-029
+005,-029
+007,-030
+007,-030
+007,-030
+007,-031
+007,-031
+007,-031
+007,-031
+007,-032
+007,-032
+007,-032
+007,-032
+007,-032
+007,-032
+009,-032
+009,-032
+009,-032
+009,-032
+009,-032
+009,-032
+009,-032
+009,-032
+009,-032
+011,-032
+011,-032
+011,-032
+011,-032
+011,-032
+011,-032
+011,-032
+011,-029
+011,-030
+011,-030
+011,-030
+011,-030
+011,-030
+011,-030
+011,-030
+011,-027
+011,-027
+011,-027
+011,-027
+011,-027
+011,-027
+011,-027
+011,-027
+011,-027
+011,-027
+011,-027
+011,-027
+011,-024
+011,-024
+011,-024
+011,-024
+011,-024
+011,-024
+011,-024
+011,-024
+011,-024
+009,-024
+009,-024
+009,-024
+009,-024
+009,-024
+009,-024
+009,-024
+009,-024
+009,-024
+009,-025
+009,-025
+009,-025
+009,-025
+007,-025
+007,-025
+007,-025
+007,-026
+007,-026
+005,-026
+005,-027
+005,-027
+005,-027
+005,-028
+005,-028
+003,-028
+003,-029
+003,-029
+003,-029
+003,-029
+001,-029
+001,-029
+001,-030
+001,-030
+001,-030
+001,-030
+001,-030
+001,-030
+001,-030
+001,-030
+001,-030
+003,-030
+003,-030
+003,-030
+003,-030
+003,-030
+005,-030
+005,-030
+005,-030
+005,-030
+005,-030
+005,-027
+007,-027
+007,-027
+007,-027
+007,-027
+007,-027
+007,-027
+007,-027
+007,-027
+007,-024
+007,-024
+007,-024
+007,-024
+009,-024
+009,-024
+009,-024
+009,-024
+009,-021
+009,-021
+009,-021
+009,-021
+009,-021
+009,-021
+011,-021
+011,-021
+011,-021
+011,-021
+011,-021
+011,-018
+011,-018
+011,-018
+011,-018
+011,-018
+011,-018
+011,-018
+011,-018
+011,-018
+013,-018
+013,-018
+013,-018
+013,-018
+013,-015
+013,-015
+013,-015
+013,-015
+013,-015
+013,-015
+013,-015
+013,-015
+013,-015
+014,-015
+014,-015
+014,-015
+014,-015
+014,-012
+014,-012
+014,-012
+014,-012
+014,-012
+014,-012
+014,-012
+014,-009
+014,-009
+014,-009
+014,-009
+014,-009
+014,-009
-015,-009
-015,-006
-015,-006
-015,-006
-015,-006
-015,-006
-015,-006
-015,-006
-015,-006
-015,-006
-015,-006
-015,-006
-015,-006
-016,-006
-016,-006
-016,-006
-016,-006
-016,-003
-016,-004
-016,-004
-016,-004
-016,-004
-016,-004
-016,-004
-017,-004
-017,-004
-017,-004
-017,-004
-017,-004
-017,-004
-017,-004
-017,-004
-017,-004
-017,-004
-017,-004
-017,-004
-018,-004
-018,-004
-018,-004
-018,-004
-018,-004
-019,-004
-019,-004
-019,-004
-019,-004
-019,-004
-020,-004
-020,-001
-020,-001
-020,-001
-021,-001
-021,-001
-021,-001
-021,-001
-021,-001
-021,-001
-021,-001
-022,-001
-022,-001
-022,-001
-022,-001
-022,-001
-022,-001
-022,-002
-023,-002
-023,-002
-023,-002
-023,-002
-023,-002
-023,-002
-024,-002
-024,-002
-024,-002
-024,-005
-024,-005
-024,-005
-024,-005
-025,-005
-025,-005
-025,-005
-026,-008
-026,-007
-026,-007
-026,-007
-027,-007
-027,-007
-027,-007
-027,-007
-027,-007
-027,-007
-028,-010
-028,-010
-028,-010
-028,-010
-028,-010
-028,-010
-028,-010
-028,-010
-028,-010
-028,-010
-028,-010
-029,-010
-029,-010
-029,-010
-029,-010
-029,-010
-029,-010
-029,-010
-029,-010
-029,-010
-029,-010
-029,-010
-029,-010
-029,-010
-029,-010
-029,-010
-029,-010
-029,-010
-029,-010
-029,-010
-029,-010
-029,-010
-029,-010
-029,-010
-029,-010
-029,-010
-029,-009
-029,-009
-029,-009
-029,-009
-029,-009
-029,-008
-029,-008
-029,-008
-029,-008
-029,-007
-029,-007
-026,-007
-026,-006
-026,-006
-026,-006
-026,-005
-026,-005
-026,-005
-026,-005
-026,-004
-026,-004
-026,-003
-023,-003
-023,-003
-023,-003
-023,-002
-023,-001
-023,-001
-023,-000
-020,-000
-020,-000
-020,-000
-020,-001
-020,-001
-020,-001
-017,-001
-017,-002
-017,-002
-017,-002
-017,-002
+014,-003
+014,-003
+014,-003
+014,-004
+012,-004
+012,-004
+012,-004
+012,-004
+012,-004
+010,-004
+010,-005
+010,-005
+008,-005
+008,-005
+008,-005
+008,-005
+008,-005
+008,-005
+008,-005
+006,-005
+006,-005
+006,-005
+006,-005
+006,-005
+006,-005
+006,-005
+004,-005
+004,-005
+004,-005
+004,-005
+004,-005
+004,-005
+004,-005
+004,-005
+004,-005
+004,-005
+004,-005
+004,-005
+004,-002
+004,-003
+004,-003
+004,-003
+004,-003
+004,-003
+004,-003
+004,-003
+004,-003
+004,-003
+004,-003
+004,-003
+004,-003
+006,-003
+006,-003
+006,-003
+006,-003
+006,-003
+006,-003
+008,-000
+008,-000
+008,-000
+008,-000
+008,-000
+008,-000
+008,-000
+010,-000
+010,-000
+010,-000
+010,-000
+010,-000
+010,-003
+010,-003
+012,-003
+012,-003
+012,-002
+012,-002
+012,-002
+012,-002
+012,-002
+012,-002
+012,-002
+012,-002
+014,-002
+014,-002
+014,-002
+014,-002
+014,-002
+014,-002
+014,-002
+014,-002
+014,-002
+014,-002
+014,-002
+014,-002
+014,-002
+014,-002
+014,-002
+014,-002
+014,-002
-015,-002
-015,-002
-015,-001
-015,-001
-015,-001
-015,-001
-015,-001
-015,-001
-015,-000
-015,-000
-015,-000
-015,-000
-015,-000
-016,-000
-016,-000
-016,-000
-016,-000
-016,-000
-016,-001
-016,-001
-016,-001
-016,-001
-016,-002
-017,-002
-017,-002
-017,-002
-017,-002
-017,-003
-017,-003
-017,-003
-017,-003
-017,-004
-017,-004
-018,-004
-018,-005
-018,-005
-018,-005
-018,-006
-018,-007
-018,-007
-018,-007
-018,-007
-018,-008
-018,-008
-018,-008
-018,-008
-019,-008
-019,-008
-019,-008
-019,-008
-019,-008
-019,-008
-019,-008
-019,-008
-019,-008
-019,-008
-019,-008
-019,-008
-019,-008
-019,-008
-020,-008
-020,-008
-020,-008
-020,-005
-020,-005
-020,-005
-020,-005
-020,-005
-020,-005
-020,-005
-020,-005
-020,-005
-020,-005
-020,-002
-020,-002
-020,-002
-020,-002
-020,-002
-020,-002
-020,-002
-020,-002
-020,-002
-020,-002
-020,-001
-020,-001
-020,-001
-020,-001
-020,-001
-020,-001
-020,-001
-020,-001
-020,-001
-020,-001
-020,-001
-020,-001
-020,-001
-020,-001
-020,-001
-020,-001
-020,-001
-020,-001
-020,-001
-020,-001
-020,-001
-020,-001
-020,-001
-020,-001
-020,-001
-020,-001
-020,-001
-020,-001
-020,-001
-020,-001
-020,-001
-020,-001
-020,-001
-020,-001
-020,-001
-020,-001
-020,-001
-020,-001
-020,-001
-020,-001
-020,-001
-020,-001
-017,-000
-017,-000
-017,-000
-017,-000
-017,-000
-017,-000
-017,-000
-017,-000
-018,-000
-018,-000
-018,-001
-018,-001
-018,-001
-018,-001
-018,-001
-018,-001
-018,-001
-018,-001
-018,-001
-018,-001
-018,-002
-018,-002
-018,-002
-018,-002
-018,-002
-018,-002
-018,-002
-018,-002
-018,-003
-018,-003
-018,-003
-018,-003
-018,-003
-018,-003
-018,-003
-018,-003
-018,-003
-018,-003
-018,-003
-018,-003
-018,-004
-018,-004
-018,-004
-018,-004
-018,-004
-018,-004
-018,-004
-018,-005
-018,-005
-018,-005
-018,-005
-018,-005
-018,-005
-018,-006
-018,-006
-018,-006
-018,-006
-018,-006
-018,-006
-018,-007
-018,-007
-018,-007
-018,-007
-018,-007
-018,-008
-019,-008
-019,-008
-019,-008
-019,-008
-019,-008
-019,-008
-019,-008
-019,-008
-019,-008
-019,-008
-019,-008
-019,-008
-019,-008
-019,-008
-019,-008
-019,-008
-019,-008
-019,-008
-019,-008
-019,-008
-019,-008
-019,-008
-019,-008
-019,-008
-019,-009
-019,-009
-019,-009
-019,-009
-019,-009
-019,-009
-019,-009
-019,-009
-019,-009
-019,-009
-019,-009
-019,-009
-019,-009
-019,-009
-019,-009
-019,-009
-019,-009
-019,-009
-019,-009
-019,-009
-019,-009
-019,-010
-019,-010
-019,-010
-019,-010
-019,-010
-019,-010
-019,-010
-019,-010
-019,-010
-019,-010
-019,-010
-019,-010
-019,-010
-019,-011
-019,-011
-019,-011
-019,-011
-019,-011
-019,-011
-019,-011
-019,-011
-019,-011
-019,-011
-016,-011
-016,-011
-016,-011
-016,-011
-016,-011
-016,-011
-016,-011
-016,-012
-016,-012
-016,-012
-016,-012
-016,-012
-016,-012
-016,-013
-016,-013
-016,-013
-016,-013
-016,-013
-016,-013
-016,-013
-016,-013
-016,-013
-016,-013
-016,-013
-016,-013
-016,-014
-016,-014
-016,-014
-016,-014
-016,-014
-016,-014
-016,-014
-016,-014
-016,-015
-016,-015
-016,-015
-016,-015
-016,-015
-016,-015
-016,-015
-016,-015
-016,-015
-016,-015
-016,-015
-016,-015
-016,-015
-016,-015
-016,-016
-016,-016
-016,-016
-016,-016
-016,-016
-016,-016
-016,-016
-016,-016
-016,-016
-016,-016
-016,-017
-016,-017
-016,-017
-016,-017
-016,-017
-016,-018
-016,-018
-016,-018
-016,-018
-016,-018
-016,-019
-016,-019
-016,-019
-016,-019
-016,-019
-016,-019
-016,-019
-016,-020
-017,-020
-017,-020
-017,-020
-017,-020
-017,-020
-017,-021
-017,-021
-017,-021
-017,-021
-017,-021
-017,-021
-017,-021
-017,-021
-017,-021
-017,-021
-017,-021
-017,-021
-017,-021
-017,-021
-017,-021
-017,-021
-017,-021
-017,-021
-017,-021
-017,-021
-017,-021
-017,-021
-017,-021
-017,-021
-017,-021
-017,-021
-017,-021
+014,-018
+014,-018
+014,-018
+014,-018
+014,-018
+014,-018
+014,-018
+014,-018
+014,-018
+014,-018
+014,-018
+014,-018
+014,-018
+014,-018
+014,-018
+014,-018
+014,-018
+014,-018
+014,-018
+014,-018
+014,-018
+014,-018
+014,-015
+014,-016
+014,-016
+014,-016
+014,-016
+014,-016
+014,-016
+014,-016
+014,-016
+014,-016
+014,-016
+014,-016
+012,-016
+012,-016
+012,-016
+012,-016
+012,-016
+012,-016
+012,-016
+012,-013
+012,-013
+012,-013
+012,-013
+012,-013
+012,-013
+012,-013
+012,-013
+012,-013
+012,-013
+012,-013
+012,-013
+012,-013
+012,-013
+012,-013
+012,-013
+012,-013
+014,-013
+014,-013
+014,-013
+014,-013
+014,-013
+014,-013
+014,-013
+014,-013
+014,-013
+014,-013
+014,-013
+014,-013
+014,-013
+014,-013
+014,-013
+014,-013
+014,-013
+014,-013
+014,-013
+014,-013
+014,-013
+014,-013
+014,-014
+014,-014
+014,-014
+014,-014
+014,-014
+014,-014
+014,-014
+014,-015
+014,-015
+014,-015
+012,-016
+012,-016
+012,-016
+012,-016
+012,-017
+012,-017
+012,-018
+012,-019
+012,-019
+012,-020
+012,-021
+012,-021
+012,-022
+010,-023
+010,-024
+010,-024
+010,-025
+010,-025
+010,-025
+010,-025
+010,-025
+010,-026
+010,-026
+010,-026
+008,-026
+008,-026
+008,-027
+008,-027
+008,-027
+008,-027
+008,-027
+008,-027
+008,-027
+008,-027
+008,-027
+008,-027
+006,-027
+006,-027
+006,-027
+006,-027
+006,-027
+006,-027
+006,-027
+006,-028
+006,-028
+006,-028
+006,-028
+006,-029
+006,-029
+006,-029
+006,-029
+006,-029
+006,-029
+006,-029
+006,-029
+006,-029
+006,-029
+006,-029
+006,-029
+006,-029
+006,-029
+006,-029
+006,-029
+006,-029
+006,-029
+006,-029
+006,-029
+006,-029
+006,-029
+006,-029
+006,-029
+008,-029
+008,-029
+008,-029
+008,-029
+008,-029
+008,-029
+008,-029
+008,-029
+008,-029
+008,-029
+008,-029
+008,-029
+008,-029
+008,-029
+008,-029
+008,-029
+008,-029
+008,-029
+008,-029
+008,-029
+008,-029
+008,-029
+008,-029
+008,-029
+008,-029
+008,-029
+008,-029
+008,-029
+008,-029
+008,-029
+008,-029
+008,-029
+008,-029
+008,-029
+008,-029
+008,-029
+008,-026
+008,-026
+008,-026
+008,-026
+008,-026
+008,-026
+008,-026
+008,-026
+008,-026
+008,-026
+008,-026
+008,-026
+008,-026
+008,-026
+008,-026
+008,-026
+008,-026
+006,-023
+006,-023
+006,-023
+006,-023
+006,-023
+006,-023
+006,-023
+006,-023
+006,-023
+006,-023
+006,-023
+006,-023
+006,-023
+006,-023
+006,-023
+006,-023
+006,-023
+006,-023
+006,-023
+006,-023
+006,-023
+006,-020
+006,-021
+006,-021
+006,-021
+006,-021
+006,-021
+006,-021
+006,-021
+006,-021
+006,-018
+006,-018
+006,-018
+006,-018
+006,-018
+006,-018
+006,-018
+006,-018
+006,-018
+006,-018
+006,-018
+006,-015
+006,-015
+006,-015
+006,-015
+006,-015
+006,-015
+006,-015
+006,-015
+006,-015
+006,-015
+006,-015
+006,-015
+006,-015
+008,-012
+008,-012
+008,-012
+008,-012
+008,-012
+008,-012
+008,-012
+008,-012
+008,-012
+008,-012
+008,-012
+008,-012
+008,-012
+008,-012
+008,-012
+008,-012
+008,-012
+008,-012
+008,-012
+010,-009
+010,-010
+010,-010
+010,-010
+010,-010
+010,-010
+010,-010
+010,-010
+010,-010
+010,-010
+010,-010
+010,-010
+010,-010
+010,-011
+010,-011
+010,-011
+010,-011
+010,-011
+010,-011
+010,-011
+010,-011
+010,-011
+010,-011
+010,-012
+010,-012
+010,-012
+010,-012
+010,-012
+010,-012
+010,-012
+010,-012
+010,-012
+010,-012
+010,-013
+010,-013
+010,-013
+010,-013
+010,-013
+010,-013
+010,-013
+010,-013
+010,-013
+010,-013
+010,-013
+010,-013
+010,-013
+010,-013
+010,-013
+010,-013
+010,-013
+010,-013
+010,-013
+010,-013
+010,-013
+010,-013
+010,-013
+010,-013
+010,-013
+010,-013
+010,-013
+010,-013
+010,-013
+010,-013
+010,-013
+010,-013
+010,-013
+010,-013
+010,-013
+010,-013
+010,-013
+010,-013
+010,-013
+010,-013
+010,-013
+010,-013
+010,-013
+010,-013
+010,-013
+010,-013
+010,-013
+010,-013
+010,-013
+010,-013
+010,-013
+010,-013
+010,-010
+010,-011
+010,-011
+010,-011
+010,-011
+010,-011
+010,-011
+010,-011
+010,-011
+010,-011
+010,-011
+010,-011
+010,-011
+010,-011
+010,-011
+010,-011
+010,-011
+010,-011
+010,-011
+010,-011
+010,-011
+010,-011
+010,-011
+010,-008
+010,-008
+010,-009
+010,-009
+010,-009
+010,-009
+010,-009
+010,-009
+010,-009
+010,-009
+010,-009
+010,-009
+010,-009
+010,-009
+010,-009
+010,-009
+010,-009
+010,-009
+010,-009
+010,-009
+010,-009
+010,-009
+010,-009
+010,-009
+010,-009
+010,-009
+010,-009
+010,-009
+010,-009
+010,-009
+010,-009
+010,-009
+010,-009
+010,-009
+010,-009
+010,-009
+010,-009
+010,-009
+010,-009
+010,-010
+010,-010
+010,-010
+010,-010
+010,-010
+010,-010
+010,-011
+008,-011
+008,-011
+008,-012
+008,-012
+008,-012
+008,-012
+008,-013
+008,-013
+008,-013
+008,-013
+008,-013
+008,-013
+008,-013
+008,-013
+008,-013
+008,-014
+008,-014
+008,-014
+008,-014
+006,-014
+006,-014
+006,-014
+006,-015
+006,-015
+006,-015
+006,-015
+006,-015
+006,-015
+006,-015
+006,-015
+006,-016
+006,-016
+006,-016
+006,-016
+006,-016
+006,-016
+006,-016
+006,-016
+006,-016
+006,-016
+006,-016
+006,-016
+006,-016
+006,-017
+006,-017
+006,-017
+006,-017
+006,-017
+006,-017
+006,-018
+006,-018
+006,-018
+006,-018
+006,-018
+006,-018
+006,-018
+006,-019
+006,-019
+006,-019
+004,-020
+004,-020
+004,-020
+004,-020
+004,-020
+004,-020
+004,-020
+004,-021
+004,-021
+004,-021
+004,-021
+004,-021
+004,-021
+004,-021
+004,-021
+004,-021
+004,-021
+004,-021
+004,-022
+004,-022
+004,-022
+004,-022
+004,-022
+004,-022
+004,-023
+004,-023
+004,-023
+004,-023
+004,-023
+004,-023
+004,-023
+004,-023
+004,-023
+004,-023
+004,-023
+004,-023
+006,-023
+006,-023
+006,-023
+006,-023
+006,-023
+006,-023
+006,-023
+006,-023
+006,-023
+006,-023
+006,-023
+006,-024
+006,-024
+006,-024
+006,-024
+006,-024
+006,-024
+006,-024
+006,-024
+006,-024
+004,-024
+004,-024
+004,-024
+004,-024
+004,-024
+004,-024
+004,-024
+004,-024
+004,-024
+004,-024
+004,-024
+004,-024
+002,-024
+002,-024
+002,-024
+002,-024
+002,-024
+002,-024
+002,-024
+002,-024
+002,-024
+002,-025
+002,-025
+002,-025
+002,-025
+002,-025
+000,-025
+000,-025
+000,-025
+000,-025
+000,-025
+000,-025
+000,-025
+000,-025
+000,-026
+000,-026
+000,-026
+000,-026
+000,-026
+000,-026
+000,-026
+000,-027
+000,-027
+000,-027
+000,-027
+000,-027
+000,-027
+000,-027
+000,-027
+000,-027
+000,-027
+000,-027
+000,-027
+000,-027
+000,-027
+000,-027
+000,-027
+000,-027
+000,-027
+000,-027
+000,-027
+000,-027
+000,-027
+000,-027
+002,-027
+002,-027
+002,-027
+002,-027
+002,-027
+002,-027
+002,-027
+002,-027
+002,-027
+002,-027
+002,-027
+004,-024
+004,-024
+004,-024
+004,-024
+004,-024
+004,-024
+004,-024
+004,-024
+004,-024
+004,-024
+004,-024
+006,-024
+006,-024
+006,-021
+006,-021
+006,-021
+006,-021
+006,-021
+008,-021
+008,-021
+008,-018
+008,-018
+008,-018
+008,-018
+008,-018
+008,-018
+008,-018
+008,-018
+008,-018
+008,-018
+008,-018
+008,-015
+008,-016
+008,-016
+008,-016
+008,-016
+008,-016
+008,-016
+008,-016
+008,-016
+008,-016
+008,-016
+008,-016
+008,-016
+008,-016
+008,-016
+008,-016
+008,-016
+008,-016
+008,-016
+008,-016
+008,-016
+008,-016
+008,-016
+008,-016
+008,-016
+006,-016
+006,-016
+006,-016
+006,-016
+006,-016
+006,-016
+006,-016
+006,-016
+006,-016
+006,-016
+006,-016
+006,-016
+006,-016
+006,-016
+006,-016
+006,-016
+006,-016
+006,-016
+006,-013
+006,-014
+006,-014
+006,-014
+006,-014
+006,-014
+006,-014
+006,-014
+006,-014
+006,-014
+006,-014
+006,-014
+006,-014
+006,-014
+006,-011
+006,-012
+006,-012
+006,-012
+006,-012
+006,-012
+006,-012
+006,-012
+006,-012
+006,-012
+006,-012
+006,-012
+006,-012
+006,-012
+006,-012
+006,-012
+006,-012
+006,-012
+006,-012
+008,-012
+008,-012
+008,-012
+008,-012
+008,-012
+008,-012
+008,-012
+008,-012
+008,-012
+008,-012
+008,-012
+008,-012
+008,-013
+008,-013
+010,-013
+010,-013
+010,-014
+010,-014
+010,-015
+010,-015
+010,-015
+010,-015
+010,-016
+010,-016
+010,-016
+010,-016
+010,-017
+010,-017
+010,-017
+010,-017
+010,-017
+010,-017
+010,-018
+010,-018
+010,-018
+010,-018
+010,-018
+010,-018
+010,-018
+010,-018
+010,-018
+010,-018
+010,-019
+010,-019
+010,-019
+010,-019
+010,-019
+010,-019
+012,-020
+012,-020
+012,-020
+012,-020
+012,-021
+012,-021
+012,-021
+012,-021
+012,-021
+012,-021
+012,-022
+012,-022
+012,-022
+012,-022
+012,-023
+012,-023
+012,-023
+012,-023
+012,-023
+012,-023
+012,-023
+012,-023
+012,-024
+012,-024
+012,-024
+012,-024
+012,-024
+012,-025
+012,-025
+012,-025
+012,-025
+012,-026
+012,-026
+012,-026
+012,-026
+012,-026
+012,-026
+012,-026
+012,-026
+012,-026
+012,-026
+012,-026
+012,-027
+012,-027
+012,-027
+012,-027
+012,-027
+012,-027
+012,-027
+012,-027
+012,-027
+012,-027
+012,-027
+012,-028
+012,-028
+012,-028
+012,-028
+012,-028
+012,-028
+012,-028
+012,-028
+012,-028
+012,-028
+012,-028
+012,-028
+014,-028
+014,-029
+014,-029
+014,-029
+014,-029
+014,-030
-015,-030
-015,-030
-015,-030
-016,-030
-016,-030
-016,-031
-016,-031
-016,-031
-016,-031
-016,-031
-017,-031
-017,-031
-017,-031
-017,-031
-017,-031
-017,-031
-018,-032
-018,-032
-018,-032
-018,-032
-018,-033
-018,-033
-018,-033
-018,-033
-019,-033
-019,-033
-019,-033
-020,-033
-023,-035
-024,-035
-024,-035
-024,-035
-024,-035
-024,-035
-024,-035
-025,-035
-025,-035
-026,-035
-026,-035
-027,-035
-027,-035
-028,-035
-028,-035
-029,-035
-029,-035
-029,-035
-029,-035
-029,-035
-030,-035
-030,-035
-030,-035
-031,-035
-031,-032
-031,-033
-031,-033
-031,-033
-031,-033
-031,-033
-031,-033
-031,-033
-031,-033
-031,-033
-031,-033
-031,-033
-031,-033
-031,-033
-031,-033
-031,-033
-031,-033
-031,-033
-031,-033
-031,-033
-031,-033
-031,-033
-031,-033
-031,-030
-031,-031
-031,-031
-031,-031
-031,-031
-031,-031
-031,-031
-031,-031
-031,-031
-031,-031
-031,-031
-031,-031
-031,-031
-031,-031
-031,-031
-031,-031
-031,-031
-031,-031
-031,-031
-031,-031
-031,-031
-031,-031
-031,-032
-031,-032
-031,-032
-031,-032
-032,-032
-033,-032
-033,-033
-034,-033
-035,-033
-036,-034
-036,-034
-038,-034
-038,-034
-039,-034
-040,-035
-041,-035
-041,-035
-042,-035
-043,-035
-043,-035
-044,-035
-045,-035
-045,-035
-045,-035
-046,-035
-047,-035
-047,-035
-048,-035
-048,-035
-049,-035
-049,-035
-050,-035
-050,-035
-050,-035
-051,-035
-051,-035
-052,-035
-052,-035
-053,-035
-053,-035
-053,-035
-054,-035
-054,-035
-054,-035
-054,-032
-054,-032
-054,-032
-054,-032
-054,-032
-054,-029
-054,-029
-054,-029
-054,-029
-054,-026
-051,-026
-051,-026
-051,-023
-051,-023
-048,-023
-048,-020
-048,-020
-044,-020
-044,-020
-041,-017
-041,-017
-041,-017
-037,-017
-034,-013
-034,-013
-034,-013
-031,-013
-031,-013
-031,-013
-028,-013
-028,-013
-028,-013
-025,-013
-025,-013
-025,-010
-022,-010
-022,-010
-022,-010
-019,-010
-019,-010
-019,-007
-019,-007
-019,-007
-016,-007
-016,-007
-016,-007
-016,-007
+014,-004
+014,-004
+014,-004
+014,-004
+012,-004
+012,-004
+012,-001
+012,-001
+010,-001
+010,-001
+010,-001
+010,-001
+010,-001
+010,-001
+010,-001
+008,-001
+008,-001
+008,-001
+008,-001
+008,-001
+008,-001
+008,-001
+008,-001
+008,-001
+008,-001
+008,-003
+008,-004
+008,-004
+008,-005
+008,-006
+008,-006
+008,-007
+008,-008
+010,-008
+010,-008
+010,-009
+010,-009
+010,-009
+010,-010
+012,-010
+012,-010
+012,-010
+012,-011
+012,-011
+014,-011
+014,-011
+014,-011
+014,-011
+014,-011
+014,-011
+014,-011
+014,-008
+014,-008
+014,-008
-015,-008
-015,-008
-015,-008
-015,-008
-015,-008
-015,-008
-015,-005
-015,-005
-015,-005
-015,-005
-015,-005
-015,-005
-015,-005
-015,-005
-015,-005
-015,-005
-015,-005
-015,-005
-015,-005
-015,-005
-015,-006
-015,-006
+013,-007
+013,-007
+013,-008
+013,-009
+013,-009
+013,-010
+013,-010
+013,-011
+013,-011
+013,-011
+013,-012
+013,-012
+013,-012
+011,-013
+011,-013
+011,-013
+011,-013
+011,-013
+011,-013
+011,-014
+011,-014
+011,-014
+011,-014
+011,-014
+011,-014
+011,-014
+011,-014
+011,-014
+011,-014
+011,-014
+009,-014
+009,-014
+009,-014
+009,-014
+009,-014
+009,-014
+009,-014
+009,-014
+009,-014
+009,-014
+009,-011
+009,-011
+009,-011
+009,-011
+009,-011
+009,-011
+009,-011
+009,-011
+009,-011
+009,-011
+009,-011
+009,-011
+009,-011
+009,-011
+009,-011
+009,-011
+009,-011
+009,-008
+009,-008
+009,-008
+007,-008
+007,-008
+007,-008
+007,-009
+007,-009
+007,-009
+007,-009
+007,-009
+007,-009
+007,-009
+007,-009
+007,-009
+005,-009
+005,-009
+005,-009
+005,-009
+003,-009
+003,-009
+003,-009
+003,-009
+003,-010
+003,-010
+001,-010
+001,-010
+001,-010
+001,-010
+001,-010
+001,-010
+001,-010
+003,-011
+003,-011
+003,-011
+005,-012
+005,-012
+005,-012
+007,-013
+007,-013
+007,-013
+007,-013
+007,-014
+009,-014
+009,-014
+009,-014
+009,-014
+011,-014
+011,-015
+011,-015
+011,-015
+013,-015
+013,-016
+013,-017
+013,-017
+015,-017
+015,-017
+015,-018
+015,-018
+015,-019
+015,-019
+015,-019
+015,-019
+017,-019
+017,-019
+017,-019
+017,-019
+017,-019
+017,-019
+017,-020
+017,-020
+017,-020
+017,-020
+019,-020
+019,-020
+019,-020
+019,-020
+019,-020
+019,-020
+019,-020
+019,-020
+019,-020
+021,-020
+021,-020
+021,-020
+021,-020
+023,-020
+023,-021
+023,-021
+025,-021
+025,-021
+025,-021
+025,-022
+025,-022
+025,-022
+025,-022
+025,-022
+025,-022
+025,-022
+023,-019
+023,-019
+023,-019
+023,-019
+023,-019
+023,-019
+023,-019
+023,-020
+023,-020
+023,-020
+023,-020
+023,-020
+023,-020
+023,-020
+023,-020
+023,-020
+023,-020
+021,-020
+021,-020
+021,-020
+021,-020
+021,-020
+021,-020
+021,-020
+021,-020
+019,-020
+019,-020
+019,-020
+019,-017
+019,-017
+019,-017
+019,-017
+019,-017
+019,-017
+017,-017
+017,-017
+017,-017
+015,-017
+015,-014
+015,-014
+013,-014
+013,-014
+011,-011
+011,-011
+011,-011
+011,-011
+009,-011
+009,-011
+007,-008
+007,-008
+005,-009
+005,-009
+005,-009
+003,-009
+003,-009
+003,-009
+003,-009
+003,-009
+001,-009
+001,-009
+001,-009
+001,-006
+001,-006
+001,-006
+001,-006
+001,-006
+001,-006
+001,-006
+001,-006
+001,-006
+001,-006
+001,-006
+001,-006
+001,-007
+001,-007
+001,-007
+001,-007
+001,-007
+001,-007
+001,-007
+001,-007
+001,-007
+001,-007
+001,-007
+001,-007
+001,-007
+003,-007
+003,-007
+003,-007
+003,-008
+003,-008
+003,-008
+003,-008
+003,-008
+003,-008
+003,-008
+003,-009
+003,-009
+003,-009
+003,-009
+003,-009
+003,-009
+003,-009
+003,-009
+001,-009
+001,-009
+001,-010
+001,-010
+001,-010
+001,-010
+001,-010
+001,-010
+001,-010
+001,-010
+001,-010
+001,-010
+003,-010
+003,-010
+003,-010
+003,-010
+003,-010
+003,-010
+003,-010
+005,-011
+005,-011
+005,-011
+005,-011
+005,-012
+005,-012
+005,-012
+005,-012
+005,-012
+005,-012
+005,-012
+005,-012
+005,-012
+005,-012
+005,-012
+005,-012
+005,-012
+005,-012
+005,-012
+005,-012
+005,-012
+005,-009
+005,-009
+005,-009
+005,-009
+005,-009
+005,-009
+005,-009
+005,-009
+005,-009
+005,-009
+005,-009
+005,-009
+005,-009
+003,-009
+003,-009
+003,-009
+003,-009
+003,-009
+003,-009
+003,-009
+003,-009
+003,-009
+003,-009
+003,-009
+003,-009
+003,-009
+003,-009
+003,-009
+003,-009
+003,-009
+003,-009
+003,-009
+003,-009
+003,-009
+003,-009
+003,-009
+003,-010
+003,-010
+003,-010
+003,-010
+001,-010
+001,-010
+001,-011
+001,-011
+001,-011
+001,-011
+001,-011
+001,-011
+001,-011
+001,-012
+001,-012
+001,-012
+001,-012
+001,-012
+001,-012
+001,-012
+001,-012
+001,-012
+001,-012
+003,-013
+003,-014
+003,-014
+003,-014
+003,-014
+003,-014
+003,-014
+003,-014
+003,-014
+003,-014
+003,-014
+003,-014
+003,-014
+003,-014
+003,-015
+005,-015
+005,-015
+005,-015
+005,-015
+005,-015
+005,-015
+005,-015
+005,-015
+005,-016
+005,-016
+005,-016
+005,-016
+005,-016
+005,-016
+005,-016
+005,-017
+005,-017
+005,-017
+007,-017
+007,-017
+007,-017
+007,-017
+007,-017
+007,-017
+007,-017
+007,-017
+007,-018
+007,-018
+007,-018
+007,-018
+007,-018
+007,-018
+007,-018
+007,-018
+007,-018
+007,-018
+007,-019
+007,-019
+007,-019
+007,-019
+007,-019
+007,-019
+007,-019
+007,-019
+007,-019
+007,-020
+007,-020
+007,-020
+007,-020
+007,-020
+007,-020
+007,-020
+007,-020
+007,-020
+007,-020
+007,-020
+007,-020
+007,-020
+007,-020
+007,-020
+005,-020
+005,-020
+005,-020
+005,-020
+005,-020
+005,-020
+005,-020
+003,-020
+003,-020
+003,-020
+003,-020
+003,-020
+003,-020
+003,-020
+003,-020
+003,-020
+003,-020
+001,-020
+001,-020
+001,-020
+001,-020
+001,-020
+001,-020
+001,-020
+001,-020
+001,-020
+001,-020
+001,-020
+001,-017
+001,-017
+001,-017
+001,-017
+001,-017
+001,-017
+001,-017
+001,-017
+001,-017
+001,-017
+001,-014
+001,-014
+003,-014
+003,-014
+003,-014
+003,-014
+003,-014
+003,-014
+003,-014
+003,-014
+003,-014
+003,-014
+003,-014
+003,-014
+003,-014
+003,-014
+003,-014
+003,-014
+003,-014
+003,-014
+003,-014
+003,-014
+003,-014
+003,-014
+001,-015
+001,-015
+001,-015
+001,-015
+001,-016
+001,-016
+001,-016
+001,-016
+001,-016
+001,-016
+001,-016
+001,-016
+001,-016
+001,-016
+001,-016
+001,-016
+001,-016
+001,-016
+001,-016
+001,-016
+003,-016
+003,-016
+003,-016
+003,-016
+003,-016
+003,-016
+003,-016
+003,-016
+003,-016
+003,-016
+003,-016
+003,-016
+003,-016
+003,-016
+003,-016
+003,-016
+003,-016
+003,-016
+003,-016
+003,-016
+003,-016
+003,-016
+003,-016
+003,-016
+003,-016
+003,-016
+003,-016
+003,-016
+003,-016
+003,-016
+003,-016
+003,-016
+003,-016
+003,-016
+003,-016
+003,-016
+003,-016
+003,-016
+003,-016
+003,-016
+003,-016
+003,-016
+003,-016
+003,-016
+003,-016
+003,-016
+003,-016
+003,-016
+003,-016
+003,-016
+003,-016
+003,-016
+001,-016
+001,-016
+001,-016
+001,-013
+001,-014
+001,-015
+001,-015
+001,-015
+001,-015
+001,-015
+001,-015
+001,-015
+001,-015
+001,-015
+001,-015
+001,-015
+001,-015
+001,-015
+001,-015
+001,-015
+003,-015
+003,-015
+003,-015
+003,-015
+003,-015
+003,-015
+003,-015
+003,-015
+005,-015
+005,-015
+005,-015
+005,-016
+005,-016
+005,-016
+005,-016
+005,-016
+005,-017
+005,-017
+005,-017
+005,-017
+005,-017
+005,-018
+005,-019
+005,-019
+005,-019
+005,-020
+005,-020
+005,-020
+005,-020
+005,-021
+005,-021
+005,-021
+005,-022
+005,-022
+005,-022
+005,-022
+005,-022
+005,-023
+005,-023
+005,-023
+005,-024
+005,-025
+005,-025
+005,-025
+005,-025
+005,-026
+005,-026
+005,-026
+005,-027
+005,-027
+005,-027
+005,-028
+005,-028
+005,-028
+005,-028
+005,-029
+005,-029
+005,-029
+005,-029
+003,-029
+003,-029
+003,-029
+003,-029
+003,-029
+003,-029
+003,-030
+003,-030
+003,-030
+003,-030
+003,-030
+003,-031
+003,-031
+003,-032
+003,-032
+003,-032
+003,-032
+003,-032
+003,-032
+003,-032
+003,-033
+003,-033
+003,-033
+003,-033
+005,-033
+005,-033
+005,-033
+005,-033
+005,-033
+005,-033
+005,-034
+005,-034
+005,-034
+005,-035
+005,-035
+005,-035
+005,-035
+005,-036
+005,-036
+005,-036
+007,-036
+007,-036
+007,-037
+007,-037
+007,-037
+007,-037
+007,-037
+007,-037
+005,-037
+005,-037
+005,-037
+005,-037
+005,-037
+005,-037
+005,-037
+005,-037
+005,-037
+005,-034
+005,-034
+005,-034
+005,-034
+005,-034
+005,-034
+005,-034
+005,-034
+005,-034
+003,-034
+003,-034
+003,-034
+003,-034
+003,-034
+003,-034
+003,-031
+003,-031
+003,-031
+003,-031
+003,-031
+003,-031
+003,-028
+003,-029
+003,-029
+003,-029
+003,-026
+003,-026
+003,-026
+003,-026
+003,-026
+003,-026
+005,-026
+005,-026
+005,-023
+005,-023
+005,-023
+005,-023
+005,-023
+005,-023
+005,-023
+005,-023
+005,-023
+005,-023
+005,-023
+005,-023
+005,-020
+005,-020
+005,-020
+005,-020
+005,-020
+005,-020
+005,-020
+003,-020
+003,-020
+003,-017
+003,-017
+003,-017
+005,-017
+005,-017
+005,-017
+005,-017
+005,-017
+005,-017
+005,-017
+005,-014
+005,-014
+005,-014
+005,-014
+005,-014
+005,-014
+005,-014
+005,-014
+005,-014
+005,-014
+005,-014
+007,-014
+007,-014
+007,-014
+007,-014
+007,-014
+007,-014
+007,-014
+007,-014
+007,-014
+007,-014
+007,-014
+007,-014
+007,-014
+007,-014
+007,-014
+007,-014
+007,-014
+007,-014
+007,-014
+007,-014
+007,-014
+007,-014
+007,-014
+007,-014
+007,-015
+007,-015
+007,-015
+007,-015
+007,-015
+007,-015
+007,-015
+007,-015
+007,-015
+007,-015
+007,-015
+007,-015
+007,-015
+007,-015
+007,-015
+007,-015
+007,-015
+007,-015
+007,-015
+007,-015
+007,-015
+007,-015
+007,-015
+007,-015
+007,-015
+007,-015
+007,-015
+007,-015
+007,-015
+007,-015
+007,-015
+007,-015
+007,-015
+007,-015
+007,-015
+007,-015
+007,-015
+007,-015
+007,-015
+007,-015
+007,-015
+007,-015
+007,-015
+007,-015
+007,-015
+007,-015
+007,-015
+007,-015
+007,-015
+007,-015
+007,-015
+007,-015
+007,-015
+007,-015
+007,-015
+007,-015
+007,-015
+007,-016
+007,-016
+007,-016
+007,-016
+007,-016
+007,-016
+007,-016
+007,-016
+007,-016
+007,-016
+007,-016
+007,-016
+007,-016
+007,-017
+007,-017
+009,-017
+009,-017
+009,-017
+009,-017
+009,-018
+009,-018
+009,-018
+009,-018
+009,-019
+009,-019
+009,-019
+009,-019
+009,-020
+011,-020
+011,-020
+011,-020
+011,-021
+011,-021
+011,-021
+011,-021
+011,-021
+011,-022
+011,-022
+011,-022
+011,-023
+011,-024
+011,-024
+011,-024
+011,-024
+011,-024
+011,-024
+011,-024
+011,-024
+011,-025
+011,-025
+011,-025
+011,-025
+011,-025
+013,-026
+013,-026
+013,-027
+013,-027
+013,-027
+013,-027
+013,-027
+013,-027
+013,-027
+013,-027
+013,-028
+013,-028
+013,-028
+013,-028
+013,-028
+013,-028
+013,-028
+013,-028
+013,-028
+013,-028
+013,-028
+013,-028
+013,-028
+013,-028
+013,-028
+013,-028
+013,-028
+013,-028
+013,-028
+013,-028
+013,-028
+013,-028
+013,-028
+014,-028
+014,-028
+014,-028
+014,-028
+014,-028
+014,-028
+014,-028
+014,-028
+014,-028
+014,-028
+014,-028
+014,-028
+014,-028
+014,-028
+014,-028
+014,-028
+014,-028
+014,-028
-015,-028
-015,-028
-015,-028
-015,-028
-015,-025
-015,-026
-015,-027
-015,-027
-015,-027
-015,-027
-015,-027
-015,-027
-015,-027
-015,-027
-015,-027
-015,-027
-015,-027
-015,-027
-015,-027
-015,-027
-015,-027
-015,-027
-015,-027
-015,-027
-015,-027
-015,-027
-015,-027
-015,-024
-015,-024
-015,-026
-015,-026
-015,-026
-015,-026
-015,-026
-015,-026
-015,-026
-015,-026
-015,-026
-015,-026
-015,-026
-015,-026
-015,-026
-015,-026
-015,-026
-015,-026
-015,-026
-015,-026
-015,-026
-015,-023
-015,-024
-015,-024
-015,-024
-015,-024
-015,-024
-015,-024
-015,-024
-015,-024
-015,-024
-015,-024
-015,-024
-015,-024
-015,-024
-015,-024
-015,-024
-015,-021
-015,-022
-015,-022
-015,-022
-015,-022
-015,-022
-015,-022
-015,-022
+013,-022
+013,-022
+013,-022
+013,-022
+013,-022
+013,-022
+013,-022
+013,-022
+013,-022
+013,-022
+013,-022
+013,-022
+013,-019
+013,-020
+013,-020
+013,-020
+013,-020
+013,-020
+013,-020
+013,-020
+013,-020
+011,-020
+011,-020
+011,-020
+011,-020
+011,-020
+011,-020
+011,-020
+011,-020
+011,-020
+011,-020
+011,-020
+011,-020
+011,-020
+011,-020
+011,-020
+011,-020
+011,-020
+011,-020
+011,-020
+011,-020
+011,-020
+011,-020
+011,-020
+011,-020
+011,-020
+011,-020
+011,-020
+011,-020
+011,-020
+011,-017
+011,-017
+011,-017
+011,-017
+011,-017
+011,-017
+011,-017
+011,-017
+011,-017
+011,-017
+011,-017
+011,-018
+011,-018
+011,-018
+011,-018
+011,-018
+011,-018
+011,-018
+011,-018
+013,-018
+013,-018
+013,-018
+013,-018
+013,-018
+013,-018
+013,-018
+013,-018
+013,-018
+013,-018
+013,-018
+013,-018
+013,-018
+013,-018
+013,-018
+013,-018
+013,-018
+013,-018
+013,-018
+013,-018
+013,-018
+013,-018
+013,-018
+013,-018
+013,-018
+013,-018
+013,-018
+013,-018
+014,-018
+014,-018
+014,-015
+014,-015
+014,-015
+014,-015
+014,-015
+014,-015
-015,-015
-015,-015
-015,-015
-015,-015
-015,-015
-015,-015
-015,-015
-015,-015
-015,-012
-016,-012
-016,-012
-016,-012
-016,-012
-016,-012
-017,-012
-017,-012
-017,-012
-017,-012
-017,-012
-017,-012
-017,-012
-017,-012
-017,-012
-017,-009
-017,-009
-017,-009
-017,-009
-018,-009
-018,-009
-018,-009
-018,-009
-018,-009
-018,-009
-018,-009
-019,-009
-019,-009
-019,-009
-019,-009
-019,-009
-019,-009
-019,-009
-019,-009
-019,-009
-019,-009
-019,-009
-019,-009
-019,-009
-019,-009
-019,-009
-019,-010
-019,-010
-019,-010
-019,-010
-019,-010
-019,-011
-019,-011
-019,-011
-019,-011
-019,-012
-019,-012
-019,-012
-019,-012
-019,-013
-019,-013
-019,-013
-019,-013
-019,-013
-019,-013
-019,-014
-016,-014
-016,-014
-016,-014
-016,-014
-016,-015
-016,-015
-016,-015
-016,-015
-016,-015
-016,-016
-016,-016
-016,-016
-016,-016
-016,-016
-016,-016
-016,-016
+014,-017
+014,-017
+014,-017
+014,-017
+014,-018
+014,-018
+014,-018
+012,-018
+012,-018
+012,-018
+012,-018
+012,-018
+012,-018
+012,-018
+012,-019
+012,-019
+012,-019
+012,-019
+012,-019
+012,-019
+010,-019
+010,-019
+010,-019
+010,-019
+010,-019
+010,-019
+010,-020
+010,-020
+010,-020
+010,-020
+008,-020
+008,-021
+008,-021
+008,-021
+008,-021
+008,-021
+008,-021
+008,-021
+008,-021
+008,-021
+008,-021
+008,-021
+008,-021
+008,-021
+008,-022
+008,-022
+008,-022
+008,-022
+008,-022
+008,-022
+008,-022
+008,-022
+008,-022
+008,-022
+008,-022
+008,-022
+008,-022
+008,-022
+008,-022
+008,-022
+008,-022
+008,-022
+008,-022
+008,-022
+008,-022
+008,-022
+008,-022
+008,-022
+008,-022
+008,-022
+008,-022
+008,-022
+010,-022
+010,-022
+010,-022
+010,-022
+010,-022
+010,-022
+010,-022
+010,-022
+010,-022
+010,-022
+010,-022
+010,-022
+010,-022
+010,-022
+010,-022
+010,-022
+010,-022
+010,-022
+010,-022
+010,-022
+010,-022
+010,-022
+010,-022
+010,-022
+010,-022
+010,-022
+010,-022
+010,-022
+010,-022
+010,-022
+010,-022
+010,-022
+008,-022
+008,-022
+008,-022
+008,-022
+008,-022
+010,-022
+010,-022
+010,-022
+010,-022
+010,-022
+008,-022
+008,-022
+008,-022
+008,-022
+008,-022
+008,-022
+008,-022
+008,-022
+008,-022
+008,-022
+008,-022
+008,-022
+008,-022
+008,-022
+008,-022
+008,-022
+008,-022
+008,-022
+006,-022
+006,-023
+006,-023
+006,-023
+006,-023
+006,-024
+006,-024
+006,-024
+006,-025
+006,-025
+004,-025
+004,-025
+004,-025
+004,-025
+004,-026
+004,-026
+004,-026
+004,-026
+004,-027
+004,-027
+004,-027
+004,-027
+004,-028
+004,-028
+004,-028
+002,-028
+002,-028
+002,-028
+002,-028
+002,-028
+002,-028
+002,-028
+000,-028
+000,-028
+000,-028
+000,-029
+002,-029
+002,-029
+002,-029
+002,-029
+002,-029
+002,-029
+002,-029
+002,-029
+002,-029
+002,-029
+002,-029
+002,-029
+002,-029
+002,-029
+002,-029
+002,-029
+002,-029
+002,-029
+002,-029
+002,-029
+002,-029
+002,-029
+002,-029
+002,-029
+002,-026
+002,-026
+002,-026
+002,-026
+002,-026
+002,-026
+002,-026
+002,-026
+002,-026
+002,-026
+002,-026
+002,-026
+002,-026
+002,-023
+002,-023
+002,-023
+002,-023
+002,-023
+002,-023
+002,-023
+004,-023
+004,-023
+004,-023
+004,-023
+004,-023
+004,-023
+004,-023
+004,-023
+004,-023
+004,-023
+004,-023
+004,-023
+004,-023
+004,-023
+004,-023
+004,-023
+004,-023
+004,-023
+004,-023
+004,-023
+004,-023
+004,-023
+004,-023
+004,-023
+004,-023
+004,-023
+004,-023
+004,-023
+004,-023
+004,-023
+004,-023
+004,-023
+004,-023
+004,-023
+004,-023
+004,-023
+004,-023
+006,-020
+006,-020
+006,-020
+006,-020
+008,-020
+008,-020
+008,-020
+010,-020
+010,-020
+010,-020
+012,-020
+012,-020
+012,-020
+012,-020
+014,-020
+014,-020
+014,-020
+016,-020
+016,-017
+016,-017
+018,-017
+018,-017
+018,-017
+018,-017
+020,-017
+020,-017
+020,-017
+022,-017
+022,-017
+022,-017
+024,-014
+024,-014
+024,-014
+024,-014
+024,-014
+024,-014
+024,-011
+024,-011
+024,-011
+026,-011
+026,-011
+026,-011
+029,-012
+029,-012
+029,-012
+029,-012
+029,-012
+029,-012
+029,-009
+029,-009
+029,-009
+029,-009
+029,-009
+029,-009
+031,-009
+031,-009
+031,-009
+031,-009
+031,-009
+031,-009
+031,-009
+031,-009
+031,-009
+031,-009
+031,-009
+031,-009
+031,-009
+031,-009
+031,-009
+031,-006
+029,-006
+029,-007
+029,-007
+029,-007
+027,-007
+027,-008
+025,-008
+025,-008
+025,-008
+023,-009
+023,-009
+023,-010
+023,-010
+021,-010
+021,-010
+021,-011
+019,-011
+019,-011
+019,-012
+019,-012
+017,-012
+017,-014
+017,-014
+015,-014
+015,-015
+015,-015
+015,-016
+013,-016
+013,-017
+013,-018
+010,-018
+010,-019
+010,-019
+008,-019
+008,-020
+008,-021
+006,-021
+006,-021
+006,-022
+004,-022
+004,-022
+004,-022
+002,-022
+002,-022
+002,-022
+002,-022
+000,-022
+000,-022
+000,-022
+000,-022
+002,-022
+002,-022
+002,-022
+002,-022
+002,-022
+002,-019
+002,-019
+002,-019
+004,-019
+004,-019
+004,-019
+004,-019
+004,-019
+004,-016
+006,-016
+006,-016
+006,-016
+006,-016
+006,-016
+006,-016
+006,-016
+006,-016
+006,-016
+006,-016
+006,-016
+006,-016
+008,-016
+008,-016
+008,-016
+008,-016
+008,-013
+008,-013
+008,-013
+008,-013
+008,-013
+008,-013
+008,-013
+008,-013
+008,-013
+008,-013
+008,-013
+008,-013
+008,-013
+008,-013
+008,-013
+008,-013
+008,-013
+008,-013
+008,-013
+008,-013
+008,-013
+008,-013
+006,-013
+006,-013
+006,-013
+006,-013
+006,-013
+006,-010
+006,-011
+006,-011
+006,-011
+006,-011
+006,-011
+006,-011
+006,-011
+006,-011
+006,-011
+006,-011
+006,-011
+006,-011
+006,-011
+006,-011
+004,-011
+004,-011
+004,-011
+004,-011
+004,-011
+004,-011
+004,-011
+002,-011
+002,-011
+002,-011
+002,-011
COP Area(S): 000720
COP Area(R): 001230