+000,-000
+001,-001
+003,-001
+003,-001
+003,-001
+003,-001
+003,-001
+003,-001
+003,-001
+003,-001
-004,-001
-004,-001
-004,-001
-004,-001
-004,-001
-004,-001
-004,-001
-005,-001
-005,-001
-005,-001
-005,-001
-005,-001
-005,-001
-005,-001
-005,-001
-005,-001
-005,-001
-006,-001
-006,-001
-006,-001
-006,-001
-006,-001
-006,-001
-006,-001
-006,-001
-007,-001
-007,-001
-007,-001
-007,-001
-007,-001
-007,-001
-007,-001
-007,-001
-007,-001
-007,-001
-007,-001
-008,-001
-008,-001
-008,-001
-008,-001
-008,-001
-008,-001
-008,-001
-009,-004
-009,-004
-009,-004
-009,-004
-009,-004
-009,-004
-009,-004
-009,-004
-009,-004
-009,-004
-009,-004
-009,-004
-009,-004
-009,-004
-009,-004
-009,-004
-009,-004
-009,-004
-009,-004
-009,-004
-009,+007
-009,+007
-009,+007
-009,+007
-009,+007
-009,+007
-009,+007
-009,+007
-009,+007
-009,+007
-009,+009
-006,+009
-006,+009
-006,+009
-006,+009
-006,+009
-006,+011
-006,+011
-006,+011
-006,+011
-006,+011
+003,+011
+003,+011
+003,+011
+003,+011
+003,+011
+003,+013
+003,+013
+003,+013
+003,+013
+003,+013
+003,+013
+003,+013
+001,+013
+001,+015
+001,+015
+001,+015
+001,+015
+001,+015
+001,+015
+001,+015
+001,+015
+001,+015
+001,+015
+003,+015
+003,+015
+003,+015
+003,+015
+003,+015
+003,+015
+005,+015
+005,+015
+005,+015
+005,+015
+005,+015
+005,+015
+005,+015
+005,+015
+007,+015
+007,+015
+007,+015
+007,+015
+007,+013
+007,+013
+009,+013
+009,+013
+009,+013
+009,+013
+009,+013
+009,+013
+009,+013
+009,+013
+009,+013
+009,+013
+009,+013
+011,+013
+011,+013
+011,+013
+011,+013
+011,+013
+011,+013
+011,+013
+011,+013
+011,+013
+011,+013
+011,+011
+011,+011
+011,+011
+011,+011
+011,+011
+011,+011
+011,+011
+011,+011
+011,+011
+011,+011
+011,+011
+011,+011
+011,+011
+011,+011
+011,+011
+011,+011
+011,+011
+011,+009
+011,+009
+011,+009
+011,+009
+011,+009
+011,+009
+011,+009
+011,+009
+011,+009
+011,+009
+011,+007
+011,+007
+011,+007
+011,+007
+011,+007
+011,+007
+011,+007
+011,-006
+011,-006
+009,-006
+009,-006
+009,-006
+009,-005
+009,-005
+009,-005
+009,-004
+009,-004
+009,-004
+009,-004
+009,-003
+009,-003
+007,-003
+007,-002
+007,-002
+007,-002
+007,-002
+007,-002
+007,-001
+007,-001
+007,-001
+007,-001
+007,-001
+007,-001
+007,-000
+007,-000
+005,-000
+005,-000
+005,-001
+005,-001
+005,-001
+005,-001
+005,-001
+005,-001
+005,-001
+005,-001
+005,-001
+005,-001
+005,-001
+005,-001
+005,-001
+005,-001
+003,-001
+003,-001
+003,-001
+003,-001
+003,-001
+003,-001
+003,-001
+003,-001
+003,-001
+003,-001
+003,-001
+003,-001
+003,-001
+003,-001
+003,-001
+003,-001
+003,-001
+003,-001
+003,-001
+003,-001
+003,-001
+003,-001
+003,-001
+003,-001
+003,-001
+003,-001
+003,-001
+003,-001
+003,-002
+003,-002
+003,-002
+003,-002
+003,-002
+005,-002
+005,-002
+005,-002
+005,-002
+005,-005
+005,-005
+005,-005
+005,-005
+005,-005
+005,-005
+005,-005
+005,-005
+005,-005
+005,-005
+005,-005
+005,-005
+005,-005
+005,-005
+005,-005
+005,-005
+005,-005
+005,-005
+005,-005
+005,-005
+005,-005
+005,-005
+005,-005
+005,-005
+005,-005
+005,-005
+005,-005
+005,-005
+005,-005
+005,-005
+005,-005
+005,-005
+005,-005
+005,-005
+005,-005
+005,-005
+005,-005
+005,-005
+005,-005
+007,-004
+007,-004
+007,-004
+007,-004
+007,-004
+007,-004
+007,-004
+007,-004
+007,-004
+007,-004
+007,-004
+007,-004
+007,-004
+007,-004
+007,-003
+007,-003
+007,-003
+007,-003
+007,-003
+007,-003
+009,-003
+009,-003
+009,-003
+009,-002
+009,-002
+009,-002
+009,-002
+009,-002
+009,-002
+009,-002
+011,-002
+011,-002
+011,-002
+011,-001
+011,-001
+011,-001
+011,-001
+011,-001
+011,-001
+011,-001
+011,-000
+011,-000
+011,-000
+011,-000
+011,-000
+011,-000
+011,-000
+011,-000
+011,-000
+011,-001
+011,-001
+011,-001
+011,-001
+011,-001
+011,-001
+011,-002
+011,-002
+011,-002
+011,-002
+011,-002
+011,-002
+011,-002
+011,-002
+011,-003
+011,-003
+011,-003
+011,-004
+011,-004
+011,-004
+011,-004
+011,-004
+011,-004
+011,-004
+011,-005
+011,-005
+011,-005
+011,-006
+011,-006
+011,-006
+011,-006
+011,-007
+011,-007
+011,-007
+011,-007
+011,-007
+011,-007
+011,-007
+011,-008
+011,-008
+011,-008
+011,-008
+011,-008
+011,-008
+011,-009
+011,-009
+009,-009
+009,-009
+009,-009
+009,-009
+009,-009
+009,-009
+009,-009
+009,-009
+009,-010
+009,-010
+009,-010
+009,-010
+009,-010
+009,-010
+009,-010
+009,-010
+009,-010
+009,-010
+009,-010
+009,-010
+009,-010
+009,-010
+009,-010
+009,-010
+009,-010
+009,-010
+007,-010
+007,-010
+007,-010
+007,-010
+007,-010
+007,-010
+007,-010
+007,-010
+007,-010
+007,-010
+005,-010
+005,-011
+005,-011
+005,-011
+005,-011
+005,-011
+005,-011
+005,-011
+005,-011
+005,-011
+005,-011
+005,-011
+005,-011
+005,-011
+005,-011
+005,-011
+005,-011
+005,-011
+005,-011
+005,-011
+005,-011
+005,-011
+005,-011
+005,-011
+005,-011
+005,-011
+005,-011
+005,-011
+005,-011
+005,-011
+005,-011
+005,-011
+005,-011
+005,-011
+005,-011
+005,-011
+005,-011
+005,-011
+005,-011
+005,-011
+005,-011
+005,-011
+005,-011
+005,-011
+005,-011
+005,-011
+005,-011
+005,-011
+005,-011
+005,-011
+005,-011
+005,-011
+007,-011
+007,-011
+007,-011
+007,-011
+007,-011
+007,-011
+007,-011
+007,-011
+007,-011
+007,-011
+007,-011
+007,-011
+007,-011
+007,-011
+007,-011
+007,-008
+007,-009
+007,-009
+007,-009
+007,-009
+007,-009
+007,-009
+007,-009
+007,-009
+007,-009
+007,-009
+007,-009
+007,-009
+007,-009
+007,-009
+007,-009
+007,-009
+007,-009
+007,-009
+007,-009
+007,-009
+007,-009
+007,-009
+007,-009
+007,-009
+007,-009
+007,-009
+007,-009
+007,-009
+007,-009
+007,-009
+007,-009
+007,-009
+007,-009
+007,-009
+007,-009
+007,-009
+007,-009
+007,-009
+007,-009
+007,-009
+007,-006
+007,-007
+007,-007
+007,-007
+007,-007
+007,-007
+007,-007
+007,-007
+007,-007
+007,-007
+007,-007
+007,-007
+007,-007
+007,-007
+007,-007
+007,-007
+007,-007
+007,-007
+007,-007
+007,-007
+007,-007
+007,-007
+007,-004
+007,-004
+007,-004
+007,-004
+007,-004
+007,-004
+007,-004
+007,-004
+007,-004
+007,-004
+007,-004
+007,-004
+007,-004
+007,-004
+007,-004
+007,-004
+007,-004
+007,-004
+007,-004
+007,-004
+007,-004
+007,-004
+007,-004
+007,-004
+007,-004
+007,-004
+007,-004
+007,-004
+007,-004
+007,-004
+007,-004
+007,-004
+007,-004
+007,-004
+007,-001
+007,-002
+007,-002
+007,-002
+007,-002
+007,-002
+007,-002
+007,-002
+007,-002
+007,-002
+007,-002
+007,-002
+007,-002
+007,-002
+007,-002
+007,-002
+005,-002
+005,-002
+005,-002
+005,-002
+005,-002
+005,-002
+005,-002
+005,-002
+005,-003
+005,-003
+005,-003
+005,-003
+005,-003
+005,-003
+005,-003
+005,-004
+005,-004
+005,-004
+005,-004
+005,-004
+005,-004
+003,-004
+003,-004
+003,-004
+003,-004
+003,-004
+003,-004
+003,-004
+003,-004
+003,-004
+003,-004
+003,-004
+003,-004
+003,-004
+003,-004
+003,-004
+003,-004
+003,-004
+003,-004
+003,-005
+003,-005
+003,-005
+003,-005
+003,-005
+003,-005
+003,-005
+003,-005
+003,-005
+003,-005
+003,-005
+003,-005
+003,-005
+003,-005
+003,-005
+003,-005
+003,-005
+003,-005
+003,-005
+003,-005
+003,-005
+003,-005
+003,-005
+003,-005
+003,-005
+003,-005
+003,-005
+003,-005
+003,-005
+003,-005
+003,-005
+003,-005
+003,-005
+003,-005
+003,-005
+003,-005
+003,-005
+003,-005
+003,-005
+003,-005
+003,-005
+003,-005
+003,-005
+003,-005
+003,-005
+003,-005
+003,-005
+003,-005
+001,-005
+001,-005
+001,-005
+001,-005
+001,-005
+001,-005
+001,-005
+001,-005
+001,-005
+001,-005
+001,-005
+001,-005
+001,-005
+001,-002
+001,-002
+001,-002
+001,-002
+001,-002
+001,-002
+001,-002
+001,-002
+001,-002
+001,-002
+001,-002
+001,-002
+001,-002
+001,-002
+001,-002
+001,-002
+001,-002
+001,-002
+001,-002
+001,-002
+001,-002
+001,-002
+001,-002
+001,-002
+001,-002
+001,-002
+001,-002
+001,-001
+001,-000
+001,-000
+001,-000
+001,-000
+001,-000
+001,-000
+001,-000
+001,-000
+001,-000
+001,-000
+001,-000
+001,-000
+001,-000
+001,-000
+001,-000
+001,-000
+001,-003
+001,-002
+001,-002
+001,-002
+001,-002
+001,-002
+001,-002
+001,-002
+001,-002
+001,-002
+001,-002
+001,-002
+001,-002
+001,-002
+001,-002
+001,-002
+001,-002
+001,-002
+001,-002
+001,-002
+001,-002
+001,-002
+001,-002
+001,-002
+001,-002
+001,-002
+001,-002
+001,-002
+001,-002
+001,-002
+001,-002
+001,-002
+001,-002
+001,-002
+001,-002
+001,-002
+001,-002
+001,-002
+001,-002
+001,-002
+001,-002
+001,-002
+001,-002
+001,-002
+001,-002
+001,-002
+001,-002
+001,-002
+001,-002
+001,-002
+001,-002
+001,-002
+001,-002
+001,-002
+001,-002
+001,-002
+001,-002
+001,-002
+001,-002
+001,-002
+001,-005
+001,-004
+001,-004
+001,-004
+001,-004
+001,-004
+001,-004
+001,-004
+001,-004
+001,-004
+001,-004
+001,-004
+001,-004
+001,-004
+001,-004
+001,-004
+001,-004
+001,-004
+001,-004
+001,-004
+001,-004
+001,-004
+001,-004
+001,-004
+001,-004
+001,-004
+001,-004
+001,-004
+001,-004
+001,-004
+001,-004
+001,-004
+001,-004
+001,-004
+001,-004
+001,-004
+001,-004
+001,-004
+001,-004
+001,-004
+001,-004
+001,-004
+001,-004
+001,-004
+001,-004
+001,-004
+001,-004
+001,-004
+001,-004
+001,-004
+001,-004
+001,-004
+001,-004
+001,-004
+001,-004
+001,-004
+001,-004
+001,-004
+001,-004
+001,-004
+001,-004
+001,-004
+001,-004
+001,-004
+001,-004
+003,-004
+003,-004
+003,-004
+003,-004
+003,+007
+003,-006
+003,-006
+003,-006
+003,-006
+003,-006
+003,-006
+003,-006
+003,-006
+003,-006
+003,-006
+003,-006
+003,-006
+003,-006
+003,-006
+003,-006
+003,-006
+003,-006
+003,-006
+003,-006
+003,-006
+003,-006
+003,-006
+003,-006
+003,-006
+003,-006
+003,-006
+003,-006
+003,-006
+003,-006
+003,-006
+003,-006
+003,-006
+003,-006
+003,-006
+003,-006
+003,-006
+003,-006
+001,-006
+001,-006
+001,-006
+001,+008
+001,+008
+001,+008
+001,+008
+001,+008
+001,+008
+001,+008
+001,+008
+001,+008
+001,+008
+001,+008
+001,+008
+001,+008
+001,+008
+001,+008
+003,+008
+003,+008
+003,+008
+003,+008
+003,+008
+003,+008
+003,+008
+003,+008
+003,+008
+003,+008
+005,+007
+005,+007
+005,+007
+005,+007
+005,+007
+005,+007
+005,-006
+005,-006
+005,-006
+005,-006
+005,-006
+005,-006
+005,-006
+005,-005
+007,-005
+007,-005
+007,-005
+007,-005
+007,-005
+007,-005
+007,-004
+007,-004
+007,-004
+007,-004
+007,-004
+007,-004
+007,-004
+007,-003
+007,-003
+007,-003
+007,-003
+007,-003
+009,-003
+009,-002
+009,-002
+009,-002
+009,-002
+009,-002
+009,-002
+009,-002
+009,-001
+009,-001
+009,-001
+011,-001
+011,-000
+011,-000
+011,-000
+011,-000
+011,-000
+011,-000
+011,-000
+011,-000
+011,-001
+011,-001
+011,-001
+011,-001
+011,-001
+011,-001
+011,-001
+011,-001
+011,-001
+011,-002
+011,-002
+011,-002
+011,-002
+011,-002
+011,-002
+011,-003
+011,-003
+011,-003
+011,-003
+011,-003
+011,-003
+011,-003
+011,-003
+011,-003
+011,-004
+011,-004
+011,-004
+011,-004
+011,-004
+011,-004
+011,-004
+011,-005
+011,-005
+011,-005
+011,-005
+011,-005
+011,-005
+011,-006
+011,-006
+011,-006
+011,-006
+011,-007
+011,-007
+011,-007
+011,-008
+011,-008
+011,-008
+011,-008
+011,-008
+011,-008
+011,-008
+011,-009
+011,-009
+011,-009
+011,-009
+011,-009
+011,-009
+011,-009
+011,-009
+011,-009
+011,-010
+011,-010
+011,-010
+011,-010
+011,-010
+011,-010
+011,-010
+011,-010
+011,-010
+011,-010
+011,-010
+011,-011
+011,-011
+011,-011
+011,-011
+011,-011
+011,-011
+011,-011
+011,-012
+011,-012
+011,-012
+011,-012
+011,-012
+011,-012
+011,-012
+011,-012
+011,-012
+011,-012
+011,-013
+011,-013
+011,-013
+011,-013
+011,-013
+011,-013
+011,-013
+011,-013
+011,-013
+011,-014
+011,-014
+011,-014
+011,-014
+011,-014
+011,-014
+013,-014
+013,-014
+013,-014
+013,-014
+013,-014
+013,-014
+013,-014
+013,-014
+013,-015
+013,-015
+013,-015
+013,-015
+013,-015
+013,-015
+013,-015
+013,-015
+013,-015
+013,-015
+013,-015
+013,-015
+013,-015
+013,-015
+013,-015
+013,-015
+013,-015
+013,-015
+013,-015
+013,-015
+013,-015
+013,-015
+013,-015
+013,-015
+013,-015
+013,-015
+013,-015
+013,-015
+013,-015
+013,-015
+013,-015
+013,-015
+013,-015
+013,-015
+013,-015
+013,-015
+013,-015
+013,-015
+013,-015
+013,-015
+013,-015
+013,-015
+013,-015
+013,-015
+013,-015
+013,-015
+013,-015
+013,-015
+013,-015
+013,-015
+013,-015
+013,-015
+013,-015
+013,-015
+013,-015
+013,-015
+013,-015
+013,-015
+013,-015
+013,-015
+013,-015
+013,-015
+013,-015
+013,-015
+013,-015
+013,-015
+013,-015
+013,-015
+013,-015
+013,-015
+013,-015
+013,-015
+011,-015
+011,-015
+011,-015
+011,-015
+011,-015
+011,-015
+011,-015
+011,-012
+011,-013
+011,-013
+011,-013
+011,-013
+011,-013
+011,-013
+011,-013
+011,-013
+011,-013
+011,-013
+011,-013
+011,-013
+011,-013
+011,-013
+011,-013
+011,-013
+011,-013
+011,-013
+011,-013
+011,-013
+011,-013
+011,-013
+009,-013
+009,-013
+009,-013
+009,-013
+009,-013
+009,-013
+009,-013
+009,-013
+009,-013
+009,-013
+009,-013
+009,-013
+009,-013
+009,-013
+009,-013
+009,-013
+009,-013
+009,-013
+009,-013
+009,-013
+009,-013
+009,-013
+009,-013
+009,-013
+009,-013
+009,-013
+009,-013
+009,-013
+009,-013
+009,-013
+009,-013
+009,-013
+009,-013
+009,-013
+009,-013
+011,-013
+011,-013
+011,-010
+011,-010
+011,-010
+011,-010
+011,-010
+011,-010
+011,-010
+011,-010
+011,-010
+011,-010
+011,-010
+011,-010
+011,-010
+011,-010
+013,-010
+013,-010
+013,-010
+013,-010
+013,-010
+013,-010
+013,-010
+013,-010
+013,-010
+013,-010
+015,-010
+015,-010
+015,-010
+015,-010
+015,-010
+015,-010
+015,-010
+015,-010
+015,-010
+015,-010
+015,-010
+017,-010
+017,-010
+017,-010
+017,-010
+017,-010
+017,-010
+017,-010
+017,-010
+017,-007
+017,-008
+017,-008
+017,-008
+017,-008
+017,-008
+017,-008
+017,-008
+019,-008
+019,-008
+019,-008
+019,-008
+019,-008
+019,-008
+019,-008
+019,-008
+019,-008
+019,-008
+019,-008
+019,-008
+019,-005
+019,-005
+019,-005
+019,-005
+019,-005
+019,-005
+019,-005
+019,-005
+019,-005
+019,-005
+019,-005
+019,-005
+019,-005
+019,-005
+019,-005
+019,-005
+019,-005
+019,-005
+019,-005
+019,-005
+019,-002
+019,-002
+019,-002
+019,-002
+019,-002
+021,-002
+021,-002
+021,-002
+021,-002
+021,-002
+021,-002
+021,-002
+021,-002
+021,-002
+021,-002
+021,-002
+021,-002
+021,-002
+021,-002
+021,-002
+021,-002
+021,-002
+021,-002
+021,-002
+021,-002
+021,-002
+021,-002
+021,-002
+021,-002
+021,-002
+021,-002
+021,-002
+021,-002
+021,-002
+021,-002
+021,-002
+021,-002
+021,-002
+021,-002
+021,-002
+021,-002
+021,-002
+021,-002
+021,-002
+021,-002
+021,-002
+021,-002
+021,-002
+021,-002
+021,-002
+021,-002
+021,-002
+021,-002
+021,-002
+021,-002
+021,-002
+021,-002
+021,-002
+021,-002
+021,-002
+021,-002
+021,-002
+021,-002
+019,-002
+019,-002
+019,-002
+019,-002
+019,-002
+019,-002
+019,-002
+019,-002
+019,-002
+019,-002
+019,-002
+019,-002
+019,-002
+019,-002
+017,-002
+017,-002
+017,-003
+017,-003
+017,-003
+017,-003
+017,-003
+017,-003
+017,-003
+017,-003
+017,-003
+017,-004
+017,-004
+017,-004
+017,-004
+017,-004
+015,-004
+015,-004
+015,-005
+015,-005
+015,-005
+015,-005
+015,-005
+015,-005
+015,-005
+015,-005
+015,-005
+015,-005
+015,-005
+015,-005
+015,-005
+015,-005
+015,-005
+015,-005
+015,-005
+015,-005
+015,-005
+015,-005
+015,-005
+015,-005
+015,-005
+015,-005
+015,-005
+015,-005
+015,-005
+015,-005
+015,-005
+015,-005
+015,-005
+015,-005
+015,-005
+015,-005
+015,-005
+015,-005
+015,-005
+015,-005
+015,-005
+015,-005
+015,-005
+015,-005
+015,-005
+015,-005
+015,-005
+015,-005
+015,-005
+015,-005
+015,-005
+015,-005
+015,-005
+015,-005
+015,-005
+017,-005
+017,-005
+017,-005
+017,-005
+017,-005
+017,-005
+017,-005
+017,-005
+017,-005
+017,-005
+017,-005
+017,-005
+017,-005
+017,-005
+017,-005
+017,-005
+017,-005
+017,-005
+017,-005
+017,-005
+017,-005
+017,-005
+017,-005
+017,-005
+017,-005
+015,-005
+015,-005
+015,-005
+015,-005
+015,-005
+015,-005
+015,-005
+015,-002
+015,-003
+015,-003
+015,-003
+015,-003
+015,-003
+015,-003
+015,-003
+013,-003
+013,-003
+013,-003
+013,-003
+013,-003
+013,-003
+013,-003
+013,-003
+013,-003
+013,-003
+013,-003
+013,-003
+013,-003
+013,-003
+013,-003
+013,-003
+013,-003
+013,-003
+011,-003
+011,-000
+011,-001
+011,-001
+011,-001
+011,-001
+011,-001
+011,-001
+011,-001
+011,-001
+011,-001
+011,-001
+011,-001
+011,-001
+011,-001
+011,-001
+011,-001
+011,-001
+011,-001
+011,-001
+011,-001
+011,-001
+011,-001
+011,-001
+011,-001
+011,-001
+011,-001
+009,-001
+009,-001
+009,-001
+009,-001
+009,-001
+009,-001
+009,-001
+009,-001
+009,-001
+009,-001
+009,-001
+009,-001
+009,-001
+009,-001
+009,-001
+009,-001
+009,-001
+009,-001
+009,-001
+009,-001
+009,-001
+009,-001
+009,-001
+009,-001
+009,-001
+009,-001
+009,-001
+009,-001
+009,-001
+009,-001
+009,-001
+009,-001
+009,-001
+009,-001
+009,-001
+009,-001
+009,-001
+009,-001
+009,-001
+009,-001
+009,-001
+009,-001
+009,-001
+007,-001
+007,-001
+007,-001
+007,-001
+007,-001
+007,-001
+007,-001
+007,-001
+007,-001
+007,-001
+007,-001
+007,-001
+007,-001
+007,-001
+007,-001
+007,-001
+007,-001
+005,-001
+005,-001
+005,-001
+005,-001
+005,-001
+005,-001
+005,-001
+005,-001
+005,-001
+005,-001
+005,-001
+005,-001
+005,-001
+005,-001
+005,-001
+005,-001
+005,-001
+005,-001
+005,-001
+005,-001
+005,-001
+005,-001
+005,-001
+005,-001
+005,-001
+005,-001
+005,-001
+005,-001
+005,-001
+005,-001
+005,-001
+005,-001
+005,-001
+005,-001
+005,-001
+005,-001
+005,-001
+005,-001
+005,-001
+005,-001
+005,-001
+005,-001
+005,-001
+005,-001
+005,-001
+005,-001
+005,-001
+007,-001
+007,-001
+007,-001
+007,-001
+007,-001
+007,-001
+007,-001
+007,-001
+007,-001
+007,-001
+007,-001
+007,-001
+007,-001
+007,-001
+007,-001
+007,-001
+007,-001
+007,-001
+009,-001
+009,-001
+009,-001
+009,-001
+009,-001
+009,-001
+009,-001
+009,-001
+009,-001
+009,-001
+009,-001
+009,-001
+009,-001
+011,-001
+011,-001
+011,-001
+011,-001
+011,-001
+011,-001
+011,-001
+011,-001
+011,-001
+011,-001
+011,-001
+011,-001
+011,-001
+011,-001
+011,-001
+011,-001
+011,-001
+011,-001
+013,-001
+013,-001
+013,-001
+013,-002
+013,-002
+013,-002
+013,-002
+013,-002
+013,-002
+013,-002
+013,-002
+013,-002
+013,-002
+013,-002
+013,-002
+013,-002
+013,-002
+013,-002
+013,-002
+013,-003
+013,-003
+013,-003
+013,-003
+013,-003
+013,-003
+013,-003
+013,-003
+013,-003
+013,-003
+013,-003
+013,-003
+013,-003
+013,-003
+013,-004
+013,-004
+013,-004
+013,-004
+013,-004
+013,-004
+013,-004
+013,-004
+013,-004
+013,-004
+013,-004
+013,-004
+013,-005
+013,-005
+013,-005
+013,-005
+013,-005
+013,-005
+013,-005
+013,-005
+013,-005
+013,-005
+013,-005
+013,-005
+013,-005
+013,-005
+013,-005
+013,-005
+013,-005
+013,-005
+013,-005
+013,-005
+013,-005
+013,-005
+013,-005
+013,-005
+013,-005
+013,-005
+013,-005
+013,-005
+013,-005
+013,-005
+013,-005
+013,-005
+013,-005
+013,-005
+013,-005
+013,-005
+013,-005
+013,-005
+013,-005
+013,-005
+013,-005
+013,-005
+013,-005
+013,-005
+013,-005
+013,-005
+013,-005
+013,-005
+013,-005
+013,-005
+013,-005
+013,-005
+013,-005
+013,-005
+015,-005
+015,-005
+015,-005
+015,-005
+015,-005
+015,-005
+015,-005
+015,-005
+015,-005
+015,-005
+015,-005
+015,-005
+015,-005
+015,-005
+015,-005
+015,-005
+015,-005
+015,-005
+015,-005
+015,-005
+015,-005
+015,-005
+015,-005
+015,-005
+015,-005
+015,-005
+015,-005
+015,-005
+015,-005
+015,-005
+015,-005
+015,-005
+015,-005
+015,-005
+015,-005
+015,-005
+015,-005
+015,-005
+015,-005
+015,-005
+015,-005
+015,-005
+015,-005
+015,-005
+015,-005
+015,-005
+015,-005
+015,-005
+015,-005
+015,-005
+015,-005
+015,-005
+015,-005
+015,-005
+015,-005
+015,-005
+015,-005
+015,-005
+015,-005
+015,-005
+015,-005
+015,-005
+015,-005
+015,-005
+015,-005
+013,-005
+013,-005
+013,-006
+013,-006
+013,-006
+013,-006
+013,-006
+013,-006
+013,-006
+013,-006
+013,-006
+013,-006
+013,-007
+013,-007
+013,-007
+013,-007
+013,-007
+013,-007
+013,-007
+013,-008
+013,-008
+013,-008
+013,-008
+013,-008
+013,-008
+013,-008
+013,-008
+013,-008
+013,-008
+013,-009
+013,-009
+013,-009
+013,-009
+013,-009
+013,-009
+013,-009
+013,-009
+013,-009
+013,-009
+013,-009
+013,-009
+013,-009
+013,-009
+013,-010
+013,-010
+013,-010
+013,-010
+013,-010
+013,-010
+013,-010
+013,-010
+013,-010
+013,-010
+013,-010
+013,-010
+013,-011
+013,-011
+013,-011
+013,-011
+013,-011
+013,-011
+013,-011
+013,-011
+013,-011
+011,-011
+011,-011
+011,-011
+011,-011
+011,-012
+011,-012
+011,-012
+011,-012
+011,-012
+011,-012
+011,-012
+011,-012
+011,-012
+011,-012
+011,-012
+011,-012
+011,-012
+011,-012
+011,-012
+011,-012
+011,-012
+011,-012
+011,-012
+011,-012
+011,-012
+011,-012
+011,-012
+011,-012
+011,-012
+011,-012
+011,-012
+011,-012
+011,-012
+011,-012
+011,-012
+011,-012
+011,-012
+011,-012
+011,-012
+011,-012
+011,-012
+013,-012
+013,-012
+013,-012
+013,-012
+013,-012
+013,-012
+013,-012
+013,-012
+013,-012
+013,-012
+013,-012
+013,-012
+013,-009
+013,-009
+013,-010
+013,-010
+013,-010
+013,-010
+013,-010
+013,-010
+013,-010
+013,-010
+013,-010
+013,-010
+013,-010
+013,-010
+013,-010
+013,-010
+013,-007
+013,-007
+013,-007
+013,-007
+013,-007
+013,-007
+015,-007
+015,-007
+015,-007
+015,-007
+015,-007
+015,-007
+015,-007
+015,-007
+015,-007
+015,-007
+015,-007
+015,-007
+015,-007
+015,-007
+015,-007
+015,-007
+015,-007
+015,-007
+015,-007
+015,-007
+015,-007
+015,-007
+015,-007
+015,-007
+015,-007
+015,-007
+015,-007
+015,-007
+015,-007
+015,-007
+015,-007
+015,-007
+015,-007
+015,-007
+015,-007
+015,-007
+015,-007
+015,-007
+015,-007
+015,-007
+015,-007
+015,-007
+015,-007
+015,-007
+015,-007
+015,-007
+015,-007
+015,-007
+015,-007
+015,-007
+015,-007
+015,-007
+015,-007
+015,-007
+015,-007
+015,-007
+015,-007
+015,-007
+015,-007
+015,-007
+015,-007
+015,-007
+015,-007
+015,-007
+015,-007
+015,-007
+017,-007
+017,-007
+017,-007
+017,-007
+017,-007
+017,-007
+017,-007
+017,-007
+017,-007
+017,-007
+017,-007
+017,-007
+017,-007
+017,-007
+017,-007
+017,-007
+017,-007
+017,-007
+017,-007
+017,-007
+017,-007
+017,-007
+017,-007
+017,-007
+017,-007
+017,-007
+017,-007
+017,-007
+017,-007
+017,-007
+017,-007
+017,-007
+017,-007
+017,-007
+017,-007
+017,-007
+017,-007
+017,-007
+017,-007
+017,-007
+017,-007
+017,-007
+017,-007
+017,-008
+017,-008
+017,-008
+017,-008
+017,-008
+017,-008
+017,-008
+017,-009
+017,-009
+017,-009
+017,-009
+017,-009
+017,-009
+017,-009
+017,-009
+017,-009
+017,-009
+017,-009
+017,-009
+017,-009
+017,-009
+017,-010
+017,-010
+017,-010
+017,-010
+017,-010
+017,-010
+017,-010
+017,-010
+017,-010
+017,-010
+017,-011
+017,-011
+017,-011
+017,-011
+017,-011
+017,-011
+017,-011
+017,-011
+017,-011
+017,-011
+017,-011
+017,-011
+017,-011
+017,-011
+017,-011
+017,-012
+017,-012
+017,-012
+017,-012
+017,-012
+017,-012
+017,-012
+017,-012
+017,-012
+017,-012
+017,-012
+017,-012
+017,-012
+017,-012
+017,-012
+017,-012
+017,-012
+017,-012
+017,-012
+017,-012
+017,-012
+017,-012
+015,-012
+015,-012
+015,-012
+015,-012
+015,-012
+015,-012
+015,-012
+015,-012
+015,-012
+015,-012
+015,-012
+015,-012
+015,-012
+015,-012
+015,-012
+015,-012
+015,-012
+015,-012
+015,-012
+015,-012
+015,-012
+015,-012
+015,-012
+015,-012
+015,-012
+015,-012
+015,-012
+015,-012
+015,-012
+015,-012
+015,-012
+015,-012
+015,-012
+015,-012
+013,-012
+013,-012
+013,-012
+013,-012
+013,-012
+013,-012
+013,-012
+013,-012
+013,-012
+013,-012
+013,-012
+013,-012
+013,-012
+013,-012
+013,-012
+013,-012
+013,-012
+013,-009
+013,-009
+011,-009
+011,-009
+011,-009
+011,-009
+011,-009
+011,-009
+011,-009
+011,-009
+011,-009
+011,-009
+011,-009
+011,-009
+011,-009
+011,-009
+011,-009
+011,-009
+011,-009
+011,-009
+011,-009
+011,-009
+011,-009
+011,-009
+011,-009
+011,-009
+011,-009
+011,-009
+011,-009
+009,-009
+009,-009
+009,-009
+009,-009
+009,-009
+009,-009
+009,-009
+009,-009
+009,-009
+009,-009
+009,-009
+009,-009
+009,-009
+009,-009
+009,-009
+009,-009
+009,-009
+009,-009
+009,-009
+009,-009
+009,-009
+007,-009
+007,-009
+007,-009
+007,-009
+007,-009
+007,-009
+007,-009
+007,-009
+007,-009
+007,-009
+007,-009
+007,-009
+007,-009
+007,-009
+007,-009
+007,-009
+007,-009
+007,-009
+007,-009
+007,-009
+007,-009
+007,-009
+005,-009
+005,-009
+005,-009
+005,-009
+005,-009
+005,-009
+005,-009
+005,-009
+005,-009
+005,-009
+005,-009
+005,-009
+005,-009
+005,-009
+005,-009
+005,-009
+005,-009
+005,-009
+005,-009
+005,-009
+005,-009
+005,-009
+005,-009
+005,-009
+005,-009
+003,-009
+003,-009
+003,-009
+003,-009
+003,-009
+003,-009
+003,-009
+003,-009
+003,-009
+003,-009
+003,-009
+003,-009
+003,-009
+003,-009
+003,-009
+003,-009
+003,-009
+003,-009
+003,-009
+003,-009
+003,-009
+003,-009
+003,-009
+003,-009
+003,-009
+003,-009
+003,-009
+003,-009
+003,-009
+003,-009
+003,-006
+003,-007
+003,-007
+003,-007
+003,-007
+003,-007
+003,-007
+003,-007
+003,-007
+003,-007
+003,-007
+003,-007
+003,-007
+003,-007
+003,-007
+003,-007
+003,-007
+003,-007
+003,-007
+003,-007
+003,-007
+003,-007
+003,-007
+003,-007
+003,-007
+003,-007
+003,-007
+003,-007
+003,-007
+003,-007
+003,-007
+005,-007
+005,-007
+005,-007
+005,-007
+005,-007
+005,-007
+005,-007
+005,-007
+005,-007
+005,-007
+005,-007
+005,-007
+005,-007
+005,-007
+005,-007
+005,-007
+005,-007
+005,-007
+005,-007
+005,-007
+005,-007
+005,-007
+005,-007
+005,-007
+005,-007
+005,-007
+005,-007
+005,-007
+005,-007
+005,-007
+005,-007
+005,-007
+005,-007
+005,-007
+005,-007
+005,-007
+005,-007
+007,-007
+007,-007
+007,-007
+007,-007
+007,-008
+007,-008
+007,-008
+007,-008
+007,-008
+007,-008
+007,-008
+007,-008
+007,-008
+007,-008
+007,-008
+007,-008
+007,-008
+007,-008
+007,-008
+007,-008
+007,-008
+007,-008
+007,-008
+007,-008
+007,-008
+007,-008
+007,-008
+007,-008
+007,-008
+007,-008
+007,-009
+007,-009
+007,-009
+009,-009
+009,-009
+009,-009
+009,-009
+009,-009
+009,-009
+009,-009
+009,-009
+009,-009
+009,-009
+009,-009
+009,-009
+009,-009
+011,-009
+011,-009
+011,-009
+011,-009
+011,-009
+011,-009
+011,-009
+011,-009
+011,-009
+011,-009
+011,-009
+011,-009
+011,-009
+011,-009
+011,-009
+011,-009
+011,-009
+011,-009
+011,-009
+011,-009
+011,-009
+011,-009
+011,-009
+011,-009
+011,-009
+011,-009
+011,-009
+011,-009
+011,-009
+011,-009
+011,-009
+011,-009
+011,-009
+011,-009
+011,-009
+013,-009
+013,-009
+013,-009
+013,-009
+013,-009
+013,-009
+013,-009
+013,-009
+013,-009
+013,-009
+013,-009
+013,-009
+013,-009
+013,-009
+013,-009
+013,-009
+013,-009
+013,-009
+013,-009
+013,-009
+013,-009
+013,-009
+013,-009
+013,-009
+013,-009
+013,-009
+013,-009
+013,-009
+013,-009
+013,-009
+013,-009
+013,-009
+013,-009
+013,-009
+013,-009
+013,-009
+013,-009
+013,-009
+013,-009
+013,-009
+013,-009
+013,-009
+013,-009
+013,-009
+013,-006
+013,-007
+013,-007
+013,-007
+013,-007
+013,-007
+013,-007
+013,-007
+013,-007
+013,-007
+013,-007
+013,-007
+013,-007
+013,-007
+013,-007
+013,-007
+013,-007
+013,-007
+013,-007
+013,-007
+013,-007
+013,-007
+013,-007
+013,-007
+013,-007
+013,-007
+013,-007
+013,-007
+013,-004
+013,-004
+013,-004
+013,-004
+013,-004
+013,-004
+013,-004
+013,-004
+013,-004
+013,-004
+013,-004
+013,-004
+013,-004
+013,-004
+013,-004
+013,-004
+013,-004
+013,-004
+013,-004
+013,-004
+013,-004
+013,-004
+013,-004
+013,-004
+013,-004
+013,-001
+013,-001
+013,-001
+013,-001
+013,-001
+013,-001
+013,-001
+013,-001
+013,-001
+013,-001
+013,-001
+013,-001
+013,-001
+013,-001
+013,-001
+013,-001
+013,-001
+013,-001
+013,-001
+013,-001
+013,-001
+013,-001
+013,-001
+013,-001
+013,-001
+013,-001
+013,-001
+013,-001
+013,-001
+013,-001
+013,-002
+013,-002
+013,-002
+013,-002
+013,-002
+013,-002
+013,-002
+013,-002
+013,-002
+013,-002
+013,-002
+013,-002
+013,-002
+013,-002
+013,-002
+013,-002
+013,-002
+013,-002
+013,-002
+013,-002
+013,-002
+013,-002
+013,-002
+013,-002
+013,-002
+013,-002
+013,-002
+013,-002
+013,-002
+013,-002
+013,-002
+013,-002
+013,-002
+013,-002
+013,-002
+013,-002
+013,-002
+013,-002
+013,-002
+013,-002
+013,-002
+013,-002
+013,-002
+013,-002
+013,-002
+013,-002
+013,-002
+013,-002
+013,-002
+013,-002
+013,-002
+013,-002
+013,-002
+013,-002
+013,-002
+013,-002
+013,-002
+013,-002
+013,-001
+013,-001
+013,-001
+013,-001
+013,-001
+013,-001
+013,-001
+013,-001
+013,-001
+013,-001
+013,-001
+013,-001
+011,-001
+011,-001
+011,-001
+011,-001
+011,-001
+011,-001
+011,-001
+011,-001
+011,-001
+011,-001
+011,-001
+011,-001
+011,-001
+011,-001
+011,-001
+011,-001
+011,-001
+011,-001
+011,-001
+011,-001
+011,-001
+011,-001
+011,-001
+011,-001
+011,-001
+011,-001
+011,-001
+011,-001
+011,-001
+011,-000
+011,-000
+011,-000
+011,-000
+011,-000
+011,-000
+011,-000
+011,-000
+011,-000
+011,-000
+011,-000
+011,-000
+011,-000
+011,-000
+011,-000
+011,-000
+011,-000
+011,-000
+011,-000
+011,-000
+011,-000
+011,-000
+011,-000
+011,-000
+011,-000
+011,-000
+011,-000
+011,-000
+009,-000
+009,-000
+009,-000
+009,-000
+009,-000
+009,-000
+009,-000
+009,-000
+009,-001
+009,-001
+009,-001
+009,-001
+009,-001
+009,-001
+009,-001
+009,-001
+009,-001
+009,-001
+009,-001
+007,-001
+007,-001
+007,-001
+007,-001
+007,-001
+007,-001
+007,-001
+007,-001
+007,-001
+007,-001
+007,-001
+005,-001
+005,-002
+005,-002
+005,-002
+005,-002
+005,-002
+005,-002
+005,-002
+005,-002
+005,-002
+005,-002
+005,-002
+005,-002
+003,-002
+003,-002
+003,-002
+003,-002
+003,-002
+003,-002
+003,-002
+001,-002
+001,-002
+001,-002
+001,-002
+001,-002
+001,-002
+001,-002
+001,-003
+001,-003
+001,-003
+001,-003
+001,-003
+001,-004
+001,-004
+001,-004
+001,-004
+001,-004
+001,-004
+001,-005
+001,-005
+003,-005
+003,-005
+003,-006
+003,-006
+003,-006
+003,-006
+003,-006
+003,-007
+003,-007
+003,-007
+003,-007
+003,-007
+003,-007
-004,-007
-004,-007
-004,-007
-004,-007
-004,-007
-004,-007
-004,-007
-004,-007
-004,-007
-004,-007
-004,-007
-004,-007
-004,-007
-004,-007
-004,-007
-004,-007
-004,-007
-004,-007
-004,-007
-004,-007
-004,-007
-004,-007
+002,-007
+002,-007
+002,-007
+002,-007
+002,-007
+002,-007
+002,-007
+002,-007
+002,-007
+002,-007
+002,-007
+002,-007
+002,-007
+002,-007
+002,-007
+002,-007
+000,-007
+000,-007
+000,-007
+000,-007
+000,-007
+000,-004
+000,-004
+000,-005
+000,-005
+000,-005
+000,-005
+000,-005
+000,-005
+000,-005
+000,-005
+000,-005
+000,-005
+000,-005
+000,-005
+000,-005
+002,-005
+002,-005
+002,-005
+002,-005
+002,-005
+002,-005
+002,-005
+002,-005
+002,-005
+002,-005
+002,-005
+002,-005
+002,-005
+002,-005
+002,-005
+002,-005
+002,-005
+002,-005
+002,-005
+002,-005
+002,-005
+002,-005
+002,-005
+002,-005
+002,-005
+002,-005
+002,-005
+002,-005
+002,-005
+002,-005
+002,-005
+002,-005
+002,-005
+002,-005
+004,-005
+004,-005
+004,-005
+004,-005
+004,-005
+004,-005
+004,-005
+004,-005
+004,-005
+006,-005
+006,-005
+006,-005
+006,-005
+006,-005
+006,-005
+006,-005
+006,-005
+006,-005
+006,-005
+006,-002
+006,-003
+008,-003
+008,-003
+008,-003
+008,-003
+008,-003
+008,-003
+008,-003
+008,-003
+008,-003
+008,-003
+008,-003
+008,-003
+008,-003
+010,-003
+010,-003
+010,-003
+010,-003
+010,-003
+010,-003
+010,-003
+010,-003
+010,-003
+012,-003
+012,-003
+012,-003
+012,-003
+012,-003
+012,-003
+012,-003
+012,-003
+012,-003
+012,-003
+014,-003
+014,-003
+014,-000
+014,-000
+014,-001
+014,-001
+016,-001
+016,-001
+016,-001
+016,-001
+016,-001
+018,-001
+018,-001
+018,-001
+018,-001
+018,-001
+018,-001
+018,-001
+020,-001
+020,-001
+020,-001
+020,-001
+020,-001
+022,-001
+022,-001
+022,-001
+022,-001
+022,-001
+022,-001
+024,-001
+024,-001
+024,-001
+024,-001
+024,-001
+024,-001
+024,-001
+024,-001
+024,-001
+024,-001
+024,-001
+024,-001
+026,-001
+026,-001
+026,-001
+026,-001
+026,-001
+026,-001
+026,-001
+026,-001
+026,-001
+026,-001
+026,-001
+026,-001
+026,-001
+026,-001
+026,-001
+026,-001
+026,-001
+026,-001
+026,-001
+026,-001
+026,-001
+026,-001
+026,-001
+026,-001
+024,-001
+024,-001
+024,-001
+024,-001
+024,-001
+024,-001
+024,-001
+024,-001
+024,-001
+024,-002
+024,-002
+024,-002
+024,-002
+024,-002
+024,-002
+024,-002
+024,-002
+022,-002
+022,-002
+022,-003
+022,-003
+022,-003
+022,-003
+022,-003
+022,-003
+022,-003
+022,-003
+022,-003
+022,-003
+022,-004
+022,-004
+022,-004
+022,-004
+022,-004
+022,-004
+022,-004
+020,-004
+020,-004
+020,-005
+020,-005
+020,-005
+020,-005
+020,-006
+020,-006
+020,-006
+020,-006
+020,-006
+018,-006
+018,-007
+018,-007
+018,-007
+018,-007
+018,-007
+018,-008
+018,-008
+018,-008
+018,-008
+018,-008
+018,-008
+018,-009
+018,-009
+018,-009
+018,-009
+018,-009
+016,-009
+016,-009
+016,-010
+016,-010
+016,-010
+016,-010
+016,-010
+016,-010
+016,-011
+016,-011
+016,-011
+016,-011
+016,-012
+016,-012
+016,-012
+016,-012
+014,-012
+014,-012
+014,-012
+014,-012
+014,-012
+014,-013
+014,-013
+014,-013
+014,-013
+014,-014
+014,-014
+012,-014
+012,-014
+012,-014
+012,-015
+012,-015
+012,-015
+012,-015
+012,-015
+010,-016
+010,-016
+010,-016
+010,-016
+010,-016
+010,-017
+010,-017
+010,-017
+010,-017
+010,-018
+010,-018
+008,-018
+008,-018
+008,-019
+008,-019
+008,-019
+008,-019
+008,-019
+008,-019
+008,-020
+008,-020
+008,-020
+008,-020
+008,-020
+008,-020
+008,-020
+008,-020
+008,-020
+008,-020
+008,-020
+008,-020
+008,-020
+008,-020
+008,-020
+008,-020
+008,-020
+008,-020
+008,-020
+008,-020
+008,-020
+008,-020
+008,-020
+008,-020
+008,-020
+008,-020
+008,-020
+008,-020
+008,-020
+008,-020
+008,-020
+010,-020
+010,-020
+010,-020
+010,-020
+010,-020
+010,-020
+010,-020
+010,-020
+010,-020
+012,-020
+012,-020
+012,-020
+012,-020
+012,-020
+012,-020
+012,-017
+014,-018
+014,-018
+014,-018
+014,-018
+014,-018
+014,-018
+014,-018
+014,-018
+014,-018
+014,-018
+014,-018
+014,-018
+014,-018
+014,-018
+016,-018
+016,-018
+016,-018
+016,-018
+016,-018
+016,-018
+016,-018
+016,-018
+016,-018
+016,-018
+016,-018
+016,-018
+016,-018
+016,-018
+016,-018
+016,-018
+016,-018
+016,-018
+016,-018
+016,-018
+016,-018
+016,-018
+016,-018
+016,-019
+016,-019
+014,-019
+014,-019
+014,-019
+014,-019
+014,-019
+014,-019
+014,-019
+014,-020
+014,-020
+012,-020
+012,-020
+012,-020
+012,-020
+012,-020
+012,-020
+012,-020
+012,-020
+012,-020
+012,-020
+010,-020
+010,-020
+010,-020
+010,-020
+010,-020
+010,-020
+010,-020
+010,-020
+010,-020
+008,-020
+008,-020
+008,-020
+008,-020
+008,-020
+008,-021
+008,-021
+008,-021
+008,-021
+008,-021
+008,-021
+006,-021
+006,-021
+006,-022
+006,-022
+006,-022
+006,-022
+006,-022
+006,-022
+006,-022
+006,-022
+006,-022
+006,-022
+006,-022
+006,-022
+006,-022
+006,-022
+006,-022
+006,-022
+006,-022
+006,-022
+004,-022
+004,-022
+004,-022
+004,-022
+004,-022
+004,-022
+004,-022
+004,-022
+004,-022
+004,-022
+004,-022
+004,-022
+004,-022
+004,-022
+004,-022
+004,-022
+004,-022
+004,-022
+004,-022
+004,-022
+004,-022
+004,-022
+004,-022
+004,-022
+004,-022
+004,-022
+004,-022
+004,-019
+004,-019
+004,-019
+004,-019
+004,-019
+004,-019
+004,-019
+004,-019
+004,-019
+004,-019
+004,-019
+004,-019
+004,-019
+004,-019
+004,-019
+004,-019
+004,-019
+004,-019
+004,-019
+004,-019
+004,-019
+004,-019
+004,-019
+004,-019
+004,-019
+004,-019
+004,-019
+004,-019
+004,-019
+004,-019
+004,-019
+004,-019
+004,-019
+004,-019
+004,-019
+004,-019
+004,-019
+002,-019
+002,-019
+002,-019
+002,-019
+002,-019
+002,-019
+002,-019
+002,-019
+002,-019
+002,-019
+002,-019
+002,-019
+002,-020
+002,-020
+002,-020
+002,-020
+002,-020
+000,-020
+000,-020
+000,-020
+000,-020
+000,-020
+000,-021
+000,-021
+000,-021
+000,-021
+000,-021
+000,-021
+000,-021
+000,-021
+000,-021
+000,-021
+000,-022
+000,-022
+000,-022
+000,-022
+000,-022
+000,-022
+000,-022
+000,-022
+000,-022
+000,-022
+000,-022
+000,-022
+000,-022
+000,-022
+000,-022
+000,-022
+000,-022
+000,-022
+000,-022
+000,-022
+000,-022
+000,-022
+000,-022
+000,-022
+000,-022
+000,-022
+000,-022
+000,-022
+000,-022
+000,-022
+000,-023
+000,-023
+000,-023
+000,-023
+000,-023
+000,-023
+000,-023
+000,-023
+000,-023
+000,-023
+000,-023
+000,-023
+000,-023
+000,-023
+000,-023
+000,-023
+000,-023
+000,-023
+000,-023
+000,-023
+000,-023
+000,-023
+000,-023
+000,-023
+000,-023
+000,-023
+000,-023
+000,-023
+000,-023
+000,-023
+000,-023
+000,-023
+000,-023
+000,-023
+000,-023
+000,-023
+000,-023
+000,-023
+000,-023
+000,-023
+000,-023
+000,-023
+000,-023
+000,-023
+000,-023
+000,-023
+000,-023
+000,-023
+000,-023
+000,-023
+000,-023
+000,-023
+000,-023
+000,-023
+000,-023
+000,-023
+000,-023
+000,-023
+000,-023
+000,-023
+000,-023
+000,-023
+000,-023
+000,-023
+000,-023
+000,-023
+000,-023
+000,-023
+000,-023
+000,-023
+000,-023
+000,-023
+000,-023
+000,-023
+000,-023
+000,-023
+000,-023
+000,-023
+000,-023
+000,-023
+000,-023
+000,-023
+000,-023
+000,-023
+000,-023
+000,-023
+000,-023
+000,-023
+000,-020
+000,-021
+000,-021
+000,-021
+000,-021
+000,-021
+000,-021
+000,-021
+000,-021
+000,-021
+000,-021
+000,-021
+000,-021
+000,-021
+000,-021
+000,-021
+000,-021
+000,-021
+000,-021
+000,-021
+000,-021
+000,-021
+000,-021
+000,-021
+000,-021
+000,-021
+000,-021
+000,-021
+000,-021
+000,-021
+000,-021
+000,-021
+000,-021
+000,-021
+000,-021
+000,-021
+000,-021
+000,-021
+000,-021
+002,-021
+002,-021
+002,-021
+002,-021
+002,-021
+002,-021
+002,-021
+002,-021
+002,-021
+002,-021
+002,-021
+002,-021
+002,-021
+004,-021
+004,-021
+004,-021
+004,-021
+004,-021
+004,-021
+004,-021
+004,-021
+004,-021
+004,-021
+004,-021
+004,-021
+006,-021
+006,-021
+006,-021
+006,-021
+006,-021
+006,-021
+006,-021
+006,-021
+006,-021
+006,-021
+006,-021
+006,-021
+006,-021
+006,-021
+006,-021
+006,-021
+006,-021
+006,-021
+006,-021
+006,-021
+006,-021
+006,-021
+006,-021
+006,-018
+006,-019
+006,-019
+006,-019
+006,-019
+006,-019
+006,-019
+006,-019
+006,-019
+006,-019
+006,-019
+006,-019
+006,-019
+006,-019
+006,-019
+006,-019
+006,-019
+006,-019
+006,-019
+006,-019
+006,-019
+006,-019
+006,-019
+006,-019
+006,-019
+006,-019
+006,-019
+006,-019
+006,-019
+006,-019
+006,-016
+006,-017
+006,-017
+006,-017
+006,-017
+006,-017
+006,-017
+006,-017
+006,-017
+006,-017
+006,-017
+006,-017
+006,-017
+006,-017
+006,-014
+006,-015
+006,-015
+006,-015
+006,-015
+006,-015
+006,-015
+006,-015
+006,-015
+006,-015
+006,-015
+006,-015
+006,-015
+006,-012
+006,-012
+006,-012
+006,-012
+006,-012
+006,-012
+006,-012
+006,-012
+006,-012
+006,-012
+006,-012
+006,-012
+006,-012
+006,-012
+006,-012
+006,-012
+004,-009
+004,-009
+004,-009
+004,-009
+004,-009
+004,-009
+004,-009
+004,-009
+004,-009
+004,-009
+004,-009
+004,-009
+004,-009
+004,-009
+004,-006
+004,-007
+004,-007
+004,-007
+004,-007
+004,-007
+002,-007
+002,-007
+002,-007
+002,-007
+002,-007
+002,-007
+002,-007
+002,-007
+002,-007
+002,-007
+002,-007
+002,-007
+002,-007
+002,-007
+002,-004
+002,-005
+002,-005
+002,-005
+002,-005
+002,-005
+002,-005
+002,-005
+002,-005
+002,-005
+002,-005
+002,-005
+002,-005
+002,-005
+002,-005
+002,-005
+002,-005
+002,-005
+002,-005
+002,-005
+002,-005
+002,-005
+002,-005
+002,-005
+002,-006
+002,-006
+002,-006
+002,-006
+002,-006
+002,-006
+002,-006
+002,-006
+002,-006
+002,-006
+002,-006
+002,-006
+002,-006
+002,-006
+002,-007
+002,-007
+000,-007
+000,-007
+000,-007
+000,-007
+000,-007
+000,-007
+000,-007
+000,-007
+000,-007
+000,-007
+000,-007
+000,-007
+000,-007
+000,-007
+000,-007
+000,-008
+000,-008
+000,-008
+000,-008
+000,-008
+000,-008
+000,-008
+000,-008
+000,-008
+000,-008
+000,-008
+000,-008
+000,-008
+000,-008
+000,-008
+000,-008
+000,-008
+000,-008
+000,-008
+000,-008
+000,-008
+000,-008
+000,-008
+000,-008
+000,-008
+000,-008
+000,-008
+000,-008
+000,-008
+000,-008
+000,-008
+000,-008
+000,-008
+000,-008
+000,-008
+000,-008
+000,-008
+000,-008
+000,-008
+000,-008
+000,-008
+000,-008
+000,-008
+000,-008
+000,-008
+000,-008
+000,-008
+000,-008
+000,-008
+000,-008
+000,-008
+000,-008
+000,-008
+000,-008
+000,-008
+000,-008
+000,-008
+000,-008
+000,-008
+000,-008
+000,-008
+002,-008
+002,-008
+002,-008
+002,-008
+002,-008
+002,-008
+002,-008
+002,-008
+004,-008
+004,-008
+004,-008
+004,-008
+004,-008
+004,-008
+004,-008
+004,-008
+004,-008
+004,-008
+004,-008
+004,-008
+004,-008
+004,-008
+004,-008
+004,-008
+004,-008
+004,-008
+004,-008
+004,-008
+004,-008
+004,-008
+004,-009
+004,-009
+004,-009
+004,-009
+004,-009
+004,-010
+004,-010
+004,-010
+004,-010
+004,-010
+004,-010
+002,-011
+002,-011
+002,-011
+002,-011
+002,-012
+002,-012
+002,-012
+002,-012
+002,-012
+002,-012
+002,-012
+002,-013
+002,-013
+002,-013
+002,-013
+002,-013
+002,-013
+002,-014
+002,-014
+002,-014
+002,-014
+004,-015
+004,-015
+004,-015
+004,-015
+004,-015
+004,-015
+004,-015
+004,-015
+004,-015
+004,-016
+004,-016
+004,-016
+004,-016
+004,-016
+004,-016
+004,-016
+004,-017
+004,-017
+004,-017
+006,-017
+006,-018
+006,-018
+006,-018
+006,-018
+006,-018
+006,-018
+006,-018
+006,-018
+006,-018
+006,-018
+006,-018
+006,-018
+006,-018
+006,-018
+006,-018
+006,-018
+006,-018
+006,-018
+008,-018
+008,-018
+008,-018
+008,-018
+008,-018
+008,-018
+008,-018
+008,-018
+008,-018
+008,-018
+008,-018
+008,-018
+008,-018
+010,-018
+010,-018
+010,-018
+010,-018
+010,-018
+010,-018
+010,-018
+010,-018
+010,-018
+010,-018
COP Area(S): 000286
COP Area(R): 000450