+000,-000
+001,-001
+001,-001
+003,-001
+003,-001
+003,-004
+003,-004
+003,-004
+006,-004
+006,-004
+006,-004
+009,-004
+009,-004
+011,-004
+011,-004
+013,-004
+013,-007
+015,-007
+015,-007
+017,-007
+017,-006
+019,-006
+019,-006
+021,-006
+021,-006
+023,-006
+023,-006
+023,-006
+025,-006
+025,-006
+027,-006
+027,-006
+027,-006
+029,-006
+029,-006
+029,-006
+031,-006
+031,-006
+031,-006
+033,-006
+033,-006
+033,-006
+033,-006
+033,-006
+035,-006
+035,-006
+035,-006
+035,-005
+035,-005
+037,-005
+037,-005
+037,-005
+037,-005
+037,-005
+037,-005
-038,-005
-038,-004
-038,-004
-038,-004
-039,-004
-039,-004
-039,-004
-039,-003
-039,-003
-039,-003
-039,-003
-039,-003
-039,-003
-039,-003
-039,-002
-039,-002
-039,-002
-039,-002
-039,-002
-039,-002
-039,-002
-039,-002
-039,-002
-039,-002
-039,-002
-039,-002
-039,-002
-039,-002
-039,-002
-039,-002
-039,-002
-039,-002
-039,-002
-039,-002
-039,-002
-039,-002
-040,-002
-040,-002
-040,-002
-040,-002
-040,-002
-040,-002
-040,-002
-040,-005
-041,-005
-041,-005
-041,-005
-041,-005
-041,-005
-041,-005
-042,-005
-042,-005
-042,-005
-043,-005
-043,-008
-043,-008
-044,-008
-044,-008
-044,-008
-044,-008
-045,-008
-045,+011
-045,+011
-046,+011
-046,+011
-046,+011
-046,+011
-046,+011
-046,+011
-046,+013
-047,+013
-047,+013
-047,+013
-047,+015
-047,+015
-047,+015
-047,+015
-048,+015
-048,+015
-048,+015
-049,+017
-049,+017
-049,+017
-049,+017
-050,+017
-050,+017
-050,+019
-051,+019
-051,+019
-051,+019
-051,+019
-051,+019
-052,+019
-052,+021
-052,+021
-052,+021
-052,+021
-053,+021
-053,+021
-053,+021
-053,+021
-053,+021
-053,+021
-053,+021
-053,+021
-053,+021
-053,+023
-053,+023
-053,+023
-053,+023
-053,+023
-053,+023
-053,+023
-053,+023
-053,+023
-053,+023
-053,+023
-053,+023
-053,+023
-053,+023
-053,+023
-053,+023
-053,+023
-053,+023
-053,+023
-053,+023
-054,+023
-054,+023
-054,+023
-054,+023
-054,+023
-055,+023
-055,+023
-055,+023
-055,+023
-055,+023
-055,+023
-055,+023
-055,+023
-055,+023
-055,+023
-055,+023
-055,+023
-055,+023
-055,+023
-055,+023
-055,+023
-055,+023
-055,+023
-055,+023
-055,+023
-055,+023
-055,+023
-055,+023
-052,+023
-052,+021
-052,+021
-052,+021
-052,+021
-052,+021
-052,+021
-052,+021
-052,+021
-052,+021
-052,+021
-052,+021
-052,+021
-052,+021
-049,+021
-049,+021
-049,+021
-049,+021
-049,+021
-049,+021
-049,+021
-049,+021
-049,+021
-049,+019
-046,+019
-047,+019
-047,+019
-047,+019
-047,+019
-047,+019
-047,+019
-047,+019
-047,+019
-047,+019
-044,+019
-044,+019
-044,+019
-044,+019
-044,+019
-044,+019
-044,+019
-041,+019
-041,+019
-041,+019
-041,+019
-041,+019
-041,+019
-041,+019
-038,+019
-038,+019
-038,+019
-038,+019
-038,+019
-038,+019
-038,+019
-038,+021
-038,+021
-038,+021
-038,+021
-038,+021
-038,+021
-038,+021
-038,+021
-038,+021
-038,+021
-038,+021
-038,+021
-038,+021
-038,+021
-038,+021
-038,+021
-038,+021
+036,+021
+036,+021
+036,+021
+036,+021
+036,+021
+036,+021
+036,+021
+036,+021
+036,+021
+034,+021
+034,+021
+034,+021
+034,+021
+032,+021
+032,+021
+032,+021
+032,+023
+032,+023
+030,+023
+030,+023
+030,+023
+028,+023
+028,+023
+028,+023
+026,+025
+026,+025
+026,+025
+024,+025
+024,+025
+024,+025
+024,+025
+024,+025
+022,+025
+022,+025
+022,+025
+020,+025
+020,+025
+020,+025
+020,+025
+020,+023
+018,+023
+018,+023
+018,+023
+018,+021
+018,+021
+018,+021
+018,+021
+018,+021
+018,+019
+018,+019
+018,+019
+016,+019
+016,+019
+016,+019
+016,+019
+016,+019
+016,+017
+016,+017
+016,+017
+016,+017
+016,+017
+016,+017
+016,+017
+016,+017
+016,+017
+016,+017
+014,+017
+014,+017
+014,+017
+014,+017
+014,+017
+014,+017
+014,+017
+014,+017
+014,+017
+014,+017
+014,+017
+014,+017
+014,+017
+014,+017
+014,+017
+014,+017
+014,+017
+014,+017
+014,+017
+014,+017
+014,+017
+014,+017
+014,+017
+014,+017
+014,+017
+014,+017
+014,+017
+014,+017
+014,+017
+014,+017
+014,+017
+014,+017
+014,+017
+014,+017
+014,+017
+014,+017
+014,+017
+014,+017
+014,+017
+012,+017
+012,+017
+012,+017
+012,+017
+012,+017
+012,+017
+012,+017
+012,+017
+012,+017
+012,+017
+012,+017
+012,+017
+012,+017
+012,+017
+012,+017
+012,+017
+012,+017
+012,+017
+012,+017
+012,+017
+012,+017
+012,+017
+012,+017
+012,+017
+012,+017
+014,+017
+014,+017
+014,+017
+014,+017
+014,+017
+016,+017
+016,+017
+016,+017
+016,+015
+016,+015
+018,+015
+018,+015
+018,+015
+018,+015
+020,+015
+020,+015
+020,+015
+020,+015
+022,+015
+022,+015
+022,+015
+022,+015
+022,+015
+024,+015
+024,+015
+024,+015
+024,+015
+026,+015
+026,+015
+026,+015
+026,+015
+028,+015
+028,+015
+028,+015
+028,+015
+030,+015
+030,+015
+030,+015
+030,+015
+030,+015
+030,+015
+030,+015
+030,+015
+030,+015
+032,+015
+032,+015
+032,+015
+032,+015
+032,+015
+032,+015
+032,+015
+032,+015
+032,+015
+032,+015
+032,+015
+032,+013
+032,+013
+032,+013
+032,+013
+032,+013
+032,+013
+032,+013
+032,+013
+032,+013
+032,+013
+032,+011
+032,+011
+032,+011
+032,+011
+032,+011
+032,+011
+032,+011
+032,+011
+032,+011
+032,+011
+032,+011
+032,+011
+032,+011
+032,+011
+032,+011
+032,+011
+032,+011
+032,+011
+032,+011
+032,+011
+032,+011
+032,+011
+032,+011
+032,+011
+032,+011
+032,+011
+032,+011
+032,+011
+032,+011
+032,+011
+032,+011
+032,+011
+032,+011
+032,+011
+032,+011
+032,+011
+032,+011
+032,+011
+032,+011
+032,+011
+032,+011
+032,+011
+032,+011
+032,+011
+032,+011
+032,+011
+032,+011
+032,+011
+032,+011
+032,+011
+032,+011
+032,+011
+032,+011
+032,+011
+032,+011
+032,+011
+032,+011
+032,+011
+032,+011
+032,+011
+032,+011
+032,+011
+030,+011
+030,+011
+030,+011
+030,+011
+030,+011
+030,+011
+030,+011
+030,+011
+030,+011
+030,+011
+030,+011
+030,+011
+030,+011
+030,+011
+030,+011
+030,+011
+030,+011
+030,+011
+030,+011
+030,+011
+030,+011
+030,+011
+030,+011
+030,+011
+030,+011
+030,+011
+030,+011
+030,+011
+030,+011
+030,+011
+030,+011
+030,+011
+028,-010
+028,-010
+028,-010
+028,-010
+028,-010
+028,-010
+028,-010
+028,-010
+028,-010
+028,-010
+026,-010
+026,-010
+026,-010
+026,-010
+026,-010
+026,-010
+026,-010
+024,-010
+024,-010
+024,-010
+024,-010
+024,-010
+024,-010
+024,-010
+022,-010
+022,-010
+022,-009
+022,-009
+022,-009
+022,-009
+022,-009
+022,-009
+022,-009
+020,-009
+020,-009
+020,-009
+020,-008
+020,-008
+020,-008
+020,-008
+020,-008
+020,-008
+020,-008
+020,-007
+020,-007
+020,-007
+020,-007
+018,-007
+018,-007
+018,-007
+018,-007
+018,-007
+018,-007
+018,-007
+018,-007
+018,-007
+018,-007
+018,-007
+018,-007
+018,-007
+018,-007
+018,-007
+020,-007
+020,-007
+020,-007
+020,-007
+020,-007
+020,-007
+020,-007
+022,-007
+022,-007
+022,-010
+022,-010
+022,-010
+022,-010
+022,-010
+024,-010
+024,-010
+024,-010
+024,-010
+024,-010
+026,-010
+026,-010
+026,-010
+026,-010
+026,-010
+028,-010
+028,-010
+028,-010
+028,-010
+028,-010
+030,-010
+030,+012
+030,+012
+030,+012
+032,+012
+032,+012
+032,+012
+032,+014
+034,+014
+034,+014
+034,+014
+034,+014
+034,+014
+034,+014
+034,+014
+034,+014
+036,+014
+036,+014
+036,+014
+036,+014
+036,+014
+037,+014
+037,+014
+037,+014
-038,+014
-038,+014
-038,+014
-038,+014
-038,+014
-038,+014
-038,+014
-038,+014
-038,+014
-038,+014
-038,+014
-038,+014
-038,+014
-038,+014
-038,+014
-038,+014
-038,+014
-038,+014
-038,+014
-038,+014
-038,+014
-038,+014
-038,+014
-038,+014
-038,+014
-038,+014
-038,+014
-038,+014
-038,+014
-038,+014
-038,+012
-038,+012
-038,+012
-038,+012
-038,+012
-038,+012
-038,+012
+036,+012
+036,+012
+036,+012
+036,+012
+036,+012
+036,+012
+036,+012
+036,+012
+036,+012
+036,+012
+036,+012
+036,+012
+036,+012
+036,+012
+036,+012
+036,+012
+036,+012
+036,+012
+036,+012
+037,+012
+037,+012
+037,+012
+037,+012
+037,+012
+037,+012
+037,+012
-038,+012
-038,+012
-038,+012
-038,+012
-038,+012
-038,+012
-038,+014
-038,+014
-039,+014
-039,+014
-039,+014
-039,+016
-039,+016
-039,+016
-040,+016
-040,+016
-040,+016
-040,+016
-041,+016
-041,+018
-041,+018
-041,+018
-041,+018
-041,+018
-041,+018
-041,+018
-041,+018
-041,+018
-041,+018
-041,+018
-041,+020
-041,+020
-041,+020
-041,+020
-041,+020
-041,+020
-041,+020
-041,+020
-041,+020
-041,+020
-041,+020
-041,+020
-041,+020
-041,+020
-041,+020
-038,+020
-038,+020
-038,+020
-038,+020
-038,+020
-038,+020
-038,+020
-038,+020
-038,+020
-038,+020
-038,+020
+036,+020
+036,+020
+036,+020
+036,+020
+036,+020
+036,+020
+036,+020
+036,+020
+034,+020
+034,+020
+034,+020
+034,+020
+034,+020
+032,+020
+032,+020
+032,+020
+032,+020
+032,+020
+032,+020
+032,+020
+032,+018
+030,+018
+030,+018
+030,+018
+030,+018
+030,+018
+030,+018
+030,+018
+030,+018
+030,+018
+030,+018
+030,+018
+030,+018
+030,+018
+030,+018
+030,+018
+030,+018
+030,+018
+030,+018
+030,+018
+030,+016
+030,+016
+030,+016
+030,+016
+030,+016
+030,+016
+030,+016
+030,+016
+030,+016
+030,+016
+030,+016
+030,+016
+030,+016
+028,+016
+028,+016
+028,+016
+028,+016
+028,+016
+028,+016
+028,+016
+028,+016
+028,+016
+028,+016
+028,+016
+028,+016
+028,+016
+026,+016
+026,+016
+026,+016
+026,+016
+026,+016
+026,+016
+026,+016
+026,+016
+026,+016
+026,+016
+026,+016
+024,+016
+024,+016
+024,+014
+024,+014
+024,+014
+024,+014
+024,+014
+024,+014
+024,+014
+024,+012
+022,+012
+022,+012
+022,+012
+022,+012
+022,+011
+022,+011
+022,+011
+022,-010
+022,-010
+022,-009
+022,-009
+022,-009
+020,-009
+020,-008
+020,-008
+020,-008
+020,-008
+020,-008
+020,-007
+020,-007
+020,-007
+020,-007
+020,-007
+020,-007
+020,-007
+020,-007
+020,-006
+020,-006
+020,-006
+020,-006
+020,-006
+020,-006
+020,-006
+020,-005
+020,-005
+020,-005
+020,-005
+020,-005
+020,-005
+020,-004
+020,-004
+020,-004
+020,-004
+020,-004
+020,-004
+020,-004
+020,-004
+020,-003
+020,-003
+020,-003
+020,-003
+020,-003
+018,-002
+018,-002
+018,-002
+018,-002
+018,-002
+018,-002
+018,-002
+018,-002
+018,-002
+018,-002
+018,-002
+018,-002
+018,-002
+018,-002
+018,-002
+018,-002
+018,-002
+018,-002
+018,-002
+018,-002
+018,-002
+018,-002
+018,-002
+018,-002
+018,-002
+018,-002
+018,-002
+018,-002
+018,-002
+018,-002
+018,-002
+018,-002
+018,-002
+018,-002
+018,-001
+018,-001
+018,-001
+018,-001
+018,-001
+018,-001
+018,-001
+018,-001
+018,-001
+018,-001
+018,-001
+018,-001
+018,-001
+018,-001
+018,-001
+018,-004
+016,-004
+016,-004
+016,-004
+016,-004
+016,-004
+016,-004
+016,-004
+016,-004
+016,-004
+016,-004
+016,-004
+016,-004
+016,-004
+016,-004
+016,-004
+016,-007
+016,-007
+016,-007
+016,-007
+016,-007
+016,-007
+016,-007
+016,-007
+016,-007
+016,-007
+016,-007
+016,-007
+016,-007
+016,-007
+016,-007
+016,-007
+016,-007
+016,-007
+016,-007
+016,-007
+018,-007
+018,-007
+018,-007
+018,-007
+018,-007
+018,-007
+018,-007
+018,-007
+018,-007
+018,-007
+018,-007
+018,-007
+018,-007
+018,-007
+018,-007
+018,-007
+018,-007
+018,-007
+018,-007
+018,-007
+018,-007
+018,-007
+018,-007
+018,-007
+018,-007
+018,-007
+018,-007
+018,-007
+018,-007
+018,-007
+020,-007
+020,-007
+020,-006
+020,-006
+020,-006
+020,-006
+020,-006
+020,-006
+020,-006
+020,-006
+022,-006
+022,-006
+022,-006
+022,-006
+022,-006
+022,-006
+024,-006
+024,-006
+024,-006
+024,-006
+026,-006
+026,-006
+026,-006
+026,-009
+028,-009
+028,-009
+028,-009
+028,-009
+028,-009
+030,-009
+030,-009
+030,-009
+030,-009
+030,-009
+030,-009
+030,-009
+030,-009
+032,+011
+032,+011
+032,+011
+032,+011
+032,+011
+032,+011
+032,+011
+032,+011
+032,+011
+032,+011
+032,+011
+032,+011
+032,+011
+032,+011
+032,+011
+032,+011
+032,+011
+032,+011
+032,+011
+032,+011
+032,+011
+032,+011
+032,+011
+032,+011
+032,+011
+032,+011
+032,+011
+032,+011
+032,+011
+032,+011
+032,+011
+032,+011
+030,+011
+030,+011
+030,+011
+030,+011
+030,+011
+030,+011
+030,+011
+030,+011
+030,+011
+030,+011
+030,+011
+030,+011
+030,+011
+030,-010
+030,-010
+030,-010
+028,-010
+028,-010
+028,-010
+028,-010
+028,-010
+028,-010
+028,-010
+028,-010
+028,-010
+028,-010
+028,-010
+028,-010
+028,-010
+028,-010
+028,-010
+028,-010
+028,-010
+028,-010
+028,-010
+028,-010
+028,-010
+028,-010
+028,-010
+028,-010
+028,-010
+028,-010
+028,-010
+028,-010
+028,-010
+028,-010
+028,-010
+028,-010
+028,-010
+028,-010
+028,-010
+028,-010
+028,-010
+028,-010
+028,-010
+028,-010
+028,-010
+028,-010
+028,-010
+028,-010
+028,-010
+028,-010
+028,-010
+028,-010
+028,-010
+028,-010
+028,-010
+028,-010
+028,+012
+028,+012
+028,+012
+028,+012
+028,+012
+028,+012
+028,+012
+028,+012
+028,+012
+028,+012
+028,+012
+028,+012
+028,+012
+028,+012
+028,+012
+028,+012
+028,+012
+028,+012
+028,+012
+028,+012
+028,+012
+028,+012
+028,+012
+028,+012
+028,+012
+028,+012
+028,+012
+028,+012
+028,+012
+028,+012
+028,+012
+028,+012
+028,+012
+028,+012
+028,+012
+028,+012
+028,+012
+028,+012
+028,+012
+028,+012
+028,+012
+028,+012
+028,+012
+028,+012
+028,+012
+028,+012
+028,+012
+028,+012
+028,+012
+028,+012
+028,+012
+028,+012
+028,+011
+030,+011
+030,+011
+030,+011
+030,+011
+030,+011
+030,+011
+030,+011
+030,+011
+030,-010
+030,-010
+030,-010
+030,-010
+030,-010
+030,-010
+030,-010
+030,-010
+030,-009
+030,-009
+030,-009
+030,-009
+030,-009
+030,-009
+030,-009
+030,-008
+030,-008
+030,-008
+030,-008
+030,-008
+030,-008
+030,-008
+030,-008
+030,-008
+030,-008
+030,-008
+030,-008
+030,-007
+030,-007
+030,-007
+030,-007
+030,-007
+030,-007
+030,-007
+030,-007
+030,-007
+030,-007
+030,-007
+030,-007
+030,-007
+030,-007
+030,-007
+030,-007
+030,-007
+030,-007
+030,-007
+030,-007
+030,-007
+030,-007
+030,-007
+030,-007
+030,-007
+030,-007
+030,-007
+030,-007
+030,-007
+030,-007
+030,-007
+030,-007
+030,-007
+028,-007
+028,-007
+028,-010
+028,-010
+028,-010
+028,-010
+028,-010
+028,-010
+026,-010
+026,-010
+026,-010
+026,-010
+026,-010
+026,-010
+026,-010
+026,-010
+026,-010
+024,+012
+024,+012
+024,+012
+024,+012
+024,+012
+024,+012
+024,+012
+024,+012
+022,+012
+022,+012
+022,+014
+022,+014
+022,+014
+022,+014
+022,+014
+022,+014
+020,+014
+020,+014
+020,+014
+020,+014
+020,+014
+020,+014
+020,+014
+020,+014
+020,+014
+020,+014
+020,+014
+020,+014
+020,+014
+020,+014
+020,+014
+020,+014
+020,+014
+020,+014
+020,+014
+020,+014
+020,+014
+020,+012
+020,+012
+020,+012
+020,+012
+020,+012
+020,+012
+020,+012
+020,+012
+020,+012
+020,+012
+020,+012
+020,+012
+022,+012
+022,+011
+022,+011
+022,+011
+022,+011
+022,+011
+022,+011
+022,+011
+022,-010
+022,-010
+024,-010
+024,-010
+024,-010
+024,-010
+024,-010
+024,-009
+024,-009
+024,-009
+024,-009
+024,-009
+024,-009
+024,-009
+024,-009
+024,-009
+024,-009
+024,-009
+024,-009
+026,-009
+026,-009
+026,-009
+026,-009
+026,-009
+026,-009
+026,-009
+026,-009
+026,-009
+028,-009
+028,-009
+028,-009
+028,-009
+028,-009
+028,-009
+028,-009
+028,-009
+028,-009
+028,-008
+028,-008
+028,-008
+028,-008
+028,-008
+028,-008
+028,-007
+028,-007
+028,-007
+028,-007
+028,-007
+028,-007
+028,-007
+028,-007
+028,-007
+028,-007
+028,-007
+028,-007
+028,-007
+028,-007
+028,-007
+028,-007
+028,-007
+028,-007
+028,-007
+028,-007
+028,-007
+028,-007
+028,-007
+028,-007
+028,-007
+028,-007
+028,-007
+028,-007
+028,-007
+028,-007
+028,-006
+026,-006
+026,-006
+026,-006
+026,-006
+026,-006
+026,-006
+026,-006
+026,-006
+026,-006
+026,-006
+026,-006
+026,-006
+026,-006
+026,-006
+026,-006
+024,-006
+024,-006
+024,-006
+024,-006
+024,-006
+024,-006
+024,-006
+024,-006
+024,-006
+024,-006
+024,-006
+022,-006
+022,-009
+022,-009
+022,-009
+022,-009
+022,-009
+022,-009
+022,-009
+022,-009
+022,-009
+022,-009
+022,-009
+022,-009
+022,-009
+022,-009
+022,-009
+020,-009
+020,-009
+020,-009
+020,-009
+020,-009
+020,-009
+020,+011
+020,+011
+020,+011
+020,+011
+020,+011
+020,+011
+020,+011
+020,+011
+020,+011
+020,+011
+020,+011
+020,+011
+020,+011
+020,+013
+020,+013
+020,+013
+020,+013
+020,+013
+020,+013
+020,+013
+020,+013
+020,+013
+020,+013
+020,+013
+020,+013
+020,+013
+020,+013
+020,+013
+020,+013
+020,+013
+020,+013
+020,+013
+020,+013
+022,+013
+022,+013
+022,+013
+022,+013
+022,+013
+022,+013
+022,+015
+022,+015
+022,+015
+022,+015
+022,+015
+022,+015
+022,+015
+024,+015
+024,+015
+024,+015
+024,+015
+024,+015
+024,+015
+024,+015
+024,+015
+024,+015
+024,+015
+024,+015
+024,+015
+024,+015
+024,+015
+024,+015
+024,+017
+024,+017
+024,+017
+024,+017
+024,+017
+024,+017
+024,+017
+024,+017
+024,+017
+024,+017
+024,+017
+024,+017
+024,+017
+024,+017
+024,+017
+024,+017
+024,+017
+024,+017
+024,+017
+024,+017
+024,+017
+024,+017
+024,+017
+024,+017
+024,+017
+024,+017
+024,+017
+024,+017
+024,+017
+024,+017
+024,+017
+024,+017
+026,+017
+026,+017
+026,+017
+026,+017
+026,+017
+026,+017
+026,+017
+026,+017
+026,+017
+026,+017
+026,+017
+026,+017
+026,+017
+026,+017
+026,+017
+026,+017
+026,+017
+026,+017
+026,+017
+026,+017
+026,+017
+026,+015
+026,+015
+026,+015
+026,+015
+026,+015
+024,+015
+024,+015
+024,+015
+024,+015
+024,+015
+024,+015
+024,+015
+024,+015
+024,+015
+024,+015
+024,+015
+024,+015
+024,+015
+024,+015
+024,+015
+024,+015
+024,+015
+024,+015
+024,+015
+024,+015
+024,+015
+024,+015
+024,+015
+024,+015
+024,+015
+024,+015
+024,+015
+024,+015
+024,+015
+024,+015
+024,+015
+024,+015
+024,+015
+024,+015
+024,+015
+024,+015
+024,+015
+024,+015
+024,+015
+024,+015
+024,+015
+024,+015
+024,+015
+024,+015
+024,+015
+024,+015
+024,+015
+024,+015
+024,+015
+024,+015
+024,+015
+024,+015
+024,+015
+024,+015
+024,+015
+024,+015
+024,+015
+024,+015
+024,+015
+024,+015
+024,+015
+024,+015
+024,+015
+024,+015
+024,+015
+024,+015
+024,+015
+024,+015
+024,+015
+024,+015
+024,+015
+024,+015
+024,+015
+024,+015
+024,+015
+024,+015
+024,+015
+024,+015
+024,+015
+024,+015
+024,+015
+024,+015
+024,+015
+024,+015
+024,+015
+024,+015
+024,+015
+024,+015
+024,+015
+024,+015
+024,+015
+024,+015
+024,+015
+024,+015
+024,+015
+024,+015
+024,+015
+024,+015
+024,+017
+024,+017
+024,+017
+024,+017
+024,+017
+024,+017
+024,+017
+024,+017
+024,+017
+024,+017
+024,+017
+024,+017
+024,+017
+024,+017
+024,+017
+024,+017
+024,+017
+024,+017
+024,+017
+024,+019
+024,+019
+024,+019
+024,+019
+024,+019
+024,+019
+024,+019
+024,+019
+024,+019
+024,+019
+024,+019
+024,+019
+024,+019
+024,+019
+024,+019
+024,+019
+024,+019
+024,+019
+024,+019
+024,+019
+024,+019
+024,+019
+026,+019
+026,+019
+026,+019
+026,+019
+026,+019
+026,+019
+026,+019
+026,+019
+026,+019
+026,+019
+026,+019
+026,+019
+026,+019
+026,+019
+026,+019
+026,+019
+026,+019
+026,+019
+026,+019
+026,+019
+026,+019
+026,+019
+026,+019
+026,+019
+026,+019
+026,+019
+026,+019
+026,+019
+026,+019
+026,+019
+026,+019
+026,+019
+026,+019
+026,+019
+026,+019
+026,+019
+026,+019
+026,+019
+026,+019
+026,+019
+026,+017
+026,+017
+026,+017
+026,+017
+026,+017
+026,+017
+026,+017
+026,+017
+026,+017
+026,+017
+026,+017
+026,+015
+026,+015
+026,+015
+026,+015
+026,+015
+026,+015
+026,+015
+026,+015
+026,+015
+026,+015
+026,+015
+026,+015
+026,+015
+026,+013
+026,+013
+026,+013
+026,+013
+026,+013
+026,+013
+026,+013
+026,+013
+026,+013
+026,+013
+026,+013
+026,+013
+026,+013
+026,+013
+026,+013
+026,+013
+026,+013
+026,+013
+026,+013
+026,+013
+026,+013
+026,+013
+026,+013
+024,+013
+024,+015
+024,+015
+024,+015
+024,+015
+024,+015
+024,+015
+024,+015
+024,+015
+024,+015
+024,+015
+024,+015
+024,+015
+024,+015
+024,+015
+024,+015
+024,+015
+024,+015
+024,+015
+022,+015
+022,+015
+022,+015
+022,+015
+022,+015
+022,+015
+022,+015
+022,+015
+022,+015
+022,+015
+022,+015
+022,+015
+022,+015
+022,+015
+022,+015
+022,+015
+022,+015
+022,+015
+022,+015
+022,+015
+022,+015
+022,+015
+022,+015
+022,+015
+022,+015
+022,+015
+022,+015
+022,+015
+022,+015
+022,+015
+022,+015
+022,+015
+022,+015
+022,+015
+022,+015
+022,+015
+022,+015
+022,+015
+022,+015
+022,+015
+022,+015
+022,+015
+022,+015
+022,+015
+022,+013
+022,+013
+024,+013
+024,+013
+024,+013
+024,+013
+024,+013
+024,+013
+024,+013
+024,+013
+024,+013
+024,+013
+024,+013
+024,+013
+024,+013
+024,+013
+024,+013
+024,+013
+024,+013
+024,+013
+024,+013
+024,+013
+024,+013
+024,+013
+024,+013
+024,+013
+024,+013
+024,+013
+024,+013
+024,+013
+024,+013
+024,+013
+024,+013
+024,+013
+024,+013
+024,+013
+024,+013
+024,+013
+024,+013
+024,+013
+024,+013
+024,+013
+024,+013
+024,+013
+024,+013
+024,+013
+024,+013
+024,+013
+024,+013
+024,+013
+024,+013
+024,+013
+024,+013
+024,+011
+024,+011
+024,+011
+024,+011
+024,+011
+024,+011
+024,+011
+024,+011
+024,+011
+024,+011
+024,+011
+024,+011
+024,+011
+024,+011
+022,+011
+022,+011
+022,+011
+022,+011
+022,+011
+022,+011
+022,+011
+022,+011
+022,+011
+022,+011
+022,+011
+022,+011
+022,+011
+022,+011
+020,+011
+020,+011
+020,+011
+020,-010
+020,-010
+020,-010
+020,-010
+020,-010
+020,-010
+020,-009
+020,-009
+020,-009
+020,-009
+020,-008
+020,-008
+020,-008
+020,-008
+020,-008
+020,-007
+020,-007
+020,-006
+020,-006
+020,-006
+020,-006
+020,-006
+020,-005
+020,-005
+020,-005
+020,-005
+020,-005
+020,-004
+020,-004
+022,-003
+022,-003
+022,-003
+022,-003
+022,-002
+022,-002
+022,-002
+022,-001
+022,-001
+022,-001
+022,-001
+022,-000
+022,-000
+022,-000
+022,-000
+022,-000
+022,-000
+022,-001
+022,-001
+022,-001
+022,-001
+022,-001
+024,-001
+024,-001
+024,-001
+024,-001
+024,-001
+024,-001
+024,-001
+024,-001
+024,-001
+024,-001
+024,-001
+024,-001
+024,-001
+024,-001
+024,-002
+024,-002
+024,-002
+024,-002
+024,-002
+024,-002
+024,-002
+024,-002
+024,-002
+024,-002
+024,-002
+024,-002
+024,-002
+024,-002
+024,-002
+024,-002
+024,-002
+024,-002
+024,-002
+024,-002
+024,-002
+024,-002
+024,-002
+024,-002
+024,-002
+024,-002
+024,-002
+024,-002
+024,-002
+024,-002
+024,-002
+024,-002
+024,-002
+024,-002
+024,-002
+024,-002
+024,-002
+024,-002
+024,-002
+024,-002
+024,-002
+024,-002
+024,-002
+024,-002
+024,-005
+024,-004
+024,-004
+026,-004
+026,-004
+026,-004
+026,-004
+026,-004
+026,-004
+026,-004
+026,-004
+026,-004
+026,-004
+026,-004
+026,-004
+026,-004
+026,-004
+026,-004
+026,-004
+026,-004
+026,-004
+026,-004
+026,-004
+026,-004
+026,-004
+026,-004
+026,-004
+026,-004
+026,-004
+026,-004
+026,-004
+026,-004
+026,-004
+026,-004
+026,-004
+026,-007
+026,-007
+026,-007
+026,-007
+026,-007
+024,-007
+024,-007
+024,-007
+024,-007
+024,-007
+024,-007
+024,-007
+024,-007
+024,-010
+024,-010
+024,-010
+024,-010
+024,-010
+024,-010
+024,-010
+024,-010
+024,-010
+024,-010
+022,-010
+022,-010
+022,-010
+022,-010
+022,+012
+022,+012
+022,+012
+022,+012
+022,+012
+022,+012
+022,+012
+022,+012
+022,+012
+022,+012
+022,+012
+022,+012
+022,+012
+022,+012
+022,+012
+022,+012
+022,+014
+022,+014
+022,+014
+022,+014
+022,+014
+022,+014
+022,+014
+022,+014
+022,+014
+022,+014
+022,+014
+022,+014
+022,+014
+022,+014
+022,+016
+022,+016
+022,+016
+022,+016
+022,+016
+022,+016
+022,+016
+022,+016
+022,+016
+022,+016
+022,+016
+022,+016
+022,+016
+022,+016
+022,+016
+022,+016
+022,+016
+022,+016
+022,+016
+022,+016
+022,+016
+022,+016
+022,+016
+022,+016
+022,+016
+022,+016
+022,+016
+022,+016
+022,+016
+022,+016
+022,+016
+022,+016
+022,+016
+024,+016
+024,+016
+024,+016
+024,+016
+024,+016
+024,+016
+024,+016
+024,+016
+024,+016
+024,+016
+024,+016
+026,+016
+026,+016
+026,+016
+026,+016
+026,+016
+026,+016
+026,+016
+026,+016
+026,+016
+028,+016
+028,+018
+028,+018
+028,+018
+028,+018
+028,+018
+028,+018
+028,+018
+030,+018
+030,+018
+030,+018
+030,+018
+030,+018
+030,+018
+030,+018
+030,+018
+030,+018
+030,+018
+030,+018
+030,+018
+030,+018
+030,+018
+030,+018
+030,+016
+030,+016
+030,+016
+030,+016
+030,+016
+030,+016
+030,+016
+030,+016
+030,+016
+030,+016
+030,+016
+030,+016
+030,+016
+030,+016
+030,+016
+030,+016
+030,+016
+030,+016
+030,+018
+030,+018
+030,+018
+030,+018
+030,+018
+030,+018
+030,+018
+030,+018
+030,+018
+030,+018
+030,+018
+030,+018
+030,+018
+028,+018
+028,+018
+028,+018
+028,+018
+028,+018
+028,+018
+028,+018
+028,+018
+028,+018
+028,+018
+028,+018
+028,+018
+028,+018
+028,+018
+028,+018
+028,+018
+028,+018
+028,+018
+026,+018
+026,+018
+026,+018
+026,+018
+026,+018
+026,+018
+026,+018
+026,+018
+026,+018
+026,+018
+024,+018
+024,+018
+024,+018
+024,+018
+024,+018
+024,+018
+022,+018
+022,+016
+022,+016
+022,+016
+022,+016
+020,+016
+020,+016
+020,+016
+020,+016
+020,+016
+020,+016
+020,+014
+018,+014
+018,+014
+018,+014
+018,+014
+018,+014
+018,+014
+018,+014
+018,+014
+018,+012
+018,+012
+018,+012
+018,+012
+018,+012
+018,+012
+018,+012
+018,+012
+018,+012
+018,+012
+018,+012
+018,+012
+018,+012
+018,+012
+018,+012
+018,+011
+018,+011
+018,+011
+018,+011
+018,+011
+018,+011
+018,+011
+020,+011
+020,+011
+020,+011
+020,+011
+020,+011
+020,+011
+020,+011
+020,+011
+020,+011
+020,+011
+020,+011
+020,+011
+020,+011
+022,+011
+022,+011
+022,+011
+022,+011
+022,+013
+022,+013
+022,+013
+022,+013
+022,+013
+022,+013
+022,+013
+022,+013
+022,+013
+022,+013
+022,+013
+022,+013
+022,+013
+022,+013
+022,+013
+022,+013
+022,+013
+022,+013
+022,+013
+022,+013
+022,+013
+022,+013
+022,+013
+022,+013
+022,+013
+022,+013
+022,+013
+022,+013
+022,+013
+022,+013
+022,+013
+022,+013
+022,+013
+022,+013
+022,+013
+022,+013
+022,+013
+022,+013
+020,+013
+020,+013
+020,+013
+020,+013
+020,+013
+020,+013
+020,+013
+020,+013
+020,+015
+020,+015
+020,+015
+020,+015
+020,+015
+020,+015
+020,+015
+020,+015
+020,+015
+020,+015
+020,+015
+020,+015
+020,+015
+020,+015
+020,+015
+020,+015
+018,+015
+018,+015
+018,+015
+018,+015
+018,+015
+018,+015
+018,+015
+018,+017
+018,+017
+018,+017
+018,+017
+018,+017
+018,+017
+018,+017
+018,+017
+018,+017
+018,+017
+018,+017
+018,+017
+018,+017
+018,+017
+018,+017
+018,+017
+018,+017
+018,+017
+018,+017
+018,+017
+018,+017
+018,+017
+018,+017
+018,+017
+018,+017
+018,+017
+018,+017
+018,+017
+020,+017
+020,+015
+020,+015
+020,+015
+020,+015
+020,+015
+020,+015
+020,+015
+020,+015
+020,+015
+020,+015
+020,+015
+020,+013
+020,+013
+020,+013
+020,+013
+020,+013
+020,+013
+020,+013
+020,+013
+020,+013
+020,+011
+020,+011
+020,+011
+020,+011
+020,+011
+020,+011
+020,+011
+020,+011
+020,+011
+020,+011
+020,+011
+020,+011
+020,+011
+020,+011
+020,-010
+020,-010
+020,-010
+020,-010
+020,-010
+020,-010
+020,-010
+020,-009
+020,-009
+020,-009
+020,-009
+020,-009
+020,-009
+020,-009
+020,-009
+020,-009
+020,-009
+020,-009
+020,-009
+020,-009
+020,-009
+020,-009
+020,-009
+018,-009
+018,-009
+018,-009
+018,-009
+018,-009
+018,-009
+018,-009
+018,-009
+018,-009
+018,-009
+018,-009
+018,-009
+018,-009
+016,-009
+016,-009
+016,-009
+016,-009
+016,-009
+016,-009
+016,-009
+016,-009
+016,-009
+016,-009
+016,-009
+016,-009
+016,-008
+016,-008
+016,-008
+016,-008
+016,-008
+016,-008
+016,-008
+016,-008
+016,-008
+016,-008
+016,-008
+016,-008
+016,-008
+016,-008
+016,-008
+016,-008
+016,-008
+016,-008
+016,-008
+016,-007
+016,-007
+016,-007
+018,-007
+018,-007
+018,-007
+018,-007
+018,-007
+018,-007
+018,-007
+018,-007
+018,-007
+020,-007
+020,-006
+020,-006
+020,-006
+020,-006
+020,-006
+020,-006
+020,-006
+020,-006
+022,-006
+022,-006
+022,-006
+022,-006
+022,-006
+022,-006
+022,-006
+022,-006
+022,-006
+022,-006
+022,-006
+024,-006
+024,-006
+024,-006
+024,-006
+024,-006
+024,-006
+024,-006
+024,-006
+024,-006
+024,-006
+024,-006
+024,-006
+026,-006
+026,-006
+026,-006
+026,-005
+026,-005
+026,-005
+026,-005
+026,-005
+026,-005
+026,-005
+026,-005
+026,-005
+026,-004
+026,-004
+026,-004
+026,-004
+026,-004
+026,-003
+026,-003
+026,-003
+026,-003
+026,-003
+026,-002
+026,-002
+026,-002
+026,-002
+026,-002
+026,-002
+026,-002
+026,-001
+026,-001
+026,-001
+026,-001
+026,-001
+026,-001
+026,-001
+026,-001
+026,-000
+026,-000
+024,-000
+024,-000
+024,-000
+024,-000
+024,-000
+024,-000
+024,-000
+024,-001
+024,-001
+024,-001
+024,-001
+024,-001
+024,-001
+024,-001
+024,-001
+024,-001
+022,-001
+022,-001
+022,-001
+022,-001
+022,-001
+022,-001
+022,-001
+022,-001
+022,-001
+022,-001
+022,-001
+022,-001
+022,-001
+022,-001
+020,-002
+020,-002
+020,-002
+020,-002
+020,-002
+020,-002
+020,-002
+020,-002
+020,-002
+020,-002
+020,-002
+020,-002
+020,-005
+020,-005
+020,-005
+020,-005
+020,-005
+018,-005
+018,-005
+018,-005
+018,-005
+018,-005
+018,-005
+018,-005
+018,-005
+018,-005
+018,-005
+018,-005
+018,-008
+018,-008
+018,-008
+020,-008
+020,-008
+020,-008
+020,-008
+020,-008
+020,-008
+020,-008
+020,-008
+020,-008
+020,-008
+020,-008
+022,-008
+022,-008
+022,-008
+022,-008
+022,-008
+022,+011
+022,+011
+022,+011
+022,+011
+022,+011
+024,+011
+024,+011
+024,+011
+024,+011
+024,+011
+024,+011
+024,+011
+024,+011
+024,+011
+024,+011
+024,+011
+024,+011
+024,+011
+024,+011
+024,+011
+024,+011
+026,+011
+026,+011
+026,+011
+026,+013
+026,+013
+026,+013
+026,+013
+026,+013
+026,+013
+028,+013
+028,+013
+028,+013
+028,+013
+028,+013
+028,+013
+028,+013
+028,+013
+028,+013
+028,+013
+028,+013
+028,+013
+028,+013
+028,+013
+028,+013
+030,+013
+030,+013
+030,+013
+030,+013
+030,+013
+030,+013
+030,+013
+030,+013
+030,+013
+030,+013
+030,+013
+030,+013
+030,+013
+030,+013
+030,+013
+030,+013
+030,+013
+030,+013
+030,+013
+030,+013
+030,+015
+030,+015
+030,+015
+030,+015
+030,+015
+030,+015
+030,+015
+030,+015
+028,+015
+028,+015
+028,+015
+028,+015
+028,+015
+028,+015
+028,+015
+028,+015
+028,+015
+028,+015
+028,+015
+028,+015
+028,+017
+028,+017
+028,+017
+026,+017
+026,+017
+026,+017
+026,+017
+026,+017
+026,+017
+026,+017
+026,+017
+026,+017
+026,+019
+026,+019
+026,+019
+026,+019
+026,+019
+026,+019
+026,+019
+026,+019
+026,+019
+026,+019
+026,+019
+026,+019
+026,+019
+026,+019
+026,+019
+026,+019
+024,+019
+024,+019
+024,+019
+024,+019
+024,+019
+024,+019
+024,+019
+024,+019
+024,+019
+024,+019
+024,+019
+024,+019
+024,+019
+024,+019
+024,+019
+024,+019
+024,+019
+024,+017
+024,+017
+024,+017
+024,+017
+024,+017
+024,+017
+024,+017
+024,+017
+024,+017
+024,+017
+024,+017
+024,+017
+024,+017
+024,+015
+024,+015
+024,+015
+024,+015
+024,+015
+024,+015
+024,+015
+024,+015
+024,+015
+024,+015
+024,+015
+024,+015
+024,+015
+024,+015
+024,+013
+024,+013
+024,+013
+024,+013
+024,+013
+022,+013
+022,+013
+022,+013
+022,+013
+022,+013
+022,+013
+022,+013
+022,+011
+022,+011
+022,+011
+022,+011
+022,+011
+022,+011
+022,+011
+022,+011
+022,+011
+022,+011
+022,+011
+022,+011
+022,+011
+020,+011
+020,+011
+020,+011
+020,+011
+020,+011
+020,+011
+020,+011
+020,+011
+020,+011
+020,+011
+020,+011
+020,+011
+020,+011
+020,+011
+020,+011
+020,+011
+020,+011
+020,+011
+020,+011
+020,+011
+020,+011
+020,+011
+020,+011
+020,+011
+020,+011
+020,+011
+020,+011
+020,+011
+020,+011
+020,+011
+020,+011
+020,+011
+020,+011
+020,+011
+020,+011
+020,+011
+020,+011
+020,+011
+020,+011
+020,+011
+020,+011
+020,+011
+020,+011
+020,+011
+020,+011
+020,+011
+020,+011
+020,+011
+020,+011
+020,+011
+020,+011
+020,+011
+020,+011
+020,+011
+020,-010
+020,-010
+020,-010
+020,-010
+020,-010
+020,-010
+020,-010
+020,-010
+020,-010
+022,-010
+022,-010
+022,-010
+022,-010
+022,-010
+022,-010
+022,-010
+022,-010
+022,-010
+022,-010
+024,-010
+024,-010
+024,-010
+024,-010
+024,-010
+024,-010
+024,-010
+024,-010
+024,+012
+024,+012
+024,+012
+024,+012
+024,+012
+024,+014
+024,+014
+024,+014
+024,+014
+024,+014
+024,+014
+024,+014
+024,+014
+024,+014
+024,+014
+024,+014
+024,+014
+024,+014
+024,+014
+024,+014
+024,+014
+024,+014
+024,+014
+024,+014
+024,+014
+024,+014
+024,+014
+024,+014
+024,+014
+024,+014
+024,+014
+024,+014
+024,+014
+024,+014
+024,+014
+024,+014
+024,+014
+022,+014
+022,+014
+022,+014
+022,+014
+022,+014
+022,+014
+022,+014
+020,+014
+020,+014
+020,+014
+020,+014
+020,+014
+020,+016
+020,+016
+020,+016
+020,+016
+020,+016
+018,+016
+018,+016
+018,+016
+018,+016
+018,+016
+018,+016
+018,+016
+018,+016
+018,+016
+018,+016
+018,+016
+018,+016
+018,+016
+018,+016
+018,+016
+018,+016
+018,+016
+018,+016
+018,+016
+018,+014
+018,+014
+018,+014
+018,+014
+018,+014
+018,+014
+018,+014
+018,+014
+018,+014
+018,+014
+018,+014
+018,+014
+018,+014
+018,+014
+018,+014
+018,+014
+018,+014
+018,+014
+018,+014
+018,+014
+018,+014
+018,+014
+018,+014
+018,+014
+018,+014
+018,+014
+018,+014
+018,+014
+018,+012
+018,+012
+018,+012
+018,+012
+018,+012
+018,+012
+016,+012
+016,+012
+016,+012
+016,+012
+016,+012
+016,+012
+016,+012
+016,+012
+016,+012
+016,+012
+016,+012
+016,+012
+016,+012
+016,+011
+016,+011
+016,+011
+016,+011
+016,+011
+016,+011
+016,-010
+016,-010
+016,-010
+014,-010
+014,-010
+014,-010
+014,-010
+014,-010
+014,-010
+014,-010
+014,-010
+014,-010
+014,-010
+014,-010
+014,-010
+014,-010
+014,-010
+014,-010
+014,-010
+014,-010
+014,-010
+014,-010
+014,-010
+014,-010
+014,-010
+014,-010
+014,-010
+014,-010
+014,-010
+014,-010
+014,-010
+014,-010
+014,-010
+014,-010
+014,-010
+014,-010
+014,-010
+014,-010
+014,-010
+014,-010
+014,-010
+014,-010
+014,-010
+016,-010
+016,-010
+016,-009
+016,-009
+016,-009
+016,-009
+016,-009
+016,-009
+016,-009
+016,-009
+018,-009
+018,-009
+018,-009
+018,-009
+018,-009
+018,-009
+018,-009
+020,-009
+020,-009
+020,-009
+020,-009
+020,-009
+020,-009
+022,-009
+022,-009
+022,-009
+022,-009
+022,-009
+022,-009
+024,-009
+024,-009
+024,-009
+024,-009
+024,-009
+024,-009
+024,-009
+024,-009
+026,-009
+026,-008
+026,-008
+026,-008
+026,-008
+026,-008
+026,-008
+026,-008
+026,-008
+028,-008
+028,-008
+028,-007
+028,-007
+028,-007
+028,-007
+028,-006
+028,-006
+028,-006
+028,-006
+028,-006
+028,-006
+028,-005
+028,-005
+028,-005
+028,-005
+028,-005
+028,-005
+028,-005
+028,-005
+028,-005
+028,-005
+028,-004
+028,-004
+028,-004
+028,-004
+028,-004
+028,-004
+028,-004
+028,-004
+028,-004
+028,-004
+028,-004
+028,-004
+028,-004
+028,-004
+028,-004
+028,-004
+028,-004
+028,-004
+028,-004
+028,-004
+028,-004
+028,-004
+028,-004
+028,-004
+028,-004
+028,-004
+028,-004
+028,-004
+028,-004
+028,-004
+028,-004
+028,-004
+028,-004
+028,-004
+028,-004
+028,-004
+028,-004
+028,-004
+028,-004
+028,-004
+028,-004
+028,-004
+028,-004
+028,-004
+028,-004
+028,-004
+028,-004
+028,-004
+028,-004
+028,-004
+028,-004
+028,-004
+028,-004
+028,-004
+028,-004
+028,-004
+028,-004
+028,-004
+028,-004
+030,-004
+030,-004
+030,-004
+030,-004
+030,-004
+030,-004
+030,-004
+030,-004
+030,-004
+030,-004
+030,-004
+030,-007
+030,-007
+030,-007
+030,-007
+032,-007
+032,-007
+032,-007
+032,-007
+032,-007
+032,-007
+032,-007
+032,-007
+032,-007
+034,-007
+034,-007
+034,-007
+034,-007
+034,-007
+034,-007
+034,-007
+034,-007
+034,-007
+034,-007
+034,-007
+034,-007
+036,-007
+036,-007
+036,-007
+036,-007
+036,-007
+036,-007
+036,-007
+036,-007
+036,-007
+036,-007
+036,-007
+036,-007
+036,-007
+036,-007
+036,-007
+036,-007
+036,-010
+036,-009
+036,-009
+036,-009
+036,-009
+036,-009
+036,-009
+036,-009
+036,-009
+036,-009
+036,-009
+036,-009
+036,-009
+036,-009
+036,-009
+036,-009
+036,-009
+036,-009
+036,-009
+036,-009
+036,-009
+036,-009
+034,-009
+034,-009
+034,+011
+034,+011
+034,+011
+034,+011
+034,+011
+032,+011
+032,+011
+032,+011
+032,+013
+032,+013
+032,+013
+032,+013
+032,+013
+030,+013
+030,+013
+030,+013
+030,+015
+030,+015
+030,+015
+030,+015
+030,+015
+030,+015
+028,+015
+028,+015
+028,+015
+028,+015
+028,+017
+028,+017
+028,+017
+028,+017
+028,+017
+028,+017
+028,+017
+028,+017
+028,+017
+028,+017
+028,+017
+028,+017
+028,+017
+028,+017
+028,+017
+028,+017
+028,+017
+028,+017
+028,+017
+028,+015
+028,+015
+028,+015
+028,+015
+028,+015
+028,+015
+028,+015
+028,+015
+028,+015
+028,+015
+028,+015
+028,+015
+028,+015
+028,+013
+028,+013
+028,+013
+028,+013
+028,+013
+028,+013
+028,+013
+028,+013
+028,+013
+028,+013
+028,+013
+028,+013
+028,+013
+028,+013
+028,+013
+028,+013
+028,+011
+028,+011
+028,+011
+030,+011
+030,+011
+030,+011
+030,+011
+030,+011
+030,+011
+030,+011
+030,+011
+030,-010
+030,-010
+030,-010
+030,-010
+030,-009
+030,-009
+030,-009
+030,-009
+030,-009
+030,-009
+030,-009
+030,-009
+030,-009
+030,-009
+028,-009
+028,-009
+028,-008
+028,-008
+028,-008
+028,-008
+028,-008
+028,-008
+028,-008
+028,-008
+028,-008
+028,-008
+028,-008
+028,-008
+028,-008
+028,-008
+028,-008
+028,-008
+028,-008
+028,-008
+028,-008
+028,-008
+028,-008
+028,-008
+028,-008
+028,-008
+028,-008
+028,-008
+028,-008
+028,-008
+028,-008
+028,-008
+026,-008
+026,-008
+026,-008
+026,-008
+026,-008
+026,-008
+026,-008
+026,-008
+026,-008
+026,-008
+026,-008
+026,-008
+026,-008
+026,-008
+026,-008
+026,-008
+026,-008
+024,-008
+024,-008
+024,-008
+024,-008
+024,-008
+024,-008
+024,-008
+024,-008
+024,-008
+024,-008
+024,-008
+024,-008
+024,-008
+024,-008
+024,-008
+024,-008
+024,-008
+024,-008
+024,-008
+024,-008
+024,-008
+024,-008
+022,-008
+022,-008
+022,-008
+022,-008
+022,-008
+022,-008
+022,-008
+022,-008
+022,-008
+022,-008
+022,-008
+022,-008
+022,-008
+022,-008
+022,-008
+022,-008
+022,-008
+020,-008
+020,-008
+020,-008
+020,-008
+020,-008
+020,-007
+020,-007
+020,-007
+020,-007
+020,-007
+020,-007
+020,-007
+020,-007
+020,-007
+020,-007
+020,-007
+020,-007
+020,-007
+020,-007
+020,-007
+020,-007
+018,-007
+018,-007
+018,-007
+018,-007
+018,-007
+018,-007
+018,-007
+018,-007
+018,-007
+018,-007
+018,-007
+018,-007
+018,-007
+018,-007
+018,-007
+018,-007
+018,-007
+018,-007
+018,-007
+018,-007
+018,-007
+018,-007
+018,-007
+018,-007
+018,-007
+018,-007
+018,-007
+018,-007
+018,-007
+018,-007
+016,-007
+016,-007
+016,-010
+016,-009
+016,-009
+016,-009
+016,-009
+016,-009
+016,-009
+016,-009
+016,-009
+016,-009
+016,-009
+016,-009
+016,-009
+016,-009
+016,-009
+016,-009
+016,-009
+016,-009
+016,-009
+016,-009
+016,-009
+016,-009
+016,-009
+016,-009
+016,-009
+016,-008
+016,-008
+016,-008
+016,-008
+016,-008
+016,-008
+016,-008
+016,-008
+016,-008
+018,-008
+018,-008
+018,-008
+018,-008
+018,-008
+018,-008
+018,-008
+018,-008
+018,-008
+018,-008
+018,-008
+018,-008
+018,-008
+020,-008
+020,-007
+020,-007
+020,-007
+020,-007
+020,-007
+020,-007
+020,-007
+020,-007
+020,-007
+020,-007
+020,-007
+022,-007
+022,-007
+022,-007
+022,-006
+022,-006
+022,-006
+022,-006
+022,-006
+024,-006
+024,-006
+024,-006
+024,-006
+024,-006
+024,-006
+024,-006
+024,-006
+026,-006
+026,-006
+026,-006
+026,-006
+026,-005
+026,-005
+026,-005
+028,-005
+028,-005
+028,-005
+028,-005
+028,-005
+028,-005
+028,-005
+028,-005
+028,-005
+028,-005
+028,-005
+028,-005
+028,-005
+028,-005
+028,-005
+028,-005
+028,-005
+028,-005
+028,-005
+028,-005
+026,-005
+026,-005
+026,-005
+026,-005
+026,-005
+026,-005
+026,-005
+026,-005
+026,-005
+026,-005
+026,-005
+026,-005
+024,-005
+024,-005
+024,-005
+024,-005
+024,-004
+024,-004
+024,-004
+024,-004
+024,-004
+024,-004
+024,-004
+022,-003
+022,-003
+022,-003
+022,-003
+022,-003
+022,-003
+022,-003
+022,-002
+022,-002
+022,-002
+022,-001
+020,-001
+020,-001
+020,-000
+020,-000
+020,-000
+020,-000
+020,-000
+020,-000
+020,-000
+020,-001
+020,-001
+020,-001
+020,-001
+018,-001
+018,-001
+018,-001
+018,-001
+018,-001
+018,-001
+018,-001
+018,-001
+018,-001
+018,-001
+018,-001
+018,-001
+018,-001
+018,-001
+018,-001
+018,-001
+018,-001
+018,-001
+018,-001
+018,-001
+018,-001
+018,-001
+018,-001
+018,-001
+018,-001
+018,-001
+018,-001
+018,-001
+018,-001
+018,-001
+018,-001
+018,-001
+018,-002
+018,-002
+018,-002
+018,-002
+018,-002
+018,-002
+018,-002
+018,-002
+018,-002
+018,-002
+018,-002
+018,-002
+018,-002
+018,-002
+018,-002
+020,-002
+020,-002
+020,-002
+020,-002
+020,-002
+020,-002
+020,-002
+020,-002
+020,-002
+020,-002
+020,-002
+020,-002
+020,-002
+020,-002
+020,-002
+020,-002
+020,-002
+020,-002
+020,-002
+020,-002
+020,-002
+020,-002
+020,-002
+020,-002
+020,-002
+020,-002
+020,-002
+020,-002
+020,-002
+020,-002
+022,-002
+022,-002
+022,-002
+022,-002
+022,-002
+022,-002
+022,-002
+022,-002
+022,-002
+024,-002
+024,-002
+024,-002
+024,-002
+024,-002
+024,-002
+026,-002
+026,-002
+026,-002
+026,-002
+026,-002
+026,-002
+026,-002
+026,-001
+026,-001
+028,-001
+028,-001
+028,-001
+028,-001
+028,-001
+028,-001
+028,-001
+028,-001
+028,-001
+028,-000
+030,-000
+030,-000
+030,-000
+030,-000
+030,-000
+030,-000
+030,-000
+030,-000
+030,-000
+030,-000
+030,-000
+030,-000
+030,-000
+030,-000
+030,-000
+030,-000
+030,-001
+030,-001
+032,-001
+032,-001
+032,-001
+032,-001
+032,-001
+032,-001
+032,-001
+032,-001
+032,-001
+032,-001
+032,-001
+032,-001
+032,-001
+032,-001
+032,-001
+032,-001
+032,-001
+032,-001
+032,-001
+032,-001
+032,-001
+032,-001
+032,-001
+032,-001
+032,-001
+032,-001
+032,-001
+032,-002
+032,-002
+032,-002
+032,-002
+032,-002
+032,-002
+030,-002
+030,-002
+030,-002
+030,-002
+030,-002
+030,-002
+030,-002
+030,-002
+030,-002
+030,-002
+030,-002
+030,-002
+030,-002
+030,-002
+030,-002
+030,-002
+030,-002
+030,-002
+030,-002
+030,-002
+030,-002
+030,-002
+030,-005
+030,-005
+030,-005
+030,-005
+030,-005
+030,-005
+030,-005
+030,-005
+030,-005
+030,-005
+030,-005
+030,-005
+030,-005
+030,-005
+030,-005
+030,-005
+030,-005
+030,-005
+030,-005
+030,-005
+030,-005
+030,-005
+030,-005
+030,-005
+030,-005
+030,-005
+030,-005
+030,-005
COP Area(S): 001114
COP Area(R): 002437