-000,+000
-000,+000
-000,+000
-000,+000
-000,+000
-000,+000
-000,+000
-000,+000
-000,+000
-000,+000
-000,+000
-000,+000
-000,+000
-000,+000
-001,+000
-001,+000
-001,+000
-001,+000
-001,+000
-001,+000
-001,+000
-001,+000
-001,+000
-001,+000
-001,+000
-001,+000
-001,+000
-002,+000
-002,+000
-002,+000
-002,+000
-002,+000
-002,+000
-002,+000
-002,+000
-002,+000
-002,+000
-003,+000
-003,+000
-003,+000
-003,+000
-003,+000
-003,+000
-003,+000
-003,+000
-003,+000
-003,+000
-003,+000
-003,+000
-003,+000
-003,+000
-003,+000
-003,+000
-003,+000
-003,+000
-003,+000
-003,+000
-003,+000
-003,+000
-003,+000
-003,+002
-003,+002
-003,+002
-003,+002
-003,+002
-003,+002
-003,+002
-003,+002
-003,+002
-000,+002
-000,+002
-000,+002
-000,+002
-000,+002
-000,+002
-000,+002
-000,+004
-000,+004
-000,+004
-000,+004
-000,+004
-000,+004
-000,+004
-000,+004
-000,+004
-000,+004
-000,+004
-000,+004
-000,+004
-000,+004
-000,+004
-000,+004
-000,+004
-000,+004
-000,+004
-000,+004
-000,+004
-000,+004
-000,+004
-003,+004
-002,+004
-002,+004
-002,+004
-002,+004
-002,+004
-002,+004
-002,+004
-002,+004
-002,+004
-002,+004
-002,+004
-002,+004
-002,+004
-002,+004
-002,+004
-002,+004
-002,+004
-002,+004
-002,+004
-002,+004
-002,+004
-002,+004
-002,+004
-002,+004
-002,+006
-002,+006
-002,+006
-002,+006
-002,+006
-002,+006
-002,+006
-002,+006
-002,+006
-002,+006
-002,+006
-005,+006
-005,+006
-005,+006
-005,+006
-005,+006
-005,+006
-005,+006
-005,+006
-005,+006
-005,+006
-005,+006
-005,+006
-005,+006
-005,+006
-005,+006
-005,+006
-005,+006
-005,+006
-005,+006
-005,+006
-005,+006
-005,+006
-005,+008
-005,+008
-008,+008
-008,+008
-008,+008
-008,+008
-008,+008
-008,+008
-008,+008
-008,+008
-008,+008
-008,+008
-008,+008
-008,+008
-008,+008
-008,+008
-008,+008
-008,+008
-008,+008
-008,+008
-008,+008
-008,+008
-008,+008
-008,+008
-008,+008
-008,+008
-008,+008
-008,+008
-008,+006
-008,+006
-008,+006
-008,+006
-008,+006
-008,+006
-008,+006
-008,+006
-008,+006
-008,+006
-008,+006
-008,+006
-008,+006
-008,+006
-008,+006
-008,+006
-008,+006
-008,+006
-008,+006
-008,+006
-008,+006
-008,+006
-008,+006
-008,+006
-008,+006
-008,+006
-008,+006
-008,+006
-008,+006
-008,+006
-008,+006
-008,+006
-008,+006
-008,+006
-008,+006
-008,+006
-008,+006
-008,+006
-008,+006
-008,+006
-008,+006
-008,+006
-008,+006
-008,+006
-008,+006
-008,+006
-008,+006
-008,+006
-008,+006
-008,+006
-008,+006
-008,+006
-008,+006
-008,+006
-007,+006
-007,+006
-007,+006
-007,+006
-006,+006
-006,+006
-006,+006
-006,+006
-006,+006
-005,+006
-005,+006
-005,+006
-005,+006
-005,+006
-005,+006
-005,+006
-005,+006
-005,+006
-004,+006
-004,+006
-004,+006
-004,+006
-004,+006
-004,+006
-004,+006
-004,+006
-004,+006
-003,+006
-003,+006
-003,+006
-003,+006
-003,+006
-002,+006
-002,+006
-002,+006
-002,+006
-002,+006
-002,+006
-002,+006
-002,+006
-002,+006
-002,+006
-001,+006
-001,+006
-001,+006
-001,+006
-001,+006
-001,+006
-001,+006
-001,+006
-001,+006
-001,+006
-001,+006
-001,+006
-001,+006
-001,+006
-001,+006
-001,+006
-001,+006
-001,+006
-001,+006
-001,+006
-001,+006
-001,+006
-001,+006
-001,+006
-001,+006
-001,+006
-001,+006
-001,+006
-001,+004
-001,+004
-001,+004
-004,+004
-004,+004
-004,+004
-004,+004
-004,+004
-004,+004
-004,+004
-004,+004
-004,+004
-004,+004
-004,+004
-004,+004
-004,+004
-004,+004
-004,+004
-004,+004
-004,+004
-004,+004
-004,+004
-004,+004
-004,+004
-004,+004
-004,+004
-004,+004
-004,+004
-004,+004
-004,+004
-004,+004
-004,+004
-004,+004
-004,+004
-004,+004
-007,+004
-007,+006
-007,+006
-006,+006
-006,+006
-006,+006
-006,+006
-006,+006
-006,+006
-006,+006
-006,+006
-006,+006
-006,+006
-006,+006
-006,+006
-006,+006
-006,+006
-006,+006
-006,+006
-006,+006
-006,+006
-006,+006
-006,+006
-006,+006
-006,+006
-006,+006
-006,+006
-006,+006
-006,+006
-006,+006
-006,+006
-006,+006
-006,+006
-006,+006
-006,+006
-006,+006
-006,+006
-006,+006
-006,+006
-006,+006
-006,+006
-006,+006
-006,+006
-006,+006
-006,+006
-006,+006
-006,+006
-006,+006
-006,+006
-006,+006
-006,+006
-006,+006
-006,+006
-006,+006
-006,+006
-006,+006
-006,+006
-006,+006
-006,+006
-006,+006
-006,+006
-006,+006
-006,+006
-006,+006
-006,+006
-006,+006
-006,+006
-006,+006
-006,+006
-006,+006
-006,+008
-006,+008
-006,+008
-006,+008
+009,+008
+009,+008
+009,+008
+009,+008
+009,+008
+009,+008
+009,+008
+009,+008
+009,+008
+009,+008
+009,+008
+009,+008
+009,+008
+009,+008
+009,+008
+009,+008
+009,+008
+009,+008
+009,+008
+009,+008
+009,+008
+009,+008
+009,+008
+009,+010
+009,+010
+009,+010
+009,+010
+009,+010
+009,+010
+009,+010
+009,+010
+009,+010
+009,+010
+009,+010
+009,+010
+009,+010
+009,+010
+009,+010
+009,+010
+009,+010
+009,+010
+009,+010
+009,+010
+009,+010
+009,+010
+009,+010
+009,+010
+009,+010
+009,+010
+009,+010
+009,+010
+009,+008
+009,+008
+009,+008
+009,+008
+009,+008
+009,+008
+009,+008
+009,+008
+009,+008
+009,+008
+009,+008
+009,+008
+009,+008
+009,+008
+009,+008
+009,+008
+009,+008
+009,+008
+009,+008
+009,+008
+009,+008
+009,+008
+009,+008
+009,+008
+009,+008
+009,+008
+009,+008
+009,+008
+009,+008
+009,+008
+009,+008
+009,+008
+009,+008
+009,+008
+009,+008
+009,+008
+009,+008
+009,+008
+009,+008
+009,+008
+009,+008
+009,+008
+009,+008
+009,+008
+009,+008
+009,+008
+009,+008
+009,+008
+009,+008
+009,+008
+009,+008
-008,+008
-008,+008
-008,+008
-008,+008
-008,+008
-008,+008
-008,+008
-008,+008
-008,+008
-008,+006
-008,+006
-008,+006
-008,+006
-008,+006
-008,+006
-008,+006
-008,+006
-008,+006
-008,+006
-008,+006
-008,+006
-008,+006
-008,+006
-008,+006
-008,+006
-008,+006
-008,+006
-008,+006
-008,+006
-008,+006
-008,+006
-008,+006
-008,+006
-008,+006
-008,+006
-008,+006
-008,+006
-008,+006
-008,+006
-008,+006
-008,+006
-008,+006
-008,+006
-008,+006
-008,+006
-008,+006
-008,+006
-008,+006
-008,+006
-008,+006
-008,+006
-008,+006
-008,+006
-008,+006
-008,+006
-008,+006
-008,+006
-008,+006
-008,+006
-008,+004
-008,+004
-008,+004
-008,+004
-008,+004
-008,+004
-008,+004
-008,+004
-008,+004
-008,+004
-008,+004
-008,+004
-008,+004
-008,+004
-008,+004
-008,+004
-008,+004
-008,+004
-008,+004
-008,+004
-008,+004
-008,+004
-008,+004
-008,+004
-008,+004
-008,+002
-008,+002
-008,+002
-008,+002
-008,+002
-008,+002
-007,+002
-007,+002
-007,+002
-007,+002
-007,+002
-007,+002
-007,+002
-007,+002
-007,+002
-007,+002
-007,+002
-007,+002
-007,+002
-006,+002
-006,+002
-006,+002
-006,+002
-006,+002
-006,+002
-006,+002
-006,+002
-006,+002
-006,+002
-006,+002
-006,+002
-006,+002
-006,+002
-006,+002
-006,+004
-006,+004
-006,+004
-006,+004
-006,+004
-006,+004
-006,+004
-006,+004
-006,+004
-006,+004
-006,+004
-006,+004
-006,+004
-006,+004
-006,+004
-006,+004
+009,+004
+009,+004
+009,+004
+009,+004
+009,+004
+009,+004
+009,+004
+009,+004
+009,+004
+009,+004
+009,+004
+009,+004
+009,+004
+009,+004
+009,+004
+009,+004
+009,+004
+009,+004
+009,+004
+009,+004
+009,+004
+009,+004
+009,+004
+009,+004
+009,+004
+009,+004
+009,+004
+009,+004
+009,+004
+009,+004
+009,+004
+009,+004
+009,+004
+009,+004
+009,+004
+009,+004
+009,+004
+009,+004
+009,+004
+009,+004
+009,+004
+009,+004
+011,+004
+011,+004
+011,+004
+011,+004
+011,+004
+011,+006
+011,+006
+011,+006
+011,+006
+011,+006
+011,+006
+011,+006
+011,+006
+011,+006
+011,+006
+011,+006
+011,+006
+011,+006
+011,+006
+011,+006
+011,+006
+011,+006
+011,+006
+011,+006
+011,+006
+011,+006
+011,+006
+011,+006
+011,+006
+011,+006
+011,+006
+011,+006
+011,+006
+011,+006
+011,+006
+011,+006
+011,+006
+011,+006
+011,+006
+011,+006
+011,+006
+011,+006
+011,+006
+011,+006
+011,+006
+011,+006
+011,+006
+011,+006
+011,+006
+011,+006
+011,+006
+011,+006
+011,+006
+013,+006
+013,+006
+013,+006
+013,+004
+013,+004
+013,+004
+013,+004
+013,+004
+013,+004
+013,+004
+013,+004
+013,+004
+013,+004
+013,+004
+013,+004
+013,+004
+013,+004
+013,+004
+013,+004
+013,+004
+013,+004
+013,+004
+013,+004
+013,+004
+013,+004
+013,+004
+013,+004
+013,+004
+013,+004
+013,+004
+013,+004
+013,+004
+013,+004
+013,+004
+013,+004
+013,+004
+013,+004
+013,+004
+013,+004
+013,+006
+013,+006
+013,+006
+013,+006
+013,+006
+013,+006
+013,+006
+013,+006
+013,+006
+013,+006
+013,+006
+013,+006
+013,+006
+013,+006
+013,+006
+013,+006
+013,+006
+013,+006
+013,+006
+013,+006
+013,+006
+013,+006
+013,+006
+013,+008
+013,+008
+013,+008
+013,+008
+013,+008
+013,+008
+013,+008
+013,+008
+013,+008
+013,+008
+013,+008
+013,+008
+013,+008
+013,+008
+013,+008
+013,+008
+013,+008
+013,+008
+013,+008
+013,+008
+013,+008
+013,+008
+013,+008
+013,+008
+013,+008
+013,+008
+013,+010
+013,+010
+013,+010
+013,+010
+013,+010
+013,+010
+013,+010
+013,+010
+013,+010
+013,+010
+013,+010
+013,+010
+013,+010
+013,+010
+013,+010
+013,+010
+013,+010
+013,+010
+013,+010
+013,+010
+013,+010
+013,+010
+013,+010
+013,+010
+013,+010
+013,+010
+013,+010
+013,+010
+013,+010
+013,+010
+013,+010
+013,+010
+013,+010
+013,+010
+013,+010
+013,+010
+013,+010
+013,+010
+013,+008
+013,+008
+011,+008
+011,+008
+011,+008
+011,+008
+011,+008
+011,+008
+011,+008
+011,+008
+011,+008
+011,+008
+011,+008
+011,+008
+011,+008
+011,+008
+011,+008
+011,+008
+011,+008
+011,+008
+011,+008
+011,+008
+009,+008
+009,+008
+009,+008
+009,+008
+009,+008
+009,+006
+009,+006
+009,+006
+009,+006
+009,+006
+009,+006
+009,+006
+009,+006
+009,+006
+009,+006
+009,+006
+009,+006
+009,+006
+009,+006
+009,+006
+009,+006
+009,+006
+009,+006
+009,+006
+009,+006
+009,+006
+009,+006
+009,+006
+009,+006
+009,+006
+009,+006
+009,+006
+009,+006
+009,+006
+009,+006
+009,+006
+009,+006
+009,+006
+009,+006
+009,+006
+009,+006
+009,+006
+009,+006
+009,+006
-008,+006
-008,+006
-008,+006
-008,+006
-008,+006
-008,+006
-008,+006
-008,+006
-008,+006
-008,+006
-008,+006
-008,+006
-008,+006
-008,+006
-008,+006
-008,+006
-008,+006
-008,+006
-008,+006
-008,+006
-008,+006
-008,+006
-008,+006
-008,+006
-008,+006
-008,+006
-008,+006
-008,+006
-008,+006
-008,+006
-008,+008
-008,+008
-008,+008
-008,+008
-008,+008
-008,+008
-008,+008
-008,+008
-008,+008
-008,+008
-008,+008
-008,+008
-008,+008
-008,+008
-008,+008
-008,+008
-008,+008
-008,+008
-008,+008
-008,+008
-008,+008
-008,+008
-008,+008
-008,+008
-008,+008
-008,+008
-008,+008
-008,+008
-008,+008
-008,+008
-008,+008
-008,+008
-008,+008
-008,+008
-008,+008
-008,+008
-008,+008
-008,+008
-008,+008
-008,+008
-008,+008
-008,+008
-008,+008
-008,+008
-008,+008
-008,+008
-008,+008
-008,+008
-008,+008
-008,+008
-008,+008
-008,+008
-008,+008
-008,+008
-008,+008
-008,+008
-008,+008
-008,+008
-008,+008
-008,+008
-008,+008
-008,+008
-008,+008
-008,+008
-008,+008
-008,+008
-008,+008
-008,+008
-008,+008
-008,+008
-008,+008
-008,+008
-008,+008
-008,+008
-008,+008
-008,+008
-008,+008
-008,+008
-008,+008
-008,+008
-008,+008
-008,+008
-008,+008
-008,+008
-008,+008
-008,+008
-008,+008
-008,+008
-008,+008
-008,+008
-008,+008
-008,+008
-008,+008
-008,+008
-008,+008
-008,+008
-008,+008
-008,+008
-008,+008
-008,+008
-008,+008
+010,+008
+010,+008
+010,+008
+010,+008
+010,+008
+010,+008
+010,+008
+010,+008
+010,+008
+010,+008
+010,+008
+010,+008
+010,+008
+010,+008
+012,+008
+012,+008
+012,+008
+012,+008
+012,+010
+012,+010
+012,+010
+012,+010
+012,+010
+012,+010
+014,+010
+014,+010
+014,+010
+014,+010
+014,+010
+014,+010
+014,+010
+014,+010
+014,+010
+014,+012
+014,+012
+014,+012
+014,+012
+014,+012
+014,+012
+014,+012
+014,+012
+014,+012
+014,+012
+014,+012
+014,+012
+014,+012
+014,+012
+014,+012
+014,+012
+014,+012
+014,+012
+014,+012
+014,+012
+014,+012
+014,+012
+014,+012
+014,+012
+014,+012
+014,+012
+014,+012
+014,+012
+014,+012
+014,+012
+014,+012
+014,+012
+014,+012
+014,+012
+014,+012
+014,+012
+014,+012
+014,+012
+014,+012
+014,+012
+014,+012
+014,+012
+014,+012
+014,+012
+014,+010
+014,+010
+014,+010
+014,+010
+014,+010
+014,+010
+014,+010
+014,+010
+014,+010
+014,+010
+014,+010
+014,+010
+014,+010
+014,+010
+014,+010
+014,+010
+014,+010
+016,+010
+016,+010
+016,+010
+016,+010
+016,+010
+016,+010
+016,+010
+016,+010
+016,+010
+016,+010
+016,+010
+016,+010
+016,+010
+016,+010
+016,+010
+016,+010
+016,+010
+016,+010
+016,+010
+016,+010
+016,+010
+016,+010
+016,+010
+016,+010
+016,+010
+016,+010
+016,+010
+016,+010
+016,+010
+016,+010
+016,+010
+016,+010
+016,+010
+016,+010
+016,+010
+016,+010
+016,+010
+016,+010
+016,+010
+016,+010
+016,+010
+016,+010
+016,+010
+016,+010
+016,+010
+016,+010
+016,+010
+016,+010
+016,+010
+016,+010
+016,+010
+016,+010
+016,+010
+016,+010
+016,+010
+016,+010
+016,+010
+016,+010
+016,+010
+016,+010
+016,+010
+016,+010
+016,+010
+016,+010
+016,+010
+016,+010
+016,+010
+016,+010
+016,+010
+016,+010
+016,+010
+016,+010
+016,+010
+016,+010
+016,+010
+016,+010
+016,+010
+016,+010
+016,+010
+016,+010
+016,+010
+016,+010
+014,+010
+014,+010
+014,+010
+014,+010
+014,+010
+014,+010
+014,+010
+014,+010
+014,+010
+014,+010
+014,+010
+014,+010
+014,+010
+014,+010
+014,+010
+014,+010
+012,+010
+012,+010
+012,+010
+012,+012
+012,+012
+012,+012
+012,+012
+012,+012
+012,+012
+012,+012
+012,+012
+012,+012
+012,+012
+012,+012
+010,+012
+010,+014
+010,+014
+010,+014
+010,+014
+010,+014
+010,+014
+010,+014
+010,+014
+010,+014
+010,+014
+010,+014
+010,+014
+010,+014
+010,+014
+010,+014
+010,+014
+010,+014
+010,+014
+010,+014
+010,+014
+010,+014
+010,+014
+010,+014
+010,+014
+010,+014
+010,+014
+010,+014
+010,+014
+010,+014
+010,+014
+010,+014
+010,+014
+010,+014
+010,+014
+010,+014
+010,+014
+010,+014
+010,+014
+010,+014
+010,+014
+010,+014
+010,+014
+009,+014
+009,+014
+009,+014
+009,+014
+009,+014
+009,+014
+009,+014
+009,+014
+009,+014
+009,+014
+009,+014
+009,+014
+009,+014
-008,+014
-008,+014
-008,+014
-008,+014
-008,+014
-008,+014
-008,+014
-008,+014
-008,+014
-008,+014
-008,+014
-008,+014
-008,+014
-008,+014
-007,+014
-007,+014
-007,+014
-007,+014
-007,+014
-007,+014
-007,+014
-007,+014
-007,+014
-007,+014
-007,+014
-007,+014
-007,+014
-007,+014
-007,+014
-007,+014
-007,+014
-007,+014
-007,+014
-007,+014
-007,+014
-007,+014
-007,+014
-007,+014
-007,+014
-007,+014
-007,+014
-007,+014
-007,+014
-007,+014
-007,+014
-007,+014
-007,+014
-007,+014
-007,+014
-007,+014
-007,+014
-007,+014
+009,+014
+009,+014
+009,+014
+009,+014
+009,+014
+009,+014
+009,+014
+011,+014
+011,+014
+011,+014
+011,+014
+011,+014
+011,+014
+011,+014
+011,+014
+011,+014
+011,+014
+013,+014
+013,+014
+013,+014
+013,+014
+013,+014
+013,+014
+013,+012
+013,+012
+013,+012
+013,+012
+013,+012
+013,+012
+013,+012
+013,+012
+013,+012
+013,+012
+013,+010
+013,+010
+013,+010
+013,+010
+013,+010
+013,+010
+013,+010
+013,+010
+013,+008
+013,+008
+013,+008
+013,+008
+013,+008
+013,+008
+013,+008
+013,+008
+013,+008
+013,+006
+013,+006
+013,+006
+013,+006
+013,+006
+013,+006
+013,+006
+013,+006
+013,+006
+013,+006
+013,+006
+013,+006
+013,+006
+013,+006
+013,+004
+013,+004
+013,+004
+013,+004
+013,+004
+013,+004
+013,+004
+013,+004
+013,+004
+013,+004
+013,+004
+013,+004
+013,+004
+013,+004
+013,+004
+013,+004
+013,+004
+013,+004
+013,+004
+013,+004
+013,+004
+013,+004
+013,+004
+013,+004
+013,+004
+013,+004
+013,+004
+013,+004
+013,+004
+013,+004
+013,+004
+013,+004
+013,+004
+013,+004
+013,+004
+013,+004
+013,+004
+013,+004
+013,+004
+013,+004
+013,+004
+013,+004
+013,+004
+013,+004
+013,+004
+013,+004
+013,+004
+013,+004
+013,+004
+013,+004
+013,+004
+013,+004
+013,+004
+013,+004
+013,+004
+013,+004
+013,+004
+011,+004
+011,+004
+011,+004
+011,+004
+011,+004
+011,+004
+011,+004
+011,+004
+011,+004
+011,+004
+011,+004
+011,+004
+011,+004
+011,+004
+011,+006
+011,+006
+011,+006
+011,+006
+011,+006
+011,+006
+011,+006
+011,+006
+013,+006
+013,+006
+013,+006
+013,+006
+013,+006
+013,+006
+013,+006
+013,+006
+013,+006
+013,+008
+013,+008
+013,+008
+013,+008
+013,+008
+013,+008
+013,+008
+013,+008
+013,+008
+013,+008
+013,+008
+015,+008
+015,+008
+015,+008
+015,+008
+015,+008
+015,+010
+015,+010
+015,+010
+015,+010
+015,+010
+015,+010
+015,+010
+015,+010
+015,+010
+015,+010
+015,+010
+015,+010
+015,+010
+015,+010
+015,+010
+015,+010
+015,+010
+015,+010
+015,+010
+015,+010
+015,+010
+015,+010
+015,+010
+015,+010
+015,+010
+015,+010
+015,+010
+015,+010
+015,+010
+015,+010
+015,+010
+015,+010
+015,+010
+015,+010
+015,+010
+015,+010
+015,+010
+015,+010
+015,+010
+015,+010
+015,+010
+015,+010
+015,+010
+015,+010
+015,+010
+015,+010
+015,+010
+015,+010
+015,+010
+015,+010
+015,+010
+015,+010
+015,+010
+015,+010
+015,+010
+015,+010
+015,+010
+015,+010
+015,+010
+015,+010
+015,+010
+015,+012
+015,+012
+015,+012
+015,+012
+015,+012
+015,+012
+015,+012
+015,+012
+015,+012
+015,+012
+015,+012
+015,+012
+015,+012
+015,+012
+015,+012
+015,+012
+015,+012
+015,+012
+015,+012
+015,+012
+015,+012
+015,+012
+015,+012
+015,+012
+015,+012
+015,+012
+015,+012
+015,+012
+015,+012
+015,+014
+015,+014
+013,+014
+013,+014
+013,+014
+013,+014
+013,+014
+013,+014
+013,+014
+013,+014
+013,+014
+013,+014
+013,+014
+013,+014
+013,+014
+013,+014
+013,+014
+013,+014
+013,+014
+013,+014
+013,+014
+013,+014
+013,+014
+013,+014
+013,+014
+013,+014
+013,+014
+013,+014
+013,+014
+013,+014
+013,+014
+013,+014
+013,+014
+013,+014
+011,+014
+011,+014
+011,+014
+011,+014
+011,+014
+011,+014
+011,+014
+011,+014
+011,+014
+011,+014
+011,+014
+011,+014
+011,+014
+011,+014
+013,+014
+013,+014
+013,+014
+013,+014
+013,+014
+013,+014
+013,+014
+013,+014
+013,+014
+013,+014
+013,+014
+013,+014
+013,+014
+013,+014
+013,+014
+013,+014
+013,+014
+013,+014
+013,+014
+013,+014
+013,+014
+013,+014
+013,+014
+013,+012
+013,+012
+013,+012
+013,+012
+013,+012
+013,+012
+013,+012
+013,+012
+013,+012
+013,+012
+013,+012
+013,+012
+013,+012
+013,+012
+013,+012
+013,+012
+013,+012
+013,+012
+013,+012
+013,+012
+013,+012
+013,+012
+013,+012
+013,+012
+013,+012
+013,+012
+013,+012
+013,+012
+013,+012
+013,+012
+013,+012
+013,+012
+013,+012
+013,+012
+013,+012
+013,+012
+013,+012
+013,+012
+013,+012
+013,+012
+013,+012
+013,+012
+013,+012
+013,+012
+013,+012
+013,+012
+013,+012
+013,+012
+013,+012
+013,+012
+013,+012
+013,+010
+013,+010
+013,+010
+013,+010
+013,+010
+013,+010
+013,+010
+013,+010
+013,+010
+013,+010
+013,+010
+013,+010
+013,+010
+013,+010
+013,+010
+013,+010
+013,+010
+013,+010
+013,+010
+013,+010
+013,+010
+013,+010
+013,+010
+013,+010
+013,+010
+013,+010
+013,+008
+013,+008
+013,+008
+013,+008
+013,+008
+013,+008
+013,+008
+013,+008
+013,+008
+013,+008
+013,+008
+013,+008
+013,+008
+013,+008
+013,+008
+013,+008
+013,+008
+013,+006
+013,+006
+013,+006
+013,+006
+013,+006
+013,+006
+013,+006
+013,+006
+013,+006
+013,+006
+013,+006
+013,+006
+013,+006
+013,+006
+013,+006
+013,+006
+013,+006
+013,+006
+013,+006
+013,+006
+013,+004
+013,+004
+013,+004
+013,+004
+013,+004
+013,+004
+013,+004
+013,+004
+013,+004
+013,+004
+013,+004
+013,+004
+013,+004
+013,+004
+013,+004
+013,+004
+013,+004
+013,+004
+013,+002
+013,+002
+013,+002
+013,+002
+013,+002
+013,+002
+013,+002
+013,+002
+013,+002
+013,+002
+013,+002
+013,+002
+013,+000
+013,+000
+013,+000
+013,+000
+013,+000
+013,+000
+013,+000
+013,+000
+013,+000
+013,+000
+013,+000
+013,+000
+013,+000
+013,+000
+011,+002
+011,+002
+011,+002
+011,+002
+011,+002
+011,+002
+011,+002
+011,+002
+011,+002
+011,+002
+011,+002
+011,+002
+011,+002
+011,+002
+011,+002
+011,+002
+011,+002
+011,+002
+011,+002
+011,+002
+011,+002
+011,+002
+011,+002
+011,+004
+011,+004
+011,+004
+011,+004
+011,+004
+011,+004
+011,+004
+011,+004
+011,+004
+011,+004
+011,+004
+011,+004
+011,+004
+011,+004
+011,+004
+011,+004
+011,+004
+011,+004
+011,+004
+011,+004
+011,+004
+011,+004
+011,+004
+011,+004
+011,+004
+011,+004
+011,+004
+011,+004
+011,+004
+011,+004
+011,+004
+011,+004
+011,+004
+011,+004
+011,+004
+011,+004
+011,+004
+011,+004
+011,+004
+011,+002
+011,+002
+011,+002
+011,+002
+011,+002
+011,+002
+011,+002
+011,+002
+011,+002
+011,+002
+011,+002
+011,+000
+011,+000
+011,+000
+011,+000
+011,+000
+011,+000
+011,+000
+011,+000
+011,+000
+011,+000
+011,+000
+011,+000
+011,+000
+011,+000
+011,+002
+011,+002
+011,+002
+011,+002
+011,+002
+011,+002
+013,+002
+013,+002
+013,+002
+013,+002
+013,+002
+013,+004
+013,+004
+013,+004
+013,+004
+013,+004
+013,+004
+013,+004
+013,+004
+013,+004
+013,+004
+013,+004
+013,+004
+013,+004
+013,+004
+013,+004
+013,+004
+013,+004
+013,+004
+013,+004
+013,+004
+013,+004
+013,+004
+013,+004
+013,+004
+013,+004
+013,+004
+013,+004
+013,+006
+013,+006
+013,+006
+013,+006
+013,+006
+013,+006
+013,+006
+013,+006
+013,+006
+013,+006
+013,+006
+013,+006
+013,+006
+013,+006
+013,+006
+013,+006
+013,+006
+013,+006
+013,+006
+013,+006
+013,+006
+013,+006
+013,+006
+013,+006
+013,+006
+013,+006
+013,+006
+013,+006
+013,+006
+013,+006
+013,+006
+013,+006
+013,+006
+013,+006
+013,+006
+013,+006
+013,+006
+013,+006
+013,+006
+013,+006
+013,+006
+013,+006
+013,+006
+013,+006
+013,+008
+013,+008
+013,+008
+013,+008
+013,+008
+013,+008
+013,+008
+013,+008
+013,+008
+013,+008
+013,+008
+013,+008
+013,+008
+013,+008
+013,+008
+013,+008
+013,+008
+013,+008
+013,+008
+013,+008
+013,+008
+013,+008
+013,+008
+013,+010
+013,+010
+013,+010
+013,+010
+013,+010
+013,+010
+013,+010
+013,+010
+013,+010
+013,+010
+013,+010
+013,+010
+013,+010
+013,+010
+013,+010
+013,+010
+013,+012
+013,+012
+013,+012
+013,+012
+013,+012
+013,+012
+013,+012
+013,+012
+013,+012
+013,+012
+013,+012
+013,+012
+013,+012
+013,+012
+013,+012
+013,+012
+013,+012
+013,+012
+013,+012
+013,+012
+013,+012
+013,+014
+013,+014
+013,+014
+013,+014
+013,+014
+013,+014
+013,+014
+013,+014
+013,+014
+013,+016
+013,+016
+013,+016
+013,+016
+013,+016
+013,+016
+013,+016
+013,+016
+013,+016
+013,+016
+013,+016
+013,+016
+013,+016
+013,+018
+013,+018
+013,+018
+013,+018
+013,+018
+013,+018
+013,+018
+013,+018
+013,+018
+013,+018
+013,+018
+013,+018
+013,+018
+013,+018
+013,+018
+013,+018
+013,+018
+013,+020
+013,+020
+013,+020
+013,+020
+013,+020
+013,+020
+013,+020
+013,+020
+013,+020
+013,+020
+013,+020
+013,+020
+013,+020
+013,+020
+013,+020
+013,+020
+013,+020
+013,+020
+013,+020
+013,+020
+013,+020
+013,+020
+013,+020
+013,+020
+013,+020
+013,+020
+013,+020
+013,+020
+013,+020
+013,+020
+013,+020
+013,+020
+013,+020
+013,+020
+013,+020
+013,+020
+013,+020
+013,+020
+013,+020
+013,+020
+013,+020
+013,+020
+013,+020
+013,+020
+013,+020
+013,+020
+013,+020
+013,+020
+013,+020
+015,+020
+015,+020
+015,+020
+015,+020
+015,+020
+015,+020
+015,+020
+015,+020
+015,+020
+015,+020
+015,+020
+015,+020
+015,+020
+015,+020
+015,+020
+015,+020
+015,+020
+015,+020
+015,+020
+015,+020
+015,+020
+015,+020
+015,+020
+015,+020
+015,+020
+015,+020
+015,+020
+015,+022
+015,+022
+015,+022
+015,+022
+015,+022
+015,+022
+015,+022
+015,+022
+015,+022
+015,+022
+015,+022
+015,+022
+015,+022
+015,+022
+015,+022
+015,+022
+015,+022
+013,+022
+013,+022
+013,+022
+013,+022
+013,+022
+013,+022
+013,+022
+013,+022
+013,+022
+013,+020
+013,+020
+013,+020
+013,+020
+013,+020
+013,+020
+013,+020
+013,+020
+013,+020
+013,+020
+013,+018
+013,+018
+013,+018
+013,+018
+013,+018
+011,+018
+011,+018
+011,+018
+011,+016
+011,+016
+011,+016
+011,+016
+011,+016
+011,+014
+011,+014
+011,+014
+011,+014
+011,+014
+011,+014
+011,+012
+011,+012
+011,+012
+011,+012
+011,+012
+011,+012
+011,+010
+011,+010
+011,+010
+011,+010
+011,+008
+011,+008
+011,+008
+011,+008
+011,+006
+011,+006
+011,+006
+011,+006
+011,+006
+011,+006
+011,+004
+011,+004
+011,+004
+011,+004
+011,+004
+011,+004
+011,+004
+011,+002
+011,+002
+011,+002
+011,+002
+011,+002
+011,+002
+011,+002
+011,+002
+011,+002
+009,+000
+009,+000
+009,+000
+009,+000
+009,+000
+009,+002
+009,+002
-008,+002
-008,+002
-008,+004
-008,+004
-008,+004
-007,+004
-007,+004
-007,+004
-007,+004
-006,+004
-006,+004
-006,+006
-006,+006
-006,+006
-006,+006
-006,+006
-006,+006
-006,+006
-006,+006
-006,+006
-006,+006
-006,+006
-006,+006
-006,+006
-006,+006
-006,+006
-005,+006
-005,+006
-005,+006
-005,+006
-005,+006
-005,+006
-005,+006
-005,+006
-005,+006
-005,+006
-005,+006
-005,+006
-005,+006
-005,+006
-005,+006
-005,+006
-005,+006
-005,+006
-008,+006
-008,+004
-008,+004
-008,+004
-008,+004
-008,+002
-008,+002
-008,+002
-008,+002
-008,+002
-008,+002
-008,+002
-008,+002
-008,+002
-008,+002
-008,+002
-008,+002
-008,+002
-008,+000
-008,+000
+010,+000
+010,+000
+010,+000
+010,+000
+010,+000
+010,+000
+010,+000
+010,+000
+010,+000
+010,+000
+010,+000
+010,+000
+010,+000
+010,+000
+010,+000
+010,+000
+010,+000
+010,+000
+010,+000
+010,+000
+010,+000
+010,+000
+010,+000
+012,+000
+012,+000
+012,+000
+012,+002
+012,+002
+012,+002
+012,+002
+012,+002
+012,+002
+012,+002
+012,+002
+012,+002
+012,+004
+012,+004
+012,+004
+012,+004
+012,+004
+014,+004
+014,+004
+014,+006
+014,+006
+014,+006
+014,+006
+014,+006
+014,+006
+014,+006
+014,+006
+014,+006
+014,+006
+014,+006
+014,+006
+014,+006
+014,+006
+014,+006
+014,+006
+014,+006
+014,+006
+014,+006
+014,+006
+014,+006
+014,+006
+014,+006
+014,+006
+014,+006
+014,+006
+014,+006
+014,+006
+014,+006
+014,+006
+014,+006
+014,+006
+014,+006
+014,+006
+014,+006
+014,+006
+014,+006
+014,+006
+014,+006
+014,+006
+014,+006
+016,+006
+016,+006
+016,+006
+016,+006
+016,+006
+016,+006
+016,+006
+016,+006
+016,+006
+016,+006
+016,+006
+016,+006
+016,+006
+016,+006
+016,+006
+016,+006
+016,+006
+018,+006
+018,+006
+018,+006
+018,+006
+018,+006
+018,+006
+018,+006
+018,+006
+018,+006
+018,+006
+018,+006
+018,+006
+018,+006
+018,+006
+018,+006
+018,+006
+018,+006
+018,+006
+018,+006
+018,+006
+018,+006
+018,+006
+018,+006
+018,+006
+018,+006
+018,+006
+018,+006
+018,+006
+018,+006
+018,+006
+018,+006
+016,+006
+016,+006
+016,+006
+016,+006
+016,+006
+016,+006
+016,+006
+016,+006
+016,+008
+016,+008
+016,+008
+014,+008
+014,+008
+014,+008
+014,+008
+014,+008
+014,+008
+014,+008
+014,+008
+014,+008
+014,+008
+014,+008
+014,+008
+014,+008
+014,+008
+014,+008
+014,+008
+014,+008
+014,+008
+014,+008
+014,+010
+014,+010
+014,+010
+014,+010
+014,+010
+014,+010
+014,+010
+014,+010
+014,+010
+014,+010
+014,+010
+014,+010
+014,+010
+014,+010
+014,+010
+014,+010
+014,+010
+014,+010
+014,+010
+014,+010
+014,+010
+014,+010
+014,+010
+014,+010
+014,+010
+014,+010
+014,+010
+014,+010
+014,+010
+014,+010
+014,+010
+014,+010
+014,+010
+014,+010
+014,+010
+014,+010
+014,+010
+012,+008
+012,+008
+012,+008
+012,+008
+012,+008
+012,+008
+012,+008
+012,+008
+012,+008
+012,+008
+012,+008
+012,+008
+012,+008
+010,+008
+010,+008
+010,+008
+010,+008
+010,+008
+010,+008
+010,+008
+010,+008
+010,+008
+010,+008
+010,+008
+010,+008
+010,+006
+010,+006
+010,+006
+010,+006
+010,+006
+010,+006
+009,+006
+009,+006
+009,+006
+009,+006
+009,+006
+009,+004
-008,+004
-008,+004
-008,+004
-008,+004
-008,+004
-008,+004
-008,+004
-008,+004
-008,+004
-008,+004
-008,+004
-008,+004
-008,+004
-008,+004
-008,+004
-008,+004
-008,+004
-008,+002
-008,+002
-008,+002
-008,+002
-008,+002
-008,+002
-008,+002
-008,+002
-008,+002
-008,+002
-008,+002
-008,+002
-008,+002
-008,+002
-008,+002
-008,+002
-008,+002
-008,+002
-008,+002
-008,+002
-008,+002
-008,+002
-008,+002
-008,+002
-008,+002
-008,+002
-008,+002
-008,+002
-008,+002
-008,+002
-008,+002
-008,+002
-008,+002
-008,+002
-008,+002
+010,+002
+010,+002
+010,+002
+010,+002
+010,+002
+010,+002
+010,+002
+010,+002
+010,+002
+010,+002
+010,+002
+010,+002
+010,+002
+010,+002
+010,+002
+010,+002
+010,+002
+010,+002
+010,+002
+010,+002
+010,+002
+010,+002
+010,+002
+010,+002
+010,+002
+010,+002
+010,+002
+010,+002
+010,+002
+010,+002
+010,+002
+010,+002
+010,+002
+010,+002
+010,+002
+010,+002
+010,+002
+010,+004
+010,+004
+010,+004
+010,+004
+010,+004
+010,+004
+010,+004
+010,+004
+010,+004
+010,+004
+010,+004
+010,+004
+010,+004
+010,+004
+010,+004
+010,+004
+010,+004
+010,+004
+010,+004
+010,+004
+010,+004
+010,+004
+010,+004
+010,+004
+010,+004
+010,+004
+010,+004
+010,+004
+010,+004
+010,+004
+010,+004
+010,+004
+010,+004
+010,+004
+010,+004
+010,+004
+010,+004
+010,+004
+010,+002
+010,+002
+012,+002
+012,+002
+012,+002
+012,+002
+012,+002
+012,+002
+012,+002
+012,+000
+012,+000
+012,+000
+012,+000
+012,+000
+012,+000
+012,+000
+012,+000
+012,+000
+012,+000
+012,+000
+012,+000
+012,+000
+012,+002
+012,+002
+012,+002
+012,+002
+012,+002
+012,+002
+012,+002
+012,+002
+012,+002
+012,+002
+012,+002
+012,+004
+012,+004
+012,+004
+012,+004
+012,+004
+012,+004
+012,+004
+012,+004
+012,+004
+012,+004
+012,+004
+012,+004
+012,+004
+012,+004
+012,+004
+012,+004
+012,+004
+012,+004
+012,+002
+012,+002
+012,+002
+012,+002
+012,+002
+012,+002
+012,+002
+012,+002
+012,+002
+012,+002
+012,+000
+012,+000
+012,+000
+012,+000
+012,+000
+012,+000
+012,+000
+012,+000
+012,+000
+012,+000
+012,+002
+012,+002
+012,+002
+012,+002
+012,+002
+012,+004
+012,+004
+012,+004
+012,+004
+010,+004
+010,+004
+010,+004
+010,+004
+010,+004
+010,+004
+010,+004
+010,+004
+010,+004
+010,+004
+010,+004
+010,+004
+010,+004
+010,+004
+010,+004
+012,+004
+012,+004
+012,+004
+012,+004
+012,+004
+012,+004
+012,+004
+012,+004
+012,+004
+012,+004
+012,+004
+012,+004
+012,+004
+012,+004
+012,+004
+012,+004
+012,+004
+012,+004
+012,+004
+012,+004
+012,+004
+012,+004
+012,+004
+012,+004
+012,+004
+012,+004
+012,+004
+012,+004
+012,+004
+012,+006
+012,+006
+012,+006
+012,+006
+012,+006
+012,+006
+012,+006
+012,+006
+012,+006
+012,+006
+012,+006
+012,+006
+012,+006
+012,+006
+012,+006
+012,+006
+012,+006
+012,+006
+012,+006
+012,+006
+012,+006
+012,+006
+012,+006
+012,+006
+012,+006
+012,+006
+012,+006
+012,+006
+012,+006
+012,+006
+012,+008
+012,+008
+012,+008
+012,+008
+012,+008
+012,+008
+012,+008
+012,+008
+012,+008
+012,+008
+012,+008
+012,+008
+012,+008
+012,+008
+012,+008
+012,+008
+012,+008
+012,+008
+012,+008
+012,+008
+012,+008
+012,+008
+012,+008
+012,+008
+012,+008
+012,+008
+012,+008
+012,+008
+012,+008
+012,+008
+012,+008
+012,+008
+012,+008
+012,+008
+012,+008
+012,+008
+012,+008
+012,+008
+012,+008
+012,+008
+012,+008
+012,+008
+012,+008
+012,+008
+012,+008
+012,+008
+012,+008
+012,+008
+012,+008
+012,+008
+012,+008
+012,+008
+012,+008
+012,+008
+012,+008
+012,+008
+012,+008
+012,+008
+012,+008
+012,+008
+012,+008
+012,+006
+012,+006
+012,+006
+012,+006
+012,+006
+012,+006
+012,+006
+012,+006
+012,+006
+012,+006
+012,+006
+012,+006
+012,+006
+012,+006
+012,+006
+012,+006
+012,+006
+012,+006
+012,+006
+012,+006
+012,+006
+012,+006
+012,+006
+012,+006
+012,+006
+012,+006
+012,+006
+012,+006
+012,+006
+012,+006
+012,+006
+012,+006
+012,+006
+012,+006
+012,+006
+012,+006
+012,+006
+012,+006
+012,+006
+012,+006
+012,+006
+012,+006
+012,+006
+012,+006
+012,+006
+012,+006
+012,+006
+012,+006
+012,+006
+012,+006
+012,+006
+012,+004
+012,+004
+012,+004
+012,+004
+012,+004
+012,+004
+012,+004
+012,+004
+012,+004
+012,+004
+012,+004
+012,+004
+012,+004
+012,+004
+012,+004
+012,+004
+012,+002
+012,+002
+012,+002
+012,+002
+010,+002
+010,+002
+010,+002
+010,+002
+010,+002
+010,+002
+010,+002
+010,+002
+010,+002
+010,+002
+010,+002
+010,+002
+010,+002
+010,+002
+010,+002
+010,+002
+010,+002
+010,+002
+010,+002
+010,+002
+010,+002
+010,+002
+010,+002
+010,+002
+010,+002
+010,+002
+010,+002
+010,+002
+010,+002
+010,+002
+010,+002
+010,+002
+010,+002
+010,+002
+010,+002
+010,+002
+010,+002
+010,+002
+010,+002
+010,+002
+010,+002
+010,+002
+010,+002
+010,+002
+010,+002
+010,+002
+010,+002
+010,+002
+010,+002
+010,+002
+010,+002
+010,+004
+010,+004
+010,+004
+010,+004
+010,+004
+010,+004
+010,+004
+010,+004
+010,+004
+010,+004
+010,+004
+010,+004
+010,+004
+010,+006
+010,+006
+010,+006
+010,+006
+010,+006
+010,+006
+010,+006
+010,+006
+010,+006
+010,+006
+010,+006
+010,+006
+010,+006
+010,+006
+010,+006
+010,+006
+010,+006
+010,+006
+010,+006
+010,+006
+010,+006
+010,+006
+010,+006
+010,+006
+012,+006
+012,+006
+012,+006
+012,+006
+012,+006
+012,+006
+012,+006
+012,+006
+012,+006
+012,+006
+012,+006
+012,+006
+012,+006
+012,+006
+012,+006
+012,+006
+012,+004
+012,+004
+012,+004
+012,+004
+012,+004
+012,+004
+012,+004
+012,+004
+012,+004
+012,+004
+012,+004
+012,+004
+012,+004
+012,+004
+012,+002
+012,+002
+012,+002
+012,+002
+012,+002
+012,+002
+012,+002
+012,+002
+012,+002
+012,+002
+012,+002
+012,+002
+012,+002
+012,+002
+012,+002
+012,+002
+012,+002
+012,+002
+012,+000
+012,+000
+010,+000
+010,+000
+010,+000
+010,+000
+010,+000
+010,+000
+010,+000
+010,+000
+010,+000
+010,+000
+010,+000
+010,+000
+010,+000
+010,+000
+010,+000
+010,+000
+010,+000
+010,+000
+010,+000
+010,+000
+010,+000
+009,+000
+009,+000
+009,+000
+009,+000
+009,+000
+009,+000
+009,+000
+009,+000
-008,+000
-008,+000
-008,+000
-008,+000
-008,+000
-007,+000
-007,+000
-007,+000
-007,+000
-007,+000
-007,+000
-007,+000
-007,+000
-007,+000
-007,+000
-007,+000
-007,+000
-007,+000
-007,+000
-007,+000
-007,+000
-006,+000
-006,+000
-006,+000
-006,+000
-006,+000
-006,+000
-006,+000
-006,+000
-006,+000
-006,+000
-006,+000
-006,+000
-006,+000
-006,+000
-006,+000
-006,+000
-006,+000
-006,+000
-006,+000
-006,+000
-006,+000
-006,+000
-006,+000
-006,+002
-006,+002
-006,+002
-006,+002
-006,+002
-006,+002
-006,+002
-006,+002
-006,+002
-006,+004
-006,+004
-006,+004
-006,+004
-006,+004
-006,+004
-006,+004
-006,+004
-006,+004
-006,+004
-006,+004
-006,+004
-006,+004
-006,+004
-006,+004
-006,+004
-006,+004
-006,+004
-006,+004
-006,+004
-006,+004
-006,+004
-006,+004
-006,+004
-006,+004
-006,+004
-006,+004
-006,+004
-006,+004
-006,+004
-006,+004
-006,+004
-006,+004
-006,+004
-006,+004
-006,+004
-006,+004
-005,+004
-005,+004
-005,+004
-005,+004
-005,+004
-005,+004
-005,+004
-005,+004
-005,+004
-005,+004
-005,+004
-005,+004
-005,+004
-005,+004
-005,+004
-005,+004
-005,+002
-005,+002
-005,+002
-005,+002
-005,+002
-005,+002
-005,+002
-005,+002
-005,+002
-005,+002
-008,+002
-007,+002
-007,+002
-007,+002
-007,+002
-007,+002
-007,+002
-007,+002
-007,+002
-007,+002
-007,+002
-007,+002
-007,+002
-007,+002
-007,+002
-007,+002
-007,+002
-007,+002
-007,+002
-007,+002
-007,+002
-007,+002
-007,+002
-007,+002
-007,+002
-007,+002
-007,+002
-007,+002
+009,+002
+009,+002
+009,+002
+009,+002
+009,+002
+009,+002
+009,+002
+009,+002
+011,+002
+011,+002
+011,+002
+011,+002
+011,+002
+011,+002
+011,+002
+011,+002
+011,+002
+011,+002
+011,+002
+011,+002
+011,+002
+011,+002
+011,+002
+011,+002
+011,+002
+011,+002
+011,+002
+011,+004
+013,+004
+013,+004
+013,+004
+013,+004
+013,+004
+013,+004
+013,+004
+013,+004
+013,+004
+013,+004
+013,+004
+013,+004
+013,+004
+013,+004
+013,+004
+013,+004
+013,+004
+013,+004
+013,+004
+011,+004
+011,+004
+011,+004
+011,+004
+011,+004
+011,+004
+011,+004
+011,+004
+011,+004
+011,+004
+011,+004
+011,+004
+011,+004
+011,+004
+011,+004
+011,+004
+011,+004
+011,+004
+011,+004
+011,+004
+011,+004
+011,+004
+011,+004
+011,+004
+011,+004
+013,+004
+013,+004
+013,+004
+013,+004
+013,+004
+013,+004
+013,+004
+013,+004
+013,+004
+013,+004
+013,+004
+013,+004
+013,+004
+013,+004
+013,+004
+013,+004
+013,+004
+013,+004
+013,+004
+013,+004
+013,+004
+013,+004
+013,+004
+013,+004
+013,+004
+013,+004
+013,+004
+013,+002
+013,+002
+013,+002
+013,+002
+013,+002
+013,+002
+013,+002
+013,+002
+013,+002
+013,+002
+013,+002
+013,+002
+013,+002
+013,+002
+011,+002
+011,+002
+011,+002
+011,+002
+011,+002
+011,+002
+011,+002
+011,+002
+011,+002
+011,+002
+009,+002
+009,+002
+009,+002
+009,+002
+009,+002
+009,+000
+009,+000
+009,+000
+009,+000
-008,+000
-008,+000
-008,+000
-008,+000
-008,+000
-008,+000
-008,+000
-008,+000
-008,+000
-008,+000
-008,+000
-007,+000
-007,+000
-007,+000
-007,+000
-007,+000
-007,+000
-007,+000
-007,+000
-007,+000
-007,+000
-007,+000
-007,+000
-006,+000
-006,+000
-006,+000
-006,+000
-006,+000
-006,+000
-006,+000
-006,+000
-006,+000
-006,+000
-006,+000
-006,+000
-006,+000
-006,+000
-006,+000
-006,+000
-006,+000
-006,+000
-006,+000
-006,+000
-006,+000
-006,+000
-006,+000
-006,+000
-006,+000
-006,+000
-006,+000
-006,+000
-006,+000
-006,+000
-006,+000
-006,+000
-006,+000
-006,+000
-006,+000
-006,+002
-006,+002
+009,+002
+009,+002
+009,+002
+009,+002
+009,+002
+009,+002
+009,+002
+009,+002
+009,+002
+009,+002
+009,+002
+009,+002
+009,+002
+009,+002
+009,+002
+009,+002
+009,+002
+009,+002
+009,+002
+009,+002
+009,+002
+009,+002
+009,+002
+009,+002
+009,+002
+009,+002
+009,+002
+009,+002
+009,+002
+009,+002
+009,+002
+009,+002
+009,+002
+009,+002
+009,+002
+009,+002
+009,+002
+009,+002
+009,+002
+009,+002
+009,+002
+009,+002
+009,+002
+009,+000
+009,+000
+009,+000
+009,+000
+009,+000
+009,+000
+009,+000
+009,+000
+009,+000
+009,+000
+009,+000
+009,+000
+009,+000
+009,+002
+009,+002
+009,+002
+009,+002
+009,+002
+009,+002
+009,+002
+009,+002
+009,+002
+009,+002
+009,+002
+009,+004
+009,+004
+009,+004
+009,+004
+009,+004
+009,+004
+011,+004
+011,+004
+011,+004
+011,+004
+011,+004
+011,+004
+011,+004
+011,+004
+011,+004
+011,+004
+011,+004
+011,+004
+011,+004
+011,+004
+011,+004
+011,+004
+011,+004
+011,+004
+011,+004
+011,+004
+011,+004
+011,+004
+011,+004
+011,+004
+011,+004
+013,+004
+013,+004
+013,+004
+013,+004
+013,+004
+013,+004
+013,+004
+013,+002
+013,+002
+013,+002
+013,+002
+013,+002
+013,+002
+013,+000
+015,+000
+015,+000
+015,+000
+015,+000
+015,+000
+015,+002
+015,+002
+015,+002
+015,+002
+015,+002
+015,+004
+015,+004
+015,+004
+015,+004
+015,+004
+015,+004
+015,+004
+015,+004
+015,+004
+015,+004
+015,+004
+015,+004
+017,+004
+017,+004
+017,+004
+017,+004
+017,+004
+017,+004
+017,+004
+017,+004
+017,+004
+017,+004
+017,+004
+017,+004
+017,+004
+017,+004
+017,+004
+017,+004
+017,+004
+017,+004
+017,+004
+017,+004
+017,+004
+017,+004
+017,+004
+017,+004
+017,+004
+017,+004
+017,+004
+017,+004
+017,+004
+017,+004
+017,+004
+017,+004
+017,+004
+017,+004
+017,+004
+017,+004
+017,+004
+017,+004
+017,+004
+017,+004
+017,+004
+017,+004
+017,+004
+017,+004
+017,+004
+017,+004
+017,+004
+017,+004
+017,+004
+017,+004
+017,+004
+017,+004
+017,+004
+017,+004
+017,+004
+017,+004
+017,+004
+017,+004
+017,+004
+017,+004
+017,+004
+017,+004
+017,+004
+017,+004
+017,+004
+017,+004
+017,+004
+015,+004
+015,+004
+015,+004
+015,+004
+015,+004
+015,+004
+015,+004
+015,+004
+015,+004
+015,+004
+015,+004
+015,+004
+015,+004
+015,+004
+015,+004
+015,+004
+015,+004
+015,+004
+015,+004
+015,+004
+015,+004
+015,+004
+015,+004
+015,+004
+015,+004
+015,+004
+015,+004
+015,+004
+015,+004
+015,+004
+015,+004
+015,+004
+015,+004
+013,+004
+013,+004
+013,+004
+013,+004
+013,+004
+013,+004
+013,+004
+013,+004
+011,+006
+011,+006
+011,+006
+011,+006
+011,+006
+011,+006
+011,+006
+011,+006
+011,+006
+011,+006
+011,+006
+011,+006
+011,+006
+011,+006
+011,+006
+009,+006
+009,+006
+009,+006
+009,+006
+009,+006
+009,+006
+009,+006
+009,+006
+009,+006
+009,+006
+009,+006
+009,+006
+009,+006
+009,+006
+009,+006
+009,+006
+009,+006
+009,+006
+009,+006
-008,+006
-008,+006
-008,+006
-008,+006
-008,+006
-008,+006
-008,+006
-008,+006
-008,+006
-008,+006
-008,+006
-008,+006
-008,+006
-008,+006
-008,+004
-008,+004
-008,+004
-008,+004
-008,+004
-008,+004
-008,+004
-008,+004
-008,+004
-008,+004
-008,+004
-008,+004
-008,+004
-008,+004
-008,+004
-007,+002
-007,+002
-007,+002
-007,+002
-007,+002
-006,+002
-006,+002
-006,+002
-006,+000
-006,+000
-005,+000
-005,+000
-004,+002
-004,+002
-004,+002
-003,+002
-003,+002
-003,+002
-003,+002
-002,+004
-002,+004
-002,+004
-002,+004
-002,+004
-002,+004
-002,+004
-002,+004
-001,+004
-001,+004
-001,+004
-001,+004
-001,+004
-001,+004
-001,+004
-000,+006
-000,+006
-000,+006
-001,+006
-001,+006
-001,+006
-001,+006
-001,+006
-001,+006
-002,+006
-002,+006
-002,+006
-002,+006
-002,+006
-002,+006
-002,+006
-002,+006
-002,+006
-002,+006
-002,+006
-002,+006
-002,+006
-002,+006
-002,+006
-002,+006
-002,+006
-002,+006
-002,+006
-002,+006
-002,+006
-002,+006
-002,+006
-002,+006
-002,+006
-002,+006
-002,+006
-002,+006
-001,+006
-001,+006
-001,+006
-001,+006
-001,+008
-001,+008
-001,+008
-001,+008
-001,+008
-001,+008
-004,+008
-004,+008
-004,+008
-004,+006
-004,+006
-004,+006
-004,+006
-004,+006
-007,+006
-007,+006
-007,+006
-007,+006
-007,+006
-007,+006
-007,+006
-007,+004
-007,+004
-007,+004
+009,+004
+009,+004
+009,+004
+009,+004
+009,+002
+009,+002
+009,+002
+009,+002
+009,+002
+009,+002
+009,+002
+009,+002
+009,+002
+009,+002
+009,+002
+009,+002
+009,+002
+009,+002
+009,+002
+009,+002
+009,+002
+009,+002
+009,+002
+009,+002
+009,+002
+009,+002
+009,+002
+009,+002
+009,+002
+009,+002
+009,+002
+009,+002
+009,+002
+009,+002
+009,+002
+009,+002
+009,+002
+009,+002
+009,+002
+009,+002
+011,+002
+011,+002
+011,+002
+011,+002
+011,+002
+011,+002
+011,+002
+011,+002
+011,+002
+011,+002
+011,+002
+011,+002
+011,+002
+011,+002
+011,+002
+011,+002
+011,+002
+011,+002
+011,+002
+011,+002
+011,+002
+011,+002
+011,+002
+011,+002
+011,+002
+011,+002
COP Area(S): 000261
COP Area(R): 000460