+000,+000
+000,+000
+000,+000
+000,+000
+000,+000
+000,+000
+000,+000
+000,+000
+002,+000
+002,+000
+002,+000
+002,+000
+002,+000
+002,+000
+002,+000
+002,+000
+002,+000
+002,+000
+004,+000
+004,+000
+004,+000
+004,+000
+004,+000
+004,+000
+004,+000
+004,+000
+004,+000
+004,+000
+004,+000
+004,+000
+006,+000
+006,+000
+006,+000
+006,+000
+006,+000
+006,+000
+006,+000
+006,+000
+006,+000
+006,+000
+006,+000
+006,+000
+006,+000
+006,+000
+006,+000
+006,+000
+006,+000
+006,+000
+006,+000
+006,+000
+006,+000
+006,+000
+006,+000
+006,+000
+006,+000
+006,+000
+006,+000
+006,+000
+006,+000
+006,+000
+006,+000
+006,+000
+006,+000
+006,+000
+006,+000
+006,+000
+006,+000
+006,+000
+006,+000
+006,+000
+006,+000
+006,+000
+006,+000
+006,+000
+006,+000
+006,+000
+006,+000
+006,+000
+006,+000
+006,+000
+006,+000
+006,+000
+006,+002
+006,+002
+006,+002
+006,+002
+006,+002
+006,+002
+006,+002
+006,+002
+006,+002
+006,+002
+006,+002
+006,+002
+006,+002
+006,+002
+006,+002
+006,+002
+006,+002
+006,+002
+006,+002
+006,+002
+006,+002
+006,+002
+006,+002
+006,+002
+006,+002
+006,+002
+006,+002
+006,+002
+006,+002
+006,+002
+006,+002
+006,+002
+006,+002
+006,+002
+006,+002
+006,+002
+004,+002
+004,+002
+004,+002
+004,+002
+004,+004
+004,+004
+004,+004
+004,+004
+004,+004
+002,+004
+002,+004
+002,+004
+002,+004
+002,+004
+002,+004
+002,+004
+002,+004
+002,+004
+002,+004
+002,+004
+002,+004
+002,+004
+002,+004
+002,+004
+002,+004
+002,+004
+002,+004
+002,+004
+002,+004
+002,+004
+002,+004
+002,+004
+000,+004
+000,+004
+000,+004
+000,+004
+000,+004
+000,+004
+000,+004
+000,+004
+000,+004
+000,+004
+000,+004
+000,+004
+000,+004
+000,+004
+000,+004
+000,+004
+000,+004
+000,+004
+000,+004
+002,+004
+002,+004
+002,+004
+002,+004
+002,+004
+002,+004
+002,+004
+002,+004
+002,+004
+002,+004
+002,+004
+002,+004
+002,+004
+004,+004
+004,+004
+004,+004
+004,+004
+004,+004
+004,+004
+004,+004
+004,+004
+004,+004
+004,+004
+006,+004
+006,+004
+006,+004
+006,+004
+006,+004
+006,+004
+006,+004
+006,+004
+006,+004
+008,+004
+008,+004
+008,+004
+008,+004
+008,+004
+008,+004
+008,+004
+008,+004
+008,+004
+008,+004
+008,+004
+008,+004
+008,+004
+008,+004
+008,+004
+008,+004
+008,+004
+008,+004
+008,+004
+008,+004
+008,+004
+008,+004
+008,+004
+008,+004
+008,+004
+008,+004
+006,+004
+006,+004
+006,+004
+006,+002
+006,+002
+006,+002
+006,+002
+006,+002
+006,+002
+006,+002
+006,+000
+006,+000
+006,+000
+006,+000
+006,+000
+006,+000
+006,+000
+006,+000
+006,+000
+006,+000
+004,+000
+004,+000
+004,+000
+004,+000
+004,+000
+004,+000
+004,+000
+004,+000
+004,+000
+004,+000
+004,+000
+004,+000
+004,+000
+004,+000
+004,+000
+004,+000
+004,+000
+004,+000
+004,+000
+004,+000
+004,+000
+006,+000
+006,+000
+006,+000
+006,+000
+006,+000
+006,+000
+006,+000
+006,+000
+006,+000
+006,+000
+008,+000
+008,+002
+008,+002
+008,+002
+008,+002
+008,+002
+008,+002
+010,+002
+010,+002
+010,+002
+010,+004
+010,+004
+010,+004
+012,+004
+012,+004
+012,+004
+012,+004
+012,+004
+012,+004
+012,+006
+014,+006
+014,+006
+014,+006
+014,+006
+014,+006
+014,+006
+014,+006
+016,+006
+016,+008
+016,+008
+016,+008
+016,+008
+016,+008
+018,+008
+018,+008
+018,+008
+018,+008
+018,+008
+018,+008
+018,+006
+018,+006
+020,+006
+020,+006
+020,+006
+020,+006
+020,+006
+020,+004
+020,+004
+020,+004
+020,+004
+020,+004
+022,+004
+022,+004
+022,+004
+022,+004
+022,+004
+022,+004
+022,+004
+022,+004
+022,+004
+022,+004
+022,+004
+022,+004
+022,+004
+022,+004
+022,+004
+022,+002
+022,+002
+022,+002
+022,+002
+022,+002
+022,+002
+020,+002
+020,+002
+020,+002
+020,+002
+020,+002
+020,+002
+020,+002
+020,+002
+020,+002
+020,+002
+020,+002
+020,+002
+020,+002
+020,+002
+020,+002
+020,+002
+020,+002
+020,+002
+020,+002
+020,+002
+020,+002
+020,+002
+020,+002
+018,+002
+018,+002
+018,+002
+018,+002
+018,+002
+018,+002
+018,+002
+018,+002
+018,+002
+016,+002
+016,+002
+016,+002
+016,+002
+016,+002
+016,+002
+014,+002
+014,+002
+014,+002
+014,+002
+014,+002
+014,+002
+014,+002
+014,+002
+014,+002
+014,+002
+014,+002
+014,+002
+014,+002
+014,+002
+014,+002
+014,+002
+014,+002
+014,+002
+014,+000
+014,+000
+014,+000
+014,+000
+014,+000
+014,+000
+014,+000
+014,+000
+014,+002
+016,+002
+016,+002
+016,+002
+016,+002
+016,+002
+016,+002
+016,+002
+016,+002
+016,+004
+018,+004
+018,+004
+018,+004
+018,+004
+018,+004
+018,+004
+018,+004
+020,+004
+020,+004
+020,+006
+020,+006
+020,+006
+020,+006
+020,+006
+022,+006
+022,+006
+022,+006
+022,+006
+024,+006
+024,+006
+024,+006
+024,+006
+024,+006
+024,+006
+026,+006
+026,+006
+026,+006
+026,+006
+026,+006
+026,+006
+026,+006
+026,+006
+026,+006
+028,+006
+028,+006
+028,+006
+028,+006
+028,+004
+028,+004
+028,+004
+028,+004
+030,+004
+030,+004
+030,+004
+030,+002
+030,+002
+030,+002
+030,+002
+030,+002
+030,+002
+030,+002
+030,+002
+030,+002
+030,+002
+030,+002
+030,+002
+030,+002
+030,+002
+032,+002
+032,+002
+032,+002
+032,+002
+032,+002
+032,+002
+032,+002
+032,+002
+032,+002
+032,+002
+032,+002
+032,+002
+032,+002
+032,+002
+032,+002
+032,+002
+032,+002
+032,+002
+030,+002
+030,+002
+030,+002
+030,+002
+030,+002
+030,+002
+030,+004
+028,+004
+028,+004
+028,+004
+028,+004
+028,+004
+028,+004
+028,+004
+028,+006
+028,+006
+028,+006
+026,+006
+026,+006
+026,+006
+026,+006
+026,+006
+026,+006
+026,+006
+026,+006
+026,+006
+026,+006
+026,+006
+026,+006
+026,+006
+026,+008
+026,+008
+026,+008
+026,+008
+026,+008
+026,+008
+024,+008
+024,+008
+024,+008
+024,+008
+024,+008
+024,+008
+024,+008
+024,+008
+024,+008
+024,+008
+024,+008
+024,+008
+022,+008
+022,+008
+022,+010
+022,+010
+022,+010
+022,+010
+022,+010
+022,+010
+022,+010
+022,+010
+022,+010
+022,+010
+022,+010
+022,+010
+022,+010
+022,+010
+022,+010
+022,+010
+022,+010
+022,+010
+022,+010
+022,+010
+022,+010
+022,+010
+022,+012
+022,+012
+022,+012
+022,+012
+022,+012
+022,+012
+022,+012
+022,+012
+022,+012
+022,+012
+022,+012
+022,+012
+022,+012
+022,+010
+022,+010
+022,+010
+022,+010
+022,+010
+020,+010
+020,+010
+020,+010
+020,+010
+020,+010
+020,+010
+020,+010
+020,+010
+020,+010
+020,+010
+020,+010
+020,+010
+020,+008
+018,+008
+018,+008
+018,+008
+018,+008
+018,+008
+018,+008
+016,+008
+016,+008
+016,+008
+016,+006
+016,+006
+014,+006
+014,+006
+014,+006
+014,+006
+014,+006
+014,+004
+014,+004
+014,+004
+012,+004
+012,+004
+012,+004
+012,+004
+012,+004
+012,+002
+012,+002
+010,+002
+010,+002
+010,+002
+010,+002
+010,+002
+010,+002
+010,+002
+008,+002
+008,+002
+008,+000
+008,+000
+008,+000
+008,+000
+008,+000
+006,+000
+006,+000
+006,+000
+006,+000
+006,+000
+006,+000
+006,+000
+006,+000
+006,+000
+006,+000
+006,+002
+006,+002
+006,+002
+006,+002
+006,+002
+006,+002
+006,+002
+006,+002
+006,+002
+006,+002
+006,+002
+006,+004
+006,+004
+006,+004
+006,+004
+006,+004
+006,+004
+006,+004
+006,+004
+006,+004
+006,+004
+006,+004
+006,+004
+008,+006
+008,+006
+008,+006
+008,+006
+008,+006
+008,+006
+008,+006
+008,+006
+008,+008
+008,+008
+008,+008
+008,+008
+008,+008
+008,+008
+006,+008
+006,+008
+006,+008
+006,+008
+006,+008
+006,+008
+006,+008
+006,+010
+006,+010
+008,+010
+008,+010
+008,+010
+008,+010
+008,+010
+008,+010
+008,+010
+008,+010
+008,+012
+008,+012
+008,+012
+008,+012
+008,+012
+008,+012
+008,+012
+010,+012
+010,+012
+010,+012
+010,+012
+010,+012
+010,+012
+010,+014
+010,+014
+010,+014
+010,+014
+010,+014
+010,+014
+010,+014
+010,+014
+010,+014
+010,+014
+010,+014
+010,+014
+010,+014
+010,+014
+010,+014
+010,+014
+010,+014
+010,+014
+010,+014
+010,+014
+010,+014
+010,+014
+010,+014
+010,+014
+010,+014
+010,+014
+010,+014
+010,+014
+010,+014
+010,+014
+010,+014
+010,+014
+010,+014
+010,+014
+010,+016
+010,+016
+010,+016
+010,+016
+010,+016
+010,+016
+010,+016
+010,+016
+010,+016
+008,+016
+008,+018
+008,+018
+008,+018
+008,+018
+008,+018
+008,+018
+006,+018
+006,+018
+006,+018
+006,+020
+006,+020
+006,+020
+006,+020
+006,+020
+006,+020
+004,+020
+004,+020
+004,+020
+004,+020
+004,+020
+004,+020
+004,+020
+004,+020
+004,+020
+004,+020
+004,+020
+004,+020
+004,+020
+004,+020
+004,+020
+002,+020
+002,+020
+002,+020
+002,+020
+002,+020
+002,+020
+002,+020
+002,+020
+002,+020
+002,+022
+002,+022
+002,+022
+002,+022
+002,+022
+002,+022
+002,+022
+002,+024
+002,+024
+004,+024
+004,+024
+004,+024
+004,+024
+004,+026
+004,+026
+004,+026
+004,+026
+004,+026
+004,+026
+004,+026
+004,+026
+004,+026
+006,+026
+006,+028
+006,+028
+006,+028
+006,+028
+006,+028
+006,+028
+006,+028
+006,+028
+008,+028
+008,+028
+008,+028
+008,+028
+008,+028
+008,+028
+008,+028
+008,+026
+010,+026
+010,+026
+010,+026
+010,+026
+010,+026
+010,+026
+010,+026
+010,+026
+010,+026
+010,+026
+010,+026
+010,+026
+010,+026
+010,+026
+010,+026
+010,+026
+010,+026
+010,+026
+010,+026
+010,+024
+010,+024
+010,+024
+008,+024
+008,+024
+008,+024
+008,+024
+008,+024
+008,+024
+008,+024
+008,+024
+008,+024
+008,+024
+008,+024
+008,+024
+008,+024
+008,+024
+008,+024
+008,+024
+008,+024
+008,+024
+008,+024
+008,+024
+006,+024
+006,+024
+006,+024
+006,+024
+006,+024
+006,+024
+006,+024
+006,+024
+006,+024
+006,+024
+004,+024
+004,+024
+004,+024
+004,+024
+004,+024
+004,+024
+004,+024
+002,+024
+002,+024
+002,+024
+002,+024
+002,+024
+002,+024
+002,+024
+002,+024
+002,+024
+002,+024
+002,+024
+004,+024
+004,+024
+004,+024
+004,+024
+004,+024
+004,+024
+004,+024
+006,+024
+006,+024
+006,+024
+006,+024
+006,+024
+006,+026
+006,+026
+006,+026
+006,+026
+006,+026
+006,+026
+006,+026
+006,+026
+006,+026
+006,+026
+006,+026
+006,+026
+006,+026
+006,+026
+008,+026
+008,+026
+008,+026
+008,+026
+008,+026
+008,+026
+008,+026
+008,+026
+008,+026
+008,+026
+008,+026
+008,+024
+008,+024
+008,+024
+008,+024
+008,+024
+008,+024
+008,+024
+008,+024
+010,+024
+010,+024
+010,+022
+010,+022
+010,+022
+010,+022
+010,+022
+010,+022
+012,+022
+012,+022
+012,+022
+012,+022
+012,+022
+012,+020
+012,+020
+012,+020
+012,+020
+012,+020
+012,+020
+012,+020
+012,+020
+012,+020
+012,+020
+012,+020
+012,+020
+012,+020
+012,+020
+012,+020
+014,+020
+014,+020
+014,+020
+014,+018
+014,+018
+014,+018
+014,+018
+014,+018
+014,+018
+014,+018
+014,+018
+014,+018
+016,+018
+016,+016
+016,+016
+016,+016
+016,+016
+018,+016
+018,+016
+018,+016
+018,+016
+018,+016
+018,+016
+018,+016
+018,+016
+018,+016
+018,+016
+018,+016
+018,+016
+018,+016
+018,+016
+018,+016
+018,+016
+020,+016
+020,+016
+020,+016
+020,+014
+020,+014
+020,+014
+020,+014
+020,+014
+020,+014
+020,+012
+020,+012
+020,+012
+020,+012
+020,+012
+020,+012
+020,+010
+020,+010
+020,+010
+018,+010
+018,+010
+018,+010
+018,+010
+018,+010
+018,+008
+018,+008
+018,+008
+018,+008
+018,+008
+018,+008
+018,+008
+018,+008
+016,+008
+016,+008
+016,+008
+016,+006
+016,+006
+014,+006
+014,+006
+014,+006
+014,+006
+012,+006
+012,+004
+012,+004
+010,+004
+010,+004
+010,+004
+008,+002
+008,+002
+008,+002
+008,+002
+008,+002
+006,+002
+006,+002
+006,+000
+006,+000
+006,+000
+006,+000
+006,+000
+006,+000
+006,+000
+006,+000
+006,+000
+006,+000
+006,+002
+006,+002
+006,+002
+006,+002
+006,+002
+006,+002
+006,+002
+006,+002
+006,+002
+006,+002
+006,+002
+006,+002
+006,+002
+006,+002
+006,+002
+006,+002
+006,+002
+006,+002
+006,+002
+006,+002
+006,+002
+006,+002
+006,+002
+006,+002
+006,+002
+006,+002
+006,+002
+006,+002
+006,+002
+006,+002
+008,+002
+008,+002
+008,+002
+008,+002
+008,+002
+008,+002
+008,+002
+008,+000
+010,+000
+010,+000
+010,+000
+010,+000
+010,+002
+010,+002
+012,+002
+012,+002
+012,+002
+012,+002
+012,+002
+012,+004
+012,+004
+014,+004
+014,+004
+014,+004
+014,+004
+014,+004
+014,+004
+016,+006
+016,+006
+016,+006
+016,+006
+016,+006
+016,+006
+016,+006
+016,+006
+016,+006
+016,+006
+018,+006
+018,+006
+018,+008
+018,+008
+018,+008
+018,+008
+018,+008
+018,+008
+018,+008
+020,+010
+020,+010
+020,+010
+020,+010
+020,+010
+020,+010
+020,+010
+020,+010
+020,+010
+020,+010
+020,+012
+020,+012
+020,+012
+020,+012
+020,+012
+020,+012
+020,+012
+020,+012
+020,+012
+020,+012
+020,+012
+020,+012
+020,+012
+020,+012
+020,+012
+020,+012
+020,+012
+020,+012
+020,+012
+018,+012
+018,+012
+018,+012
+018,+012
+018,+012
+018,+012
+018,+012
+018,+012
+018,+012
+018,+012
+018,+012
+018,+012
+018,+012
+018,+012
+018,+014
+018,+014
+018,+014
+018,+014
+018,+014
+018,+014
+018,+014
+018,+014
+018,+014
+018,+014
+018,+014
+018,+014
+018,+014
+018,+014
+018,+014
+018,+014
+018,+014
+018,+014
+018,+014
+018,+014
+018,+014
+018,+014
+018,+014
+018,+014
+018,+014
+020,+014
+020,+014
+020,+014
+022,+016
+022,+016
+022,+016
+022,+016
+022,+018
+022,+018
+022,+018
+024,+018
+024,+018
+024,+018
+024,+018
+024,+018
+024,+018
+024,+018
+024,+018
+024,+018
+024,+018
+026,+020
+026,+020
+026,+020
+026,+020
+026,+020
+026,+020
+026,+020
+026,+020
+026,+020
+026,+020
+026,+020
+026,+020
+026,+020
+026,+020
+026,+020
+026,+018
+026,+018
+026,+018
+026,+018
+026,+018
+026,+018
+026,+018
+026,+018
+026,+018
+026,+018
+026,+018
+026,+016
+026,+016
+026,+016
+026,+016
+026,+016
+026,+016
+026,+016
+026,+016
+026,+016
+026,+016
+026,+016
+026,+016
+024,+018
+024,+018
+024,+018
+024,+018
+024,+018
+024,+018
+024,+018
+024,+018
+024,+018
+024,+018
+024,+018
+024,+018
+024,+018
+024,+018
+024,+018
+024,+018
+024,+018
+024,+018
+024,+018
+024,+018
+024,+018
+024,+018
+024,+018
+022,+018
+022,+018
+022,+018
+022,+018
+022,+018
+022,+018
+022,+018
+022,+018
+022,+018
+022,+018
+022,+018
+022,+018
+022,+018
+022,+018
+022,+018
+022,+018
+022,+018
+022,+018
+022,+018
+022,+018
+022,+018
+022,+018
+022,+018
+022,+018
+022,+018
+022,+018
+022,+018
+022,+018
+022,+018
+022,+018
+022,+018
+022,+018
+022,+018
+022,+018
+022,+018
+020,+018
+020,+018
+020,+016
+020,+016
+018,+016
+018,+016
+018,+016
+018,+016
+018,+016
+018,+016
+018,+016
+018,+016
+018,+016
+018,+016
+018,+016
+018,+016
+018,+016
+018,+016
+018,+016
+018,+016
+018,+016
+018,+016
+018,+016
+018,+016
+018,+016
+018,+016
+018,+016
+018,+016
+018,+016
+018,+016
+018,+016
+018,+016
+018,+016
+018,+016
+018,+016
+018,+016
+018,+014
+018,+014
+018,+014
+018,+014
+018,+014
+020,+014
+020,+014
+020,+014
+020,+014
+020,+014
+020,+014
+020,+014
+020,+014
+020,+014
+020,+014
+020,+014
+020,+014
+020,+014
+020,+012
+020,+012
+020,+012
+020,+012
+020,+012
+020,+012
+020,+012
+020,+012
+020,+012
+020,+012
+020,+012
+020,+012
+020,+012
+020,+012
+020,+012
+020,+012
+020,+012
+020,+012
+020,+012
+020,+012
+020,+012
+020,+012
+020,+012
+020,+012
+020,+012
+020,+012
+020,+012
+020,+012
+020,+012
+020,+012
+020,+012
+020,+012
+020,+012
+020,+012
+020,+012
+020,+012
+020,+012
+020,+012
+020,+012
+020,+012
+020,+012
+020,+012
+020,+012
+020,+012
+020,+010
+020,+010
+020,+010
+020,+010
+020,+010
+020,+010
+020,+010
+020,+010
+020,+010
+020,+010
+020,+010
+020,+010
+020,+010
+020,+010
+020,+010
+020,+010
+020,+010
+020,+010
+020,+010
+020,+010
+020,+010
+020,+010
+020,+010
+018,+010
+018,+010
+018,+010
+018,+010
+018,+010
+018,+008
+018,+008
+018,+008
+018,+008
+018,+008
+018,+008
+018,+008
+018,+008
+018,+008
+018,+008
+018,+008
+018,+008
+018,+008
+018,+008
+018,+008
+018,+008
+018,+008
+018,+008
+018,+008
+018,+008
+018,+008
+018,+008
+018,+008
+018,+008
+018,+008
+018,+008
+018,+008
+018,+008
+018,+008
+018,+008
+018,+008
+018,+008
+018,+008
+018,+008
+018,+008
+018,+008
+018,+008
+018,+008
+018,+008
+018,+010
+018,+010
+018,+010
+018,+010
+018,+010
+018,+010
+018,+010
+018,+010
+018,+010
+018,+010
+018,+010
+018,+010
+018,+010
+018,+010
+018,+010
+018,+010
+018,+010
+018,+010
+018,+010
+018,+010
+018,+010
+018,+010
+018,+010
+018,+010
+018,+010
+018,+010
+018,+010
+016,+010
+016,+010
+016,+010
+016,+010
+016,+010
+016,+010
+016,+010
+016,+012
+016,+012
+016,+012
+016,+012
+016,+012
+016,+012
+016,+012
+016,+012
+016,+012
+016,+012
+016,+012
+016,+012
+016,+012
+016,+012
+014,+012
+014,+010
+014,+010
+014,+010
+014,+010
+014,+010
+014,+010
+014,+010
+014,+010
+014,+010
+014,+010
+014,+010
+014,+010
+014,+010
+014,+010
+012,+010
+012,+010
+012,+010
+012,+010
+012,+010
+012,+010
+012,+010
+012,+010
+012,+010
+012,+010
+012,+010
+012,+010
+012,+010
+012,+010
+012,+010
+012,+010
+012,+010
+010,+010
+010,+010
+010,+010
+010,+010
+010,+010
+010,+010
+010,+010
+010,+010
+010,+010
+010,+010
+010,+010
+010,+010
+010,+010
+010,+012
+010,+012
+010,+012
+010,+012
+010,+012
+010,+012
+010,+012
+010,+012
+010,+012
+010,+012
+010,+012
+010,+012
+010,+012
+010,+012
+010,+012
+010,+012
+010,+014
+010,+014
+010,+014
+010,+014
+010,+014
+010,+014
+010,+014
+010,+014
+010,+014
+010,+014
+010,+014
+010,+014
+010,+014
+010,+014
+010,+014
+010,+014
+010,+014
+010,+014
+010,+014
+010,+014
+010,+014
+010,+014
+010,+014
+010,+014
+010,+012
+010,+012
+010,+012
+010,+012
+010,+012
+010,+012
+010,+012
+010,+012
+010,+014
+010,+014
+010,+014
+010,+014
+010,+014
+010,+014
+010,+014
+010,+014
+010,+014
+010,+014
+010,+014
+010,+014
+010,+014
+010,+016
+010,+016
+010,+016
+010,+016
+010,+016
+010,+016
+010,+016
+010,+018
+010,+018
+010,+018
+010,+018
+010,+018
+010,+018
+010,+018
+010,+018
+010,+020
+010,+020
+010,+020
+010,+020
+010,+020
+010,+020
+010,+020
+010,+020
+010,+020
+010,+020
+010,+020
+010,+020
+010,+020
+010,+020
+010,+020
+010,+020
+012,+020
+012,+020
+012,+020
+012,+020
+012,+020
+012,+020
+012,+020
+012,+020
+012,+020
+012,+020
+012,+020
+012,+020
+012,+020
+012,+020
+012,+020
+012,+020
+012,+020
+012,+020
+012,+020
+012,+020
+012,+020
+014,+020
+014,+020
+014,+020
+014,+020
+014,+020
+014,+020
+014,+020
+014,+020
+014,+020
+016,+020
+016,+020
+016,+022
+016,+022
+018,+022
+018,+022
+018,+024
+018,+024
+018,+024
+018,+024
+018,+024
+018,+024
+018,+024
+018,+024
+018,+024
+018,+024
+018,+024
+018,+024
+018,+024
+018,+024
+018,+024
+018,+024
+018,+024
+018,+024
+018,+024
+018,+024
+018,+024
+018,+024
+018,+022
+018,+022
+016,+022
+016,+022
+016,+022
+016,+022
+016,+022
+016,+022
+016,+022
+016,+022
+016,+022
+016,+022
+016,+022
+016,+022
+016,+022
+016,+022
+016,+022
+016,+022
+016,+022
+016,+022
+016,+022
+014,+022
+014,+022
+014,+022
+014,+022
+014,+022
+014,+022
+014,+022
+014,+022
+016,+022
+016,+022
+016,+022
+016,+022
+016,+022
+016,+022
+016,+022
+016,+020
+016,+020
+016,+020
+016,+020
+016,+020
+016,+020
+016,+020
+016,+020
+016,+022
+016,+022
+018,+022
+018,+022
+018,+024
+018,+024
+018,+024
+018,+024
+018,+024
+018,+024
+018,+024
+018,+024
+020,+024
+020,+024
+020,+024
+020,+024
+020,+024
+020,+024
+020,+024
+020,+024
+020,+024
+020,+024
+020,+024
+020,+024
+020,+024
+020,+024
+020,+024
+020,+024
+020,+024
+020,+024
+020,+024
+020,+024
+020,+024
+020,+024
+020,+024
+020,+024
+020,+024
+020,+024
+020,+024
+020,+024
+020,+024
+020,+024
+020,+024
+020,+024
+020,+024
+020,+022
+020,+022
+020,+022
+020,+022
+020,+022
+020,+022
+020,+020
+020,+020
+016,+018
+016,+018
+016,+018
+016,+018
+016,+018
+016,+018
+016,+018
+016,+018
+016,+018
+016,+018
+016,+018
+016,+018
+016,+018
+016,+018
+016,+018
+016,+018
+016,+018
+016,+018
+016,+018
+016,+018
+016,+018
+016,+018
+016,+018
+016,+018
+016,+018
+016,+018
+016,+018
+016,+018
+016,+016
+016,+016
+016,+016
+016,+016
+016,+016
+016,+016
+016,+016
+016,+016
+016,+016
+016,+016
+016,+016
+018,+016
+018,+016
+018,+016
+018,+016
+018,+016
+018,+016
+018,+016
+018,+016
+018,+016
+018,+016
+018,+014
+018,+014
+018,+014
+018,+014
+018,+014
+018,+014
+018,+014
+018,+014
+018,+014
+018,+014
+018,+014
+018,+014
+018,+014
+018,+014
+018,+014
+018,+014
+018,+014
+018,+014
+018,+014
+018,+014
+018,+014
+018,+012
+018,+012
+018,+012
+018,+012
+018,+012
+018,+012
+018,+012
+016,+012
+016,+012
+016,+012
+016,+012
+016,+012
+016,+010
+016,+010
+016,+010
+016,+010
+016,+010
+016,+010
+016,+010
+016,+010
+016,+010
+016,+010
+016,+008
+016,+008
+016,+008
+016,+008
+016,+008
+016,+008
+016,+008
+016,+008
+016,+008
+016,+008
+016,+008
+016,+008
+016,+008
+016,+008
+016,+008
+016,+008
+016,+008
+016,+008
+016,+008
+016,+008
+016,+008
+016,+008
+016,+008
+016,+008
+016,+008
+014,+008
+014,+008
+014,+008
+014,+008
+014,+008
+014,+008
+014,+008
+012,+008
+012,+008
+012,+008
+012,+008
+012,+008
+012,+008
+012,+008
+012,+008
+012,+008
+010,+008
+010,+008
+010,+008
+010,+008
+010,+008
+010,+008
+010,+008
+010,+008
+010,+008
+010,+008
+010,+008
+010,+008
+010,+008
+010,+006
+010,+006
+010,+006
+010,+006
+010,+006
+010,+006
+010,+006
+010,+006
+010,+006
+010,+006
+010,+006
+010,+006
+010,+006
+012,+006
+012,+006
+012,+006
+012,+006
+012,+006
+012,+006
+012,+006
+012,+006
+012,+006
+012,+006
+012,+006
+012,+006
+012,+006
+012,+006
+012,+006
+012,+006
+012,+006
+012,+006
+012,+006
+012,+006
+012,+006
+012,+006
+012,+006
+012,+006
+014,+006
+014,+006
+014,+006
+014,+006
+014,+006
+014,+006
+014,+006
+014,+006
+014,+006
+014,+006
+014,+006
+014,+006
+014,+006
+014,+006
+014,+006
+014,+006
+014,+006
+014,+006
+014,+006
+014,+006
+014,+006
+014,+006
+014,+006
+014,+006
+014,+006
+014,+006
+014,+006
+014,+006
+014,+006
+014,+006
+014,+006
+014,+006
+014,+006
+014,+006
+014,+006
+014,+006
+014,+006
+014,+006
+014,+006
+014,+006
+014,+006
+014,+006
+014,+006
+014,+006
+014,+006
+014,+006
+014,+008
+014,+008
+014,+008
+014,+008
+014,+008
+014,+010
+014,+010
+014,+010
+014,+010
+014,+010
+014,+010
+014,+010
+014,+010
+014,+010
+014,+010
+014,+010
+014,+010
+014,+010
+014,+010
+014,+010
+014,+010
+014,+010
+014,+010
+014,+010
+014,+010
+014,+012
+014,+012
+014,+012
+014,+012
+014,+012
+014,+012
+014,+012
+014,+012
+014,+012
+014,+012
+014,+012
+014,+012
+014,+012
+014,+012
+014,+012
+014,+012
+014,+012
+014,+012
+014,+012
+014,+012
+014,+012
+014,+012
+014,+012
+014,+012
+014,+012
+014,+012
+014,+012
+014,+012
+014,+012
+014,+012
+014,+012
+014,+012
+014,+012
+014,+012
+014,+012
+014,+012
+014,+014
+014,+014
+014,+014
+014,+014
+014,+014
+014,+014
+014,+014
+014,+014
+014,+014
+014,+014
+014,+014
+014,+014
+014,+014
+014,+014
+014,+014
+014,+014
+014,+014
+014,+014
+014,+014
+014,+014
+014,+014
+014,+014
+014,+014
+014,+014
+014,+014
+014,+014
+014,+014
+014,+016
+014,+016
+014,+016
+014,+016
+014,+016
+014,+016
+014,+016
+014,+016
+014,+016
+014,+016
+014,+018
+014,+018
+014,+018
+014,+018
+014,+018
+014,+018
+014,+018
+014,+018
+014,+020
+014,+020
+012,+020
+012,+020
+012,+020
+012,+020
+012,+020
+012,+020
+012,+022
+012,+022
+012,+022
+012,+022
+012,+022
+012,+022
+012,+022
+012,+022
+012,+022
+012,+022
+012,+022
+012,+022
+012,+022
+012,+022
+012,+022
+012,+022
+014,+022
+014,+022
+014,+022
+014,+022
+014,+022
+014,+022
+014,+022
+014,+022
+014,+022
+014,+022
+014,+022
+014,+022
+014,+022
+014,+022
+014,+022
+014,+022
+014,+022
+014,+022
+014,+022
+014,+022
+014,+022
+014,+022
+014,+022
+016,+022
+016,+022
+016,+022
+016,+022
+016,+020
+016,+020
+016,+020
+016,+020
+016,+020
+016,+020
+016,+020
+016,+020
+018,+020
+018,+020
+018,+022
+020,+022
+020,+022
+020,+022
+020,+022
+020,+022
+020,+022
+020,+022
+020,+022
+020,+022
+020,+022
+020,+022
+020,+022
+020,+022
+020,+022
+020,+022
+020,+022
+020,+022
+020,+022
+020,+022
+020,+022
+020,+022
+020,+022
+020,+022
+020,+022
+020,+022
+020,+022
+020,+022
+020,+022
+020,+022
+020,+022
+020,+022
+020,+022
+020,+022
+020,+022
+020,+022
+020,+022
+020,+022
+020,+022
+020,+022
+020,+022
+020,+022
+020,+024
+020,+024
+020,+024
+020,+024
+020,+024
+020,+024
+020,+024
+020,+024
+020,+024
+020,+024
+020,+024
+020,+024
+018,+024
+018,+024
+018,+024
+018,+022
+015,+022
+015,+022
+015,+022
+015,+022
+015,+022
+015,+020
+015,+020
+015,+020
+015,+020
+015,+020
+015,+020
+015,+020
+015,+020
+015,+020
+015,+020
+015,+018
+015,+018
+015,+018
+015,+018
+015,+018
+015,+018
+015,+018
+015,+018
+015,+018
+015,+018
+015,+018
+013,+018
+013,+018
+013,+018
+013,+018
+013,+018
+013,+018
+013,+018
+013,+018
+013,+018
+013,+018
+013,+018
+013,+018
+013,+018
+013,+018
+013,+018
+013,+018
+011,+018
+011,+018
+011,+016
+011,+016
+011,+016
+011,+016
+011,+016
+011,+016
+011,+016
+011,+016
+011,+016
+011,+016
+011,+016
+011,+016
+011,+016
+011,+016
+011,+016
+011,+016
+011,+016
+011,+016
+011,+016
+011,+016
+011,+016
+011,+016
+011,+016
+011,+016
+011,+016
+011,+018
+011,+018
+011,+018
+011,+018
+011,+018
+011,+018
+011,+018
+011,+018
+011,+018
+011,+018
+011,+018
+011,+018
+011,+018
+011,+018
+011,+018
+011,+018
+011,+018
+011,+018
+011,+018
+011,+018
+011,+018
+011,+018
+011,+018
+011,+018
+011,+018
+011,+018
+011,+018
+011,+018
+011,+018
+011,+018
+013,+018
+013,+018
+013,+018
+013,+018
+013,+018
+013,+018
+013,+020
+013,+020
+013,+020
+013,+020
+013,+020
+013,+020
+013,+020
+013,+020
+013,+020
+013,+020
+013,+020
+013,+020
+013,+020
+013,+020
+013,+020
+013,+020
+013,+020
+013,+020
+013,+020
+013,+020
+011,+020
+011,+020
+011,+020
+011,+020
+011,+020
+011,+020
+011,+020
+011,+020
+011,+022
+011,+022
+011,+022
+011,+022
+011,+022
+011,+022
+011,+022
+011,+022
+011,+022
+011,+022
+011,+022
+011,+022
+011,+022
+011,+022
+011,+022
+011,+022
+011,+022
+011,+022
+011,+022
+011,+022
+011,+022
+011,+022
+011,+022
+011,+022
+011,+022
+011,+022
+011,+022
+011,+022
+011,+022
+011,+022
+011,+022
+011,+022
+011,+022
+011,+022
+011,+024
+011,+024
+011,+024
+011,+024
+011,+024
+011,+024
+011,+024
+013,+024
+013,+024
+013,+026
+013,+026
+016,+026
+016,+026
+016,+026
+016,+028
+016,+028
+016,+028
+016,+028
+016,+028
+016,+028
+016,+028
+016,+028
+016,+028
+016,+028
+016,+028
+016,+028
+016,+028
+016,+028
+016,+028
+016,+028
+016,+028
+016,+028
+016,+028
+016,+028
+016,+028
+016,+028
+016,+028
+016,+028
+016,+028
+016,+028
+016,+028
+016,+028
+016,+028
+016,+028
+016,+028
+016,+028
+016,+028
+016,+028
+016,+028
+016,+028
+016,+028
+016,+026
+016,+026
+016,+026
+016,+026
+016,+026
+016,+026
+016,+026
+016,+026
+016,+026
+016,+026
+016,+026
+016,+026
+016,+026
+016,+026
+016,+026
+013,+026
+013,+026
+013,+026
+013,+024
+013,+024
+013,+024
+013,+024
+013,+024
+013,+024
+013,+024
+013,+024
+013,+024
+013,+024
+013,+024
+011,+024
+011,+024
+011,+024
+011,+024
+011,+024
+011,+024
+011,+024
+011,+024
+011,+024
+011,+024
+011,+024
+011,+024
+011,+024
+011,+024
+011,+024
+011,+024
+011,+024
+011,+024
+011,+024
+011,+024
+011,+024
+011,+024
+011,+024
+011,+024
+011,+024
+011,+024
+011,+024
+011,+024
+011,+024
+011,+024
+011,+024
+011,+022
+011,+022
+011,+022
+011,+022
+011,+022
+011,+022
+011,+022
+011,+022
+011,+022
+011,+022
+011,+022
+011,+022
+011,+022
+011,+022
+011,+022
+011,+022
+011,+022
+011,+022
+011,+022
+011,+022
+011,+022
+011,+022
+011,+022
+011,+022
+011,+022
+011,+022
+011,+022
+011,+022
+011,+022
+011,+022
+011,+022
+011,+022
+011,+022
+011,+022
+011,+022
+011,+022
+011,+020
+011,+020
+011,+020
+011,+020
+011,+020
+011,+020
+011,+020
+013,+020
+013,+020
+013,+020
+013,+020
+013,+020
+013,+020
+013,+020
+013,+020
+013,+020
+013,+020
+013,+020
+013,+020
+013,+020
+013,+020
+013,+020
+013,+020
+013,+020
+013,+020
+013,+020
+013,+020
+013,+020
+013,+020
+013,+020
+013,+020
+013,+020
+013,+020
+013,+020
+013,+020
+013,+020
+013,+020
+013,+020
+013,+020
+013,+020
+013,+020
+013,+020
+013,+020
+013,+020
+013,+020
+013,+020
+013,+020
+013,+020
+013,+020
+013,+020
+013,+020
+013,+020
+013,+020
+013,+020
+013,+020
+013,+020
+013,+020
+013,+020
+013,+020
+013,+020
+013,+020
+013,+020
+013,+020
+013,+020
+013,+020
+013,+020
+013,+020
+013,+020
+013,+020
+013,+020
+013,+020
+013,+020
+013,+020
+013,+020
+013,+020
+013,+020
+013,+020
+013,+020
+013,+020
+013,+020
+013,+020
+013,+020
+013,+020
+013,+020
+013,+020
+013,+020
+013,+020
+013,+020
+013,+020
+013,+020
+013,+020
+013,+020
+013,+020
+013,+020
+013,+020
+013,+022
+013,+022
+013,+022
+013,+022
+013,+022
+015,+022
+015,+022
+015,+022
+015,+022
+015,+022
+015,+022
+015,+022
+015,+022
+015,+022
+015,+022
+015,+022
+015,+022
+013,+022
+013,+022
+013,+022
+013,+022
+013,+022
+013,+022
+013,+022
+013,+020
+013,+020
+013,+020
+013,+020
+013,+020
+013,+020
+013,+020
+013,+020
+013,+020
+013,+020
+013,+020
+013,+020
+013,+020
+013,+020
+013,+020
+013,+020
+013,+020
+013,+020
+013,+020
+013,+020
+013,+020
+013,+020
+013,+018
+013,+018
+013,+018
+013,+018
+013,+018
+013,+018
+013,+018
+013,+018
+011,+018
+011,+016
+011,+016
+011,+016
+011,+016
+011,+016
+011,+016
+011,+016
+011,+014
+011,+014
+011,+014
+011,+014
+011,+014
+011,+014
+011,+014
+011,+014
+011,+014
+011,+014
+011,+014
+011,+014
+011,+014
+011,+014
+011,+014
+011,+014
+011,+014
+011,+014
+011,+014
+011,+014
+011,+014
+011,+014
+011,+014
+011,+014
+011,+014
+011,+014
+011,+014
+011,+012
+011,+012
+011,+012
+011,+012
+011,+012
+011,+012
+011,+012
+011,+012
+011,+012
+011,+012
+011,+012
+011,+012
+011,+012
+011,+012
+011,+012
+011,+012
+011,+012
+011,+012
+011,+012
+011,+012
+013,+012
+013,+012
+013,+012
+013,+012
+013,+012
+013,+012
+013,+012
+013,+012
+013,+012
+013,+012
+013,+012
+013,+012
+013,+012
+013,+012
+013,+012
+013,+012
+013,+012
+013,+012
+013,+012
+013,+012
+013,+012
+013,+012
+015,+012
+015,+012
+015,+012
+015,+012
+015,+012
+015,+012
+015,+012
+015,+012
+015,+012
+015,+010
+015,+010
+015,+010
+015,+010
+015,+010
+015,+010
+015,+010
+015,+010
+015,+010
+015,+010
+015,+010
+015,+010
+015,+010
+017,+010
+017,+010
+017,+008
+017,+008
+017,+008
+017,+008
+017,+008
+017,+008
+017,+008
+017,+008
+017,+008
+017,+008
+017,+006
+017,+006
+017,+006
+017,+006
+017,+006
+017,+006
+017,+006
+017,+006
+017,+006
+017,+006
+017,+006
+017,+006
+017,+004
+017,+004
+017,+004
+017,+004
+017,+004
+017,+004
+017,+004
+017,+004
+017,+004
+017,+004
+017,+004
+017,+004
+017,+004
+017,+004
+017,+004
+017,+004
+017,+004
+017,+004
+017,+004
+017,+004
+017,+004
+017,+004
+017,+004
+017,+004
+017,+004
+017,+004
+017,+004
+017,+004
+017,+004
+017,+004
+017,+004
+017,+004
+017,+004
+017,+004
+017,+004
+017,+004
+017,+004
+017,+004
+017,+004
+019,+004
+019,+004
+019,+004
+019,+004
+019,+004
+019,+004
+019,+004
+019,+004
+019,+006
+019,+006
+021,+006
+021,+006
+021,+006
+021,+006
+021,+008
+021,+008
+021,+008
+021,+008
+021,+008
+021,+008
+021,+008
+021,+010
+021,+010
+021,+010
+021,+010
+021,+010
+021,+010
+021,+010
+021,+010
+021,+010
+021,+010
+021,+010
+021,+010
+021,+010
+021,+010
+021,+012
+021,+012
+021,+012
+021,+012
+021,+012
+021,+012
+021,+012
+021,+012
+021,+012
+021,+012
+021,+012
+021,+012
+021,+012
+021,+012
+021,+012
+021,+012
+021,+012
+021,+012
+021,+012
+023,+014
+023,+014
+023,+014
+023,+014
+023,+014
+023,+014
+023,+014
+023,+014
+023,+014
+023,+014
+023,+014
+023,+014
+023,+014
+023,+014
+023,+016
+023,+016
+023,+016
+023,+016
+023,+016
+023,+016
+023,+016
+023,+016
+023,+016
+023,+016
+023,+016
+023,+016
+023,+016
+023,+018
+023,+018
+025,+018
+025,+018
+025,+018
+025,+018
+025,+018
+025,+018
+025,+018
+025,+018
+025,+018
+025,+018
+025,+018
+025,+018
+025,+018
+025,+018
+025,+018
+025,+018
+025,+018
+025,+018
+025,+018
+025,+018
+025,+018
+025,+018
+025,+018
+025,+018
+025,+018
+025,+018
+025,+018
+025,+018
+025,+018
+025,+018
+025,+018
+025,+018
+025,+018
+025,+018
+025,+018
+025,+018
+025,+018
+025,+018
+025,+018
+025,+018
+025,+018
+025,+018
+025,+018
+025,+018
+025,+018
+025,+018
+025,+018
+025,+018
+025,+020
+025,+020
+025,+020
+025,+020
+025,+020
+025,+020
+025,+020
+025,+020
+025,+020
+025,+020
+025,+022
+025,+022
+025,+022
+025,+022
+025,+022
+025,+022
+023,+022
+023,+022
+023,+022
+023,+022
+023,+022
+023,+022
+023,+022
+023,+022
+023,+022
+023,+022
+023,+022
+023,+022
+023,+022
+023,+022
+023,+022
+023,+022
+023,+022
+023,+022
+023,+022
+023,+022
+023,+022
+023,+022
+023,+022
+023,+022
+023,+022
+023,+022
+023,+022
+023,+022
+023,+022
+023,+022
+023,+022
+023,+022
+023,+022
+023,+022
+023,+022
+023,+022
+023,+022
+023,+022
+023,+022
+023,+022
+023,+022
+023,+022
+023,+022
+023,+022
+023,+022
+023,+022
+023,+022
+023,+022
+023,+022
+023,+022
+023,+022
+023,+022
+023,+022
+023,+022
+023,+022
+023,+022
+023,+022
+023,+022
+023,+022
+025,+022
+025,+022
+025,+022
+025,+022
+025,+022
+025,+022
+025,+022
+025,+022
+025,+022
+025,+022
+025,+022
+025,+022
+025,+022
+025,+022
+025,+022
+025,+022
+025,+022
+025,+022
+025,+024
+025,+024
+025,+024
+025,+024
+025,+024
+025,+024
+025,+024
+025,+024
+025,+024
+025,+024
+025,+024
+025,+024
+025,+024
+025,+024
+025,+024
+025,+024
+025,+024
+025,+024
+025,+024
+025,+024
+025,+022
+025,+022
+025,+022
+023,+022
+023,+022
+023,+022
+023,+022
+023,+022
+023,+022
+023,+022
+023,+022
+023,+022
+023,+022
+023,+022
+023,+022
+023,+022
+023,+022
+023,+022
+023,+022
+023,+022
+023,+022
+023,+022
+023,+020
+023,+020
+023,+020
+023,+020
+023,+020
+023,+020
+023,+020
+023,+020
+021,+020
+021,+020
+021,+020
+021,+020
+021,+020
+021,+020
+019,+020
+019,+020
+019,+020
+019,+020
+019,+020
+019,+020
+019,+020
+019,+020
+019,+020
+019,+020
+019,+020
+019,+020
+019,+020
+019,+020
+019,+020
+017,+020
+017,+020
+017,+020
+017,+018
+017,+018
+017,+018
+017,+018
+017,+018
+017,+018
+017,+018
+017,+018
+015,+018
+015,+018
+015,+018
+015,+018
+015,+018
+015,+018
+015,+018
+015,+018
+015,+018
+015,+018
+015,+018
+015,+018
+015,+018
+015,+018
+015,+018
+015,+018
+015,+018
+015,+018
+015,+020
+015,+020
+015,+020
+015,+020
+015,+020
+015,+020
+015,+020
+015,+020
+015,+020
+015,+020
+015,+020
+015,+020
+015,+020
+015,+020
+015,+020
+015,+020
+015,+020
+015,+020
+015,+020
+015,+020
+015,+020
+015,+022
+015,+022
+015,+022
+015,+022
+017,+024
+017,+024
+017,+024
+017,+024
+017,+024
+017,+024
+017,+024
+017,+024
+017,+024
+017,+024
+017,+024
+017,+024
+017,+024
+017,+024
+017,+024
+017,+024
+017,+024
+017,+024
+017,+026
+017,+026
+017,+026
+017,+026
+017,+026
+017,+026
+017,+026
+017,+026
+017,+026
+017,+026
+017,+026
+017,+026
+017,+026
+017,+026
+017,+026
+017,+026
+017,+026
+017,+026
+017,+026
+017,+026
+017,+028
+017,+028
+017,+028
+017,+028
+017,+028
+017,+028
+017,+028
+017,+028
+017,+030
+017,+030
+017,+030
+017,+030
+017,+030
+017,+030
+017,+030
+017,+030
+017,+032
+017,+032
+017,+032
+017,+032
+017,+032
+017,+034
+017,+034
+017,+034
+017,+034
+017,+034
+017,+036
+017,+036
+017,+036
+017,+036
+017,+036
+017,+036
+017,+036
+017,+036
+017,+036
+017,+036
+017,+036
+017,+036
+017,+036
+017,+036
+017,+036
+017,+038
+017,+038
+017,+038
+017,+038
+017,+038
+017,+038
+017,+038
+017,+038
+017,+038
+017,+038
+017,+038
+017,+038
+017,+038
+017,+038
+017,+038
+017,+038
+017,+038
+017,+038
+017,+038
+017,+038
+017,+038
+017,+038
+017,+038
+017,+038
+017,+038
+017,+038
+017,+038
+017,+038
+017,+038
+017,+038
+017,+038
+017,+038
+017,+038
+017,+038
+017,+038
+017,+038
+017,+038
+017,+038
+017,+038
+017,+038
+017,+038
+017,+038
+017,+038
+017,+038
+017,+038
+017,+038
+017,+038
+017,+038
+017,+038
+017,+038
+015,+038
+015,+038
+015,+038
+015,+038
+015,+038
+015,+038
+015,+038
+015,+038
+015,+036
+015,+036
+015,+036
+015,+036
+015,+036
+015,+036
+015,+036
+015,+036
+013,+036
+013,+036
+013,+036
+013,+036
+013,+036
+013,+036
+013,+036
+013,+036
+013,+036
+011,+036
+011,+036
+011,+036
+011,+034
+011,+034
+009,+034
+007,+034
+007,+032
+007,+032
+007,+032
+005,+032
+005,+032
+005,+032
+005,+032
+005,+032
+005,+032
+005,+030
+005,+030
+005,+030
+005,+030
+005,+030
+005,+028
+005,+028
+005,+028
+005,+028
+005,+028
+005,+028
+005,+026
+003,+026
+003,+026
+003,+026
+003,+026
+003,+026
+003,+026
+003,+024
+003,+024
+003,+024
+003,+024
+003,+024
+003,+024
+003,+022
+003,+022
+003,+022
+003,+022
+003,+022
+001,+022
+001,+020
+001,+020
+001,+020
+001,+020
+001,+020
+001,+020
+001,+018
+001,+018
+001,+018
+001,+018
+001,+018
+001,+016
+001,+016
+001,+016
+001,+016
+003,+016
+003,+016
+003,+016
+003,+016
+003,+016
+003,+016
+003,+016
+003,+016
+003,+016
+003,+016
+003,+016
+005,+016
+005,+016
+005,+016
+005,+016
+005,+016
+005,+016
+005,+016
+005,+016
+005,+016
+005,+016
+007,+016
+007,+016
+007,+014
+007,+014
+007,+014
+007,+014
+007,+014
+007,+014
+007,+014
+009,+014
+009,+014
+009,+014
+009,+012
+009,+012
+009,+012
+009,+012
+009,+012
+009,+012
-010,+012
-010,+012
-010,+012
-010,+012
-010,+012
-010,+014
-010,+014
-011,+014
-011,+014
-011,+014
-011,+016
-011,+016
-011,+016
-011,+016
-011,+018
-011,+018
-011,+018
-011,+018
-011,+020
-011,+020
-011,+020
-011,+022
-011,+022
-011,+022
-011,+022
-011,+022
-011,+022
-011,+022
-011,+024
-011,+024
-011,+024
-011,+024
-011,+024
-011,+024
-011,+024
-011,+026
-011,+026
-011,+026
-011,+028
-011,+028
-011,+030
-011,+030
-011,+030
-011,+030
-011,+032
-011,+032
-011,+032
-011,+034
-011,+034
-011,+034
-011,+034
-011,+034
-011,+034
-011,+036
-011,+036
-011,+036
-011,+036
-011,+036
-011,+038
-011,+038
-011,+038
-011,+038
-011,+038
+009,+038
+009,+038
+009,+040
+009,+040
+009,+040
+009,+040
+009,+040
+009,+040
+009,+040
+009,+040
+009,+040
+009,+040
+009,+042
+009,+042
+009,+042
+009,+042
+009,+042
+009,+042
+009,+042
+009,+042
+007,+042
+007,+042
+007,+042
+007,+042
+007,+042
+007,+042
+007,+042
+007,+042
+007,+042
+007,+042
+005,+042
+005,+042
+005,+042
+005,+042
+005,+042
+005,+042
+005,+042
+005,+042
+005,+042
+005,+040
+005,+040
+005,+040
+005,+040
+005,+040
+005,+040
+005,+038
+005,+038
+005,+038
+005,+038
+005,+038
+005,+036
+005,+036
+005,+036
+005,+036
+005,+036
+005,+036
+005,+036
+005,+034
+005,+034
+005,+034
+005,+034
+005,+034
+005,+034
+005,+034
+005,+032
+005,+032
+005,+032
+005,+032
+005,+032
+005,+032
+005,+030
+005,+030
+005,+030
+005,+030
+005,+028
+005,+028
+005,+028
+005,+028
+005,+028
+005,+026
+005,+026
+005,+026
+005,+026
+005,+024
+005,+024
+003,+024
+003,+024
+003,+024
+003,+024
+003,+022
+003,+022
+003,+022
+003,+022
+003,+022
+003,+022
+003,+022
+003,+020
+003,+020
+003,+020
+003,+020
+003,+018
+003,+018
+003,+018
+001,+018
+001,+018
+001,+018
+001,+018
+001,+018
+001,+016
+001,+016
+001,+016
+001,+016
+001,+014
+003,+014
+003,+014
+003,+014
+003,+014
+003,+014
+003,+014
+005,+014
+005,+014
+005,+014
+005,+014
+007,+014
+007,+014
+007,+014
+007,+014
+007,+014
+007,+014
+009,+014
+009,+014
+009,+014
+009,+014
+009,+014
+009,+014
+009,+014
+009,+014
+009,+014
+011,+014
+011,+014
+011,+014
+011,+016
+011,+016
+011,+016
+011,+016
+011,+016
+011,+016
+013,+016
+013,+018
+013,+018
+013,+018
+013,+018
+013,+018
+013,+018
+013,+018
+013,+018
+013,+018
+013,+018
+013,+018
+013,+018
+013,+018
+013,+018
+013,+018
+013,+018
+013,+018
+013,+018
+013,+018
+013,+018
+013,+018
+013,+018
+013,+018
+013,+018
+013,+018
+013,+018
+013,+018
+013,+018
+013,+018
+013,+018
+013,+018
+013,+018
+013,+018
+011,+018
+011,+018
+011,+018
+011,+018
+011,+018
+011,+016
+011,+016
+011,+016
+011,+016
+011,+016
+009,+016
+009,+016
+009,+016
+009,+016
+009,+016
+009,+016
+009,+016
+009,+016
+009,+016
+007,+016
+007,+016
+007,+014
+007,+014
+005,+014
+005,+014
+005,+014
+005,+014
+005,+014
+005,+014
+005,+014
+005,+014
+005,+014
+005,+014
+005,+014
+005,+014
+005,+014
+005,+014
+005,+014
+005,+014
+005,+014
+005,+014
+005,+014
+005,+014
+005,+014
+005,+014
+005,+014
+005,+014
+005,+014
+005,+014
+005,+014
+005,+014
+005,+014
+007,+014
+007,+014
+007,+014
+007,+014
+007,+014
+007,+014
+007,+014
+007,+014
+007,+014
+007,+014
+007,+014
+007,+014
+007,+014
+007,+014
+007,+014
+007,+016
+007,+016
+007,+016
+007,+016
+007,+016
+007,+016
+007,+016
+007,+016
+007,+016
+007,+016
+007,+016
+007,+016
+007,+016
+007,+016
+007,+016
+007,+016
+007,+016
+007,+016
+005,+016
+005,+016
+005,+016
+005,+016
+005,+016
+005,+016
+005,+016
+005,+016
+005,+016
+005,+016
+005,+016
+005,+016
+005,+016
+005,+016
+005,+016
+005,+018
+005,+018
+005,+018
+005,+018
+005,+018
+005,+018
+005,+018
+005,+018
+005,+018
+005,+018
+005,+018
+005,+018
+005,+018
+005,+018
+005,+018
+005,+018
+005,+018
+007,+020
+007,+020
+007,+020
+007,+020
+007,+020
+007,+020
+007,+020
+007,+022
+007,+022
+007,+022
+007,+022
+007,+022
+007,+022
+007,+024
+007,+024
+007,+024
+007,+024
+007,+024
+007,+024
+007,+024
+007,+024
+007,+024
+007,+024
+007,+024
+007,+024
+007,+024
+007,+024
+007,+024
+007,+024
+007,+024
+007,+024
+007,+024
+007,+024
+007,+024
+007,+024
+007,+024
+007,+024
+007,+024
+007,+024
+007,+024
+007,+026
+009,+026
+009,+026
+009,+026
+009,+026
+009,+026
+009,+026
+009,+026
+009,+026
+009,+026
+009,+028
+009,+028
+009,+028
+009,+028
+009,+028
+009,+028
+009,+028
+009,+028
+009,+028
+009,+028
+009,+028
+009,+028
+009,+028
+009,+028
+009,+028
+009,+028
+009,+028
+009,+028
+009,+028
+011,+028
+011,+028
+011,+028
+011,+028
+011,+028
+011,+028
+011,+028
+011,+028
+011,+028
+011,+028
+011,+028
+011,+028
+011,+028
+011,+028
+011,+028
+011,+028
+011,+028
+011,+028
+011,+028
+011,+028
+011,+028
+011,+028
+011,+028
+011,+028
+011,+028
+011,+028
+011,+028
+011,+028
+011,+028
+011,+028
+011,+028
+011,+028
+011,+028
+011,+028
+013,+028
+013,+028
+013,+030
+013,+030
+013,+030
+015,+030
+015,+030
+015,+032
COP Area(S): 000865
COP Area(R): 001371