+000,+000
+000,+000
+000,+000
+000,+000
+000,+000
+000,+000
+000,+000
+000,+000
+000,+000
+000,+000
+000,+000
+000,+000
+000,+000
+000,+000
+000,+000
+000,+000
+000,+000
+000,+000
+000,+000
+000,+000
+000,+000
+000,+000
+000,+000
+000,+000
+000,+000
+000,+000
+000,+000
+000,+000
+000,+000
+002,+000
+002,+000
+002,+002
+002,+002
+002,+002
+002,+002
+002,+002
+002,+002
+002,+002
+002,+002
+002,+002
+002,+002
+002,+002
+002,+004
+004,+004
+004,+004
+004,+004
+004,+004
+004,+004
+004,+004
+004,+004
+004,+006
+006,+006
+006,+006
+006,+006
+006,+006
+006,+006
+006,+006
+008,+008
+008,+008
+008,+008
+008,+008
+010,+008
+010,+010
+010,+010
+010,+010
+012,+012
+012,+012
+012,+012
+012,+012
+012,+012
+014,+014
+014,+014
+014,+014
+014,+014
+014,+014
+014,+014
+014,+014
+014,+014
+014,+014
+016,+016
+016,+016
+016,+016
+016,+016
+016,+016
+016,+016
+016,+016
+016,+016
+016,+016
+016,+016
+018,+018
+018,+018
+018,+018
+018,+018
+018,+018
+018,+018
+020,+020
+020,+020
+020,+020
+022,+022
+022,+022
+022,+024
+022,+024
+024,+024
+024,+024
+024,+024
+024,+024
+024,+024
+024,+024
+024,+024
+024,+026
+024,+026
+024,+026
+024,+026
+024,+026
+024,+026
+025,+026
+025,+026
+025,+026
+025,+026
+025,+026
+025,+026
+025,+026
+025,+026
+025,+026
+025,+026
+025,+026
+025,+026
+025,+026
+025,+026
+025,+026
+025,+026
+025,+026
+025,+026
+025,+026
+025,+026
+025,+026
+025,+026
+025,+026
+025,+026
+025,+026
+025,+026
+025,+026
+025,+026
+025,+026
+025,+026
+025,+028
+025,+028
+025,+028
+025,+028
+025,+028
+025,+028
+025,+028
+025,+028
+025,+028
+025,+028
+025,+028
+025,+028
+025,+028
+025,+028
+025,+028
+025,+028
+025,+028
+025,+028
+025,+028
+025,+028
+025,+028
+025,+028
+025,+028
+025,+028
+025,+028
+025,+028
+025,+028
+025,+028
+025,+026
+025,+026
+025,+026
+025,+026
+025,+026
+025,+026
+025,+026
+025,+026
+025,+026
+025,+026
+025,+026
+025,+026
+025,+026
+025,+026
+025,+026
+025,+026
+025,+026
+025,+026
+025,+026
+025,+026
+025,+026
+025,+026
+025,+026
+025,+026
+025,+026
+025,+026
+025,+026
+025,+024
+025,+024
+025,+024
+025,+024
+025,+024
+025,+024
+025,+024
+023,+024
+023,+024
+023,+024
+023,+024
+023,+024
+023,+024
+023,+024
+023,+024
+023,+024
+023,+024
+023,+024
+023,+024
+023,+022
+023,+022
+023,+022
+023,+022
+021,+022
+021,+020
+021,+020
+021,+020
+019,+020
+019,+020
+019,+020
+021,+017
+021,+015
+019,+015
+019,+015
+019,+013
+019,+013
+019,+013
+019,+011
+019,+011
+019,+011
+019,+011
+019,+009
+019,+009
+019,+009
+019,+007
+019,+007
+017,+007
+017,+007
+017,+005
+017,+005
+017,+005
+017,+003
+015,+003
+015,+003
+015,+003
+015,+003
+015,+001
+015,+001
+015,+001
+015,+001
+015,+001
+015,+001
+013,+001
+013,+001
+013,+001
+013,+001
+013,+001
+013,+001
+011,+001
+011,+001
+011,+001
+011,+001
+011,+001
+011,+001
+009,+001
+009,+001
+009,+001
+009,+001
+009,+001
+007,+001
+007,+001
+007,+001
+007,+001
+007,+001
+007,+003
+004,+003
+004,+003
+004,+003
+004,+003
+001,+003
+001,+003
+001,+003
+001,+003
+001,+003
+001,+005
+001,+005
+001,+005
+001,+007
+001,+007
+001,+007
+001,+007
+001,+007
+001,+007
+001,+009
+001,+009
+001,+009
+001,+009
+001,+009
+001,+009
+001,+009
+003,+009
+003,+009
+003,+009
+003,+009
+003,+009
+003,+009
+003,+009
+003,+009
+003,+009
+003,+009
+003,+009
+003,+009
+003,+009
+003,+007
+003,+007
+003,+007
+003,+007
+005,+007
+005,+007
+005,+005
+005,+005
+005,+005
+005,+005
+005,+005
+007,+005
+007,+005
+007,+005
+007,+003
+007,+003
+009,+003
+009,+003
+009,+003
+011,+003
+011,+001
+013,+001
+013,+001
+013,+001
+013,+001
+013,+001
+015,+001
+015,+001
+015,+001
+017,+001
+017,+001
+017,+001
+017,+001
+017,+001
+019,+001
+019,+003
+019,+003
+019,+003
+019,+003
+019,+005
+021,+005
+021,+005
+021,+005
+021,+005
+021,+005
+021,+007
+021,+007
+021,+007
+023,+007
+023,+007
+023,+007
+023,+009
+023,+009
+023,+009
+023,+009
+025,+009
+025,+009
+025,+011
+025,+011
+025,+011
+025,+011
+025,+011
-026,+011
-026,+011
-026,+011
-027,+013
-027,+013
-029,+013
-030,+015
-030,+015
-031,+015
-031,+015
-031,+015
-031,+015
-032,+015
-032,+015
-032,+017
-032,+017
-032,+017
-033,+017
-033,+017
-033,+017
-033,+017
-033,+017
-034,+019
-034,+019
-034,+019
-034,+019
-034,+019
-034,+019
-034,+019
-034,+019
-034,+019
-034,+019
-034,+021
-034,+021
-034,+021
-034,+021
-034,+021
-034,+021
-034,+021
-034,+021
-034,+021
-034,+021
-034,+021
-034,+021
-034,+021
-034,+021
-034,+021
-034,+021
-034,+021
-034,+021
-034,+023
-034,+023
-034,+023
-034,+023
-034,+023
-034,+023
-034,+023
-034,+023
-034,+023
-034,+023
-034,+023
-034,+021
-034,+021
-034,+021
-034,+021
-034,+021
-034,+021
-034,+021
-034,+021
-034,+019
-034,+019
-034,+019
-034,+017
-034,+017
-034,+017
-034,+017
-034,+017
-034,+017
-034,+015
-034,+015
-034,+015
-034,+015
-034,+015
-034,+015
-034,+015
-034,+015
-034,+015
-034,+015
-034,+015
-034,+015
-034,+013
-034,+013
-034,+013
-034,+013
-031,+013
-032,+013
-032,+011
-032,+011
-029,+011
-029,+011
-029,+011
-029,+011
-029,+011
-029,+011
-029,+011
-029,+011
-029,+011
-029,+011
-029,+011
-029,+011
-029,+011
-029,+009
-029,+009
-029,+009
-029,+009
-029,+009
-029,+009
-029,+009
-029,+009
-029,+007
-029,+007
-029,+007
-029,+007
-029,+007
-029,+007
-029,+007
-029,+007
-026,+005
-026,+005
-026,+005
-026,+003
-026,+003
-026,+003
-026,+001
-026,+001
-026,+001
+024,+001
+024,+001
+024,+001
+024,+001
+024,+001
+024,+001
+024,+001
+022,+001
+022,+001
+022,+001
+022,+001
+022,+001
+022,+001
+022,+003
+022,+003
+020,+003
+020,+003
+020,+003
+020,+003
+020,+003
+020,+003
+018,+003
+018,+003
+018,+003
+018,+001
+016,+001
+016,+001
+016,+001
+014,+001
+014,+001
+014,+001
+012,+001
+012,+001
+010,+001
+007,+002
+007,+002
+007,+002
+005,+002
+005,+002
+005,+002
+003,+002
+003,+002
+003,+002
+003,+002
+003,+002
+001,+002
+001,+002
+001,+002
+001,+000
+001,+000
+001,+000
+001,+000
+001,+000
+001,+000
+001,+000
+001,+000
+001,+002
+001,+002
+001,+002
+001,+002
+001,+002
+001,+002
+001,+002
+001,+002
+001,+002
+001,+002
+001,+002
+001,+002
+001,+002
+001,+002
+001,+002
+001,+002
+001,+002
+001,+002
+001,+002
+001,+002
+001,+002
+001,+002
+001,+000
+001,+000
+001,+000
+001,+000
+001,+000
+001,+000
+001,+000
+001,+000
+001,+000
+001,+000
+001,+000
+001,+000
+001,+000
+001,+000
+001,+000
+001,+000
+001,+000
+001,+000
+001,+000
+001,+000
+001,+000
+001,+002
+003,+002
+003,+002
+003,+002
+003,+002
+003,+002
+003,+002
+003,+002
+003,+002
+003,+002
+003,+002
+003,+004
+003,+004
+003,+004
+003,+004
+003,+004
+003,+004
+005,+004
+005,+004
+005,+004
+005,+004
+005,+004
+005,+004
+005,+004
+005,+006
+005,+006
+005,+006
+005,+006
+007,+006
+007,+006
+007,+006
+007,+006
+007,+006
+007,+006
+007,+006
+009,+008
+009,+008
+009,+008
+009,+008
+009,+008
+009,+008
+009,+008
+011,+008
+011,+008
+011,+010
+011,+010
+011,+010
+011,+010
+013,+010
+013,+010
+013,+012
+013,+012
+013,+012
+013,+012
+013,+012
+013,+012
+013,+012
+013,+012
+013,+012
+013,+012
+013,+014
+013,+014
+013,+014
+013,+014
+013,+014
+013,+014
+013,+014
+013,+014
+013,+014
+015,+014
+015,+014
+015,+014
+015,+014
+015,+014
+015,+014
+015,+014
+015,+014
+015,+014
+015,+014
+015,+014
+015,+014
+015,+014
+015,+014
+015,+014
+015,+012
+015,+012
+015,+012
+015,+012
+015,+012
+015,+012
+015,+012
+015,+012
+013,+012
+013,+012
+013,+010
+013,+010
+013,+010
+013,+008
+013,+008
+013,+008
+013,+006
+013,+006
+013,+006
+013,+006
+013,+004
+013,+004
+013,+004
+013,+002
+013,+002
+013,+002
+013,+002
+013,+002
+011,+002
+011,+000
+011,+000
+011,+000
+011,+000
+011,+000
+011,+000
+011,+000
+011,+002
+011,+002
+009,+002
+009,+002
+009,+002
+006,+000
+006,+000
+006,+000
+006,+000
+006,+000
+006,+000
+006,+000
+006,+000
+006,+000
+006,+002
+006,+002
+004,+002
+004,+002
+004,+002
+004,+002
+004,+002
+004,+002
+004,+002
+004,+002
+004,+002
+004,+002
+004,+002
+004,+004
+004,+004
+004,+004
+004,+004
+004,+004
+004,+004
+004,+004
+004,+004
+004,+004
+004,+004
+004,+004
+006,+004
+006,+004
+006,+004
+006,+004
+006,+004
+006,+004
+008,+004
+008,+004
+008,+004
+008,+004
+008,+004
+008,+006
+008,+006
+008,+006
+008,+006
+011,+004
+011,+004
+009,+006
+011,+006
+011,+006
+011,+006
+011,+006
+013,+006
+013,+006
+013,+006
+013,+006
+013,+006
+013,+006
+013,+006
+013,+006
+013,+006
+013,+006
+015,+006
+015,+006
+015,+006
+015,+006
+015,+006
+015,+008
+017,+008
+017,+008
+017,+008
+017,+008
+017,+008
+017,+008
+017,+008
+017,+008
+017,+008
+017,+010
+017,+010
+019,+010
+019,+010
+019,+010
+019,+010
+019,+010
+019,+010
+019,+010
+019,+012
+016,+014
+016,+014
+018,+012
+016,+014
+016,+014
+018,+014
+016,+014
+016,+014
+016,+014
+016,+014
+016,+014
+016,+014
+016,+014
+016,+014
+016,+014
+018,+014
+018,+014
+018,+016
+018,+016
+018,+016
+018,+016
+018,+016
+018,+016
+018,+016
+018,+016
+018,+014
+018,+014
+018,+014
+018,+014
+018,+014
+018,+014
+018,+014
+018,+012
+018,+012
+018,+012
+018,+012
+018,+012
+018,+012
+018,+010
+018,+010
+018,+010
+018,+010
+018,+010
+018,+010
+018,+010
+018,+010
+018,+010
+018,+010
+018,+010
+018,+008
+018,+008
+016,+008
+016,+008
+016,+008
+016,+008
+016,+008
+016,+008
+016,+006
+016,+006
+014,+006
+014,+006
+014,+006
+014,+006
+011,+008
+011,+008
+013,+006
+011,+008
+011,+008
+011,+008
+009,+008
+009,+008
+009,+008
+009,+008
+009,+008
+009,+006
+009,+006
+007,+006
+007,+006
+007,+006
+007,+006
+007,+006
+007,+006
+007,+006
+007,+006
+007,+004
+005,+004
+005,+004
+005,+004
+005,+004
+005,+004
+005,+004
+005,+004
+005,+004
+005,+002
+005,+002
+005,+002
+005,+002
+005,+002
+005,+002
+005,+002
+005,+002
+005,+002
+005,+002
+003,+002
+003,+002
+003,+002
+003,+002
+003,+002
+003,+002
+003,+002
+003,+002
+003,+002
+003,+002
+003,+002
+003,+002
+003,+002
+003,+002
+003,+002
+003,+002
+003,+002
+003,+002
+003,+002
+003,+002
+003,+002
+003,+002
+003,+002
+003,+002
+003,+002
+003,+002
+005,+004
+005,+004
+005,+004
+005,+004
+005,+004
+005,+004
+005,+004
+005,+004
+005,+004
+005,+004
+005,+004
+005,+004
+005,+004
+005,+004
+005,+004
+005,+004
+005,+004
+005,+004
+005,+004
+005,+006
+005,+006
+005,+006
+005,+006
+005,+006
+005,+006
+005,+006
+005,+006
+005,+006
+005,+006
+005,+006
+005,+006
+007,+006
+007,+006
+007,+006
+007,+006
+007,+006
+007,+006
+007,+006
+007,+006
+007,+006
+007,+006
+007,+006
+007,+004
+007,+004
+007,+004
+007,+004
+010,+004
+008,+004
+008,+004
+010,+004
+010,+004
+008,+004
+010,+004
+010,+004
+008,+004
+010,+004
+010,+004
+010,+004
+010,+004
+012,+004
+012,+004
+010,+004
+012,+004
+012,+004
+012,+004
+012,+004
+012,+004
+012,+004
+012,+004
+014,+004
+014,+004
+014,+004
+014,+004
+014,+004
+014,+004
+014,+004
+014,+004
+014,+004
+014,+004
+014,+004
+014,+004
+014,+004
+014,+004
+014,+004
+014,+004
+014,+004
+014,+004
+014,+004
+014,+004
+014,+004
+014,+004
+014,+004
+014,+004
+014,+004
+014,+004
+014,+004
+014,+004
+014,+006
+014,+006
+014,+006
+014,+006
+012,+008
+014,+006
+014,+006
+012,+009
+012,+007
+014,+007
+012,+007
+012,+007
+014,+007
+014,+007
+014,+007
+014,+007
+014,+007
+014,+007
+014,+007
+014,+007
+014,+007
+014,+007
+014,+007
+014,+007
+014,+007
+014,+007
+014,+007
+014,+007
+016,+007
+016,+007
+016,+007
+016,+007
+016,+007
+016,+007
+016,+007
+016,+007
+016,+007
+016,+007
+016,+007
+016,+007
+016,+007
+016,+007
+016,+007
+016,+007
+016,+007
+016,+007
+016,+007
+016,+007
+016,+007
+016,+007
+016,+007
+016,+007
+016,+007
+016,+007
+016,+007
+016,+007
+016,+005
+016,+005
+016,+005
+016,+005
+018,+005
+018,+005
+018,+005
+018,+005
+018,+005
+018,+005
+018,+005
+018,+005
+018,+005
+018,+005
+018,+005
+018,+005
+018,+005
+018,+005
+018,+005
+020,+005
+020,+005
+020,+005
+020,+005
+020,+005
+020,+005
+020,+005
+020,+005
+020,+005
+020,+005
+020,+005
+020,+005
+020,+003
+020,+003
+020,+003
+020,+003
+020,+003
+020,+001
+020,+001
+020,+001
+020,+001
+018,+001
+018,+001
+018,+001
+018,+001
+018,+001
+018,+001
+018,+001
+018,+001
+018,+001
+016,+001
+016,+001
+016,+001
+016,+001
+016,+001
+014,+001
+014,+001
+014,+001
+014,+001
+014,+001
+014,+003
+014,+003
+012,+003
+012,+003
+012,+003
+012,+003
+012,+003
+012,+003
+012,+003
+010,+003
+010,+003
+010,+003
+010,+003
+010,+003
+010,+003
+010,+003
+010,+003
+008,+003
+008,+003
+008,+003
+008,+003
+008,+003
+008,+003
+008,+003
+008,+003
+008,+003
+006,+003
+006,+003
+006,+001
+004,+001
+006,+001
+006,+001
+004,+001
+004,+001
+004,+001
+004,+001
+004,+001
+004,+001
+004,+001
+004,+001
+004,+001
+004,+001
+004,+001
+002,+001
+002,+001
+002,+001
+002,+001
+002,+001
+002,+001
+002,+001
+002,+001
+002,+001
+002,+001
+002,+001
+002,+001
+002,+001
+002,+003
+002,+003
+002,+003
+002,+003
+004,+005
+002,+005
+002,+003
+002,+003
+002,+003
+002,+003
+002,+003
+002,+003
+002,+003
+002,+003
+002,+003
+002,+003
+002,+003
+002,+003
+002,+003
+002,+003
+002,+003
+002,+003
+002,+003
+002,+003
+002,+003
+002,+003
+002,+003
+002,+003
+002,+003
+002,+003
+002,+003
+000,+003
+000,+003
+000,+003
+000,+003
+000,+003
+000,+003
+000,+003
+000,+003
+000,+003
+000,+003
+000,+003
+000,+003
+000,+003
+000,+001
+000,+001
+000,+001
+000,+001
+000,+001
+000,+001
+000,+001
+000,+001
+000,+001
+000,+001
+000,+001
+000,+001
+000,+001
+000,+001
+000,+001
+000,+001
+000,+001
+000,+001
+000,+001
+000,+001
+000,+001
+000,+001
+000,+001
+000,+001
+000,+001
+000,+001
+000,+001
+000,+001
+000,+001
+000,+001
+000,+001
+000,+001
+000,+001
+000,+001
+000,+001
+000,+001
+000,+001
+000,+001
+000,+001
+000,+001
+000,+001
+000,+001
+002,+001
+002,+001
+002,+001
+002,+001
+002,+001
+002,+001
+002,+001
+002,+001
+002,+001
+002,+001
+002,+001
+002,+001
+002,+001
+002,+001
+002,+001
+002,+001
+002,+001
+002,+001
+004,+001
+004,+001
+004,+001
+004,+001
+004,+003
+004,+003
+004,+003
+004,+003
+006,+003
+006,+003
+006,+003
+006,+003
+008,+003
+008,+003
+008,+003
+008,+005
+010,+005
+012,+003
+010,+006
+010,+006
+013,+004
+013,+006
+011,+006
+014,+006
+014,+006
+012,+008
+014,+008
+014,+008
+014,+008
+014,+008
+016,+008
+016,+008
+016,+011
+016,+011
+016,+009
+016,+009
+016,+009
+018,+009
+018,+011
+018,+011
+018,+011
+018,+011
+018,+011
+018,+011
+018,+011
+018,+013
+018,+013
+018,+013
+018,+013
+016,+013
+018,+013
+016,+013
+016,+013
+016,+013
+016,+013
+016,+013
+016,+013
+016,+015
+016,+015
+016,+015
+016,+015
+016,+015
+016,+015
+016,+015
+016,+015
+016,+015
+016,+015
+016,+015
+016,+015
+016,+015
+016,+015
+016,+015
+016,+015
+016,+015
+016,+015
+016,+015
+016,+015
+016,+015
+016,+015
+016,+015
+016,+015
+016,+015
+016,+015
+016,+013
+016,+013
+016,+013
+016,+013
+016,+013
+016,+013
+016,+013
+016,+013
+016,+013
+016,+013
+016,+013
+016,+013
+016,+013
+016,+013
+014,+013
+014,+013
+014,+013
+014,+013
+014,+013
+014,+013
+014,+013
+014,+013
+014,+013
+014,+013
+014,+013
+014,+013
+014,+013
+014,+013
+014,+015
+014,+015
+014,+015
+014,+015
+014,+015
+014,+015
+014,+015
+014,+015
+014,+015
+014,+015
+014,+015
+014,+015
+014,+015
+014,+015
+014,+015
+014,+015
+014,+015
+014,+013
+014,+013
+014,+013
+014,+013
+014,+013
+014,+013
+014,+013
+014,+013
+014,+013
+014,+013
+014,+013
+014,+013
+014,+013
+014,+011
+014,+011
+014,+011
+014,+011
+014,+011
+014,+011
+016,+009
+013,+009
+013,+009
+015,+009
+015,+009
+013,+009
+015,+009
+015,+009
+013,+009
+013,+009
+015,+009
+013,+009
+013,+009
+015,+007
+015,+007
+015,+007
+015,+007
+015,+007
+015,+007
+015,+007
+015,+007
+015,+007
+015,+007
+015,+007
+015,+007
+015,+007
+015,+007
+015,+007
+015,+007
+015,+007
+015,+007
+015,+007
+015,+007
+015,+007
+015,+007
+015,+007
+015,+007
+015,+007
+015,+007
+015,+007
+015,+007
+015,+007
+015,+007
+015,+007
+015,+007
+015,+007
+015,+007
+015,+007
+015,+007
+015,+007
+015,+007
+015,+007
+015,+007
+015,+007
+015,+005
+015,+005
+015,+005
+015,+005
+015,+005
+015,+003
+015,+003
+015,+003
+015,+003
+015,+001
+015,+001
+015,+001
+015,+001
+015,+001
+015,+001
+015,+001
+015,+001
+015,+001
+015,+001
+015,+001
+015,+003
+015,+003
+015,+003
+015,+003
+015,+003
+015,+003
+015,+003
+015,+003
+013,+003
+013,+003
+013,+003
+013,+003
+013,+003
+013,+003
+013,+003
+013,+003
+013,+003
+013,+003
+013,+003
+013,+003
+013,+003
+013,+003
+013,+003
+013,+003
+013,+003
+013,+003
+013,+003
+013,+003
+013,+003
+013,+003
+013,+003
+013,+003
+013,+003
+013,+003
+013,+003
+013,+001
+013,+001
+013,+001
+013,+001
+013,+001
+013,+001
+013,+001
+013,+001
+013,+001
+011,+001
+011,+003
+011,+003
+011,+003
+011,+003
+011,+003
+011,+003
+011,+003
+011,+003
+011,+003
+011,+003
+011,+003
+011,+005
+011,+005
+011,+005
+011,+005
+011,+005
+009,+005
+009,+005
+009,+005
+009,+005
+009,+005
+009,+005
+009,+005
+009,+005
+009,+005
+009,+005
+009,+005
+009,+005
+009,+005
+009,+005
+009,+005
+009,+005
+009,+005
+009,+005
+009,+005
+007,+005
+007,+005
+007,+005
+007,+005
+007,+005
+007,+005
+007,+005
+007,+005
+007,+005
+007,+005
+007,+005
+007,+005
+007,+005
+007,+005
+007,+005
+007,+005
+007,+005
+007,+005
+007,+003
+007,+003
+007,+003
+007,+003
+007,+003
+007,+003
+007,+003
+007,+003
+007,+003
+007,+003
+007,+003
+007,+003
+007,+003
+007,+003
+007,+003
+007,+003
+007,+003
+007,+003
+007,+003
+007,+003
+007,+003
+007,+003
+007,+003
+007,+003
+007,+003
+007,+003
+007,+003
+009,+003
+009,+003
+009,+003
+009,+003
+009,+003
+009,+003
+009,+003
+011,+003
+011,+001
+011,+001
+011,+001
+011,+001
+013,+001
+013,+001
+013,+001
+013,+001
+013,+001
+013,+001
+013,+001
+013,+001
+013,+001
+013,+001
+015,+001
+015,+001
+015,+001
+015,+001
+015,+001
+015,+001
+015,+001
+015,+001
+015,+001
+015,+001
+015,+001
+015,+001
+015,+001
+015,+001
+017,+003
+017,+003
+017,+003
+017,+003
+019,+003
+019,+005
+019,+005
+019,+005
+019,+005
+021,+005
+021,+007
+021,+007
+021,+007
+023,+007
+023,+007
+023,+007
+023,+009
+025,+009
+025,+009
+025,+009
+025,+009
-026,+009
-026,+009
-026,+009
-026,+009
-027,+009
-027,+009
-027,+009
-027,+009
-027,+009
-027,+009
-027,+009
-027,+009
-027,+007
-027,+007
-027,+007
-027,+007
-027,+007
-027,+005
+025,+005
+025,+005
+025,+005
+025,+005
+025,+005
+025,+005
+025,+005
+025,+005
+025,+005
+025,+005
+025,+005
+025,+005
+023,+003
+023,+003
+023,+003
+023,+003
+023,+003
+023,+003
+023,+003
+021,+003
+021,+003
+021,+001
+021,+001
+019,+001
+019,+001
+019,+001
+019,+001
+019,+001
+019,+001
+019,+001
+017,+001
+017,+001
+017,+001
+015,+001
+015,+001
+015,+001
+015,+001
+015,+001
+015,+001
+013,+001
+013,+001
+013,+001
+013,+001
+011,+001
+011,+001
+011,+001
+011,+001
+009,+001
+009,+001
+009,+001
+009,+001
+007,+001
+007,+001
+005,+001
+003,+001
+003,+001
+003,+001
+003,+001
+003,+001
+001,+001
+001,+001
+001,+001
+001,+001
+001,+003
+001,+003
+001,+003
+001,+003
+001,+003
+001,+005
+001,+005
+001,+005
+001,+005
+001,+005
+001,+005
+001,+005
+001,+005
+001,+007
+001,+007
+001,+007
+001,+007
+001,+007
+001,+007
+001,+007
+001,+007
+001,+007
+001,+007
+001,+007
+001,+007
+001,+007
+001,+007
+001,+007
+001,+007
+001,+007
+001,+007
+001,+007
+001,+007
+001,+007
+001,+007
+001,+007
+001,+007
+001,+007
+001,+005
+001,+005
+001,+005
+001,+005
+001,+005
+001,+005
+001,+005
+001,+005
+001,+003
+001,+003
+001,+003
+001,+003
+001,+003
+001,+003
+001,+001
+001,+001
+003,+001
+003,+001
+003,+001
+003,+001
+003,+001
+003,+001
+003,+001
+003,+001
+003,+001
+003,+001
+003,+001
+003,+001
+003,+001
+003,+001
+003,+001
+003,+001
+003,+001
+003,+003
+003,+003
+003,+003
+003,+003
+003,+003
+003,+003
+003,+003
+003,+003
+003,+003
+003,+003
+003,+003
+003,+003
+003,+003
+003,+003
+003,+003
+003,+003
+003,+003
+003,+003
+003,+003
+003,+003
+003,+003
+003,+003
+003,+003
+003,+003
+003,+003
+003,+003
+003,+003
+003,+003
+003,+003
+003,+003
+003,+003
+003,+003
+003,+003
+003,+003
+003,+003
+003,+003
+003,+003
+003,+003
+001,+003
+001,+003
+001,+003
+001,+003
+001,+003
+001,+003
+001,+003
+001,+003
+001,+003
+001,+003
+001,+003
+001,+003
+001,+003
+001,+003
+001,+003
+001,+003
+001,+003
+001,+003
+001,+003
+001,+003
+001,+003
+001,+003
+001,+003
+001,+003
+001,+003
+001,+003
+001,+003
+001,+003
+001,+003
+001,+003
+001,+003
+001,+003
+001,+003
+001,+003
+001,+003
+001,+003
+001,+003
+001,+003
+001,+003
+001,+003
+003,+003
+003,+003
+003,+003
+003,+003
+003,+003
+003,+003
+003,+003
+003,+003
+003,+003
+003,+003
+003,+003
+003,+003
+003,+003
+003,+003
+003,+003
+005,+005
+005,+005
+005,+005
+005,+005
+005,+005
+005,+005
+005,+005
+005,+005
+005,+005
+005,+005
+005,+005
+005,+005
+005,+005
+005,+005
+007,+007
+007,+007
+007,+007
+007,+007
+007,+007
+007,+007
+009,+007
+009,+009
+009,+009
+009,+009
+009,+009
+009,+009
+011,+009
+011,+009
+011,+011
+011,+011
+011,+011
+013,+011
+013,+013
+013,+013
+013,+013
+013,+013
+013,+013
+013,+013
+015,+013
+015,+013
+015,+013
+017,+013
+017,+011
+017,+013
+017,+013
+017,+011
+019,+011
+019,+011
+019,+011
+019,+011
+019,+011
+019,+011
+019,+011
+019,+011
+019,+011
+021,+011
+021,+011
+021,+011
+021,+011
+021,+011
+021,+011
+021,+009
+021,+009
+021,+009
+021,+009
+023,+009
+023,+009
+023,+009
+023,+009
+023,+009
+023,+009
+023,+009
+023,+009
+023,+009
+023,+009
+023,+009
+021,+009
+021,+009
+021,+007
+021,+007
+021,+007
+021,+007
+021,+007
+019,+007
+019,+007
+019,+005
+019,+005
+019,+005
+019,+005
+017,+005
+017,+005
+017,+005
+017,+005
+017,+005
+017,+005
+017,+005
+017,+005
+015,+005
+015,+005
+015,+003
+015,+003
+015,+003
+013,+003
+013,+003
+013,+003
+013,+003
+013,+003
+011,+003
+011,+001
+009,+001
+007,+003
+007,+003
+007,+003
+007,+003
+005,+003
+005,+003
+005,+003
+005,+001
+003,+001
+003,+001
+003,+001
+003,+001
+003,+001
+003,+001
+001,+001
+001,+001
+001,+001
+001,+001
+001,+001
+001,+001
+001,+003
+001,+003
+001,+003
+001,+003
+001,+003
+001,+003
+001,+003
+001,+003
+001,+003
+001,+003
+001,+003
+001,+003
+001,+003
+001,+003
+001,+003
+001,+001
+001,+001
+003,+001
+003,+001
+003,+001
+003,+001
+003,+001
+003,+001
+003,+001
+003,+001
+003,+001
+003,+001
+005,+003
+005,+003
+005,+003
+005,+003
+005,+005
+005,+005
+007,+005
+007,+005
+007,+005
+007,+007
+007,+007
+007,+007
+007,+007
+009,+009
+009,+009
+009,+009
+009,+009
+009,+009
+009,+009
+011,+011
+011,+011
+011,+011
+011,+011
+011,+011
+011,+011
+011,+011
+011,+011
+013,+011
+013,+011
+013,+011
+013,+011
+016,+009
+016,+009
+016,+009
+018,+009
+018,+009
+018,+009
+018,+009
+018,+009
+018,+009
+018,+009
+020,+009
+020,+009
+020,+009
+020,+009
+020,+009
+020,+009
+022,+009
+022,+009
+022,+009
+022,+009
+024,+009
+024,+009
+024,+009
+024,+009
+025,+009
+025,+011
-026,+011
-026,+011
-026,+011
-026,+011
-027,+011
-027,+011
-027,+011
-027,+011
-027,+011
-027,+011
-027,+011
-027,+011
-027,+011
-027,+011
-027,+011
+025,+011
+025,+011
+025,+011
+025,+011
+025,+011
+025,+011
+025,+011
+025,+011
+025,+011
+025,+011
+025,+011
+023,+011
+023,+011
+023,+011
+023,+011
+023,+011
+023,+011
+023,+011
+023,+009
+023,+009
+023,+009
+021,+009
+021,+009
+021,+007
+021,+007
+021,+007
+021,+007
+019,+007
+019,+007
+019,+005
+019,+005
+017,+005
+017,+005
+017,+005
+017,+003
+015,+003
+015,+003
+015,+003
+015,+003
+015,+003
+013,+001
+013,+001
+013,+001
+013,+001
+013,+001
+013,+001
+013,+001
+013,+001
+013,+001
+013,+001
+013,+001
+011,+001
+011,+001
+011,+001
+011,+001
+011,+001
+011,+001
+011,+001
+011,+001
+011,+001
+011,+001
+011,+001
+011,+001
+011,+001
+011,+001
+009,+001
+009,+001
+009,+001
+009,+001
+009,+001
+009,+001
+009,+001
+009,+003
+009,+003
+007,+003
+007,+003
+007,+003
+007,+003
+007,+003
+007,+003
+005,+003
+005,+003
+005,+003
+005,+003
+005,+003
+005,+005
+005,+005
+005,+005
+005,+005
+005,+005
+005,+005
+005,+005
+005,+007
+005,+007
+005,+007
+005,+007
+005,+007
+005,+007
+005,+007
+005,+007
+005,+007
+005,+007
+005,+007
+005,+007
+005,+009
+005,+009
+005,+009
+005,+009
+005,+009
+005,+009
+005,+009
+005,+009
+005,+009
+005,+009
+005,+009
+005,+009
+005,+009
+005,+009
+005,+009
+005,+009
+005,+009
+005,+009
+005,+009
+005,+009
+005,+009
+005,+009
+005,+011
+005,+011
+005,+011
+005,+011
+005,+011
+005,+011
+005,+011
+005,+011
+005,+011
+005,+011
+005,+011
+005,+011
+005,+011
+005,+011
+005,+011
+005,+011
+005,+011
+005,+011
+005,+011
+005,+011
+005,+011
+005,+011
+005,+011
+005,+011
+005,+011
+005,+011
+005,+011
+005,+011
+005,+011
+005,+011
+005,+011
+005,+011
+005,+011
+005,+011
+005,+011
+005,+011
+005,+011
+005,+011
+005,+011
+005,+011
+005,+011
+005,+011
+005,+009
+005,+009
+005,+009
+005,+009
+005,+009
+005,+009
+005,+009
+005,+009
+005,+009
+005,+009
+005,+009
+005,+009
+005,+009
+005,+009
+005,+009
+005,+009
+007,+009
+007,+009
+007,+009
+007,+009
+007,+009
+007,+009
+009,+009
+009,+009
+009,+009
+009,+009
+009,+009
+009,+009
+009,+009
+011,+009
+011,+009
+011,+009
+011,+009
+011,+009
+011,+009
+013,+009
+013,+009
+013,+009
+013,+009
+015,+007
+015,+007
+015,+007
+015,+007
+015,+007
+017,+007
+017,+007
+017,+005
+019,+005
+019,+005
+019,+005
+019,+003
+021,+003
+021,+003
+021,+003
+023,+001
+023,+001
+023,+001
+025,+001
+025,+001
+025,+001
-026,+003
-026,+003
-027,+003
-028,+005
-028,+005
-028,+005
-029,+005
-030,+007
-030,+007
-030,+007
-030,+007
-031,+007
-031,+007
-031,+007
-031,+007
-031,+007
-031,+007
-031,+007
-031,+007
-031,+007
-031,+005
-031,+005
-031,+005
-031,+005
-031,+005
-031,+005
-031,+005
-031,+003
-031,+003
-031,+003
-031,+003
-031,+003
-031,+003
-031,+003
-031,+001
-031,+001
-031,+001
-031,+001
-031,+001
-031,+001
-031,+001
-031,+001
-031,+001
-031,+001
-031,+001
-031,+001
-031,+001
-031,+001
-031,+001
-031,+001
-031,+001
-031,+001
-031,+001
-028,+001
-028,+001
-028,+001
-028,+003
-028,+003
-028,+003
-028,+003
-028,+003
-028,+003
-028,+005
-028,+005
-028,+005
-028,+005
-028,+005
-028,+005
-028,+005
-028,+005
-028,+005
-028,+005
-028,+005
-028,+005
-028,+005
-028,+005
-028,+005
-028,+005
-028,+005
-028,+005
-028,+005
-029,+005
-029,+005
-029,+005
-029,+005
-029,+005
-029,+005
-029,+005
-029,+005
-029,+005
-029,+005
-029,+007
-029,+007
-029,+007
-029,+007
-029,+007
-029,+007
-029,+009
-029,+009
-029,+009
-029,+009
-029,+009
-029,+009
-029,+009
-029,+009
-029,+009
-029,+009
-029,+009
-030,+009
-030,+009
-030,+009
-031,+009
-031,+009
-031,+009
-031,+009
-032,+009
-032,+009
-032,+009
-033,+009
-033,+009
-034,+007
-034,+007
-035,+007
-035,+007
-035,+007
-036,+007
-036,+007
-036,+007
-036,+007
-036,+007
-036,+005
-036,+005
-036,+005
-036,+005
-036,+005
-036,+005
-036,+005
-036,+005
-036,+005
-036,+005
-036,+007
-036,+007
-036,+007
-036,+007
-036,+007
-036,+007
-033,+007
-033,+007
-033,+007
-033,+007
-033,+007
-033,+007
-033,+007
-033,+007
-033,+007
-033,+007
-033,+007
-033,+007
-033,+009
-033,+009
-033,+009
-030,+009
-030,+009
-030,+009
-030,+009
-030,+009
-030,+011
-027,+011
-027,+011
-027,+011
-027,+013
-027,+013
+025,+013
+025,+015
+025,+015
+025,+015
+023,+015
+023,+015
+023,+017
+023,+017
+021,+017
+021,+017
+021,+017
+021,+017
+019,+017
+019,+017
+019,+017
+019,+017
+019,+017
+019,+017
+019,+017
+019,+017
+019,+017
+019,+017
+017,+017
+017,+017
+017,+017
+017,+017
+017,+015
+017,+015
+017,+015
+017,+015
+017,+015
+017,+015
+017,+015
+017,+015
+015,+013
+015,+013
+015,+013
+015,+013
+015,+013
+015,+013
+015,+013
+015,+013
+015,+013
+015,+013
+015,+011
+015,+011
+015,+011
+015,+011
+015,+011
+015,+011
+017,+011
+017,+011
+017,+011
+017,+011
+017,+011
+017,+009
+017,+009
+019,+009
+019,+009
+019,+009
+021,+009
+021,+009
+021,+009
+023,+007
+023,+007
+025,+007
+025,+007
+025,+007
-026,+005
-027,+005
-028,+005
-028,+005
-029,+003
-030,+003
-030,+003
-031,+001
-032,+001
-032,+001
-033,+001
-034,+001
-034,+001
-034,+001
-035,+003
-035,+003
-036,+003
-037,+003
-037,+003
-037,+005
-037,+003
-037,+003
-037,+003
-037,+003
-037,+003
-037,+003
-037,+003
-037,+003
-037,+003
-037,+003
-037,+003
-037,+003
-037,+003
-037,+003
-037,+003
-037,+003
-037,+003
-037,+003
-037,+003
-037,+003
-037,+003
-037,+003
-034,+003
-034,+003
-034,+003
-034,+003
-034,+003
-034,+003
-034,+003
-034,+003
-034,+003
-031,+003
-031,+003
-031,+003
-031,+001
-028,+001
-028,+001
-028,+001
-028,+001
+025,+001
+025,+001
+025,+001
+025,+001
+025,+001
+023,+001
+023,+001
+023,+001
+021,+001
+021,+001
+021,+001
+021,+001
+021,+001
+019,+001
+019,+001
+019,+001
+019,+001
+019,+001
+019,+001
+017,+001
+017,+001
+017,+001
+017,+001
+015,+001
+015,+001
+015,+001
+015,+001
+013,+001
+013,+003
+013,+003
+010,+005
+010,+005
+010,+005
+010,+005
+008,+005
+008,+005
+008,+005
+008,+005
+008,+005
+008,+005
+008,+005
+006,+005
+006,+005
+006,+005
+006,+005
+006,+005
+006,+005
+006,+005
+006,+005
+006,+005
+006,+005
+006,+005
+006,+005
+006,+005
+006,+003
+009,+003
+009,+003
+009,+003
+011,+003
+011,+001
+011,+003
+011,+001
+011,+001
+011,+001
+013,+001
+013,+001
+013,+001
+013,+001
+013,+001
+013,+001
+013,+001
+013,+001
+013,+001
+013,+001
+013,+001
+013,+001
+013,+001
+013,+001
+013,+001
+013,+001
+013,+001
+013,+001
+013,+003
+013,+003
+015,+003
+015,+003
+015,+003
+015,+003
+015,+003
+015,+003
+015,+005
+015,+005
+015,+005
+015,+005
+015,+005
+015,+005
+015,+005
+015,+005
+015,+007
+015,+007
+013,+007
+013,+007
+013,+007
+013,+007
+013,+007
+013,+007
+011,+007
+011,+007
+011,+007
+011,+007
+011,+007
+011,+007
+011,+007
+009,+007
+009,+007
+009,+007
+009,+007
+009,+007
+009,+007
+007,+007
+007,+007
+007,+007
+007,+007
+007,+007
+005,+007
+005,+007
+005,+007
+005,+007
+005,+007
+005,+007
+005,+007
+003,+007
+003,+007
+000,+007
+000,+007
+000,+007
+000,+007
+000,+005
+000,+005
+000,+005
+000,+005
+000,+005
+000,+003
+000,+003
+000,+003
+000,+003
+002,+003
+002,+003
+002,+001
+002,+001
+002,+001
+002,+001
+002,+001
+002,+001
+002,+001
+002,+001
+004,+001
+004,+001
+004,+001
+004,+001
+004,+001
+006,+001
+006,+001
+006,+001
+006,+001
+006,+001
+006,+001
+006,+001
+006,+001
+006,+001
+006,+001
+006,+001
+006,+001
+006,+001
+006,+001
+008,+001
+008,+001
+008,+001
+008,+001
+008,+001
+008,+001
+008,+001
+008,+003
+008,+003
+008,+003
+008,+003
+008,+003
+008,+003
+010,+003
+010,+005
+010,+005
+010,+005
+010,+005
+010,+005
+010,+005
+010,+005
+010,+005
+010,+005
+010,+005
+010,+005
+008,+005
+008,+005
+008,+005
+008,+005
+008,+005
+008,+007
+008,+007
+008,+007
+008,+007
+008,+007
+008,+007
+008,+007
+008,+007
+008,+007
+008,+007
+008,+007
+008,+007
+008,+007
+008,+007
+008,+007
+008,+007
+008,+007
+008,+007
+006,+007
+006,+007
+006,+007
+006,+007
+006,+007
+006,+007
+006,+007
+006,+007
+006,+007
+006,+007
+006,+007
+006,+007
+006,+007
+006,+007
+006,+007
+006,+007
+006,+007
+006,+007
+006,+007
+006,+007
+006,+007
+006,+009
+006,+009
+006,+009
+006,+009
+006,+009
+006,+009
+006,+009
+008,+009
+008,+009
+008,+009
+008,+009
+008,+009
+008,+009
+008,+009
+008,+009
+008,+009
+008,+011
+008,+011
+008,+011
+008,+011
+008,+011
+008,+011
+008,+011
+008,+011
+008,+011
+008,+011
+008,+011
+008,+011
+008,+011
+010,+011
+010,+011
+010,+011
+010,+011
+010,+011
+010,+011
+010,+011
+010,+011
+010,+011
+010,+011
+010,+011
+010,+011
+012,+011
+012,+011
+012,+011
+012,+011
+012,+011
+012,+011
+012,+011
+012,+011
+012,+011
+012,+011
+012,+011
+012,+011
+012,+011
+012,+011
+012,+011
+012,+011
+012,+011
+012,+011
+012,+011
+012,+011
+012,+011
+012,+011
+012,+011
+012,+011
+012,+011
+012,+011
+012,+011
+012,+011
+012,+009
+012,+009
+012,+009
+012,+009
+012,+009
+012,+009
+012,+009
+012,+009
+012,+009
+012,+009
+012,+009
+012,+009
+012,+009
+014,+009
+014,+009
+014,+009
+014,+009
+014,+009
+014,+009
+014,+009
+014,+009
+014,+009
+014,+009
+014,+009
+014,+007
+016,+007
+016,+007
+016,+007
+016,+007
+016,+007
+016,+007
+016,+007
+018,+007
+018,+007
+018,+007
+018,+007
+018,+005
+020,+005
+020,+005
+020,+005
+020,+005
+022,+003
+022,+003
+022,+003
+024,+003
+024,+001
+024,+001
+025,+001
-026,+001
-026,+001
-026,+001
-027,+001
-027,+003
-027,+003
-027,+003
-028,+003
-028,+003
-028,+005
-028,+005
-028,+005
-028,+005
-028,+005
-028,+005
-028,+007
-028,+007
-028,+007
-028,+007
-028,+007
-028,+007
-028,+007
-028,+007
-028,+007
-028,+007
-028,+007
-028,+007
-028,+007
-028,+007
-028,+007
-028,+007
-028,+007
-028,+007
-028,+007
-028,+007
-028,+007
-028,+007
+025,+007
-026,+007
-026,+007
-026,+007
-026,+007
-026,+007
-026,+007
-026,+007
+024,+007
+024,+007
+024,+007
+024,+007
+024,+007
+022,+007
+022,+007
+022,+007
+022,+007
+022,+007
+022,+007
+020,+007
+020,+007
+020,+007
+020,+007
+020,+007
+020,+007
+020,+007
+020,+007
+020,+007
+020,+007
+018,+007
+018,+007
+018,+005
+018,+005
+018,+005
+018,+005
+016,+005
+016,+005
+016,+005
+016,+005
+014,+005
+014,+005
+014,+003
+014,+003
+014,+003
+012,+003
+012,+003
+012,+003
+012,+001
+012,+001
+010,+001
+010,+001
+010,+001
+010,+001
+010,+001
+010,+001
+008,+001
+008,+001
+008,+001
+008,+003
+008,+003
+008,+003
+008,+003
+008,+003
+008,+005
+008,+005
+008,+005
+008,+005
+008,+005
+008,+005
+008,+005
+010,+005
+010,+005
+010,+005
+010,+005
+010,+005
+010,+005
+010,+005
+010,+005
+010,+005
+012,+005
+012,+005
+012,+005
+012,+005
+012,+005
+012,+005
+012,+005
+012,+005
+012,+005
+012,+005
+012,+005
+012,+005
+014,+005
+014,+005
+014,+005
+014,+005
+014,+007
+014,+007
+014,+007
+016,+007
+016,+007
+016,+007
+016,+007
+016,+007
+016,+007
+018,+007
+018,+007
+018,+007
+018,+007
+018,+005
+018,+005
+018,+005
+018,+005
+018,+005
+020,+005
+020,+005
+020,+003
+020,+003
+020,+003
+020,+003
+020,+003
+020,+003
+020,+003
+020,+003
+020,+003
+020,+003
+020,+001
+020,+001
+020,+001
+020,+001
+020,+001
+020,+001
+020,+001
+020,+001
+020,+001
+020,+001
+020,+001
+022,+001
+022,+001
+022,+001
+022,+001
+022,+001
+022,+001
+022,+001
+022,+001
+022,+001
+022,+001
+022,+001
+022,+001
+022,+001
+022,+003
+022,+003
+022,+003
+022,+003
+022,+003
+022,+003
+022,+003
+022,+003
+022,+003
+022,+003
+022,+003
+022,+003
+022,+003
+022,+003
+022,+003
+022,+003
+022,+003
+022,+003
+022,+003
+022,+003
+022,+003
+022,+003
+022,+003
+022,+003
+022,+003
+022,+003
+022,+003
+022,+003
+022,+003
+022,+003
+022,+003
+022,+003
+022,+003
+022,+003
+020,+005
+020,+005
+020,+005
+020,+005
+020,+005
+020,+005
+020,+005
+020,+005
+020,+005
+018,+005
+018,+007
+018,+007
+018,+007
+018,+007
+018,+007
+018,+007
+018,+007
+018,+007
+018,+007
+018,+007
+018,+007
+018,+007
+018,+007
+016,+007
+016,+007
+016,+007
+016,+007
+016,+009
+016,+009
+016,+009
+016,+009
+016,+009
+016,+009
+016,+009
+016,+009
+016,+009
+016,+007
+016,+007
+014,+007
+014,+007
+014,+007
+014,+007
+014,+007
+014,+007
+014,+007
+014,+007
+012,+007
+012,+007
+012,+007
+012,+007
+012,+007
+012,+007
+012,+007
+012,+007
+012,+009
+010,+009
+010,+009
+010,+009
+010,+009
+010,+009
+010,+009
+010,+009
+010,+009
+010,+009
+010,+009
+010,+011
+010,+011
+010,+011
+010,+011
+010,+011
+010,+011
+012,+011
+012,+011
+012,+011
+012,+011
+012,+011
+012,+009
+012,+009
+012,+009
+012,+009
+012,+009
+012,+009
+012,+009
+012,+009
+012,+009
+012,+009
+012,+009
+014,+009
+014,+007
+014,+007
+014,+007
+014,+007
+014,+007
+014,+007
+014,+007
+014,+007
+014,+007
+014,+007
+014,+007
+014,+007
+016,+007
+016,+007
+016,+007
+016,+007
+016,+007
+016,+007
+016,+005
+016,+005
+016,+005
+016,+005
+016,+005
+016,+005
+016,+005
+016,+005
+016,+003
+016,+003
+016,+003
+016,+003
+016,+003
+016,+003
+016,+003
+016,+003
+016,+001
+016,+001
+016,+001
+016,+001
+016,+001
+016,+001
+016,+001
+016,+001
+016,+001
+016,+001
+016,+001
+016,+001
+014,+001
+014,+001
+014,+001
+014,+001
+014,+001
+014,+001
+014,+001
+014,+001
+014,+001
+014,+001
+014,+001
+012,+001
+012,+001
+012,+001
+012,+001
+012,+001
+012,+001
+012,+001
+010,+001
+010,+001
+010,+001
+010,+001
+010,+001
+008,+003
+008,+003
+008,+003
+008,+003
+008,+003
+005,+001
+005,+001
+005,+001
+003,+001
+003,+001
+003,+001
+003,+001
+003,+001
+003,+001
+003,+001
+003,+001
+003,+001
+003,+001
+003,+001
+003,+001
+003,+003
+003,+003
+003,+003
+003,+003
+003,+003
+003,+003
+003,+003
+006,+003
+003,+003
+003,+003
+006,+003
+006,+003
+006,+003
+006,+003
+006,+003
+006,+003
+006,+003
+006,+003
+006,+003
+006,+003
+006,+003
+006,+003
+006,+003
+006,+003
+006,+003
+008,+003
+008,+003
+008,+003
+008,+003
+008,+003
+008,+003
+008,+003
+010,+003
+010,+003
+010,+003
+010,+003
+010,+003
+010,+003
+010,+003
+010,+003
+010,+003
+010,+003
+012,+001
+012,+001
+012,+001
+012,+001
+012,+001
+012,+001
+012,+001
+012,+001
+012,+001
+012,+001
+014,+001
+014,+001
+014,+001
+014,+003
+014,+003
+014,+003
+014,+003
+014,+003
+014,+003
+014,+003
+014,+003
+014,+003
+014,+005
+014,+005
+014,+005
+014,+005
+014,+005
+014,+005
+014,+005
+014,+005
+014,+005
+014,+005
+014,+005
+014,+005
+014,+005
+014,+005
+014,+005
+014,+005
+014,+005
+014,+005
+014,+005
+014,+005
+014,+005
+014,+005
+014,+005
+014,+005
+014,+005
+014,+005
+014,+005
+014,+005
+014,+005
+014,+005
+014,+005
+014,+005
+014,+005
+014,+005
+014,+003
+012,+003
+012,+003
+012,+003
+012,+003
+012,+003
+012,+003
+012,+003
+012,+001
+012,+001
+012,+001
+012,+001
+012,+001
+012,+001
+012,+001
+012,+001
+012,+001
+012,+001
+012,+001
+012,+001
+012,+001
+010,+001
+010,+001
+010,+001
+010,+001
+010,+001
+010,+001
+010,+001
+010,+003
+010,+003
+010,+003
+010,+003
+010,+003
+010,+003
+010,+003
+010,+005
+008,+005
+008,+005
+008,+005
+008,+005
+008,+005
+008,+007
+008,+007
+008,+007
+008,+007
+008,+007
+008,+007
+008,+009
+008,+009
+008,+009
+010,+009
+010,+009
+010,+009
+010,+009
+010,+009
+012,+009
+012,+009
+012,+009
+012,+009
+012,+009
+012,+009
+012,+009
+014,+007
+014,+007
+014,+007
+014,+007
+014,+007
+014,+007
+014,+007
+014,+007
+014,+007
+014,+007
+014,+007
+014,+007
+014,+005
+014,+005
+014,+005
+014,+005
+014,+005
+014,+005
+014,+005
+014,+005
+014,+005
+014,+005
+014,+005
+014,+005
+014,+005
+014,+005
+014,+005
+014,+005
+014,+005
+014,+005
+014,+005
+014,+005
+014,+005
+014,+005
+014,+003
+014,+003
+014,+003
+014,+003
+014,+003
+014,+003
+014,+003
+014,+003
+014,+003
+014,+003
+014,+003
+014,+005
+014,+005
+014,+005
+014,+005
+014,+005
+014,+005
+014,+005
+014,+005
+014,+005
+014,+005
+014,+005
+014,+005
+014,+005
+012,+005
+012,+005
+012,+005
+012,+005
+012,+005
+012,+005
+012,+005
+012,+005
+012,+005
+012,+005
+012,+005
+012,+005
+012,+005
+012,+005
+012,+005
+012,+005
+012,+005
+012,+007
+014,+007
+014,+007
+014,+007
+014,+007
+014,+007
+014,+007
+014,+009
+014,+009
+014,+009
+014,+009
+014,+009
+014,+009
+014,+009
+014,+009
+014,+009
+014,+009
+014,+009
+014,+009
+014,+009
+014,+009
+014,+009
+014,+009
+014,+009
+014,+009
+014,+009
+014,+009
+014,+009
+014,+009
+014,+009
+014,+009
+014,+009
+014,+009
+014,+009
+014,+009
+014,+009
+014,+009
+014,+009
+014,+009
+014,+009
+014,+009
+014,+009
+014,+009
+014,+009
+014,+009
+014,+009
+014,+009
+014,+009
+014,+009
+014,+009
+014,+009
+014,+009
+014,+009
+014,+009
+014,+009
+014,+009
+014,+009
+014,+009
+014,+009
+014,+009
+014,+009
+014,+009
+014,+009
+014,+009
+014,+009
+014,+009
+014,+009
+014,+009
+014,+009
+014,+009
+014,+009
+014,+011
+014,+011
+014,+011
+014,+011
+014,+011
+014,+011
+014,+011
+014,+011
+014,+011
+014,+011
+014,+011
+014,+011
+014,+011
+014,+011
+014,+011
+014,+011
+014,+011
+014,+011
+014,+013
+014,+013
+014,+013
+014,+013
+014,+013
+014,+013
+014,+013
+014,+013
+014,+013
+014,+013
+014,+013
+014,+013
+014,+013
+014,+013
+014,+013
+014,+013
+014,+013
+014,+013
+014,+013
+014,+013
+014,+013
+014,+013
+014,+013
+014,+013
+014,+013
+014,+013
+016,+013
+016,+013
+016,+013
+016,+013
+016,+013
+016,+013
+016,+013
+016,+013
+016,+013
+016,+013
+016,+013
+016,+013
+016,+013
+016,+013
+016,+013
+018,+013
+018,+013
+018,+013
+018,+013
+018,+013
+018,+013
+018,+013
+018,+013
+020,+013
+020,+011
+020,+011
+020,+011
+020,+011
+020,+011
+020,+011
+020,+011
+022,+011
+022,+011
+022,+009
+022,+009
+022,+009
+022,+009
+022,+009
+022,+009
+024,+009
+024,+009
+024,+009
+024,+009
+024,+009
+024,+009
+024,+009
+024,+007
+024,+007
+024,+007
+024,+007
+024,+007
+024,+007
+024,+007
+024,+007
+024,+007
+024,+007
+024,+007
+024,+007
+024,+007
+024,+007
+024,+009
+024,+009
+024,+009
+024,+009
+024,+009
+024,+009
+024,+009
+024,+009
+022,+009
+022,+009
+022,+009
+022,+009
+022,+009
+022,+009
+020,+009
+020,+009
+020,+009
+020,+009
+020,+009
+018,+009
+018,+009
+018,+009
+018,+009
+016,+009
+016,+009
+016,+009
+016,+009
+016,+009
+016,+009
+014,+009
+014,+009
+014,+009
+014,+009
+014,+009
+012,+009
+012,+009
+012,+009
+012,+009
+012,+009
+012,+009
+012,+009
+010,+011
+010,+011
+010,+011
+010,+011
+010,+011
+010,+011
+010,+011
+010,+011
+010,+011
+010,+011
+008,+009
+008,+009
+008,+009
+008,+009
+008,+009
+008,+009
+008,+007
+008,+007
+008,+007
+008,+007
+008,+007
+008,+005
+008,+005
+008,+005
+008,+005
+008,+005
+008,+003
+008,+003
+008,+003
+010,+003
+010,+001
+010,+001
+010,+001
+010,+001
+010,+001
+010,+001
+010,+001
+010,+001
+010,+001
+010,+001
+010,+004
+010,+004
+012,+004
+012,+004
+012,+007
+012,+007
+012,+007
+012,+009
+012,+009
+014,+009
+014,+011
COP Area(S): 000379
COP Area(R): 000757