+000,-000
+000,-001
+000,-001
+000,-001
+000,-001
+000,-001
+000,-001
+000,-001
+000,-001
+000,-001
+000,-001
+000,-001
+000,-001
+000,-001
+000,-001
+000,-001
+000,-001
+000,-001
+000,-001
+000,-001
+000,-002
+000,-002
+000,-002
+000,-002
+000,-002
+000,-002
+000,-002
+000,-002
+000,-002
+000,-002
+000,-002
+000,-002
+000,-002
+002,-005
+002,-005
+002,-005
+002,-005
+002,-005
+002,-005
+002,-005
+002,-005
+002,-005
+002,-005
+002,-005
+002,-005
+002,-005
+002,-005
+002,-005
+002,-005
+002,-005
+002,-005
+002,-005
+000,-005
+000,-005
+000,-005
+000,-005
+000,-005
+000,-005
+000,-005
+000,-005
+000,-005
+000,-005
+000,-005
+000,-005
+000,-005
+002,-005
+002,-005
+002,-005
+002,-005
+002,-005
+002,-005
+002,-005
+002,-005
+002,-005
+002,-005
+002,-005
+002,-005
+002,-005
+002,-005
+004,-005
+004,-005
+004,-005
+004,-005
+004,-005
+004,-005
+004,-005
+004,-005
+004,-005
+004,-005
+004,-005
+004,-005
+004,-005
+004,-005
+004,-005
+004,-005
+004,-005
+004,-005
+004,-005
+004,-004
+004,-004
+004,-004
+004,-004
+004,-004
+004,-004
+006,-003
+006,-003
+006,-003
+006,-003
+006,-003
+006,-003
+006,-003
+006,-003
+006,-002
+006,-002
+006,-002
+006,-002
+006,-002
+006,-002
+006,-002
+006,-002
+006,-002
+006,-002
+008,-002
+008,-002
+008,-002
+008,-002
+008,-002
+008,-002
+008,-002
+008,-002
+008,-002
+010,-002
+010,-002
+010,-002
+012,-002
+012,-002
+012,-002
+012,-002
+012,-002
+012,-002
+012,-002
+012,-002
+012,-002
+012,-002
+012,-002
+012,-002
+012,-002
+012,-002
+012,-002
+012,-002
+012,-002
+012,-002
+012,-002
+012,-002
+012,-002
+012,-002
+012,-002
+012,-002
+012,-002
+012,-002
+012,-002
+012,-002
+014,-002
+014,-002
+014,-002
+014,-002
+014,-002
+014,-002
+014,-002
+014,-002
+014,-002
+014,-002
+014,-002
+014,-002
+014,-002
+014,-002
+014,-002
+014,-002
+014,-002
+014,-002
+014,-005
+014,-005
+014,-005
+012,-005
+012,-005
+012,-005
+012,-005
+012,-005
+012,-005
+012,-005
+012,-005
+012,-005
+012,-005
+012,-005
+012,-005
+012,-005
+012,-005
+010,-005
+010,-005
+008,-004
+008,-004
+008,-004
+008,-003
+006,-003
+006,-003
+006,-003
+006,-003
+006,-003
+006,-003
+006,-002
+006,-002
+006,-002
+006,-002
+006,-002
+006,-002
+004,-002
+004,-002
+004,-002
+004,-002
+004,-001
+004,-001
+004,-001
+004,-001
+004,-001
+004,-001
+002,-000
+002,-000
+002,-000
+002,-000
+002,-000
+002,-000
+002,-000
+002,-001
+002,-001
+002,-001
+000,-001
+000,-001
+000,-001
+000,-001
+000,-001
+000,-001
+000,-001
+000,-002
+000,-002
+000,-002
+000,-002
+002,-002
+002,-002
+002,-002
+002,-002
+002,-002
+002,-002
+002,-002
+002,-002
+002,-002
+002,-002
+002,-002
+002,-002
+002,-002
+004,-002
+004,-002
+004,-002
+004,-002
+004,-002
+004,-002
+004,-002
+004,-002
+004,-002
+004,-002
+004,-002
+004,-002
+004,-002
+004,-002
+004,-002
+004,-002
+004,-002
+004,-002
+004,-002
+004,-002
+004,-002
+004,-002
+004,-002
+004,-002
+004,-002
+004,-002
+004,-002
+004,-002
+004,-002
+004,-002
+004,-002
+004,-002
+004,-002
+004,-002
+004,-002
+004,-002
+004,-002
+004,-002
+004,-001
+004,-001
+004,-001
+004,-001
+004,-001
+004,-001
+004,-001
+004,-001
+002,-001
+002,-001
+002,-001
+002,-001
+002,-001
+002,-001
+002,-001
+002,-001
+000,-001
+000,-001
+000,-001
+000,-001
+000,-001
+000,-001
+000,-001
+000,-001
+000,-001
+000,-001
+000,-001
+000,-001
+000,-001
+000,-001
+000,-001
+000,-001
+000,-001
+000,-001
+000,-001
+002,-001
+002,-001
+002,-001
+002,-004
+002,-004
+002,-004
+002,-004
+002,-004
+002,-004
+002,-004
+002,-004
+002,-004
+002,-004
+002,-004
+002,-004
+002,-004
+002,-004
+002,-004
+002,-004
+002,-004
+002,-004
+002,-004
+002,-004
+002,-004
+002,-004
+002,-004
+002,-004
+002,-004
+002,-004
+002,-004
+002,-004
+002,-004
+002,-007
+002,-006
+002,-006
+002,-006
+002,-006
+002,-006
+002,-006
+002,-006
+002,-006
+002,-006
+002,-006
+002,-006
+002,-006
+002,-006
+002,-006
+002,-006
+002,-006
+002,-006
+002,-006
+002,-006
+002,-006
+002,-006
+002,-006
+002,-006
+002,-006
+002,-006
+002,-006
+002,-006
+002,-006
+002,-006
+002,-006
+002,-006
+002,-006
+002,-006
+002,-006
+002,-006
+002,-006
+002,-006
+002,-006
+002,-006
+002,-006
+002,-006
+002,-006
+002,-006
+002,-006
+002,-006
+002,-006
+002,-006
+002,-006
+002,-006
+002,-006
+002,-006
+002,-006
+002,-006
+002,-009
+002,-008
+002,-008
+002,-008
+002,-008
+002,-008
+002,-008
+002,-008
+002,-008
+002,-008
+002,-008
+002,-008
+002,-008
+002,-008
+002,-008
+002,-008
+002,-008
+002,-008
+000,-008
+000,-008
+000,-008
+000,-011
+000,-010
+000,-010
+000,-010
+000,-010
+000,-009
+000,-009
+000,-009
+000,-009
+000,-009
+000,-009
+000,-009
+000,-008
+000,-008
+000,-008
+000,-008
+000,-008
+000,-008
+000,-008
+002,-008
+002,-011
+002,-011
+002,-011
+002,-011
+002,-011
+002,-011
+002,-011
+002,-011
+004,-011
+004,-011
+004,-011
+004,-011
+004,-011
+004,-011
+004,-011
+004,-011
+004,-011
+004,-011
+004,-011
+004,-011
+004,-011
+004,-011
+004,-011
+004,-011
+004,-011
+004,-011
+004,-011
+004,-011
+004,-011
+004,-011
+004,-011
+004,-011
+006,-011
+006,-011
+006,-011
+006,-011
+006,-010
+006,-010
+006,-010
+006,-010
+006,-010
+006,-010
+006,-010
+006,-010
+007,-010
+007,-010
+007,-010
+007,-010
+007,-010
+007,-010
+007,-010
+007,-010
+007,-010
+007,-010
+007,-009
+007,-009
+007,-009
+007,-009
+007,-009
+007,-009
+007,-009
+007,-009
+007,-009
+007,-009
+007,-009
+007,-009
+007,-009
+007,-009
+007,-009
+007,-009
+007,-009
+007,-009
+007,-009
+007,-008
+007,-008
+007,-008
+007,-008
+007,-008
+007,-008
+007,-008
+007,-008
+007,-008
+007,-008
+007,-008
+007,-008
+007,-008
+007,-008
+007,-008
+007,-008
+007,-008
+007,-008
+007,-008
+007,-008
+007,-008
+007,-008
+007,-008
+007,-008
+007,-008
+007,-008
+005,-008
+005,-008
+005,-008
+005,-008
+005,-008
+005,-007
+005,-007
+003,-007
+003,-006
+001,-006
+001,-006
+001,-006
+001,-006
+001,-006
+001,-006
+001,-006
+001,-006
+001,-006
+001,-006
+001,-006
+001,-006
+001,-006
+001,-006
+001,-006
+001,-006
+001,-006
+001,-006
+001,-006
+001,-006
+001,-006
+001,-006
+001,-006
+001,-006
+001,-006
+001,-006
+001,-006
+001,-006
+001,-006
+001,-006
+001,-009
+001,-009
+001,-009
+001,-009
+001,-009
+003,-009
+003,-009
+003,-009
+003,-009
+003,-009
+003,-009
+003,-009
+005,-009
+005,-012
+005,-012
+005,-012
+005,-012
+005,-012
+005,-012
+005,-012
+005,-012
+005,-012
+005,-012
+005,-012
+005,-012
+005,-012
+005,-012
+005,-012
+005,-012
+005,-012
+005,-012
+005,-012
+005,-012
+005,-012
+005,-012
+005,-012
+005,-012
+005,-012
+005,-012
+005,-012
+005,-012
+005,-012
+005,-012
+005,-012
+005,-012
+005,-012
+005,-012
+005,-012
+005,-012
+005,-012
+005,-012
+005,-012
+005,-012
+005,-012
+005,-012
+005,-012
+005,-012
+005,-012
+005,-011
+005,-011
+005,-011
+005,-011
+005,-011
+005,-011
+005,-011
+005,-011
+005,-011
+005,-011
+005,-011
+005,-011
+003,-011
+003,-011
+003,-011
+003,-011
+003,-011
+003,-011
+001,-014
+001,-014
+001,-014
+001,-014
+001,-014
+001,-014
+001,-014
+001,-014
+003,-014
+003,-014
+003,-014
+003,-014
+003,-014
+005,-013
+005,-013
+005,-013
+005,-013
+005,-013
+005,-013
+005,-013
+005,-013
+005,-013
+005,-013
+007,-013
+007,-013
+007,-013
+007,-013
+007,-013
+007,-013
+007,-013
-008,-013
-008,-013
-008,-013
-008,-013
-009,-013
-009,-013
-009,-013
-009,-013
-009,-013
-009,-013
-009,-013
-009,-013
-009,-013
-009,-013
-009,-013
-009,-012
-009,-012
-009,-012
-009,-012
-009,-012
-009,-012
-009,-012
-009,-012
-009,-012
-009,-012
-009,-012
-009,-011
-009,-011
-009,-011
-009,-010
-009,-010
-009,-010
-009,-010
-009,-010
-009,-009
-009,-009
-009,-009
-009,-009
-009,-009
-009,-008
-009,-008
-009,-008
-009,-008
-009,-008
-009,-007
-009,-007
-009,-007
-009,-007
-009,-007
-009,-007
-009,-007
-009,-007
-009,-007
-009,-007
-009,-007
-009,-007
-009,-007
-009,-007
-009,-007
-009,-007
-009,-007
-009,-010
-009,-010
-009,-010
-009,-010
-009,-010
-009,-010
-009,-010
-009,-010
-009,-010
-009,-010
-009,-010
-009,-013
-009,-013
-009,-013
-009,-013
-009,-013
-009,-013
-009,-013
-009,-013
-009,-013
-009,-013
-009,-013
-009,-013
-009,-013
-009,-013
-009,-013
-009,-013
-009,-016
+007,-016
+007,-016
+007,-016
+007,-016
+007,-016
+007,-016
+007,-016
+007,-016
+007,-016
+007,-016
+007,-016
+007,-016
+007,-016
+007,-016
+007,-016
+007,-016
+007,-016
+005,-016
+005,-016
+005,-016
+005,-016
+005,-016
+005,-016
+005,-016
+005,-016
+005,-016
+005,-016
+005,-016
+005,-016
+003,-016
+003,-016
+003,-016
+003,-016
+003,-016
+003,-016
+001,-016
+001,-016
+001,-019
+001,-019
+001,-019
+001,-019
+001,-019
+001,-019
+001,-019
+001,-019
+001,-019
+001,-019
+001,-019
+001,-019
+001,-019
+001,-019
+001,-019
+001,-019
+001,-019
+001,-019
+001,-019
+003,-019
+003,-019
+003,-019
+003,-019
+003,-019
+003,-019
+003,-019
+003,-019
+003,-019
+003,-019
+003,-019
+003,-019
+003,-019
+003,-019
+003,-019
+003,-019
+003,-019
+003,-019
+003,-018
+003,-018
+003,-018
+003,-018
+003,-018
+005,-016
+005,-016
+005,-015
+005,-015
+005,-014
+005,-014
+005,-014
+005,-014
+007,-013
+007,-013
+007,-013
+007,-012
+007,-012
+007,-012
+007,-012
+007,-012
+007,-012
+007,-012
+007,-012
+007,-012
+007,-012
+007,-012
+007,-012
+007,-012
+007,-012
+007,-012
+007,-012
+007,-012
+007,-012
+007,-012
+007,-012
+007,-012
+007,-012
+007,-012
+007,-012
+007,-012
+007,-012
+007,-012
+007,-012
+007,-012
+007,-012
+007,-012
+007,-012
+007,-012
+007,-012
+007,-012
+007,-012
+007,-012
+007,-012
+007,-012
+007,-012
+007,-011
+007,-011
+007,-011
+007,-011
+007,-011
+007,-011
+007,-011
+007,-011
+007,-011
+007,-010
+007,-010
+007,-010
+004,-008
+004,-008
+004,-007
+004,-007
+004,-007
+004,-006
+004,-006
+002,-006
+002,-005
+002,-005
+002,-005
+002,-005
+002,-005
+002,-005
+002,-005
+002,-004
+002,-004
+002,-004
+002,-004
+002,-004
+002,-004
+002,-004
+002,-004
+002,-004
+002,-004
+002,-004
+002,-004
+002,-004
+002,-004
+002,-004
+002,-004
+002,-004
+002,-004
+002,-004
+002,-004
+002,-004
+002,-004
+002,-004
+002,-004
+002,-004
+002,-004
+002,-004
+002,-004
+002,-004
+002,-004
+002,-004
+002,-004
+000,-007
+000,-006
+000,-006
+000,-006
+000,-006
+000,-006
+002,-006
+002,-006
+004,-006
+004,-009
+004,-009
+006,-008
+006,-008
+006,-008
+006,-008
+006,-008
+006,-008
+006,-008
+007,-007
+007,-007
+007,-007
+007,-007
-008,-007
-008,-007
-008,-007
-009,-007
-009,-007
-009,-007
-009,-006
-010,-006
-010,-006
-010,-006
-010,-006
-011,-006
-011,-006
-011,-006
-011,-006
-011,-006
-011,-006
-012,-006
-012,-006
-012,-006
-012,-006
-012,-006
-012,-006
-012,-006
-012,-006
-012,-006
-012,-006
-012,-006
-012,-009
-012,-009
-012,-009
-012,-009
-012,-009
-012,-009
-012,-009
-012,-009
-009,-009
-009,-009
-009,-009
-009,-009
-009,-009
-009,-012
-009,-012
-009,-012
+007,-012
+007,-012
+007,-012
+007,-012
+005,-012
+005,-012
+005,-012
+005,-012
+005,-012
+005,-012
+005,-012
+003,-012
+003,-012
+003,-012
+003,-012
+003,-012
+003,-012
+003,-012
+003,-012
+003,-012
+003,-012
+003,-012
+003,-012
+003,-012
+003,-012
+001,-012
+001,-012
+001,-012
+001,-012
+001,-012
+001,-012
+001,-012
+001,-012
+001,-012
+001,-012
+001,-012
+001,-012
+001,-012
+001,-012
+001,-012
+001,-012
+001,-012
+001,-012
+001,-012
+001,-012
+001,-011
+001,-011
+001,-011
+001,-011
+001,-010
+001,-010
+001,-010
+001,-009
+001,-008
+001,-008
+001,-007
+001,-007
+001,-007
+001,-007
+001,-007
+001,-007
+001,-007
+001,-006
+001,-006
+001,-006
+003,-006
+003,-005
+003,-005
+003,-005
+003,-005
+003,-005
+003,-004
+003,-004
+003,-004
+003,-004
+003,-003
+005,-003
+005,-003
+005,-003
+005,-002
+005,-002
+005,-002
+005,-002
+005,-002
+005,-002
+005,-002
+005,-002
+005,-002
+005,-002
+005,-001
+005,-001
+005,-001
+005,-001
+005,-001
+005,-001
+007,-001
+007,-001
+007,-001
+007,-001
+007,-000
+007,-000
+007,-000
+007,-000
+007,-000
+007,-000
+007,-000
+007,-000
+007,-000
+007,-000
+007,-000
+005,-000
+005,-000
+005,-000
+005,-000
+005,-000
+005,-000
+005,-000
+005,-000
+005,-000
+005,-000
+005,-000
+005,-000
+005,-000
+005,-000
+003,-000
+003,-000
+003,-000
+003,-000
+003,-000
+003,-000
+003,-000
+003,-000
+003,-000
+003,-003
+003,-003
+003,-003
+003,-003
+003,-003
+003,-003
+003,-003
+003,-003
+003,-003
+003,-003
+001,-006
+001,-006
+001,-006
+001,-006
+001,-006
+001,-006
+001,-006
+001,-006
+001,-006
+001,-006
+001,-006
+001,-006
+001,-006
+001,-006
+001,-006
+001,-006
+001,-006
+001,-006
+001,-006
+004,-009
+004,-009
+004,-009
+004,-009
+004,-009
+004,-009
+004,-009
+004,-009
+004,-009
+004,-009
+004,-009
+004,-009
+004,-009
+004,-009
+004,-009
+004,-009
+004,-009
+004,-009
+004,-012
+004,-012
+004,-012
+004,-012
+004,-012
+004,-012
+004,-012
+004,-012
+004,-012
+004,-012
+004,-012
+004,-012
+004,-012
+004,-015
+004,-015
+004,-015
+004,-015
+004,-019
+004,-019
+004,-019
+004,-019
+004,-019
+004,-019
+004,-019
+004,-019
+004,-019
+004,-019
+004,-019
+004,-019
+004,-019
+004,-019
+004,-019
+004,-019
+004,-019
+004,-019
+004,-019
+004,-019
+004,-019
+004,-019
+004,-019
+004,-019
+004,-019
+004,-019
+004,-019
+004,-019
+004,-019
+004,-019
+004,-019
+004,-019
+004,-019
+004,-019
+004,-019
+004,-019
+004,-019
+004,-019
+004,-019
+004,-019
+004,-019
+004,-019
+002,-018
+002,-018
+002,-018
+002,-017
+002,-017
+002,-017
+002,-016
+002,-016
+002,-016
+002,-015
+002,-015
+002,-015
+004,-014
+004,-014
+004,-014
+004,-014
+004,-014
+004,-013
+004,-013
+004,-013
+004,-013
+004,-013
+004,-013
+004,-012
+004,-012
+004,-012
+004,-011
+004,-011
+004,-011
+004,-011
+004,-010
+004,-010
+004,-010
+004,-010
+004,-009
+002,-009
+002,-007
+002,-007
+002,-006
+002,-006
+002,-006
+002,-006
+002,-006
+002,-005
+002,-005
+002,-005
+002,-005
+002,-005
+002,-005
+002,-005
+002,-005
+002,-005
+002,-005
+002,-005
+002,-005
+002,-005
+002,-005
+002,-005
+002,-005
+002,-005
+002,-005
+002,-005
+002,-005
+002,-005
+002,-005
+002,-005
+002,-005
+002,-005
+002,-005
+002,-005
+002,-005
+000,-005
+000,-005
+000,-005
+000,-005
+000,-005
+000,-005
+000,-005
+000,-005
+000,-005
+000,-005
+000,-005
+000,-005
+000,-005
+000,-005
+000,-005
+002,-005
+002,-005
+002,-005
+002,-005
+002,-005
+002,-005
+002,-005
+002,-005
+002,-005
+002,-005
+002,-005
+002,-005
+002,-005
+002,-005
+002,-004
+002,-004
+002,-004
+002,-004
+002,-004
+002,-004
+002,-004
+002,-004
+002,-004
+002,-004
+002,-004
+002,-004
+002,-004
+002,-004
+002,-004
+002,-004
+002,-004
+002,-004
+002,-004
+002,-004
+004,-003
+004,-003
+004,-003
+004,-003
+004,-003
+004,-003
+004,-003
+004,-003
+004,-003
+004,-003
+004,-003
+004,-003
+004,-003
+004,-003
+004,-003
+004,-003
+004,-003
+004,-003
+002,-003
+002,-003
+002,-003
+002,-003
+002,-003
+002,-003
+002,-003
+002,-003
+002,-003
+002,-003
+002,-003
+002,-003
+000,-003
+000,-003
+000,-003
+000,-003
+000,-003
+000,-003
+000,-003
+000,-003
+000,-003
+000,-003
+000,-003
+000,-006
+000,-006
+000,-005
+000,-005
+000,-005
+000,-005
+000,-005
+000,-005
+000,-005
+000,-005
+000,-005
+000,-005
+000,-005
+000,-005
+000,-005
+000,-005
+000,-005
+000,-005
+000,-005
+000,-005
+002,-005
+002,-005
+002,-005
+002,-005
+002,-005
+002,-005
+002,-005
+002,-005
+002,-005
+002,-005
+002,-005
+004,-005
+004,-005
+004,-005
+006,-005
+006,-005
+006,-005
+006,-005
+006,-005
+006,-005
+006,-005
+006,-005
+006,-005
+006,-005
+006,-005
+006,-005
+006,-005
+006,-005
+006,-005
+006,-005
+006,-005
+006,-005
+006,-005
+006,-005
+006,-005
+006,-005
+006,-005
+006,-005
+006,-005
+006,-005
+007,-005
+007,-005
+007,-005
+007,-005
+007,-005
+007,-005
+007,-005
-008,-005
-008,-005
-008,-005
-008,-005
-008,-005
-008,-005
-008,-005
-008,-005
-008,-004
-008,-004
-008,-004
-008,-004
-008,-003
-008,-003
-009,-003
-009,-003
-009,-003
-009,-003
-009,-003
-009,-003
-009,-003
-009,-002
-009,-002
-009,-001
+007,-000
+007,-000
+007,-000
+007,-000
+007,-001
+007,-001
+007,-001
+007,-001
+007,-001
+007,-001
+007,-001
+007,-001
+007,-001
+007,-001
+007,-001
+007,-001
+007,-001
+007,-001
+007,-001
+007,-001
+007,-001
+007,-001
-008,-001
-008,-001
-008,-001
-008,-001
-008,-001
-008,-001
-008,-001
-008,-001
-008,-001
-008,-001
-008,-001
-008,-001
-008,-001
-008,-001
-008,-001
-008,-001
-008,-001
-008,-001
-008,-001
-008,-001
-008,-001
-008,-001
-008,-001
+006,-001
+006,-001
+006,-001
+006,-001
+006,-001
+006,-001
+006,-001
+006,-001
+006,-001
+006,-001
+006,-001
+006,-001
+006,-001
+004,-001
+004,-001
+004,-001
+004,-001
+004,-001
+004,-001
+004,-001
+004,-001
+004,-001
+004,-001
+004,-001
+004,-001
+004,-001
+002,-001
+002,-001
+002,-001
+002,-001
+002,-001
+002,-001
+002,-001
+002,-001
+002,-001
+002,-001
+002,-001
+002,-001
+002,-001
+000,-001
+000,-001
+000,-001
+000,-001
+000,-001
+000,-001
+000,-001
+000,-001
+000,-001
+000,-001
+000,-001
+002,-001
+002,-001
+002,-001
+002,-001
+002,-002
+002,-002
+002,-002
+002,-002
+002,-002
+002,-002
+002,-002
+002,-002
+004,-002
+004,-002
+004,-002
+004,-002
+004,-002
+004,-002
+004,-002
+004,-002
+006,-002
+006,-002
+006,-002
+006,-002
+006,-002
+006,-002
+006,-002
+006,-002
+006,-002
+006,-002
+006,-002
+006,-002
+006,-002
+006,-002
+006,-002
+006,-002
+006,-001
+006,-001
+006,-001
+006,-001
+006,-000
+006,-000
+006,-000
+006,-000
+006,-000
+006,-000
+006,-001
+006,-001
+006,-001
+006,-001
+006,-001
+006,-001
+006,-001
+006,-001
+006,-001
+006,-001
+006,-001
+006,-001
+006,-001
+006,-001
+006,-001
+006,-001
+006,-001
+006,-001
+006,-001
+006,-001
+006,-001
+006,-001
+004,-001
+004,-001
+004,-001
+004,-001
+004,-001
+004,-001
+004,-001
+002,-001
+002,-001
+002,-001
+002,-001
+002,-001
+002,-001
+002,-001
+002,-001
+000,-001
+000,-001
+000,-001
+000,-001
+000,-002
+002,-002
+002,-002
+002,-002
+002,-002
+002,-002
+002,-002
+004,-002
+004,-002
+004,-002
+004,-002
+004,-002
+004,-002
+004,-002
+006,-002
+006,-002
+006,-002
+006,-002
+006,-002
+006,-002
+006,-002
+007,-001
-008,-001
-009,-001
-009,-001
-009,-001
-009,-001
-009,-001
-009,-001
-009,-001
-009,-001
-009,-004
-009,-003
-009,-003
-009,-003
-010,-003
-010,-003
-010,-003
-010,-003
-010,-003
-010,-003
-010,-003
-010,-003
-010,-003
-010,-006
-010,-006
-010,-006
-010,-006
-010,-006
-010,-006
-010,-006
-010,-006
-010,-006
-010,-006
-010,-006
-010,-006
-010,-006
-010,-006
-010,-006
-010,-006
-010,-006
-010,-006
-010,-006
-010,-006
-010,-006
-010,-006
-010,-006
-010,-006
-010,-006
-010,-006
-010,-006
-010,-006
-010,-006
-010,-006
-010,-006
-010,-006
-010,-006
-010,-006
-010,-006
-010,-005
-010,-005
-010,-005
-010,-005
-010,-005
-010,-005
-010,-005
-010,-005
-010,-005
-010,-005
-010,-005
-010,-005
-010,-005
-010,-005
-010,-005
-010,-005
-010,-005
-010,-004
-010,-004
-010,-004
-010,-004
-010,-004
-010,-004
-010,-004
-010,-004
-010,-004
-010,-004
+007,-004
-008,-004
-008,-004
-008,-004
-008,-004
-008,-004
-008,-004
-008,-004
-008,-004
+006,-003
+006,-003
+006,-003
+006,-003
+006,-002
+006,-002
+006,-002
+006,-002
+006,-002
+006,-002
+006,-002
+004,-002
+004,-002
+004,-002
+004,-002
+004,-002
+004,-001
+004,-001
+004,-001
+004,-001
+004,-001
+004,-001
+004,-001
+004,-001
+002,-000
+002,-000
+002,-000
+002,-000
+002,-000
+002,-000
+002,-000
+002,-000
+002,-000
+002,-000
+002,-000
+002,-000
+002,-000
+002,-000
+002,-000
+002,-000
+002,-000
+002,-000
+002,-000
+002,-000
+002,-000
+002,-000
+002,-000
+002,-000
+002,-000
+002,-000
+002,-000
+000,-000
+000,-000
+000,-000
+000,-000
+000,-000
+000,-000
+000,-000
+000,-000
+000,-000
+000,-000
+000,-000
+000,-000
+000,-000
+000,-000
+000,-000
+000,-000
+000,-000
+000,-000
+000,-000
+000,-000
+000,-000
+000,-000
+000,-000
+000,-000
+000,-000
+000,-000
+000,-000
+000,-000
+000,-000
+000,-000
+000,-000
+000,-000
+000,-003
+000,-003
+000,-003
+000,-003
+000,-003
+000,-003
+000,-003
+000,-003
+000,-003
+000,-003
+000,-003
+000,-003
+000,-003
+000,-003
+002,-003
+002,-003
+002,-003
+002,-003
+002,-003
+002,-003
+002,-003
+002,-003
+002,-003
+002,-003
+002,-003
+002,-003
+002,-003
+002,-003
+002,-006
+002,-006
+002,-006
+002,-006
+002,-005
+002,-005
+002,-005
+002,-005
+002,-005
+002,-005
+002,-005
+002,-005
+002,-005
+002,-005
+002,-005
+002,-005
+002,-005
+002,-005
+002,-005
+002,-005
+002,-004
+002,-004
+002,-004
+002,-004
+002,-004
+002,-004
+002,-004
+002,-004
+002,-004
+002,-004
+002,-004
+002,-004
+002,-004
+002,-004
+002,-004
+002,-004
+002,-004
+002,-004
+002,-004
+002,-004
+002,-004
+002,-004
+002,-004
+002,-004
+002,-004
+002,-004
+002,-004
+002,-004
+002,-004
+002,-004
+002,-004
+000,-004
+000,-004
+000,-004
+000,-004
+000,-004
+000,-004
+000,-004
+000,-007
+000,-007
+000,-007
+000,-007
+000,-007
+000,-007
+000,-007
+000,-007
+000,-007
+000,-007
+000,-007
+000,-011
+000,-011
+000,-011
+000,-011
+000,-015
+000,-015
+000,-015
+000,-015
+000,-015
+000,-015
+000,-015
+000,-015
+000,-015
+000,-015
+000,-015
+000,-015
+002,-015
+002,-014
+002,-014
+004,-014
+004,-014
+004,-014
+004,-014
+004,-014
+004,-014
+004,-014
+004,-014
+006,-014
+006,-014
+006,-014
+006,-014
+006,-014
+006,-014
+006,-014
+006,-014
+006,-014
+006,-014
+006,-014
+006,-014
+006,-014
+006,-014
+006,-014
+006,-014
+006,-014
+006,-014
+006,-014
+006,-014
+006,-014
+006,-014
+006,-014
+006,-014
+006,-014
+006,-014
+006,-014
+006,-014
+006,-014
+006,-014
+006,-014
+004,-014
+004,-014
+004,-014
+004,-014
+004,-014
+004,-014
+004,-014
+004,-014
+002,-014
+002,-014
+000,-014
+000,-014
+000,-014
+000,-014
+000,-014
+000,-014
+000,-014
+003,-013
+003,-012
+005,-012
+005,-012
+005,-011
+005,-011
+005,-011
+005,-010
+005,-010
+005,-010
+005,-010
+005,-010
+005,-009
+005,-007
+005,-007
+005,-007
+005,-006
+005,-006
+005,-006
+005,-006
+005,-006
+005,-006
+005,-006
+005,-006
+005,-006
+005,-006
+005,-006
+005,-006
+005,-006
+005,-006
+007,-006
+007,-006
+007,-006
+007,-006
+007,-006
+007,-006
+007,-006
+007,-006
+007,-006
+007,-006
+007,-006
+007,-006
+007,-006
+007,-006
+007,-006
+007,-005
+005,-004
+005,-004
+005,-004
+005,-004
+005,-004
+003,-004
+003,-004
+003,-004
+003,-004
+003,-004
+003,-004
+001,-004
+001,-004
+001,-004
+001,-004
+001,-004
+001,-004
+001,-004
+001,-004
+003,-004
+003,-004
+003,-004
+006,-008
+006,-008
+006,-008
+006,-008
+006,-008
+006,-008
+006,-008
+006,-008
+006,-008
+006,-008
+006,-008
+006,-008
+006,-008
+006,-008
+006,-008
+006,-008
+006,-008
+006,-008
+006,-008
+006,-008
+006,-011
+006,-010
+006,-010
+007,-010
+007,-010
+007,-010
+007,-010
+007,-010
+007,-010
+007,-010
+007,-010
+007,-010
+007,-010
+007,-010
+007,-010
+007,-010
+007,-010
+007,-010
+007,-010
+007,-010
+007,-010
+007,-010
+007,-010
+007,-010
+007,-010
+007,-010
+007,-010
+007,-013
+007,-012
+007,-012
+007,-012
+005,-012
+005,-012
+005,-012
+005,-012
+005,-012
+005,-012
+005,-012
+005,-012
+005,-012
+005,-012
+005,-012
+003,-012
+003,-012
+003,-012
+003,-012
+003,-012
+003,-012
+003,-012
+003,-012
+003,-012
+003,-012
+003,-012
+003,-012
+003,-012
+003,-012
+003,-012
+003,-012
+003,-012
+003,-012
+003,-012
+003,-012
+003,-012
+005,-012
+005,-012
+005,-012
+005,-012
+005,-012
+005,-012
+005,-012
+005,-012
+005,-012
+005,-012
+005,-012
+005,-012
+005,-012
+005,-012
+005,-012
+005,-012
+005,-011
+005,-011
+005,-011
+005,-011
+005,-011
+005,-011
+005,-011
+005,-011
+005,-011
+005,-011
+005,-011
+005,-011
+005,-011
+005,-010
+005,-010
+005,-010
+005,-010
+005,-010
+005,-010
+005,-010
+005,-009
+005,-009
+005,-009
+005,-009
+005,-009
+005,-009
+005,-009
+005,-009
+005,-009
+005,-008
+005,-008
+007,-008
+007,-008
+007,-007
+007,-007
+005,-006
+005,-005
+005,-005
+005,-005
+005,-004
+005,-004
+005,-004
+005,-004
+005,-003
+005,-003
+005,-003
+005,-003
+005,-003
+005,-003
+005,-003
+005,-003
+005,-003
+005,-003
+003,-003
+003,-003
+003,-003
+003,-003
+003,-003
+003,-003
+003,-003
+003,-003
+003,-003
+003,-003
+003,-003
+003,-003
+003,-003
+003,-003
+003,-003
+003,-003
+001,-003
+001,-003
+001,-003
+001,-003
+001,-003
+001,-003
+001,-003
+001,-003
+001,-003
+001,-003
+001,-003
+001,-003
+001,-003
+001,-003
+001,-003
+001,-003
+001,-003
+001,-003
+001,-003
+001,-003
+001,-003
+001,-003
+001,-003
+001,-003
+001,-003
+001,-003
+001,-003
+001,-003
+001,-003
+001,-003
+001,-003
+001,-003
+001,-003
+001,-003
+001,-003
+001,-003
+001,-003
+001,-003
+001,-003
+001,-003
+001,-003
+001,-003
+001,-003
+001,-003
+001,-003
+001,-003
+001,-003
+001,-003
+001,-003
+001,-003
+001,-003
+001,-003
+001,-006
+001,-005
+001,-005
+001,-005
+001,-005
+001,-005
+001,-005
+001,-005
+001,-005
+001,-005
+001,-005
+003,-005
+003,-008
+005,-008
+005,-008
+005,-008
+005,-008
+005,-008
+005,-008
+005,-008
+005,-008
+005,-008
+005,-008
+005,-008
+005,-008
+005,-008
+005,-008
+005,-008
+005,-008
+005,-008
+005,-008
+005,-008
+003,-008
+003,-008
+001,-008
+001,-007
+001,-007
+001,-007
+001,-007
+001,-007
+001,-007
+001,-007
+001,-007
+001,-007
+001,-007
+001,-007
+001,-007
+001,-007
+001,-007
+001,-007
+001,-007
+001,-007
+001,-007
+001,-007
+001,-007
+001,-010
+001,-013
+001,-013
+001,-013
+001,-013
+001,-013
+001,-013
+001,-013
+001,-013
+001,-013
+001,-013
+003,-013
+003,-012
+003,-012
+005,-012
+005,-012
+005,-012
+005,-012
+005,-012
+005,-012
+005,-011
+005,-011
+005,-011
+005,-011
+005,-011
+005,-011
+005,-011
+005,-011
+003,-010
+003,-010
+003,-010
+003,-009
+003,-009
+003,-009
+003,-009
+003,-009
+003,-009
+003,-009
+003,-008
+003,-008
+003,-008
+003,-007
+003,-007
+003,-007
+003,-006
+003,-006
+003,-006
+003,-006
+003,-006
+003,-006
+003,-005
+003,-005
+003,-005
+003,-005
+003,-005
+003,-005
+003,-005
+003,-005
+003,-005
+005,-005
+005,-005
+005,-005
+005,-005
+005,-005
+005,-005
+005,-005
+005,-005
+005,-005
+005,-005
+007,-005
+007,-005
+007,-005
+007,-005
+009,-005
+009,-005
+009,-008
+009,-008
+009,-007
+009,-007
+009,-007
+009,-007
+009,-007
+009,-007
+009,-007
+009,-007
+009,-007
+009,-007
+009,-007
+009,-007
+009,-010
+009,-010
+009,-010
+009,-010
+009,-010
+009,-010
+009,-010
+009,-010
+009,-010
+009,-010
+009,-010
+009,-010
+009,-010
+009,-010
+009,-010
+009,-010
+009,-010
+009,-010
+009,-010
+009,-010
+009,-013
+009,-012
+007,-012
+007,-012
+007,-012
+007,-012
+007,-012
+007,-012
+007,-012
+007,-012
+007,-012
+007,-012
+007,-012
+005,-012
+005,-015
+003,-015
+003,-015
+003,-015
+003,-015
+003,-015
+003,-015
+003,-015
+003,-015
+003,-015
+003,-015
+003,-015
+003,-015
+003,-015
+003,-015
+003,-015
+001,-015
+001,-015
+001,-015
+001,-018
+001,-017
+001,-017
+001,-017
+001,-017
+001,-017
+001,-017
+001,-017
+001,-017
+001,-017
+001,-017
+001,-017
+001,-017
+001,-017
+001,-017
+001,-017
+001,-017
+001,-017
+001,-017
+001,-017
+001,-017
+001,-017
+001,-017
+001,-017
+001,-017
+001,-017
+001,-017
+001,-017
+001,-017
+001,-017
+001,-017
+001,-017
+001,-017
+001,-017
+001,-017
+001,-017
+001,-017
+001,-017
+001,-017
+001,-017
+001,-017
+001,-017
+001,-017
+001,-017
+001,-017
+001,-017
+001,-017
+001,-017
+001,-017
+001,-017
+001,-017
+001,-017
+001,-017
+001,-017
+001,-017
+001,-017
+001,-017
+001,-017
+001,-017
+001,-017
+001,-017
+001,-017
+001,-017
+001,-017
+001,-017
+001,-017
+001,-017
+001,-017
+001,-017
+001,-017
+001,-017
+001,-017
+003,-017
+003,-017
+003,-017
+003,-017
+003,-017
+003,-017
+003,-017
+003,-017
+003,-017
+003,-017
+003,-017
+003,-017
+003,-017
+003,-017
+003,-017
+003,-017
+003,-017
+003,-017
+003,-017
+003,-017
+003,-016
+003,-015
+003,-015
+003,-015
+005,-014
+005,-014
+005,-014
+005,-014
+005,-014
+005,-014
+005,-014
+005,-014
+005,-013
+005,-013
+005,-013
+005,-013
+002,-013
+000,-011
+000,-010
+000,-010
+000,-010
+002,-010
+002,-010
+002,-010
+002,-010
+002,-010
+004,-010
+004,-009
+004,-009
+004,-009
+004,-009
+006,-009
+006,-009
+006,-008
+006,-008
+006,-008
+006,-008
+006,-007
+006,-007
+006,-007
+006,-007
+006,-007
+006,-007
+006,-007
+006,-007
+006,-007
+006,-007
+006,-006
+006,-006
+006,-006
+006,-006
+007,-006
+007,-006
+007,-006
+007,-006
+007,-006
+007,-006
+007,-005
+007,-005
+007,-005
+007,-005
+007,-004
+007,-004
-008,-004
-008,-004
-008,-004
-008,-004
-008,-004
-008,-004
-009,-004
-009,-004
-009,-004
-009,-004
-009,-003
-009,-003
-009,-003
-009,-003
-009,-003
-009,-003
-009,-003
-009,-003
-009,-003
-009,-003
-009,-003
-009,-003
-009,-003
-009,-003
-009,-003
-009,-003
-009,-003
-009,-003
-009,-003
-009,-003
-009,-003
-009,-003
-009,-003
-009,-003
-009,-003
-009,-003
-009,-003
-009,-003
-009,-003
-009,-003
-009,-003
-009,-003
-009,-003
-009,-003
-009,-003
-009,-003
-009,-003
-009,-003
-009,-006
-009,-006
-009,-006
-009,-006
-009,-006
-009,-006
-009,-006
-009,-006
-009,-006
-009,-006
-009,-006
-009,-006
-009,-006
-009,-006
-009,-009
-009,-009
-009,-009
-009,-009
-009,-009
-009,-009
-009,-009
-009,-009
-009,-009
-009,-009
-009,-012
-009,-012
-009,-012
-009,-012
-009,-012
-009,-012
-009,-012
-009,-012
-009,-012
-009,-012
-009,-012
-009,-012
-009,-012
-009,-012
-009,-012
-009,-012
-009,-012
-009,-012
-009,-012
-009,-012
-009,-012
-009,-012
+007,-012
+007,-015
+007,-015
+007,-014
+007,-014
+007,-014
+007,-014
+007,-014
+007,-014
+007,-014
+007,-014
+007,-014
+005,-014
+005,-014
+005,-014
+005,-014
+005,-014
+005,-014
+005,-014
+005,-014
+005,-014
+005,-014
+005,-014
+005,-014
+005,-014
+005,-014
+003,-014
+003,-014
+003,-014
+003,-014
+003,-014
+003,-014
+003,-014
+003,-014
+003,-014
+003,-014
+003,-014
+003,-014
+003,-014
+003,-014
+003,-014
+003,-014
+003,-014
+003,-014
+003,-014
+003,-014
+001,-014
+001,-014
+001,-014
+001,-014
+001,-014
+001,-017
+001,-017
+001,-017
+001,-017
+001,-016
+001,-016
+001,-016
+001,-016
+001,-016
+001,-016
+001,-016
+001,-016
+001,-015
+001,-015
+001,-015
+001,-014
+001,-014
+001,-014
+001,-014
+001,-014
+003,-014
+003,-014
+003,-014
+003,-014
+003,-014
+003,-013
+003,-013
+003,-013
+003,-013
+003,-013
+003,-013
+003,-013
+003,-013
+001,-013
+001,-013
+001,-013
+001,-013
+001,-013
+001,-013
+001,-013
+001,-013
+001,-013
+001,-013
+001,-013
+001,-013
+001,-013
+001,-013
+003,-013
+003,-012
+003,-012
+003,-012
+005,-012
+005,-012
+005,-012
+005,-012
+005,-012
+005,-012
+005,-012
+005,-012
+005,-012
+005,-012
+005,-012
+005,-011
+005,-011
+005,-011
+005,-011
+007,-011
+007,-011
+007,-011
+007,-011
+007,-011
+007,-011
+007,-011
+007,-011
+007,-011
+007,-011
+007,-011
+007,-010
+007,-010
+007,-010
+007,-010
+007,-010
+007,-010
+007,-010
+007,-010
+007,-010
+007,-010
+007,-010
+007,-009
+007,-009
+007,-009
+007,-009
+009,-009
+009,-009
+009,-009
+009,-009
+009,-009
+009,-009
+009,-008
+009,-008
+009,-008
+009,-008
+009,-008
+009,-008
+009,-008
+009,-008
+009,-007
+009,-007
+009,-007
+009,-007
+009,-007
+009,-007
+009,-006
+009,-006
+009,-006
+009,-006
+009,-006
+009,-006
+009,-006
+009,-005
+007,-005
+007,-004
+007,-003
+007,-003
+007,-003
+007,-002
+007,-002
+007,-002
+007,-002
+007,-002
+007,-002
+007,-002
+007,-001
+007,-001
+007,-001
+007,-001
+007,-001
+005,-001
+005,-001
+005,-001
+005,-001
+005,-001
+005,-001
+005,-001
+005,-001
+005,-000
+005,-000
+005,-000
+005,-000
+003,-000
+003,-000
+003,-000
+003,-000
+003,-000
+003,-000
+003,-000
+003,-000
+003,-000
+003,-000
+003,-000
+001,-000
+001,-000
+001,-000
+001,-000
+001,-000
+001,-000
+001,-000
+001,-000
+001,-000
+001,-000
+001,-000
+001,-000
+001,-000
+001,-003
+001,-003
+001,-003
+001,-003
+001,-003
+001,-003
+001,-003
+001,-003
+001,-003
+001,-003
+001,-003
+001,-003
+001,-003
+001,-003
+001,-006
+001,-006
+001,-006
+001,-006
+004,-006
+004,-006
+004,-009
+004,-009
+004,-009
+004,-009
+004,-009
+004,-009
+004,-009
+004,-009
+004,-009
+004,-009
+004,-009
+004,-009
+004,-009
+004,-009
+004,-009
+004,-009
+004,-009
+004,-009
+004,-009
+004,-009
+006,-009
+006,-009
+006,-009
+006,-009
+006,-009
+006,-009
+006,-009
+006,-009
+006,-009
+006,-008
+006,-008
+006,-008
+006,-008
+006,-008
+006,-008
+006,-007
+006,-007
+004,-006
+004,-006
+004,-006
+004,-005
+004,-005
+004,-005
+004,-005
+004,-004
+004,-004
+004,-004
+004,-004
+004,-004
+004,-003
+004,-003
+004,-003
+006,-003
+006,-002
+006,-002
+006,-002
+006,-001
+006,-001
+006,-001
+006,-000
+006,-000
+006,-000
+006,-000
+006,-000
+006,-000
+006,-000
+006,-001
+006,-001
+006,-001
+006,-001
+007,-001
+007,-001
+007,-001
+007,-002
+007,-002
+007,-002
+007,-002
+007,-002
+007,-002
+007,-002
+007,-002
+007,-002
-008,-002
-008,-002
-008,-002
-009,-001
-009,-001
-009,-001
-010,-001
-010,-001
-010,-001
-010,-001
-010,-001
-010,-001
-010,-001
-010,-001
-010,-001
-010,-001
-010,-001
-010,-001
-010,-001
-010,-001
-010,-001
-010,-001
-010,-001
-010,-001
-010,-001
-010,-001
-010,-001
-010,-001
-010,-004
-010,-004
-010,-004
-010,-004
-010,-004
-010,-004
-010,-004
-010,-004
-010,-004
-010,-004
-010,-004
-010,-004
-010,-004
+007,-004
+007,-004
+007,-004
+007,-004
+007,-007
+007,-007
+007,-007
+007,-007
+007,-007
+007,-007
+007,-007
+007,-007
+007,-007
+007,-007
+005,-006
+005,-006
+005,-006
+005,-006
+003,-005
+003,-005
+003,-005
+003,-005
+003,-005
+003,-005
+003,-005
+003,-005
+003,-005
+003,-005
+003,-005
+001,-005
+001,-005
+001,-005
+001,-005
+001,-004
+001,-004
+001,-004
+001,-004
+001,-004
+001,-004
+001,-004
+001,-004
+001,-004
+001,-004
+001,-003
+001,-003
+001,-003
+001,-003
+001,-003
+001,-003
+001,-003
+001,-003
+001,-003
+001,-003
+001,-003
+001,-003
+001,-003
+001,-003
+001,-003
+001,-003
+001,-003
+001,-003
+001,-003
+001,-003
+001,-003
+001,-003
+001,-003
+001,-003
+001,-003
+003,-003
+003,-003
+003,-003
+003,-006
+003,-006
+003,-006
+003,-006
+003,-006
+003,-006
+003,-006
+005,-006
+005,-006
+007,-009
+007,-009
+007,-009
+007,-009
+007,-009
+007,-009
+007,-009
+007,-009
+007,-009
+007,-009
+007,-009
+007,-009
+007,-009
+007,-009
+007,-009
+007,-009
+007,-009
+007,-009
+007,-009
+007,-009
+007,-009
+007,-009
+007,-009
+007,-009
+007,-009
+007,-009
+007,-009
+007,-009
+007,-009
+007,-009
+007,-009
+007,-009
+007,-009
+007,-009
+007,-012
+007,-011
+007,-011
+007,-011
+007,-011
+007,-011
+007,-011
+007,-011
+007,-011
+007,-011
+007,-011
+007,-011
+007,-011
+007,-011
+007,-011
+007,-011
+007,-010
+007,-010
+007,-010
+007,-010
+007,-010
+007,-010
+007,-010
+007,-010
+007,-010
+007,-010
+007,-010
+007,-010
+007,-010
+007,-010
+007,-010
+007,-010
+007,-010
+007,-010
+007,-010
+007,-010
+007,-010
+007,-010
+007,-010
+007,-010
+007,-010
+007,-010
+007,-010
+007,-010
+007,-010
+007,-010
+007,-010
+007,-010
+007,-010
+007,-010
+007,-010
+007,-010
+007,-010
+007,-010
+007,-010
+007,-010
+007,-010
+007,-010
+007,-010
+007,-010
+007,-010
+007,-010
+007,-010
+007,-010
+005,-010
+005,-010
+005,-010
+005,-010
+005,-010
+005,-010
+005,-010
+005,-010
+005,-010
+005,-010
+005,-010
+005,-010
+005,-010
+005,-010
+005,-010
+005,-010
+005,-010
+005,-010
+005,-010
+005,-010
+005,-010
+005,-010
+005,-010
+005,-010
+005,-010
+005,-010
+005,-010
+005,-010
+005,-010
+005,-010
+005,-010
+005,-010
+005,-010
+005,-010
+005,-010
+005,-010
+005,-010
+005,-010
+005,-010
+005,-010
+005,-010
+005,-010
+005,-010
+005,-010
+005,-010
+005,-010
+005,-010
+005,-010
+005,-010
+005,-010
+005,-010
+005,-010
+005,-010
+005,-010
+005,-010
+005,-010
+005,-010
+005,-010
+005,-010
+005,-009
+005,-009
+005,-008
+005,-007
+005,-007
+005,-007
+005,-006
+005,-006
+005,-006
+005,-006
+005,-005
+005,-005
+005,-005
+005,-005
+005,-005
+005,-005
+005,-004
+005,-004
+005,-004
+005,-004
+005,-004
+005,-004
+005,-004
+005,-004
+005,-003
+005,-003
+005,-003
+005,-003
+005,-003
+005,-003
+005,-003
+005,-003
+005,-003
+005,-003
+005,-003
+005,-003
+005,-003
+005,-003
+005,-003
+005,-002
+005,-002
+005,-002
+005,-002
+005,-002
+005,-002
+005,-002
+005,-002
+005,-002
+005,-002
+005,-002
+005,-002
+005,-002
+005,-002
+005,-002
+005,-002
+005,-002
+005,-002
+005,-002
+005,-002
+005,-002
+005,-002
+005,-002
+005,-002
+005,-002
+005,-002
+005,-002
+005,-002
+005,-002
+005,-002
+005,-002
+005,-002
+005,-002
+005,-002
+005,-002
+005,-002
+005,-002
+005,-002
+005,-002
+005,-002
+005,-002
+005,-002
+005,-002
+005,-002
+005,-002
+005,-002
+005,-002
+005,-002
+005,-002
+005,-002
+005,-002
+005,-002
+005,-002
+005,-002
+005,-002
+005,-002
+005,-002
+005,-002
+005,-002
+005,-002
+005,-002
+005,-002
+005,-002
+005,-002
+005,-002
+005,-002
+005,-002
+005,-002
+005,-002
+005,-002
+005,-002
+005,-002
+005,-002
+005,-002
+005,-002
+003,-002
+003,-002
+003,-002
+003,-002
+003,-002
+003,-002
+003,-002
+003,-002
+003,-002
+003,-002
+003,-002
+003,-002
+003,-002
+003,-002
+003,-002
+003,-002
+003,-002
+003,-002
+003,-002
+003,-002
+003,-002
+003,-002
+003,-002
+003,-002
+003,-002
+003,-002
+003,-002
+001,-002
+001,-002
+001,-002
+001,-002
+001,-002
+001,-002
+001,-002
+001,-002
+001,-002
+001,-002
+001,-002
+001,-002
+001,-002
+001,-002
+001,-002
+001,-002
+001,-002
+003,-002
+003,-002
+003,-002
+003,-002
+003,-002
+003,-002
+005,-002
+005,-002
+005,-002
+005,-002
+005,-002
+005,-002
+005,-002
+007,-002
+007,-002
+007,-002
+007,-002
+007,-002
-008,-002
-008,-001
-008,-001
-008,-001
-008,-000
-008,-000
-008,-000
-008,-000
-008,-000
-008,-000
+006,-001
+006,-001
+006,-001
+006,-001
+006,-001
+006,-001
+006,-001
+006,-001
+006,-001
+006,-001
+006,-001
+006,-001
+006,-001
+006,-001
+006,-001
+006,-001
+006,-001
+006,-001
+006,-001
+006,-001
+006,-001
+006,-001
+006,-001
+006,-001
+006,-001
+006,-001
+006,-001
+006,-001
+006,-001
+006,-001
+006,-001
+006,-001
+006,-001
+006,-001
+006,-001
+006,-001
+006,-001
+006,-002
+006,-002
+006,-002
+006,-002
+006,-002
+006,-002
+006,-003
+006,-003
+006,-003
+006,-003
+006,-003
+006,-003
+006,-003
+006,-003
+006,-003
+006,-003
+006,-003
+006,-003
+006,-003
+006,-003
+006,-003
+006,-003
+007,-003
+007,-001
-008,-001
-008,-001
-008,-001
-008,-001
-008,-001
-008,-001
-008,-001
-008,-001
-008,-001
-008,-001
+006,-001
+006,-001
+006,-001
+006,-001
+006,-001
+006,-001
+006,-001
+006,-001
+006,-001
+006,-000
+006,-000
+006,-000
+006,-000
+006,-000
+006,-000
+006,-000
+006,-000
+006,-000
+006,-000
+006,-001
+006,-001
+006,-001
+006,-001
+006,-001
+006,-001
+006,-001
+006,-001
+006,-001
+006,-002
+006,-002
+006,-002
+006,-002
+006,-002
+006,-002
+006,-005
+006,-005
+006,-004
+004,-004
+004,-004
+004,-004
+004,-004
+004,-004
+004,-004
+004,-004
+004,-004
+004,-004
+004,-004
+004,-004
+002,-004
+002,-004
+002,-004
+002,-004
+002,-004
+002,-004
+002,-004
+002,-004
+002,-004
+002,-004
+002,-004
+002,-004
+002,-004
+002,-004
+002,-004
+002,-004
+002,-004
+002,-004
+002,-004
+002,-004
+002,-004
+002,-004
+002,-004
+002,-004
+000,-004
+000,-004
+000,-004
+000,-004
+000,-004
+000,-004
+000,-004
+000,-004
+000,-004
+000,-004
+000,-004
+000,-004
+000,-004
+000,-004
+000,-004
+000,-004
+000,-004
+000,-004
+000,-004
+000,-004
+000,-004
+000,-004
+000,-004
+000,-004
+000,-004
+000,-004
+000,-004
+000,-004
+000,-004
+000,-004
+000,-004
+000,-004
+000,-004
+000,-004
+000,-004
+000,-004
+000,-004
+000,-004
+000,-004
+000,-004
+000,-004
+000,-004
+000,-004
+000,-004
+000,-004
+000,-004
+000,-004
+000,-004
+000,-004
+000,-004
+000,-004
+000,-004
+000,-004
+000,-004
+000,-004
+000,-004
+000,-004
+000,-004
+000,-004
+000,-004
+000,-004
+000,-004
+000,-004
+000,-004
+000,-004
+000,-004
+000,-004
+000,-004
+000,-004
+000,-004
+000,-004
+000,-004
+000,-004
+000,-004
+000,-004
+000,-004
+000,-004
+000,-004
+000,-004
+000,-007
+000,-007
+000,-007
+000,-007
+000,-007
+000,-007
+000,-007
+000,-007
+000,-007
+000,-007
+000,-007
+000,-007
+000,-007
+000,-007
+000,-007
+000,-007
+000,-007
+000,-007
+000,-007
+000,-007
+000,-007
+000,-007
+000,-007
+000,-007
+000,-007
+000,-007
+002,-011
+002,-011
+002,-011
+002,-011
+002,-011
+002,-011
+002,-011
+000,-014
+000,-014
+000,-014
+000,-014
+000,-014
+000,-014
+000,-014
+000,-014
+000,-013
+002,-013
+002,-013
+002,-013
+002,-013
+002,-013
+002,-013
+002,-013
+002,-013
+002,-013
+002,-013
+002,-013
+002,-013
+002,-013
+002,-013
+004,-013
+004,-013
+004,-013
+004,-013
+004,-013
+004,-013
+004,-013
+004,-013
+004,-013
+004,-012
+004,-012
+004,-012
+004,-012
+004,-012
+004,-012
+004,-012
+004,-012
+004,-012
+004,-012
+004,-011
+004,-011
+004,-011
+004,-011
+004,-011
+004,-011
+004,-011
+004,-011
+004,-011
+004,-011
+004,-011
+004,-011
+004,-011
+004,-011
+004,-011
+004,-011
+004,-011
+004,-011
+004,-011
+004,-011
+004,-011
+006,-011
+006,-011
+006,-010
+006,-010
+006,-010
+006,-010
+006,-010
+006,-010
+006,-010
+006,-010
+006,-010
+006,-010
+006,-010
+006,-010
+006,-010
+006,-010
+006,-010
+006,-010
+006,-010
+004,-010
+004,-010
+004,-010
+004,-010
+004,-010
+004,-010
+004,-010
+004,-010
+004,-010
+004,-010
+004,-010
+004,-010
+004,-010
+004,-010
+004,-010
+004,-010
+004,-010
+004,-010
+004,-010
+004,-010
+004,-010
+004,-010
+004,-010
+004,-010
+004,-010
+004,-010
+004,-010
+004,-010
+004,-010
+004,-010
+004,-010
+004,-010
+004,-010
+004,-010
+004,-010
+004,-010
+004,-010
+004,-010
+004,-010
+004,-010
+004,-010
+004,-010
+004,-010
+004,-010
+004,-010
+004,-010
+004,-010
+004,-010
+004,-010
COP Area(S): 000123
COP Area(R): 000212