+000,+000
+000,+000
+000,+000
+000,+000
+000,+000
+000,+000
+000,+000
+000,+000
+000,+000
+000,+000
+000,+000
+000,+000
+000,+000
+000,+000
+000,+000
+000,+000
+000,+000
+000,+002
+000,+002
+000,+002
+000,+002
+000,+002
+000,+002
+000,+002
+000,+002
+000,+002
+000,+002
+002,+002
+002,+002
+002,+002
+002,+002
+002,+002
+002,+002
+002,+002
+002,+002
+002,+002
+002,+002
+002,+002
+002,+002
+002,+000
+002,+000
+002,+000
+002,+000
+002,+000
+002,+000
+002,+000
+002,+000
+002,+000
+002,+000
+002,+000
+002,+000
+002,+000
+002,+000
+002,+000
+002,+000
+002,+000
+002,+000
+002,+000
+002,+000
+002,+000
+002,+000
+002,+000
+002,+000
+002,+000
+002,+000
+002,+002
+002,+002
+002,+002
+002,+002
+002,+002
+002,+002
+002,+002
+002,+002
+002,+002
+002,+002
+002,+002
+002,+002
+002,+002
+002,+002
+002,+002
+002,+002
+002,+002
+002,+002
+002,+002
+002,+002
+002,+002
+002,+004
+002,+004
+002,+004
+002,+004
+004,+004
+004,+004
+004,+004
+004,+004
+004,+004
+004,+004
+004,+004
+004,+004
+004,+004
+004,+004
+004,+004
+004,+004
+004,+004
+004,+004
+004,+004
+004,+004
+004,+004
+004,+004
+004,+004
+004,+004
+006,+004
+006,+004
+006,+004
+006,+004
+006,+004
+006,+004
+006,+002
+006,+002
+006,+002
+006,+002
+006,+002
+006,+002
+006,+002
+006,+002
+008,+002
+008,+002
+008,+002
+008,+002
+008,+002
+008,+002
+008,+002
+008,+002
+008,+002
+008,+002
+008,+002
+008,+002
+008,+002
+008,+002
+008,+002
+008,+002
+008,+002
+008,+002
+008,+002
+008,+002
+008,+002
+008,+002
+008,+002
+008,+002
+008,+002
+008,+002
+008,+002
+008,+002
+008,+002
+008,+002
+008,+002
+008,+002
+008,+002
+008,+002
+008,+002
+008,+002
+008,+002
+008,+002
+008,+002
+008,+002
+008,+002
+008,+002
+008,+002
+008,+002
+008,+002
+008,+002
+008,+002
+008,+002
+008,+002
+008,+002
+008,+002
+006,+002
+006,+002
+006,+002
+006,+002
+006,+002
+006,+002
+006,+002
+006,+002
+006,+002
+006,+002
+006,+002
+006,+002
+006,+002
+006,+002
+006,+002
+006,+004
+006,+004
+006,+004
+006,+004
+006,+004
+006,+004
+006,+004
+006,+004
+006,+004
+006,+004
+008,+004
+008,+004
+008,+004
+008,+004
+008,+004
+008,+004
+008,+004
+008,+004
+008,+004
+008,+004
+008,+004
+008,+004
+008,+004
+010,+004
+010,+004
+010,+004
+010,+004
+010,+004
+010,+004
+010,+004
+010,+004
+010,+004
+010,+004
+010,+004
+012,+002
+012,+002
+012,+002
+012,+002
+012,+002
+012,+002
+012,+002
+012,+002
+012,+002
+012,+002
+012,+002
+012,+002
+012,+002
+012,+002
+012,+002
+012,+002
+012,+002
+012,+002
+012,+002
+012,+002
+012,+002
+012,+002
+012,+002
+012,+002
+012,+002
+012,+002
+012,+002
+012,+002
+012,+002
+012,+002
+012,+002
+012,+002
+012,+002
+012,+002
+012,+002
+012,+002
+012,+002
+012,+002
+012,+002
+012,+002
+012,+002
+012,+002
+012,+002
+012,+002
+012,+002
+012,+002
+012,+002
+010,+002
+010,+002
+010,+002
+010,+002
+010,+002
+008,+002
+008,+002
+008,+002
+008,+002
+008,+002
+008,+002
+008,+002
+008,+002
+008,+002
+008,+002
+006,+002
+006,+002
+006,+002
+006,+002
+006,+002
+006,+002
+006,+002
+006,+002
+006,+002
+006,+002
+006,+002
+006,+002
+006,+002
+006,+002
+006,+002
+006,+002
+006,+002
+006,+000
+006,+000
+006,+000
+006,+000
+006,+000
+006,+000
+006,+000
+006,+000
+006,+000
+006,+000
+006,+000
+006,+000
+006,+000
+006,+002
+006,+002
+006,+002
+006,+002
+008,+002
+008,+002
+008,+002
+008,+002
+008,+002
+008,+002
+008,+002
+008,+002
+008,+002
+008,+002
+008,+002
+008,+002
+008,+004
+008,+004
+010,+004
+010,+004
+010,+004
+010,+004
+010,+004
+010,+004
+010,+004
+010,+004
+010,+004
+010,+004
+010,+004
+010,+004
+010,+004
+010,+004
+010,+004
+010,+004
+010,+004
+010,+004
+010,+004
+010,+004
+010,+004
+010,+004
+010,+004
+010,+004
+010,+004
+010,+004
+010,+004
+010,+004
+010,+002
+010,+002
+010,+002
+010,+002
+010,+002
+010,+002
+010,+002
+010,+002
+010,+002
+010,+002
+010,+002
+010,+002
+010,+002
+010,+002
+008,+002
+008,+002
+008,+002
+008,+004
+008,+004
+008,+004
+008,+004
+008,+004
+008,+004
+008,+004
+008,+004
+008,+004
+008,+004
+008,+004
+008,+004
+008,+004
+008,+004
+008,+004
+008,+004
+008,+004
+008,+004
+008,+004
+008,+004
+008,+004
+008,+004
+010,+004
+010,+004
+010,+004
+010,+004
+010,+004
+010,+004
+010,+004
+010,+004
+010,+004
+010,+004
+010,+004
+010,+004
+010,+004
+012,+004
+012,+004
+012,+004
+012,+004
+012,+004
+012,+004
+012,+004
+012,+004
+012,+004
+012,+004
+012,+004
+012,+004
+012,+004
+012,+004
+012,+004
+012,+004
+012,+004
+014,+004
+014,+004
+014,+004
+014,+004
+014,+004
+014,+004
+014,+004
+014,+004
+014,+004
+014,+004
+014,+004
+014,+004
+014,+004
+014,+004
+014,+004
+014,+004
+014,+004
+014,+004
+014,+004
+014,+004
+014,+004
+014,+004
+014,+004
+014,+004
+014,+004
+014,+004
+014,+004
+014,+004
+014,+004
+014,+004
+014,+004
+014,+004
+014,+004
+014,+004
+014,+004
+014,+004
+014,+004
+014,+004
+014,+004
+014,+004
+014,+004
+012,+004
+012,+004
+012,+004
+012,+004
+012,+004
+012,+004
+012,+004
+012,+004
+012,+004
+012,+004
+012,+004
+012,+004
+012,+004
+010,+004
+010,+004
+010,+004
+010,+006
+010,+006
+010,+006
+010,+006
+010,+006
+008,+006
+008,+006
+008,+006
+008,+006
+008,+006
+008,+006
+008,+006
+008,+006
+008,+006
+008,+006
+008,+006
+008,+006
+008,+006
+008,+006
+008,+006
+008,+006
+008,+006
+008,+006
+008,+006
+008,+006
+008,+006
+008,+006
+008,+006
+008,+006
+010,+006
+010,+006
+010,+006
+010,+006
+010,+006
+010,+006
+010,+006
+010,+006
+012,+006
+012,+006
+012,+008
+012,+008
+012,+008
+012,+008
+012,+008
+012,+008
+012,+008
+012,+008
+012,+008
+012,+008
+012,+008
+012,+008
+012,+008
+012,+008
+012,+008
+012,+008
+012,+008
+012,+008
+012,+008
+012,+008
+012,+008
+012,+008
+012,+008
+012,+008
+012,+008
+012,+008
+012,+008
+012,+008
+012,+008
+012,+008
+012,+008
+012,+010
+012,+010
+012,+010
+012,+010
+012,+010
+012,+010
+012,+010
+012,+010
+012,+010
+012,+010
+012,+010
+012,+010
+012,+010
+012,+010
+012,+010
+012,+010
+012,+010
+012,+010
+012,+010
+010,+010
+010,+010
+010,+010
+010,+010
+010,+010
+010,+010
+010,+010
+010,+010
+010,+010
+010,+010
+010,+010
+010,+010
+010,+010
+010,+010
+010,+010
+010,+010
+010,+010
+010,+010
+010,+010
+010,+010
+010,+010
+010,+010
+010,+010
+010,+010
+010,+010
+010,+010
+010,+010
+010,+010
+010,+010
+010,+010
+010,+010
+010,+010
+008,+010
+008,+010
+008,+010
+008,+010
+008,+010
+008,+010
+008,+010
+008,+010
+008,+010
+008,+010
+008,+010
+008,+010
+008,+010
+008,+010
+008,+010
+008,+010
+008,+010
+008,+010
+008,+010
+008,+010
+008,+010
+008,+010
+008,+010
+008,+010
+008,+010
+008,+010
+008,+010
+008,+010
+008,+010
+008,+010
+008,+010
+008,+010
+008,+010
+008,+010
+008,+010
+008,+010
+008,+010
+008,+010
+008,+010
+008,+010
+008,+010
+008,+010
+008,+010
+008,+008
+008,+008
+008,+008
+008,+008
+008,+008
+008,+008
+008,+008
+008,+008
+008,+008
+008,+008
+008,+008
+008,+008
+008,+008
+008,+008
+008,+008
+008,+008
+008,+008
+008,+008
+008,+008
+008,+008
+008,+008
+006,+008
+006,+008
+006,+008
+006,+008
+006,+008
+006,+008
+006,+008
+006,+008
+006,+008
+006,+008
+006,+008
+006,+008
+006,+008
+006,+008
+006,+008
+006,+008
+006,+008
+004,+008
+004,+008
+004,+010
+004,+010
+002,+010
+002,+010
+002,+010
+002,+010
+002,+010
+002,+010
+002,+010
+002,+010
+002,+010
+002,+010
+002,+010
+002,+010
+002,+010
+002,+010
+002,+010
+000,+010
+000,+010
+000,+010
+000,+010
+000,+010
+000,+010
+000,+010
+000,+010
+000,+010
+000,+010
+000,+010
+000,+010
+000,+010
+000,+010
+000,+010
+000,+010
+000,+010
+000,+010
+000,+010
+000,+010
+000,+010
+000,+010
+002,+010
+002,+010
+002,+010
+002,+010
+002,+010
+002,+010
+002,+010
+002,+010
+002,+010
+002,+010
+002,+010
+002,+010
+002,+010
+002,+010
+002,+008
+004,+008
+004,+008
+004,+008
+004,+008
+004,+008
+004,+008
+004,+008
+004,+008
+004,+008
+004,+008
+004,+008
+004,+008
+004,+008
+004,+008
+004,+008
+004,+008
+004,+008
+004,+008
+004,+008
+004,+008
+004,+006
+004,+006
+004,+006
+004,+006
+004,+006
+004,+006
+004,+006
+004,+006
+004,+006
+004,+006
+002,+006
+002,+006
+002,+006
+002,+006
+002,+006
+002,+006
+002,+006
+002,+006
+002,+008
+002,+008
+002,+008
+002,+008
+000,+008
+000,+008
+000,+008
+000,+008
+000,+008
+000,+008
+000,+008
+002,+006
+002,+006
+002,+006
+002,+006
+002,+006
+002,+006
+002,+006
+002,+006
+002,+006
+002,+006
+002,+006
+002,+006
+002,+006
+002,+006
+002,+006
+002,+006
+002,+006
+002,+006
+002,+006
+002,+006
+002,+006
+002,+006
+002,+006
+002,+004
+002,+004
+002,+004
+002,+004
+002,+004
+002,+004
+002,+004
+002,+004
+002,+004
+002,+004
+002,+004
+002,+004
+002,+004
+002,+004
+000,+004
+000,+004
+000,+004
+000,+006
+000,+006
+000,+006
+002,+006
+002,+006
+002,+006
+002,+006
+002,+006
+002,+006
+002,+006
+004,+008
+004,+008
+004,+008
+004,+008
+004,+008
+004,+008
+004,+008
+004,+008
+004,+008
+006,+008
+006,+008
+006,+008
+006,+008
+006,+008
+006,+008
+006,+008
+006,+008
+006,+008
+006,+008
+006,+008
+006,+008
+008,+008
+008,+008
+008,+008
+008,+006
+008,+006
+008,+006
+008,+006
+008,+006
+008,+006
+008,+006
+008,+006
+008,+006
+008,+006
+008,+004
+008,+004
+008,+004
+008,+004
+008,+004
+008,+004
+008,+004
+008,+004
+008,+004
+008,+004
+008,+004
+008,+004
+008,+004
+008,+002
+008,+002
+008,+002
+008,+002
+008,+002
+008,+002
+008,+002
+008,+002
+008,+002
+008,+002
+008,+002
+008,+002
+006,+002
+006,+002
+006,+002
+006,+002
+006,+002
+006,+002
+006,+002
+006,+002
+006,+002
+006,+002
+003,+000
+003,+000
+003,+000
+003,+000
+003,+000
+003,+000
+001,+000
+001,+000
+001,+000
+001,+000
+001,+000
+001,+000
+001,+000
+001,+000
+001,+000
+001,+000
+001,+000
+001,+000
+001,+000
+001,+000
+001,+000
+001,+000
+001,+000
+001,+000
+001,+000
+001,+000
+001,+000
+001,+000
+001,+000
+001,+000
+001,+000
+001,+000
+001,+000
+001,+000
+001,+000
+001,+000
+001,+000
+001,+000
+001,+000
+001,+000
+001,+000
+001,+000
+001,+000
+001,+000
+001,+000
+001,+000
+001,+000
+001,+000
+001,+000
+001,+000
+001,+000
+001,+000
+001,+000
+001,+000
+001,+002
+001,+002
+001,+002
+001,+002
+001,+002
+001,+002
+001,+002
+001,+002
+001,+002
+001,+002
+001,+002
+001,+002
+001,+002
+001,+002
+001,+002
+001,+002
+001,+002
+001,+002
+001,+002
+001,+002
+003,+002
+003,+002
+003,+002
+003,+002
+003,+002
+003,+002
+003,+002
+003,+002
+003,+002
+003,+002
+003,+002
+003,+002
+003,+002
+003,+002
+003,+002
+003,+002
+003,+002
+003,+002
+003,+002
+003,+004
+005,+004
+005,+004
+005,+004
+005,+004
+005,+004
+005,+004
+005,+004
+005,+004
+005,+004
+005,+004
+005,+004
+005,+004
+005,+004
+005,+004
+005,+004
+005,+004
+005,+004
+005,+004
+005,+004
+005,+004
+005,+004
+005,+004
+005,+004
+007,+004
+007,+004
+007,+004
+007,+004
+007,+004
+007,+004
+007,+004
+007,+004
+007,+006
+007,+006
+007,+006
+007,+006
+007,+006
+007,+006
+007,+006
+007,+006
+007,+006
+007,+006
+007,+006
+007,+006
+007,+006
+007,+006
+007,+006
+007,+006
+007,+006
+007,+006
+007,+006
+007,+006
+007,+006
+007,+006
+007,+006
+007,+006
+007,+006
+007,+006
+007,+006
+007,+006
+007,+006
+007,+006
+007,+006
+007,+006
+007,+006
+005,+006
+005,+006
+005,+006
+005,+006
+005,+006
+005,+006
+005,+006
+005,+006
+005,+006
+005,+006
+005,+006
+005,+006
+003,+006
+003,+006
+003,+006
+003,+006
+003,+006
+003,+006
+000,+008
+000,+008
+000,+008
+000,+008
+000,+008
+000,+008
+002,+008
+002,+008
+002,+008
+002,+008
+002,+008
+002,+008
+002,+008
+002,+008
+002,+008
+002,+008
+002,+008
+002,+008
+002,+008
+002,+008
+002,+008
+002,+008
+002,+008
+002,+008
+002,+008
+002,+008
+002,+008
+002,+008
+002,+008
+002,+008
+002,+008
+002,+008
+002,+008
+002,+008
+002,+008
+002,+008
+002,+008
+002,+008
+002,+008
+002,+008
+002,+008
+002,+008
+002,+008
+002,+008
+002,+010
+002,+010
+002,+010
+002,+010
+002,+010
+002,+010
+002,+010
+002,+010
+002,+010
+002,+010
+000,+010
+000,+010
+000,+010
+000,+010
+000,+010
+000,+010
+000,+010
+000,+010
+000,+010
+000,+010
+000,+012
+000,+012
+000,+012
+002,+012
+002,+012
+002,+012
+002,+012
+002,+012
+002,+012
+002,+012
+002,+012
+002,+012
+002,+012
+002,+012
+002,+012
+002,+012
+002,+012
+002,+012
+002,+012
+002,+012
+002,+012
+002,+012
+002,+012
+002,+012
+002,+012
+002,+012
+002,+012
+002,+012
+002,+012
+002,+012
+002,+012
+002,+012
+002,+012
+002,+012
+002,+012
+002,+012
+002,+012
+002,+012
+002,+012
+002,+012
+002,+012
+002,+012
+002,+012
+002,+012
+002,+014
+002,+014
+002,+014
+002,+014
+002,+014
+002,+014
+002,+014
+002,+014
+002,+014
+002,+014
+002,+014
+002,+014
+002,+014
+002,+014
+002,+014
+002,+014
+002,+014
+002,+014
+002,+014
+002,+014
+002,+014
+002,+014
+002,+014
+002,+014
+002,+014
+002,+016
+002,+016
+002,+016
+002,+016
+002,+016
+002,+016
+002,+016
+002,+016
+002,+016
+002,+016
+002,+016
+002,+016
+002,+016
+002,+016
+002,+016
+002,+016
+002,+016
+002,+016
+002,+016
+002,+016
+002,+016
+002,+016
+002,+016
+002,+016
+002,+016
+002,+016
+002,+016
+002,+016
+004,+016
+004,+016
+004,+016
+004,+016
+004,+016
+004,+016
+004,+016
+006,+016
+006,+016
+006,+016
+006,+016
+006,+016
+006,+016
+008,+014
+008,+014
+008,+014
+008,+014
+008,+014
+008,+014
+008,+014
+008,+014
+008,+014
+010,+014
+010,+014
+010,+014
+010,+014
+010,+014
+010,+014
+010,+014
+010,+014
+010,+014
+010,+014
+010,+012
+010,+012
+010,+012
+010,+012
+010,+012
+010,+012
+010,+012
+010,+012
+010,+012
+010,+012
+010,+012
+010,+012
+010,+012
+010,+012
+010,+012
+010,+012
+010,+012
+010,+012
+010,+012
+010,+012
+010,+012
+010,+012
+010,+012
+010,+012
+010,+014
+010,+014
+010,+014
+010,+014
+010,+014
+010,+014
+008,+014
+008,+014
+008,+014
+008,+016
+006,+016
+006,+016
+006,+016
+006,+016
+006,+016
+006,+016
+006,+016
+006,+018
+006,+018
+006,+018
+006,+018
+006,+018
+006,+018
+006,+018
+006,+018
+006,+018
+006,+018
+006,+018
+006,+018
+006,+018
+006,+018
+006,+018
+006,+018
+006,+018
+006,+018
+006,+018
+006,+018
+006,+018
+004,+018
+004,+018
+004,+018
+004,+018
+004,+018
+004,+018
+004,+018
+004,+018
+004,+018
+004,+018
+004,+018
+004,+018
+004,+018
+006,+018
+006,+018
+006,+018
+006,+018
+006,+018
+006,+018
+006,+018
+006,+018
+006,+018
+006,+018
+006,+018
+006,+018
+008,+018
+008,+018
+008,+018
+008,+018
+008,+018
+008,+018
+008,+018
+008,+018
+008,+018
+008,+018
+008,+018
+008,+018
+008,+018
+010,+016
+010,+016
+010,+016
+010,+016
+010,+016
+010,+016
+010,+016
+010,+016
+010,+016
+010,+016
+010,+016
+010,+016
+010,+016
+010,+016
+010,+016
+010,+016
+010,+016
+010,+016
+010,+016
+010,+014
+008,+014
+008,+014
+008,+014
+008,+014
+008,+014
+008,+014
+008,+014
+008,+016
+006,+016
+006,+016
+006,+016
+006,+016
+006,+016
+006,+016
+006,+016
+006,+016
+006,+016
+006,+016
+006,+016
+006,+016
+006,+016
+006,+016
+006,+016
+006,+016
+004,+016
+004,+016
+004,+016
+004,+016
+004,+016
+004,+016
+004,+016
+004,+016
+004,+016
+004,+016
+004,+016
+004,+016
+004,+016
+002,+016
+002,+016
+002,+016
+002,+016
+002,+016
+002,+016
+002,+016
+002,+016
+002,+016
+002,+016
+002,+016
+002,+016
+002,+016
+002,+016
+002,+016
+002,+016
+002,+016
+002,+016
+002,+016
+002,+016
+002,+016
+002,+016
+002,+016
+000,+016
+000,+016
+000,+016
+000,+016
+000,+016
+000,+016
+000,+016
+000,+016
+000,+016
+000,+016
+000,+016
+000,+016
+000,+016
+000,+016
+000,+016
+000,+016
+000,+016
+000,+016
+000,+016
+000,+016
+000,+016
+000,+016
+000,+016
+000,+016
+000,+016
+000,+016
+000,+016
+000,+016
+000,+016
+000,+016
+000,+016
+000,+014
+000,+014
+000,+014
+000,+014
+000,+014
+000,+014
+000,+014
+000,+014
+000,+014
+000,+014
+000,+014
+000,+014
+000,+014
+000,+014
+000,+014
+000,+014
+000,+014
+000,+014
+002,+014
+002,+014
+002,+014
+002,+014
+002,+014
+002,+014
+002,+014
+002,+014
+002,+014
+002,+014
+002,+014
+002,+014
+002,+014
+002,+014
+002,+014
+002,+014
+002,+014
+002,+014
+002,+014
+002,+014
+002,+014
+002,+014
+002,+014
+002,+014
+002,+014
+002,+014
+002,+014
+002,+014
+002,+014
+002,+014
+002,+014
+002,+014
+002,+014
+002,+014
+002,+014
+002,+014
+002,+014
+002,+014
+002,+014
+002,+014
+002,+014
+000,+014
+000,+016
+000,+016
+000,+016
+000,+016
+000,+016
+000,+016
+000,+016
+000,+016
+000,+016
+000,+016
+000,+016
+000,+016
+000,+016
+000,+016
+000,+016
+000,+016
+000,+016
+000,+016
+000,+016
+000,+016
+000,+016
+000,+018
+000,+018
+000,+018
+000,+018
+000,+018
+000,+018
+000,+018
+000,+018
+000,+018
+000,+018
+000,+018
+000,+018
+002,+018
+002,+018
+002,+018
+002,+018
+002,+018
+002,+018
+002,+018
+002,+018
+002,+018
+002,+018
+002,+018
+002,+018
+002,+018
+002,+018
+002,+018
+002,+020
+002,+020
+002,+020
+002,+020
+002,+020
+002,+020
+002,+020
+002,+020
+002,+020
+002,+020
+002,+020
+002,+020
+002,+020
+002,+020
+002,+020
+002,+020
+002,+020
+002,+020
+002,+020
+002,+020
+002,+020
+002,+020
+002,+020
+002,+020
+002,+020
+004,+020
+004,+020
+004,+020
+004,+020
+004,+020
+004,+020
+004,+020
+004,+020
+004,+020
+004,+020
+004,+020
+004,+020
+004,+020
+004,+020
+004,+020
+004,+020
+004,+020
+004,+020
+004,+020
+006,+020
+006,+020
+006,+020
+006,+020
+006,+020
+006,+022
+006,+022
+006,+022
+006,+022
+006,+022
+006,+022
+006,+022
+006,+022
+006,+022
+006,+022
+006,+022
+006,+022
+008,+022
+008,+022
+008,+022
+008,+022
+008,+022
+008,+022
+008,+022
+008,+022
+008,+022
+008,+022
+008,+022
+008,+022
+008,+022
+008,+022
+008,+022
+008,+022
+008,+022
+008,+022
+008,+022
+008,+022
+008,+022
+008,+022
+008,+022
+008,+022
+008,+022
+008,+022
+008,+022
+008,+022
+008,+022
+008,+022
+008,+022
+008,+022
+008,+024
+008,+024
+008,+024
+008,+024
+008,+024
+008,+024
+008,+024
+008,+024
+008,+024
+008,+024
+008,+024
+008,+024
+008,+024
+008,+024
+008,+024
+008,+024
+008,+024
+008,+024
+008,+024
+008,+024
+006,+024
+006,+024
+006,+024
+006,+024
+006,+024
+006,+024
+006,+024
+006,+024
+006,+024
+006,+024
+006,+024
+006,+024
+006,+024
+006,+024
+006,+024
+006,+024
+006,+024
+006,+024
+006,+024
+006,+024
+004,+024
+004,+024
+004,+024
+004,+024
+004,+024
+004,+022
+004,+022
+004,+022
+004,+022
+004,+022
+004,+022
+004,+022
+004,+022
+002,+022
+002,+022
+002,+022
+002,+022
+002,+022
+002,+022
+002,+022
+002,+022
+002,+022
+000,+022
+000,+022
+000,+022
+000,+022
+000,+020
+000,+020
+000,+020
+000,+020
+000,+020
+000,+020
+000,+020
+002,+020
+002,+020
+002,+020
+002,+020
+002,+020
+002,+020
+002,+020
+002,+020
+002,+020
+002,+018
+002,+018
+002,+018
+002,+018
+002,+018
+002,+018
+002,+018
+002,+018
+002,+018
+002,+018
+002,+018
+002,+018
+002,+018
+002,+018
+002,+018
+002,+018
+002,+016
+002,+016
+002,+016
+002,+016
+002,+016
+002,+016
+002,+016
+002,+016
+002,+016
+002,+016
+002,+016
+002,+016
+002,+016
+002,+016
+002,+016
+002,+016
+002,+016
+002,+016
+002,+016
+002,+016
+002,+016
+002,+016
+004,+016
+004,+016
+004,+016
+004,+016
+004,+016
+004,+016
+004,+016
+004,+016
+004,+016
+004,+016
+004,+018
+004,+018
+004,+018
+004,+018
+004,+018
+002,+018
+002,+018
+002,+018
+002,+018
+002,+018
+002,+018
+002,+018
+002,+018
+002,+018
+002,+018
+000,+018
+000,+018
+000,+018
+000,+018
+000,+018
+000,+020
+000,+020
+000,+020
+000,+020
+002,+020
+002,+020
+002,+020
+002,+020
+002,+020
+002,+020
+002,+020
+002,+020
+002,+020
+002,+022
+002,+022
+004,+022
+004,+022
+004,+022
+004,+022
+004,+022
+004,+022
+004,+022
+004,+022
+004,+022
+004,+022
+004,+022
+004,+022
+004,+022
+006,+020
+006,+020
+006,+020
+006,+020
+006,+020
+006,+020
+006,+020
+006,+020
+006,+020
+006,+020
+006,+020
+006,+020
+006,+020
+006,+020
+006,+020
+006,+020
+006,+020
+006,+020
+006,+020
+006,+020
+006,+020
+006,+020
+006,+020
+006,+020
+006,+020
+006,+020
+006,+020
+006,+020
+006,+020
+006,+020
+006,+020
+006,+020
+006,+020
+006,+020
+006,+018
+006,+018
+006,+018
+006,+018
+006,+018
+006,+018
+006,+018
+006,+018
+006,+018
+006,+018
+006,+018
+006,+018
+006,+018
+006,+018
+006,+018
+006,+018
+006,+018
+006,+018
+006,+018
+006,+016
+006,+016
+006,+016
+006,+016
+006,+016
+006,+016
+006,+016
+006,+016
+006,+016
+006,+016
+006,+016
+006,+016
+006,+016
+006,+016
+008,+016
+008,+016
+008,+016
+008,+016
+008,+016
+008,+016
+008,+016
+008,+016
+008,+016
+008,+016
+008,+016
+008,+016
+008,+016
+008,+016
+008,+016
+008,+016
+008,+016
+008,+016
+008,+016
+008,+016
+008,+016
+008,+016
+008,+016
+008,+016
+008,+016
+008,+016
+008,+016
+008,+016
+008,+016
+008,+016
+008,+016
+008,+016
+008,+016
+008,+016
+008,+016
+008,+016
+008,+016
+008,+016
+008,+016
+008,+016
+008,+016
+008,+016
+008,+016
+008,+016
+008,+016
+008,+018
+008,+018
+008,+018
+008,+018
+008,+018
+008,+018
+008,+018
+006,+018
+006,+018
+006,+018
+006,+018
+006,+018
+006,+018
+006,+018
+006,+018
+006,+018
+006,+018
+006,+018
+006,+018
+006,+018
+006,+018
+006,+018
+006,+018
+006,+018
+006,+018
+006,+020
+004,+020
+004,+020
+004,+020
+004,+020
+004,+020
+004,+020
+004,+020
+004,+020
+004,+020
+004,+020
+004,+020
+004,+020
+004,+020
+004,+020
+004,+020
+004,+020
+004,+020
+004,+020
+004,+020
+004,+020
+004,+020
+004,+020
+004,+020
+004,+020
+004,+020
+004,+020
+004,+020
+004,+020
+004,+020
+004,+020
+004,+020
+004,+020
+004,+020
+004,+020
+004,+020
+004,+018
+004,+018
+004,+018
+004,+018
+004,+018
+004,+018
+004,+018
+004,+018
+004,+018
+004,+018
+004,+018
+004,+018
+004,+018
+004,+018
+004,+018
+004,+018
+004,+018
+004,+018
+004,+018
+004,+018
+004,+018
+004,+018
+004,+018
+004,+018
+004,+016
+004,+016
+004,+016
+004,+016
+004,+016
+004,+016
+004,+016
+004,+016
+004,+016
+004,+016
+004,+016
+004,+016
+004,+016
+004,+016
+004,+016
+004,+016
+004,+016
+004,+016
+004,+016
+004,+016
+004,+016
+004,+016
+004,+016
+004,+016
+004,+016
+004,+016
+004,+016
+004,+016
+004,+016
+004,+016
+004,+016
+004,+016
+004,+016
+004,+016
+004,+016
+004,+016
+004,+016
+004,+016
+004,+016
+004,+016
+004,+016
+004,+016
+004,+016
+004,+016
+006,+016
+006,+016
+006,+016
+006,+016
+006,+016
+006,+016
+006,+016
+006,+016
+006,+016
+006,+016
+006,+016
+006,+016
+008,+016
+008,+016
+008,+016
+008,+016
+008,+016
+008,+016
+008,+016
+008,+016
+008,+016
+008,+016
+008,+016
+010,+016
+010,+016
+010,+016
+010,+016
+010,+016
+010,+016
+010,+016
+010,+016
+010,+016
+010,+016
+010,+016
+010,+016
+010,+016
+012,+016
+012,+016
+012,+016
+012,+016
+012,+016
+012,+016
+012,+016
+012,+016
+012,+016
+012,+016
+012,+016
+012,+016
+012,+014
+012,+014
+012,+014
+012,+014
+012,+014
+012,+014
+012,+014
+012,+014
+012,+014
+012,+014
+012,+014
+012,+014
+012,+014
+012,+014
+012,+014
+012,+014
+012,+014
+012,+014
+012,+014
+012,+014
+012,+014
+012,+014
+012,+014
+012,+014
+012,+014
+012,+014
+012,+014
+012,+014
+012,+014
+012,+014
+012,+014
+012,+014
+012,+014
+012,+014
+012,+014
+012,+014
+012,+014
+012,+014
+012,+014
+012,+014
+012,+014
+012,+014
+012,+014
+012,+014
+012,+014
+012,+014
+012,+014
+012,+014
+012,+014
+012,+014
+010,+014
+010,+014
+010,+014
+010,+014
+010,+014
+010,+014
+010,+014
+010,+014
+010,+014
+010,+014
+010,+014
+010,+014
+010,+014
+010,+014
+010,+014
+010,+014
+010,+014
+010,+014
+012,+014
+012,+014
+012,+014
+012,+014
+012,+014
+012,+014
+012,+014
+012,+014
+012,+014
+012,+014
+012,+014
+012,+014
+012,+014
+012,+014
+014,+014
+014,+014
+014,+014
+014,+014
+014,+014
+014,+014
+014,+014
+014,+014
+014,+014
+016,+014
+016,+014
+016,+014
+016,+014
+016,+014
+016,+014
+016,+014
+016,+014
+018,+014
+018,+014
+018,+014
+018,+014
+018,+014
+018,+014
+018,+014
+018,+014
+018,+014
+018,+014
+018,+014
+018,+014
+018,+014
+018,+014
+020,+014
+020,+014
+020,+014
+020,+014
+020,+014
+020,+014
+020,+014
+020,+014
+020,+014
+020,+012
+020,+012
+020,+012
+020,+012
+020,+012
+020,+012
+020,+012
+020,+012
+020,+012
+020,+012
+020,+012
+020,+012
+020,+012
+020,+012
+020,+012
+020,+012
+020,+012
+020,+012
+020,+012
+020,+012
+020,+012
+020,+012
+020,+012
+020,+012
+020,+012
+020,+012
+020,+012
+020,+012
+018,+012
+018,+012
+018,+012
+018,+014
+018,+014
+018,+014
+018,+014
+018,+014
+018,+014
+018,+014
+016,+014
+016,+014
+016,+014
+016,+014
+016,+014
+016,+014
+016,+014
+016,+014
+016,+014
+016,+014
+016,+014
+016,+014
+016,+014
+016,+014
+016,+014
+016,+014
+016,+014
+016,+014
+016,+014
+016,+014
+016,+014
+016,+014
+016,+014
+016,+014
+016,+014
+016,+014
+016,+014
+016,+014
+016,+014
+016,+014
+016,+014
+016,+014
+016,+014
+016,+014
+016,+014
+016,+014
+016,+014
+016,+014
+016,+014
+016,+014
+016,+014
+016,+014
+016,+014
+016,+014
+016,+014
+016,+014
+016,+014
+016,+014
+018,+014
+018,+014
+018,+014
+018,+014
+018,+014
+018,+014
+018,+014
+018,+014
+018,+014
+018,+014
+018,+014
+018,+014
+018,+016
+018,+016
+020,+016
+020,+016
+020,+016
+020,+016
+020,+016
+020,+016
+020,+016
+020,+016
+020,+016
+020,+016
+020,+016
+020,+016
+020,+016
+020,+016
+020,+016
+018,+016
+018,+016
+018,+016
+018,+016
+018,+016
+018,+016
+018,+016
+018,+016
+018,+016
+018,+016
+018,+016
+016,+016
+016,+016
+016,+016
+016,+016
+016,+016
+016,+016
+016,+016
+016,+016
+014,+016
+014,+016
+014,+016
+014,+016
+014,+016
+014,+016
+014,+016
+014,+016
+014,+016
+012,+016
+012,+016
+012,+016
+012,+016
+012,+016
+012,+016
+010,+016
+010,+016
+010,+016
+010,+016
+010,+016
+010,+016
+010,+016
+010,+016
+010,+016
+008,+016
+008,+016
+008,+016
+008,+016
+008,+016
+008,+016
+008,+016
+008,+016
+008,+016
+008,+016
+008,+016
+008,+016
+008,+016
+008,+016
+006,+016
+006,+016
+006,+016
+006,+016
+006,+016
+006,+016
+006,+016
+006,+016
+006,+016
+006,+016
+006,+016
+006,+016
+006,+016
+006,+016
+006,+016
+006,+016
+006,+016
+006,+016
+006,+016
+006,+016
+006,+016
+006,+016
+006,+016
+006,+016
+006,+016
+006,+016
+006,+016
+006,+016
+006,+016
+006,+016
+006,+016
+006,+016
+006,+016
+006,+016
+006,+016
+006,+016
+006,+016
+006,+016
+006,+016
+006,+016
+006,+016
+006,+016
+006,+016
+006,+016
+006,+016
+006,+016
+006,+016
+006,+016
+006,+016
+006,+018
+006,+018
+006,+018
+006,+018
+006,+018
+008,+018
+008,+018
+008,+018
+008,+018
+008,+018
+008,+018
+008,+018
+008,+018
+008,+018
+008,+018
+008,+018
+008,+018
+008,+018
+008,+018
+008,+018
+008,+018
+008,+018
+008,+018
+008,+018
+008,+018
+008,+018
+008,+018
+008,+018
+008,+018
+008,+018
+008,+018
+008,+018
+008,+018
+008,+018
+008,+018
+008,+018
+008,+018
+008,+018
+008,+018
+008,+018
+008,+018
+008,+018
+008,+018
+008,+018
+008,+018
+008,+018
+008,+018
+006,+018
+006,+018
+006,+018
+006,+018
+006,+018
+006,+018
+006,+018
+006,+018
+006,+018
+006,+018
+006,+018
+006,+018
+006,+018
+006,+018
+006,+018
+006,+020
+006,+020
+006,+020
+006,+020
+006,+020
+006,+020
+006,+020
+006,+020
+004,+020
+004,+020
+004,+020
+004,+020
+004,+020
+004,+020
+004,+020
+004,+020
+004,+020
+004,+020
+004,+020
+004,+020
+004,+020
+004,+020
+004,+020
+004,+020
+004,+020
+004,+020
+004,+020
+004,+020
+004,+020
+004,+020
+002,+020
+002,+020
+002,+020
+002,+020
+002,+020
+002,+020
+002,+020
+002,+020
+002,+020
+002,+020
+002,+020
+002,+020
+002,+020
+002,+020
+002,+020
+002,+020
+002,+020
+002,+020
+002,+020
+002,+020
+002,+020
+002,+020
+002,+020
+002,+020
+002,+020
+002,+020
+000,+020
+000,+020
+000,+022
+000,+022
+000,+022
+000,+022
+000,+022
+000,+022
+000,+022
+000,+022
+000,+022
+000,+022
+002,+022
+002,+022
+002,+022
+002,+022
+002,+022
+002,+022
+002,+022
+002,+022
+002,+022
+002,+022
+004,+022
+004,+022
+004,+022
+004,+022
+004,+022
+004,+022
+004,+022
+004,+022
+004,+022
+004,+022
+004,+022
+004,+022
+004,+022
+004,+022
+004,+022
+004,+022
+004,+022
+004,+022
+006,+022
+006,+022
+006,+022
+006,+022
+006,+022
+006,+022
+006,+022
+006,+022
+006,+022
+006,+022
+006,+022
+006,+020
+006,+020
+006,+020
+006,+020
+006,+020
+006,+020
+006,+020
+006,+020
+006,+020
+006,+020
+006,+020
+006,+020
+006,+020
+006,+020
+006,+020
+006,+020
+004,+020
+004,+020
+004,+020
+004,+020
+004,+020
+004,+020
+004,+020
+004,+020
+004,+020
+004,+020
+004,+020
+004,+020
+002,+020
+002,+020
+002,+020
+002,+020
+002,+020
+000,+020
+000,+020
+000,+020
+000,+020
+000,+020
+000,+020
+000,+020
+002,+020
+002,+022
+002,+022
+002,+022
+002,+022
+002,+022
+002,+022
+002,+022
+004,+022
+004,+022
+004,+022
+004,+022
+004,+022
+004,+022
+004,+022
+004,+022
+004,+022
+004,+022
+004,+022
+004,+022
+004,+022
+004,+022
+004,+022
+006,+020
+006,+020
+006,+020
+006,+020
+006,+020
+006,+020
+006,+020
+006,+020
+006,+020
+006,+020
+006,+020
+006,+020
+006,+020
+006,+020
+006,+020
+006,+020
+006,+020
+006,+020
+006,+020
+006,+020
+006,+020
+006,+020
+006,+020
+006,+020
+006,+020
+006,+020
+006,+020
+004,+020
+004,+020
+004,+020
+004,+020
+004,+020
+004,+020
+004,+020
+004,+020
+004,+020
+004,+020
+004,+020
+004,+020
+004,+020
+004,+020
+004,+020
+004,+020
+004,+020
+004,+020
+004,+020
+004,+020
+004,+020
+004,+020
+004,+020
+004,+020
+004,+020
+004,+020
+004,+020
+004,+020
+004,+020
+004,+020
+004,+020
+004,+020
+004,+020
+004,+020
+004,+020
+004,+020
+004,+020
+004,+020
+004,+020
+004,+020
+004,+020
+004,+020
+004,+020
+004,+020
+004,+020
+004,+022
+004,+022
+004,+022
+004,+022
+004,+022
+006,+022
+006,+022
+006,+022
+006,+022
+006,+022
+006,+022
+006,+022
+006,+022
+006,+024
+006,+024
+006,+024
+006,+024
+006,+024
+006,+024
+006,+024
+006,+024
+006,+024
+006,+024
+006,+024
+006,+024
+006,+024
+006,+024
+006,+024
+006,+024
+006,+024
+006,+024
+006,+024
+006,+024
+006,+026
+006,+026
+006,+026
+004,+026
+004,+026
+004,+026
+004,+026
+004,+026
+004,+026
+004,+026
+004,+026
+004,+026
+002,+026
+002,+026
+002,+026
+002,+026
+002,+026
+002,+026
+002,+026
+002,+026
+000,+026
+000,+026
+000,+026
+000,+026
+000,+026
+000,+026
+000,+026
+000,+026
+002,+026
+002,+026
+002,+028
+002,+028
+002,+028
+002,+028
+002,+028
+002,+028
+004,+028
+004,+028
+004,+028
+004,+028
+004,+028
+004,+028
+004,+028
+004,+028
+006,+028
+006,+028
+006,+028
+006,+028
+006,+028
+006,+028
+006,+028
+006,+028
+006,+028
+006,+028
+006,+028
+006,+028
+006,+028
+006,+028
+006,+028
+006,+028
+006,+028
+006,+028
+006,+028
+006,+028
+006,+028
+006,+028
+006,+028
+006,+028
+006,+028
+006,+028
+006,+028
+006,+028
+006,+028
+006,+028
+006,+028
+006,+028
+006,+028
+006,+028
+006,+028
+006,+028
+006,+028
+006,+028
+006,+028
+006,+028
+006,+028
+006,+028
+006,+028
+006,+028
+006,+028
+006,+028
+006,+028
+006,+028
+006,+028
+006,+028
+006,+028
+006,+028
+006,+028
+006,+028
+006,+028
+006,+028
+006,+028
+006,+028
+006,+028
+006,+028
+006,+028
+006,+028
+006,+028
+006,+028
+006,+028
+006,+028
+006,+028
+006,+028
+006,+028
+006,+028
+006,+028
+006,+028
+006,+026
+006,+026
+006,+026
+006,+026
+006,+026
+006,+026
+006,+026
+006,+026
+006,+026
+006,+026
+006,+026
+006,+026
+006,+026
+006,+026
+006,+026
+006,+026
+006,+026
+006,+026
+006,+026
+006,+026
+006,+026
+006,+026
+006,+024
+006,+024
+006,+024
+006,+024
+006,+024
+006,+024
+006,+024
+006,+024
+006,+024
+006,+024
+006,+024
+006,+024
+006,+024
+006,+024
+004,+022
+004,+022
+004,+022
+004,+022
+004,+022
+004,+022
+004,+022
+004,+022
+004,+022
+004,+022
+004,+022
+004,+022
+004,+022
+004,+022
+004,+022
+004,+022
+004,+022
+004,+022
+004,+022
+002,+022
+002,+022
+002,+020
+002,+020
+002,+020
+002,+020
+002,+020
+002,+020
+002,+020
+002,+020
+002,+020
+000,+020
+000,+020
+000,+020
+000,+020
+000,+020
+000,+020
+000,+020
+000,+020
+000,+020
+000,+020
+000,+020
+002,+020
+002,+020
+002,+020
+002,+020
+002,+020
+002,+020
+002,+020
+002,+020
+002,+020
+002,+018
+002,+018
+002,+018
+002,+018
+002,+018
+002,+018
+002,+018
+002,+018
+002,+018
+002,+018
+002,+018
+002,+018
+002,+018
+002,+018
+002,+018
+002,+018
+002,+018
+002,+016
+002,+016
+002,+016
+002,+016
+002,+016
+002,+016
+004,+016
+004,+016
+004,+016
+004,+016
+004,+016
+004,+016
+004,+016
+004,+016
+004,+016
+004,+016
+004,+016
+004,+016
+004,+016
+004,+016
+004,+016
+006,+016
+006,+016
+006,+016
+006,+016
+006,+016
+006,+016
+006,+016
+006,+016
+006,+016
+006,+016
+006,+016
+006,+016
+006,+016
+006,+016
+006,+016
+006,+016
+006,+016
+006,+016
+006,+016
+006,+016
+006,+016
+006,+016
+006,+016
+006,+016
+006,+016
+006,+016
+006,+016
+006,+016
+006,+016
+006,+018
+006,+018
+006,+018
+006,+018
+006,+018
+004,+018
+004,+018
+004,+018
+004,+018
+004,+018
+004,+018
+004,+018
+004,+020
+004,+020
+004,+020
+004,+020
+004,+020
+004,+020
+004,+020
+004,+020
+004,+020
+004,+022
+004,+022
+004,+022
+004,+022
+002,+022
+002,+022
+002,+022
+002,+022
+002,+022
+002,+022
+002,+022
+002,+022
+002,+022
+002,+022
+002,+022
+002,+022
+002,+022
+002,+022
+004,+022
+004,+022
+004,+022
+004,+022
+004,+022
+004,+022
+004,+022
+004,+022
+004,+022
+006,+022
+006,+022
+006,+022
+006,+022
+006,+022
+006,+022
+006,+022
+006,+022
+006,+022
+008,+022
+008,+022
+008,+022
+008,+022
+008,+022
+008,+022
+008,+022
+008,+022
+008,+022
+008,+022
+008,+022
+008,+022
+008,+022
+010,+022
+010,+022
+010,+022
+010,+022
+010,+022
+010,+022
+010,+022
+010,+022
+010,+022
+010,+022
+010,+022
+010,+022
+010,+022
+010,+022
+010,+022
+010,+022
+010,+022
+010,+022
+010,+022
+010,+022
+010,+022
+010,+020
+010,+020
+010,+020
+010,+020
+010,+020
+010,+020
+010,+020
+010,+020
+010,+020
+010,+020
+010,+020
+010,+020
+010,+020
+010,+020
+010,+020
+010,+020
+012,+020
+012,+018
+012,+018
+012,+018
+012,+018
+012,+018
+012,+018
+012,+018
+012,+018
+012,+018
+012,+018
+012,+018
+012,+018
+012,+018
+012,+018
+012,+018
+012,+016
+012,+016
+012,+016
+012,+016
+012,+016
+012,+016
+012,+016
+012,+016
+012,+016
+012,+016
+012,+016
+012,+016
+012,+016
+012,+016
+012,+016
+012,+016
+012,+016
+012,+016
+012,+016
+012,+016
+012,+016
+012,+016
+012,+016
+010,+016
+010,+016
+010,+016
+010,+016
+010,+016
+010,+016
+010,+016
+010,+014
+010,+014
+010,+014
+010,+014
+010,+014
+010,+014
+010,+014
+010,+014
+010,+014
+008,+016
+008,+016
+008,+016
+008,+016
+008,+016
+008,+016
+008,+016
+008,+016
+008,+016
+008,+016
+006,+016
+006,+016
+006,+018
+006,+018
+006,+018
+006,+018
+004,+018
+004,+018
+004,+018
+004,+020
+004,+020
+004,+020
+004,+020
+004,+020
+004,+020
+004,+020
+002,+022
+002,+022
+002,+022
+002,+022
+002,+022
+002,+022
+002,+022
+002,+022
+002,+022
+002,+022
+002,+022
+002,+022
+002,+022
+002,+022
+002,+022
+002,+022
+002,+022
+002,+022
+002,+022
+002,+022
+002,+022
+002,+022
+002,+022
+002,+022
+002,+022
+002,+022
+002,+022
+002,+022
+002,+022
+002,+022
+002,+022
+002,+022
+002,+022
+002,+024
+002,+024
+004,+024
+004,+024
+004,+024
+004,+024
+004,+024
+004,+024
+004,+024
+004,+024
+004,+024
+004,+024
+006,+024
+006,+024
+006,+024
+006,+024
+006,+024
+006,+024
+006,+024
+006,+024
+006,+024
+006,+024
+006,+024
+006,+024
+006,+024
+006,+024
+006,+024
+006,+024
+006,+024
+006,+024
+006,+024
+006,+024
+006,+024
+006,+024
+006,+024
+006,+024
+006,+024
+006,+024
+006,+024
+006,+024
+006,+024
+006,+024
+006,+024
+006,+024
+006,+024
+006,+024
+006,+022
+006,+022
+006,+022
+006,+022
+006,+022
+006,+022
+006,+022
+006,+022
+006,+022
+006,+022
+006,+022
+006,+022
+006,+022
+006,+022
+006,+022
+006,+022
+006,+022
+006,+022
+006,+022
+006,+022
+006,+022
+006,+022
+006,+022
+006,+022
+006,+022
+006,+022
+006,+022
+006,+022
+006,+022
+006,+022
+006,+022
+006,+022
+006,+022
+006,+022
+006,+022
+006,+022
+006,+022
+006,+022
+006,+022
+006,+022
+004,+022
+004,+022
+004,+022
+004,+022
+004,+022
+004,+022
+004,+022
+004,+022
+004,+022
+004,+022
+004,+022
+004,+022
+004,+022
+004,+022
+004,+022
+004,+022
+004,+024
+002,+024
+002,+024
+002,+024
+002,+024
+002,+024
+002,+024
+002,+024
+002,+024
+002,+024
+002,+024
+000,+024
+000,+024
+000,+024
+000,+024
+000,+024
+000,+024
+000,+024
+000,+024
+000,+026
+000,+026
+000,+026
+002,+026
+002,+026
+002,+026
+002,+026
+002,+026
+002,+026
+002,+026
+002,+026
+002,+026
+002,+026
+002,+026
+002,+026
+002,+026
+002,+026
+002,+026
+002,+026
+002,+026
+002,+026
+002,+024
+002,+024
+002,+024
+002,+024
+000,+024
+000,+024
+000,+024
+000,+024
+000,+024
+000,+024
+000,+024
+000,+024
+000,+024
+000,+024
+000,+024
+000,+024
+002,+024
+002,+024
+002,+024
+002,+024
+002,+024
+002,+024
+002,+024
+002,+024
+002,+024
+004,+024
+004,+024
+004,+024
+004,+022
+004,+022
+004,+022
+004,+022
+004,+022
+004,+022
+004,+022
+004,+022
+004,+022
+004,+022
+004,+022
+004,+022
+004,+022
+004,+020
+004,+020
+004,+020
+004,+020
+004,+020
+004,+020
+004,+020
+004,+020
+004,+020
+004,+020
+004,+020
+004,+020
+004,+020
+004,+020
+004,+020
+004,+020
+004,+020
+004,+020
+004,+020
+004,+020
+004,+020
+004,+020
+004,+020
+004,+020
+004,+020
+004,+020
+006,+020
+006,+020
+006,+020
+006,+020
+006,+020
+006,+020
+006,+020
+006,+020
+006,+020
+006,+020
+006,+020
+006,+020
+006,+020
+006,+020
+006,+020
+006,+020
+006,+020
+006,+020
+006,+020
+006,+020
+006,+020
+006,+020
+004,+020
+004,+020
+004,+020
+004,+020
+004,+020
+004,+020
+004,+020
+004,+020
+004,+020
+004,+020
+004,+020
+004,+020
+004,+020
+004,+020
+004,+020
+004,+020
+004,+020
+004,+020
+004,+020
+004,+020
+004,+020
+004,+020
+004,+020
+004,+020
+004,+022
+004,+022
+004,+022
+004,+022
+004,+022
+004,+022
+004,+022
+004,+022
+004,+022
+002,+022
+002,+022
+002,+022
+002,+024
+002,+024
+002,+024
+002,+024
+002,+024
+002,+024
+002,+024
+002,+024
+002,+024
+002,+024
+002,+024
+002,+024
+002,+024
+002,+024
+002,+024
+002,+024
+002,+024
+002,+024
+002,+024
+002,+024
+002,+024
+002,+024
+002,+024
+002,+024
+002,+024
+002,+024
+002,+024
+002,+024
+002,+024
+002,+024
+002,+024
+002,+024
+002,+024
+002,+024
+002,+024
+002,+024
+002,+024
+002,+024
+002,+024
+002,+024
+002,+024
+002,+024
+002,+024
+002,+024
+002,+024
+002,+024
+002,+024
+002,+024
+002,+024
+002,+024
+002,+024
+002,+024
+002,+024
+002,+024
+002,+024
+002,+024
+002,+024
+002,+024
+002,+024
+002,+024
+002,+024
+002,+024
+002,+024
+002,+024
+002,+024
+002,+024
+002,+024
+002,+024
+002,+024
+002,+024
+002,+024
+002,+024
+002,+024
+002,+024
+002,+024
+002,+024
+002,+024
+002,+024
+002,+024
+002,+024
+002,+024
+002,+024
+002,+024
+002,+024
+002,+024
+002,+024
+002,+024
+002,+024
+002,+024
+002,+024
+002,+024
+002,+024
+002,+024
+002,+024
+002,+024
+002,+024
+002,+022
+002,+022
+002,+022
+002,+022
+002,+022
+002,+022
+002,+022
+002,+022
+002,+022
+002,+022
+002,+022
+002,+022
+002,+022
+002,+022
+002,+022
+004,+022
+004,+022
+004,+022
+004,+022
+004,+022
+004,+022
+004,+022
+004,+022
+004,+022
+004,+020
+004,+020
+004,+020
+004,+020
+004,+020
+004,+020
+004,+020
+004,+020
+004,+020
+004,+020
+004,+020
+006,+020
+006,+020
+006,+020
+006,+020
+006,+020
+006,+020
+006,+020
+006,+020
+006,+020
+006,+020
+006,+020
+006,+020
+006,+020
+006,+020
+006,+020
+006,+020
+006,+020
+006,+020
+006,+020
+006,+020
+006,+020
+006,+020
+006,+020
+006,+020
+006,+020
+006,+020
+006,+020
+006,+020
+006,+020
+006,+020
+006,+020
+006,+020
+006,+020
+006,+020
+006,+020
+006,+020
+006,+020
+006,+020
+006,+020
+006,+020
+006,+020
+006,+020
+006,+020
+006,+020
+006,+020
+006,+020
+006,+020
+006,+020
+006,+020
+006,+020
+006,+020
+006,+020
+006,+020
+006,+020
+006,+020
+006,+020
+006,+020
+006,+020
+006,+020
+006,+020
+006,+020
+006,+020
+006,+020
+006,+020
+006,+020
+006,+020
+006,+020
+006,+020
+006,+020
+006,+020
+006,+020
+006,+020
+006,+020
+006,+020
+006,+020
+006,+020
+006,+020
+006,+020
+006,+020
+006,+020
+006,+020
+006,+020
+006,+020
+006,+020
+006,+020
+006,+020
+006,+020
+006,+020
+006,+020
+006,+020
+006,+020
+006,+020
+006,+020
+006,+020
+006,+020
+006,+020
+006,+020
+006,+020
+006,+020
+006,+020
+006,+020
+006,+020
+006,+020
+006,+020
+006,+020
+006,+020
+006,+020
+006,+020
+006,+020
+006,+020
+006,+020
+006,+020
+006,+020
+006,+020
+006,+020
+006,+020
+006,+020
+006,+020
+006,+020
+006,+020
+006,+020
+006,+020
+006,+020
+006,+020
+006,+020
+006,+020
+006,+020
+006,+020
+006,+020
+008,+020
+008,+020
+008,+020
+008,+020
+008,+020
+008,+020
+008,+020
+008,+020
+008,+020
+008,+020
+008,+020
+008,+020
+008,+020
+008,+020
+008,+020
+008,+020
+008,+020
+008,+020
+008,+020
+008,+020
+008,+020
+008,+020
+008,+018
+008,+018
+008,+018
+008,+018
+008,+018
+008,+018
+008,+018
+008,+018
+008,+018
+008,+018
+008,+018
+008,+018
+008,+018
+008,+018
+008,+018
+008,+018
+008,+018
+008,+018
+008,+018
+006,+018
+006,+018
+006,+018
+006,+018
+006,+018
+006,+018
+006,+018
+006,+018
+006,+018
+006,+018
+004,+018
+004,+018
+004,+018
+004,+018
+004,+018
+004,+018
+004,+018
+004,+018
+004,+018
+004,+018
+004,+018
+004,+018
+004,+018
+004,+018
+004,+018
+004,+018
+004,+018
+004,+018
+004,+018
+004,+018
+002,+018
+002,+018
+002,+018
+002,+018
+002,+018
+002,+018
+002,+018
+002,+018
+002,+018
+002,+018
+002,+018
+002,+016
+002,+016
+002,+016
+002,+016
+002,+016
+002,+016
+002,+016
+002,+016
+002,+016
+002,+016
+002,+016
+002,+016
+002,+016
+002,+016
+002,+016
+002,+016
+002,+016
+002,+016
+002,+016
+002,+016
+002,+016
+002,+016
+002,+016
+002,+016
+002,+016
+002,+016
+002,+016
+002,+016
+002,+016
+002,+016
+002,+016
+002,+016
+002,+016
+002,+016
+002,+016
+002,+016
+002,+016
+002,+016
+002,+016
+002,+016
+002,+016
+002,+016
+002,+016
+002,+016
+002,+016
+002,+016
+002,+016
+002,+016
+002,+016
+002,+016
+002,+016
+002,+016
+002,+016
+002,+016
+002,+016
+002,+016
+002,+016
+002,+016
+002,+016
COP Area(S): 000350
COP Area(R): 000804