+000,+000
+000,+000
+000,+000
+000,+000
+000,+000
+000,+000
+000,+000
+000,+000
+000,-001
+000,-001
+000,-002
+002,-002
+002,-002
+002,-002
+002,-002
+002,-002
+002,-003
+002,-003
+002,-003
+002,-004
+002,-004
+002,-004
+002,-005
+004,-005
+004,-006
+004,-006
+004,-006
+004,-006
+004,-006
+004,-006
+004,-006
+004,-006
+004,-006
+004,-006
+004,-006
+004,-006
+004,-006
+004,-006
+004,-006
+004,-006
+004,-006
+004,-006
+004,-006
+004,-006
+004,-006
+004,-006
+004,-006
+004,-006
+004,-006
+004,-006
+004,-006
+004,-006
+004,-006
+004,-006
+004,-006
+004,-006
+004,-006
+004,-006
+004,-003
+002,-004
+002,-004
+002,-004
+002,-004
+002,-004
+002,-004
+002,-004
+002,-004
+002,-004
+002,-004
+000,-004
+000,-004
+000,-001
+000,-001
+000,-001
+000,-001
+000,-001
+000,-001
+000,-001
+000,-001
+000,-001
+000,-001
+000,-001
+000,-001
+000,-001
+000,-001
+000,-001
+000,-001
+000,-001
+001,-001
+001,-001
+001,-001
+001,-001
+001,-001
+001,-001
+001,-001
+001,-001
+001,-001
+001,+001
-002,+001
-002,+001
-002,+001
-002,+001
-002,+001
-002,+001
-002,+001
-002,+003
-002,+003
-002,+003
-003,+003
-003,+003
-003,+003
-003,+003
-003,+003
-003,+003
-003,+003
-003,+003
-003,+003
-003,+003
-003,+003
-003,+003
-003,+003
-003,+003
-003,+003
-003,+003
-003,+003
-003,+003
-003,+003
-003,+003
-003,+003
-003,+003
-003,+003
-003,+003
-003,+003
-003,+003
-003,+003
-003,+005
+001,+005
+001,+005
+001,+005
+001,+005
+001,+005
+001,+005
+001,+005
+001,+005
+001,+005
+001,+007
+001,+007
+001,+007
+001,+007
+001,+007
+001,+007
+001,+007
+001,+007
+001,+007
+001,+007
+001,+007
+001,+007
+001,+007
+001,+007
+001,+007
+001,+007
+001,+007
+001,+007
+001,+009
+001,+009
+003,+009
+003,+009
+003,+009
+003,+009
+003,+009
+003,+009
+003,+009
+003,+011
+003,+011
+003,+011
+003,+011
+003,+011
+003,+011
+003,+011
+003,+011
+003,+011
+003,+011
+005,+011
+005,+011
+005,+011
+005,+011
+005,+011
+005,+011
+005,+013
+005,+013
+005,+013
+005,+013
+005,+013
+005,+013
+005,+013
+005,+013
+005,+013
+005,+013
+005,+013
+005,+013
+007,+013
+007,+015
+007,+015
+007,+015
+007,+015
+007,+015
+007,+015
+007,+015
+007,+015
+007,+015
+007,+015
+007,+015
+007,+017
+007,+017
+009,+017
+009,+017
+009,+017
+009,+017
+009,+017
+009,+017
+009,+017
+009,+017
+009,+017
+009,+017
+009,+017
+009,+017
+009,+017
+009,+017
+009,+017
+009,+017
+009,+017
+009,+017
+009,+017
+011,+015
+011,+015
+011,+015
+011,+015
+011,+015
+011,+015
+011,+015
+011,+015
+011,+015
+011,+015
+011,+015
+011,+015
+011,+015
+013,+015
+013,+013
+013,+013
+013,+013
+013,+013
+013,+013
+013,+013
+015,+013
+015,+013
+015,+013
+015,+013
+015,+013
+015,+013
+015,+013
+015,+013
+015,+013
+015,+013
+015,+011
+015,+011
+017,+011
+017,+011
+017,+011
+017,+011
+017,+011
+017,+011
+017,+011
+017,+011
+017,+009
+019,+009
+019,+009
+019,+009
+019,+007
+019,+007
+019,+007
+019,+007
+019,+007
+021,+007
+021,+005
+021,+005
+021,+005
+021,+005
+021,+005
+021,+003
+021,+003
+021,+003
+021,+001
+021,+001
+023,+001
+023,+001
+023,+001
+023,+000
+023,+000
+023,-001
+023,-001
+023,-001
+023,-001
+023,-001
+023,-002
+023,-002
+023,-002
+023,-002
+023,-003
+023,-003
+023,-003
+023,-004
+023,-004
+023,-004
+023,-004
+023,-004
+023,-004
+023,-004
+023,-005
+023,-005
+023,-005
+023,-006
+023,-006
+023,-006
+023,-006
+023,-006
+023,-006
+023,-006
+023,-007
+023,-007
+023,-007
+023,-007
+021,-007
+021,-007
+021,-008
+021,-008
+021,-008
+021,-008
+021,-008
+021,-008
+021,-008
+021,-008
+021,-008
+019,-008
+019,-008
+019,-008
+019,-008
+019,-009
+019,-009
+019,-009
+019,-009
+019,-010
+017,-010
+017,-010
+017,-010
+017,-010
+017,-010
+015,-010
+015,-010
+015,-010
+015,-010
+015,-011
+013,-011
+013,-011
+013,-011
+013,-011
+013,-011
+011,-011
+011,-011
+011,-011
+011,-011
+011,-011
+011,-011
+009,-011
+009,-012
+009,-012
+009,-012
+009,-012
+009,-012
+009,-012
+009,-012
+009,-012
+009,-012
+009,-012
+009,-013
+009,-013
+009,-013
+009,-013
+009,-013
+009,-013
+009,-013
+009,-013
+009,-013
+009,-013
+009,-013
+009,-013
+009,-013
+009,-013
+009,-014
+009,-014
+009,-014
+009,-014
+009,-014
+009,-014
+009,-014
+009,-014
+009,-014
+009,-014
+009,-015
+009,-015
+009,-015
+009,-015
+009,-015
+009,-015
+009,-015
+009,-015
+009,-015
+009,-015
+009,-015
+009,-015
+009,-015
+009,-015
+009,-015
+009,-015
+009,-015
+009,-015
+009,-015
+009,-015
+009,-015
+009,-015
+009,-015
+009,-015
+009,-015
+009,-012
+009,-012
+009,-012
+009,-012
+009,-012
+009,-012
+009,-012
+009,-012
+009,-012
+009,-012
+009,-009
+009,-009
+009,-009
+009,-009
+007,-009
+007,-009
+007,-009
+007,-009
+007,-009
+007,-009
+007,-009
+007,-009
+007,-009
+007,-009
+007,-009
+007,-006
+007,-006
+007,-006
+007,-006
+007,-006
+007,-006
+007,-006
+007,-006
+007,-006
+007,-006
+007,-006
+007,-006
+007,-003
+007,-004
+007,-004
+007,-004
+007,-004
+007,-004
+007,-004
+007,-004
+007,-004
+007,-004
+007,-004
+007,-004
+007,-004
+007,-004
+007,-004
+007,-004
+007,-004
+007,-004
+007,-004
+007,-001
+007,-001
+007,-001
+007,-001
+005,-001
+005,-001
+005,-001
+005,-001
+005,-001
+005,-001
+005,-001
+005,-001
+005,-001
+005,-001
+005,+001
+005,+001
+005,+001
+005,+001
+005,+001
+005,+001
+005,+001
+005,+001
+005,+001
+005,+001
+005,+001
+005,+001
+005,+001
+005,+003
+005,+003
+005,+003
+005,+003
+005,+003
+005,+003
+005,+003
+003,+003
+003,+003
+003,+003
+003,+003
+003,+003
+003,+003
+003,+003
+003,+005
+003,+005
+003,+005
+003,+005
+003,+005
+003,+005
+003,+007
+003,+007
+003,+007
+003,+007
+003,+007
+003,+007
+003,+007
+003,+007
+003,+007
+003,+007
+003,+009
+003,+009
+003,+009
+003,+009
+003,+009
+003,+009
+003,+009
+003,+009
+003,+009
+003,+009
+003,+009
+003,+009
+003,+009
+003,+009
+003,+009
+003,+009
+003,+011
+003,+011
+003,+011
+003,+011
+003,+011
+003,+011
+003,+011
+005,+011
+005,+011
+005,+011
+005,+011
+005,+011
+005,+011
+005,+011
+005,+011
+005,+011
+005,+011
+005,+011
+005,+011
+005,+011
+005,+011
+005,+011
+005,+011
+005,+011
+005,+011
+005,+011
+005,+011
+005,+011
+005,+011
+007,+011
+007,+011
+007,+011
+007,+011
+007,+011
+007,+011
+007,+011
+007,+011
+007,+011
+007,+011
+007,+011
+007,+011
+007,+011
+007,+011
+007,+011
+007,+013
+007,+013
+007,+013
+007,+013
+007,+013
+009,+013
+009,+013
+009,+013
+009,+013
+009,+013
+009,+015
+009,+015
+009,+015
+009,+015
+009,+015
+009,+015
+009,+015
+009,+015
+009,+015
+009,+015
+009,+015
+009,+015
+011,+015
+011,+015
+011,+015
+011,+015
+011,+015
+011,+015
+011,+015
+011,+015
+011,+015
+011,+015
+011,+015
+011,+015
+011,+015
+011,+015
+011,+015
+011,+015
+011,+015
+011,+015
+011,+015
+011,+015
+011,+015
+011,+015
+011,+015
+011,+013
+011,+013
+011,+013
+011,+013
+011,+013
+011,+013
+011,+013
+011,+013
+011,+013
+011,+013
+011,+011
+011,+011
+011,+011
+011,+011
+011,+011
+011,+011
+011,+011
+011,+011
+011,+011
+011,+011
+011,+011
+011,+009
+011,+009
+011,+009
+011,+009
+011,+009
+011,+007
+011,+007
+011,+007
+011,+007
+011,+007
+011,+005
+011,+005
+011,+005
+011,+005
+011,+005
+011,+005
+011,+003
+011,+003
+011,+003
+011,+003
+011,+003
+011,+003
+011,+003
+011,+003
+011,+003
+011,+003
+011,+003
+009,+003
+009,+003
+009,+003
+009,+003
+009,+003
+009,+003
+009,+003
+009,+003
+009,+003
+009,+003
+009,+003
+009,+003
+009,+003
+009,+003
+009,+003
+009,+003
+009,+003
+009,+003
+009,+003
+009,+003
+009,+003
+009,+003
+009,+003
+009,+003
+009,+003
+009,+003
+009,+003
+009,+003
+009,+003
+009,+003
+009,+003
+009,+003
+009,+003
+009,+003
+009,+003
+009,+003
+009,+003
+009,+003
+009,+003
+009,+003
+009,+003
+009,+003
+009,+003
+009,+003
+009,+003
+009,+003
+009,+003
+009,+003
+009,+003
+009,+003
+009,+003
+009,+003
+009,+003
+009,+003
+009,+003
+009,+003
+009,+003
+009,+003
+009,+003
+009,+003
+009,+003
+007,+001
+007,+001
+007,+001
+007,+001
+007,+001
+007,+001
+007,+001
+007,+001
+007,+001
+007,+001
+007,+001
+007,+001
+007,+001
+007,+001
+007,+001
+007,+001
+007,+001
+007,+001
+007,+001
+007,+001
+007,+001
+007,+001
+007,+001
+007,+001
+007,+001
+007,+001
+007,+001
+007,+001
+007,+001
+007,+001
+007,+001
+007,+001
+007,+001
+007,+001
+007,+001
+007,+001
+007,+001
+007,+001
+007,+001
+007,+001
+007,+001
+007,+001
+007,+001
+007,+001
+007,+001
+007,+001
+007,+001
+007,+001
+007,+001
+007,+001
+007,+001
+007,+001
+007,+001
+007,+001
+007,+001
+007,+001
+007,+001
+007,+001
+007,+001
+007,+001
+007,+001
+007,+001
+007,+001
+007,+001
+007,+001
+007,+001
+007,+001
+007,+001
+007,+001
+007,+001
+007,+001
+007,+001
+007,+001
+007,+001
+007,+001
+007,+001
+007,+001
+007,+001
+007,+001
+007,+001
+007,+001
+007,+001
+007,+001
+007,+001
+007,+001
+007,+000
+007,+000
+007,+000
+009,+000
+009,+000
+009,+000
+009,+000
+009,+000
+009,+000
+009,+000
+009,+000
+009,+000
+009,+000
+009,+000
+009,+000
+009,+000
+009,+000
+009,+000
+009,+000
+009,+000
+009,+000
+009,+000
+009,+000
+009,+000
+009,+000
+009,+000
+009,+000
+009,+000
+009,+000
+009,+000
+009,+000
+009,+000
+009,+000
+011,+000
+011,+000
+011,+000
+011,+000
+011,+000
+011,+000
+011,+000
+011,+000
+011,+000
+011,+000
+011,+000
+011,+000
+011,+000
+011,+000
+011,+000
+011,+000
+011,+000
+011,+000
+011,+000
+013,+000
+013,+000
+013,+000
+013,+000
+013,-001
+013,-001
+013,-001
+013,-001
+013,-001
+013,-001
+013,-001
+013,-001
+013,-001
+013,-001
+013,-002
+013,-002
+013,-002
+015,-002
+015,-002
+015,-002
+015,-002
+015,-003
+015,-003
+015,-003
+015,-003
+015,-003
+015,-003
+015,-003
+015,-003
+015,-003
+015,-003
+015,-004
+015,-004
+015,-004
+015,-004
+015,-004
+015,-004
+015,-005
+015,-005
+015,-005
+015,-005
+015,-005
+015,-005
+015,-005
+015,-005
+015,-006
+015,-006
+015,-006
+015,-006
+015,-006
+015,-006
+015,-006
+015,-006
+015,-006
+015,-006
+015,-007
+015,-007
+015,-007
+015,-007
+015,-007
+015,-007
+015,-007
+015,-007
+015,-007
+015,-007
+015,-007
+015,-007
+015,-007
+015,-007
+015,-007
+015,-007
+015,-007
+015,-007
+015,-007
+015,-007
+015,-007
+015,-007
+015,-007
+015,-007
+015,-007
+015,-007
+015,-007
+013,-007
+013,-007
+013,-007
+013,-007
+013,-007
+013,-007
+013,-007
+013,-007
+013,-007
+013,-007
+013,-007
+013,-004
+013,-004
+013,-004
+013,-004
+013,-004
+013,-004
+013,-004
+013,-004
+013,-004
+013,-004
+013,-004
+013,-004
+013,-004
+011,-004
+011,-004
+011,-004
+011,-004
+011,-004
+011,-004
+011,-001
+011,-001
+011,-001
+011,-001
+011,-001
+011,-001
+011,-001
+011,-001
+011,-001
+011,-001
+011,-001
+011,-001
+011,-001
+011,+001
+011,+001
+011,+001
+011,+001
+011,+001
+011,+001
+011,+001
+011,+001
+011,+001
+011,+003
+011,+003
+011,+003
+011,+003
+011,+003
+011,+003
+011,+003
+011,+003
+011,+003
+011,+003
+011,+003
+011,+003
+011,+005
+011,+005
+011,+005
+011,+005
+011,+005
+011,+005
+011,+005
+011,+005
+011,+005
+011,+005
+011,+005
+011,+005
+011,+005
+011,+005
+011,+005
+011,+005
+011,+005
+011,+005
+011,+005
+011,+005
+011,+005
+011,+005
+011,+005
+011,+005
+011,+005
+011,+005
+011,+005
+011,+005
+009,+005
+009,+005
+009,+005
+009,+007
+009,+007
+009,+007
+009,+007
+009,+007
+009,+007
+009,+007
+009,+007
+009,+007
+009,+007
+009,+007
+009,+007
+009,+007
+009,+007
+009,+007
+009,+007
+009,+009
+009,+009
+009,+009
+009,+009
+009,+009
+007,+009
+007,+009
+007,+009
+007,+009
+007,+009
+007,+009
+007,+009
+007,+009
+007,+009
+007,+009
+007,+009
+007,+009
+007,+009
+007,+009
+007,+009
+007,+011
+007,+011
+007,+011
+007,+011
+007,+011
+007,+011
+007,+011
+007,+011
+007,+011
+007,+011
+007,+011
+007,+011
+007,+011
+007,+011
+007,+011
+007,+011
+007,+011
+007,+011
+007,+011
+007,+011
+007,+011
+007,+011
+007,+011
+007,+013
+007,+013
+007,+013
+007,+013
+007,+013
+007,+013
+007,+013
+007,+013
+007,+013
+007,+013
+007,+013
+007,+013
+007,+013
+005,+013
+005,+013
+005,+013
+005,+013
+005,+013
+005,+011
+005,+011
+005,+011
+005,+011
+005,+011
+005,+011
+005,+011
+005,+011
+005,+011
+005,+011
+005,+011
+005,+011
+005,+011
+005,+013
+005,+013
+005,+013
+005,+013
+005,+013
+005,+013
+005,+013
+005,+013
+005,+013
+005,+013
+005,+013
+005,+013
+005,+013
+005,+013
+005,+013
+005,+013
+005,+015
+005,+015
+005,+015
+005,+015
+005,+015
+005,+015
+005,+015
+005,+015
+007,+015
+007,+015
+007,+015
+007,+015
+007,+015
+007,+015
+007,+015
+007,+015
+007,+015
+007,+015
+007,+015
+007,+015
+007,+015
+007,+013
+007,+013
+007,+013
+007,+013
+007,+013
+007,+013
+007,+013
+007,+013
+007,+013
+007,+013
+007,+013
+007,+013
+007,+013
+007,+013
+007,+013
+007,+013
+007,+013
+007,+013
+007,+013
+007,+013
+007,+013
+007,+013
+007,+013
+007,+013
+007,+013
+007,+013
+007,+013
+007,+013
+007,+013
+007,+013
+007,+013
+007,+013
+007,+013
+007,+013
+009,+013
+009,+013
+009,+013
+009,+013
+009,+013
+009,+013
+009,+013
+009,+013
+009,+013
+009,+013
+009,+013
+009,+013
+009,+013
+009,+013
+009,+013
+009,+013
+009,+013
+009,+013
+009,+013
+009,+013
+009,+013
+009,+013
+009,+013
+009,+013
+009,+013
+009,+013
+009,+013
+009,+013
+009,+013
+009,+013
+009,+013
+011,+013
+011,+013
+011,+013
+011,+013
+011,+013
+011,+013
+011,+013
+011,+013
+011,+013
+011,+013
+011,+013
+011,+013
+011,+013
+011,+013
+011,+013
+011,+013
+011,+011
+011,+011
+011,+011
+011,+011
+011,+011
+011,+011
+011,+011
+011,+011
+011,+011
+011,+011
+011,+011
+011,+011
+011,+011
+013,+011
+013,+011
+013,+011
+013,+011
+013,+011
+013,+011
+013,+011
+013,+011
+013,+011
+013,+011
+013,+011
+013,+011
+013,+011
+013,+011
+013,+011
+013,+011
+013,+009
+013,+009
+013,+009
+013,+009
+013,+009
+013,+009
+013,+009
+013,+009
+013,+009
+013,+009
+013,+009
+013,+009
+013,+009
+013,+009
+013,+009
+013,+009
+013,+009
+013,+009
+013,+009
+013,+009
+013,+009
+013,+009
+013,+009
+013,+009
+013,+007
+013,+007
+013,+007
+013,+007
+013,+007
+013,+007
+013,+007
+013,+007
+013,+007
+013,+007
+013,+005
+013,+005
+013,+005
+013,+005
+013,+005
+013,+005
+013,+005
+013,+005
+013,+003
+013,+003
+013,+003
+013,+003
+013,+003
+013,+003
+013,+003
+013,+003
+013,+003
+013,+001
+013,+001
+013,+001
+013,+001
+013,+001
+013,+001
+013,+001
+013,+001
+013,+001
+013,+001
+013,+001
+013,+001
+013,+001
+013,+001
+013,+001
+013,+001
+013,+001
+013,+001
+013,+001
+013,+000
+013,+000
+013,+000
+013,+000
+013,+000
+013,+000
+013,+000
+013,+000
+013,+000
+013,+000
+013,+000
+013,+000
+013,+000
+013,-001
+013,-001
+013,-001
+013,-001
+013,-001
+013,-001
+013,-001
+013,-001
+013,-001
+013,-001
+013,-001
+013,-001
+013,-001
+013,-001
+013,-001
+013,-001
+013,-001
+013,-001
+013,-001
+013,-001
+013,-001
+015,-001
+015,-001
+015,-001
+015,-001
+015,-001
+015,-001
+015,-001
+015,-001
+015,-001
+015,-001
+015,-001
+015,-001
+015,-001
+015,-001
+015,-001
+015,-001
+015,-001
+015,-001
+015,+001
+015,+001
+015,+001
+015,+001
+015,+001
+015,+001
+015,+001
+015,+001
+015,+001
+015,+001
+015,+001
+015,+001
+015,+001
+015,+001
+015,+001
+017,+001
+017,+001
+017,+003
+017,+003
+017,+003
+017,+003
+017,+003
+017,+003
+017,+003
+017,+003
+017,+003
+017,+003
+017,+003
+017,+003
+017,+003
+017,+003
+017,+003
+017,+003
+017,+003
+017,+003
+017,+003
+017,+003
+017,+003
+017,+003
+017,+003
+017,+003
+017,+003
+017,+003
+017,+003
+017,+003
+017,+003
+017,+003
+017,+003
+017,+003
+017,+003
+017,+003
+017,+003
+017,+003
+017,+003
+017,+003
+017,+003
+017,+003
+017,+003
+017,+003
+017,+003
+017,+003
+017,+003
+017,+003
+017,+003
+017,+003
+017,+003
+017,+003
+017,+003
+017,+003
+017,+003
+017,+003
+017,+003
+017,+003
+017,+003
+017,+003
+017,+003
+017,+003
+017,+003
+017,+003
+017,+003
+017,+003
+017,+003
+017,+003
+017,+003
+017,+003
+017,+003
+017,+003
+017,+003
+017,+003
+017,+003
+017,+003
+017,+003
+017,+003
+017,+003
+017,+003
+017,+003
+017,+003
+017,+003
+017,+003
+017,+003
+017,+003
+017,+003
+017,+003
+017,+003
+015,+003
+015,+001
+015,+001
+015,+001
+015,+001
+015,+001
+015,+001
+015,+001
+015,+001
+015,+001
+015,+001
+015,+001
+015,+001
+015,+001
+015,+001
+015,+001
+015,+001
+015,+001
+015,+001
+015,+001
+015,+001
+015,+001
+015,+001
+015,+001
+015,+001
+015,+001
+015,+001
+015,+001
+015,+001
+015,+003
+015,+003
+015,+003
+015,+003
+013,+003
+013,+003
+013,+003
+013,+003
+013,+003
+013,+003
+013,+003
+013,+003
+013,+003
+013,+003
+013,+003
+013,+003
+013,+003
+011,+003
+011,+003
+011,+003
+011,+003
+011,+003
+011,+003
+011,+003
+011,+003
+011,+003
+011,+003
+011,+003
+011,+003
+011,+003
+011,+005
+011,+005
+011,+005
+011,+005
+011,+005
+011,+005
+011,+005
+011,+005
+011,+005
+011,+005
+011,+005
+011,+005
+011,+005
+011,+005
+011,+005
+011,+005
+011,+005
+011,+005
+011,+005
+011,+005
+011,+005
+011,+005
+011,+005
+011,+005
+009,+005
+009,+005
+009,+005
+009,+005
+009,+005
+009,+005
+009,+005
+009,+005
+009,+005
+009,+005
+009,+007
+009,+007
+009,+007
+009,+007
+009,+007
+009,+007
+009,+007
+009,+007
+009,+007
+009,+007
+009,+007
+009,+007
+009,+007
+009,+007
+009,+007
+009,+007
+009,+007
+009,+007
+009,+007
+009,+007
+009,+007
+009,+007
+009,+007
+009,+007
+009,+007
+009,+007
+009,+007
+009,+007
+009,+007
+009,+007
+009,+007
+009,+007
+009,+007
+009,+007
+009,+007
+009,+007
+009,+007
+009,+007
+009,+007
+009,+007
+009,+007
+009,+007
+009,+007
+009,+007
+009,+007
+009,+007
+009,+007
+009,+007
+009,+007
+009,+007
+009,+007
+009,+007
+009,+007
+007,+007
+007,+007
+007,+007
+007,+007
+007,+007
+007,+005
+007,+005
+007,+005
+007,+005
+007,+005
+007,+005
+007,+005
+007,+005
+007,+005
+007,+005
+007,+005
+007,+005
+007,+005
+007,+005
+007,+005
+007,+005
+007,+005
+007,+005
+007,+005
+007,+005
+007,+005
+007,+005
+007,+005
+007,+005
+007,+005
+007,+005
+007,+005
+007,+005
+007,+005
+007,+005
+007,+005
+007,+005
+007,+005
+007,+005
+007,+005
+007,+003
+007,+003
+007,+003
+007,+003
+007,+003
+007,+003
+007,+003
+007,+003
+007,+003
+007,+003
+007,+003
+007,+003
+007,+003
+007,+003
+007,+003
+007,+003
+007,+003
+007,+003
+007,+003
+007,+003
+007,+003
+007,+003
+007,+003
+007,+003
+007,+003
+007,+003
+007,+003
+007,+003
+007,+003
+007,+003
+007,+003
+007,+003
+007,+003
+007,+005
+007,+005
+007,+005
+007,+005
+007,+005
+007,+005
+007,+005
+007,+005
+007,+005
+007,+005
+007,+005
+007,+005
+007,+005
+007,+005
+007,+005
+007,+005
+007,+005
+007,+005
+007,+005
+007,+005
+007,+005
+007,+005
+007,+005
+007,+005
+007,+005
+007,+005
+007,+005
+007,+005
+007,+005
+007,+005
+007,+005
+007,+005
+007,+005
+007,+005
+007,+005
+007,+005
+007,+005
+007,+005
+007,+005
+007,+005
+007,+005
+007,+005
+007,+005
+007,+005
+007,+005
+007,+005
+007,+005
+007,+007
+005,+007
+005,+007
+005,+007
+005,+007
+005,+007
+005,+007
+005,+007
+005,+007
+005,+007
+007,+007
+007,+007
+007,+007
+007,+007
+007,+007
+007,+007
+007,+007
+007,+007
+007,+007
+007,+007
+007,+007
+007,+007
+007,+007
+007,+007
+007,+007
+007,+007
+007,+007
+007,+007
+007,+007
+007,+007
+007,+007
+007,+007
+007,+007
+007,+007
+007,+007
+007,+007
+007,+007
+007,+009
+007,+009
+009,+009
+009,+009
+009,+009
+009,+009
+009,+009
+009,+009
+009,+009
+009,+009
+009,+009
+009,+009
+009,+009
+009,+009
+009,+009
+009,+009
+009,+009
+009,+009
+009,+009
+009,+009
+009,+009
+009,+009
+009,+009
+009,+009
+009,+009
+011,+009
+011,+009
+011,+009
+011,+009
+011,+009
+011,+009
+011,+009
+011,+009
+011,+009
+011,+009
+011,+009
+011,+009
+011,+009
+011,+009
+011,+009
+011,+009
+013,+009
+013,+009
+013,+009
+013,+009
+013,+009
+013,+009
+013,+009
+013,+009
+013,+009
+013,+009
+013,+009
+015,+009
+015,+009
+015,+009
+015,+009
+015,+009
+015,+009
+015,+009
+015,+009
+015,+009
+015,+009
+015,+009
+015,+009
+017,+009
+017,+009
+017,+011
+017,+011
+017,+011
+017,+011
+017,+011
+017,+011
+017,+011
+017,+011
+017,+011
+017,+011
+017,+011
+017,+011
+017,+011
+017,+011
+017,+011
+019,+011
+019,+011
+019,+011
+019,+011
+019,+011
+019,+011
+019,+011
+019,+011
+019,+011
+019,+011
+019,+011
+019,+011
+019,+011
+019,+011
+019,+011
+019,+011
+019,+011
+019,+011
+019,+011
+019,+011
+019,+011
+021,+011
+021,+011
+021,+011
+021,+011
+021,+011
+021,+011
+021,+011
+021,+011
+021,+011
+021,+011
+021,+011
+021,+011
+021,+011
+021,+011
+021,+011
+021,+011
+021,+011
+021,+011
+021,+011
+021,+011
+021,+011
+021,+011
+021,+011
+021,+011
+021,+011
+021,+011
+021,+011
+021,+011
+021,+011
+021,+011
+021,+011
+021,+013
+021,+013
+021,+013
+021,+013
+021,+013
+021,+013
+021,+013
+021,+013
+021,+013
+021,+013
+021,+013
+021,+013
+021,+013
+021,+011
+021,+011
+021,+011
+021,+011
+021,+011
+021,+011
+021,+011
+021,+011
+021,+011
+021,+011
+021,+011
+021,+011
+021,+011
+021,+011
+021,+011
+021,+011
+021,+011
+021,+011
+021,+011
+021,+011
+021,+011
+021,+011
+021,+011
+021,+011
+019,+011
+019,+011
+019,+011
+019,+011
+019,+011
+019,+011
+019,+011
+019,+011
+019,+011
+019,+011
+019,+011
+019,+011
+019,+009
+017,+009
+017,+009
+017,+009
+017,+009
+017,+009
+017,+009
+017,+009
+017,+009
+017,+009
+017,+009
+015,+009
+015,+009
+015,+009
+015,+009
+015,+009
+015,+009
+015,+009
+015,+009
+015,+009
+015,+009
+015,+009
+015,+009
+015,+009
+015,+009
+013,+009
+013,+009
+013,+009
+013,+009
+013,+009
+013,+009
+013,+009
+013,+009
+013,+009
+013,+009
+013,+009
+013,+009
+013,+009
+013,+009
+013,+009
+013,+009
+013,+009
+011,+009
+011,+009
+011,+009
+011,+009
+011,+009
+011,+009
+011,+009
+011,+009
+011,+009
+009,+009
+009,+009
+009,+009
+009,+009
+009,+009
+009,+009
+009,+009
+009,+009
+009,+009
+009,+009
+007,+009
+007,+009
+007,+009
+007,+009
+007,+009
+007,+007
+007,+007
+007,+007
+007,+007
+005,+007
+005,+007
+005,+007
+005,+007
+005,+007
+005,+007
+005,+007
+005,+007
+005,+007
+005,+007
+005,+007
+003,+007
+003,+007
+003,+007
+003,+007
+003,+007
+003,+007
+003,+007
+001,+007
+001,+007
+001,+007
+001,+007
+001,+007
+001,+007
+001,+007
+001,+007
+001,+007
+001,+007
+001,+007
+001,+007
+001,+007
+001,+007
+001,+007
+001,+007
+001,+007
+001,+007
+001,+007
+001,+007
+001,+007
+001,+007
+001,+007
+001,+007
+001,+007
+001,+007
+001,+007
+001,+007
+001,+007
+001,+007
+001,+007
+001,+007
+001,+007
+001,+007
+001,+007
+001,+007
+001,+007
+001,+007
+001,+007
+001,+007
+001,+007
+001,+007
+001,+007
+001,+007
+001,+007
+001,+007
+001,+007
+001,+007
+001,+007
+001,+007
+001,+007
+001,+007
+001,+007
+001,+007
+001,+007
+001,+007
+001,+007
+001,+007
+001,+007
+001,+007
+001,+007
+001,+007
+001,+007
+001,+007
+001,+007
+001,+007
+001,+007
+001,+007
+001,+007
+001,+007
+001,+007
+001,+007
+001,+007
+001,+007
+001,+009
+001,+009
+001,+009
+001,+009
+001,+009
+001,+009
+001,+009
+001,+009
+001,+009
+001,+009
+001,+009
+001,+009
+001,+009
+001,+009
+001,+009
+001,+009
+001,+009
+001,+009
+001,+009
+001,+009
+001,+009
+001,+009
+001,+009
+001,+009
+001,+009
+001,+009
+001,+011
+001,+011
+001,+011
+001,+011
+001,+011
+001,+011
+001,+011
+001,+011
+001,+011
+001,+011
+001,+013
+001,+013
+001,+013
+001,+013
+001,+013
+001,+013
+001,+013
+001,+013
+001,+013
+001,+013
+001,+013
+001,+015
+001,+015
+001,+015
-002,+015
-002,+015
-002,+015
-002,+015
-002,+015
-002,+015
-002,+015
-002,+015
-002,+015
-002,+015
-003,+015
-003,+015
-003,+015
-003,+015
-003,+015
-003,+015
-003,+015
-003,+015
-003,+015
-003,+015
-004,+015
-004,+015
-004,+015
-004,+015
-004,+015
-004,+015
-004,+015
-004,+015
-004,+015
-004,+015
-004,+015
-004,+015
-004,+015
-004,+015
-004,+015
-004,+015
-004,+015
-004,+015
-004,+015
-004,+015
-004,+015
-004,+015
-004,+015
-004,+015
-004,+013
-004,+013
-004,+013
-004,+013
-004,+013
-004,+013
-004,+013
-004,+013
-004,+013
-004,+013
-004,+013
-004,+013
-004,+013
-004,+013
-004,+013
-004,+013
-004,+013
-004,+013
-004,+013
-004,+013
-004,+013
-004,+013
-004,+013
-004,+013
-004,+013
-004,+013
-004,+013
-004,+013
-004,+013
-004,+013
-004,+013
-004,+013
-004,+013
-004,+013
-004,+013
-004,+013
-004,+013
-004,+013
-004,+013
-004,+013
+001,+013
-002,+013
-002,+013
-002,+013
-002,+013
-002,+013
-002,+013
-002,+013
-002,+013
-002,+013
-002,+013
-002,+013
-002,+013
-002,+013
-002,+013
-002,+013
-002,+013
-002,+013
-002,+013
-002,+013
-002,+013
-002,+013
-002,+013
-002,+013
-002,+013
-002,+013
-002,+013
-002,+013
-002,+013
-002,+013
-002,+013
-002,+013
-002,+013
-002,+013
-002,+013
-002,+013
-002,+013
-002,+013
-002,+013
-002,+013
-002,+013
-002,+013
-002,+013
-002,+013
-002,+013
-002,+013
-002,+013
-002,+013
-002,+013
-002,+013
-002,+013
-002,+013
-002,+013
-002,+013
-002,+013
-002,+013
-002,+013
-002,+013
+000,+013
+000,+013
+000,+013
+000,+013
+000,+013
+000,+013
+000,+013
+000,+013
+000,+013
+000,+013
+000,+013
+000,+013
+000,+013
+000,+013
+000,+013
+000,+013
+000,+013
+000,+013
+000,+013
+000,+013
+000,+013
+000,+013
+000,+015
+000,+015
+000,+015
+000,+015
+000,+015
+000,+015
+000,+015
+000,+015
+000,+015
+000,+015
+000,+015
+000,+015
+000,+015
+000,+015
+000,+015
+000,+015
+000,+015
+000,+015
+000,+015
+000,+015
+000,+015
+000,+015
+000,+015
+000,+015
+000,+015
+000,+015
+000,+015
+000,+015
+000,+015
+000,+015
+000,+015
+000,+015
+000,+015
+000,+015
+002,+015
+002,+015
+002,+015
+002,+015
+002,+015
+002,+015
+002,+015
+002,+015
+002,+015
+002,+015
+002,+015
+002,+015
+002,+015
+002,+015
+002,+015
+002,+015
+002,+015
+002,+015
+002,+015
+002,+015
+002,+015
+002,+015
+002,+015
+002,+013
+002,+013
+002,+013
+002,+013
+002,+013
+002,+013
+002,+013
+002,+013
+002,+013
+002,+013
+002,+013
+002,+013
+002,+013
+002,+013
+002,+013
+002,+013
+002,+013
+002,+013
+002,+013
+002,+013
+004,+013
+004,+013
+004,+013
+004,+013
+004,+013
+004,+013
+004,+013
+004,+013
+004,+015
+004,+015
+006,+015
+006,+015
+006,+015
+006,+015
+006,+015
+006,+015
+006,+015
+006,+015
+006,+015
+006,+015
+006,+015
+006,+015
+006,+015
+008,+015
+008,+015
+008,+015
+008,+015
+008,+015
+008,+015
+008,+013
+008,+013
+008,+013
+008,+013
+008,+013
+008,+013
+008,+013
+008,+013
+010,+013
+010,+013
+010,+013
+010,+013
+010,+013
+010,+013
+010,+013
+012,+013
+012,+013
+012,+013
+012,+013
+012,+013
+012,+013
+012,+013
+014,+013
+014,+013
+014,+011
+014,+011
+014,+011
+014,+011
+014,+011
+014,+011
+016,+011
+016,+011
+016,+011
+016,+011
+016,+011
+016,+011
+016,+013
+016,+013
+016,+013
+016,+013
+016,+013
+016,+013
+018,+013
+018,+013
+018,+013
+018,+013
+018,+013
+018,+013
+018,+013
+018,+013
+018,+013
+018,+013
+018,+013
+018,+013
+018,+013
+018,+013
+018,+013
+018,+013
+018,+013
+018,+013
+018,+013
+018,+013
+018,+013
+018,+013
+018,+013
+018,+013
+018,+013
+018,+013
+018,+013
+018,+013
+018,+013
+018,+013
+018,+013
+018,+013
+018,+013
+020,+013
+020,+013
+020,+013
+020,+013
+020,+013
+020,+013
+020,+013
+020,+013
+020,+013
+020,+013
+020,+013
+020,+013
+020,+013
+020,+013
+020,+013
+020,+013
+020,+011
+020,+011
+020,+011
+020,+011
+020,+011
+020,+011
+020,+011
+020,+011
+020,+011
+020,+011
+020,+011
+020,+011
+020,+011
+020,+011
+020,+011
+022,+011
+022,+011
+022,+011
+022,+011
+022,+011
+022,+011
+022,+011
+022,+011
+022,+011
+022,+011
+022,+011
+022,+011
+022,+011
+022,+011
+022,+011
+022,+011
+022,+011
+022,+011
+024,+011
+024,+011
+024,+011
+024,+011
+024,+011
+024,+011
+024,+011
+024,+009
+024,+009
+024,+009
+024,+009
+024,+009
+024,+009
+024,+009
+026,+009
+026,+009
+026,+009
+026,+009
+026,+009
+026,+009
+026,+009
+026,+009
+026,+009
+026,+009
+026,+009
+026,+009
+026,+009
+026,+009
+026,+009
+026,+009
+026,+009
+026,+009
+026,+009
+026,+009
+026,+009
+026,+009
+026,+009
+026,+009
+026,+009
+026,+009
+026,+009
+026,+009
+024,+009
+024,+009
+024,+009
+024,+009
+024,+009
+024,+009
+024,+011
+024,+011
+024,+011
+024,+011
+022,+011
+022,+011
+022,+011
+022,+011
+022,+011
+022,+011
+022,+011
+022,+011
+022,+011
+022,+011
+020,+011
+020,+011
+020,+011
+020,+011
+020,+011
+020,+011
+020,+011
+020,+011
+018,+011
+018,+011
+018,+011
+018,+011
+018,+011
+016,+011
+016,+011
+016,+011
+016,+011
+014,+011
+014,+011
+014,+011
+014,+011
+012,+011
+012,+011
+012,+011
+012,+011
+010,+011
+010,+011
+010,+011
+010,+011
+010,+011
+010,+011
+010,+011
+008,+011
+008,+011
+008,+013
+008,+013
+006,+013
+006,+013
+006,+011
+006,+011
+006,+011
+006,+011
+006,+011
+006,+011
+004,+011
+004,+011
+004,+011
+004,+011
+004,+011
+002,+011
+002,+011
+002,+011
+002,+011
+002,+011
+002,+011
+002,+011
+002,+011
+002,+011
+002,+011
+000,+011
+000,+011
+000,+011
+000,+011
+000,+011
+000,+011
+000,+011
+000,+011
+000,+011
+000,+011
+000,+011
+000,+011
+001,+011
+001,+011
+001,+011
+001,+011
+001,+011
+001,+011
+001,+011
+001,+011
+001,+011
+001,+011
+001,+011
+001,+011
+001,+011
+001,+011
+001,+011
+001,+011
+001,+011
+001,+011
+001,+011
-002,+013
-002,+013
-002,+013
-002,+013
-002,+013
-002,+013
-002,+013
-002,+013
-002,+013
-002,+013
-002,+013
-002,+013
-002,+013
-002,+013
-002,+013
-002,+013
-002,+013
-002,+013
-002,+013
-002,+013
-002,+013
-002,+013
-002,+013
-002,+013
-002,+013
-002,+013
-002,+013
-002,+013
-002,+013
-002,+013
-002,+013
-002,+013
-002,+013
-002,+013
-002,+013
-002,+013
-002,+013
-002,+013
-002,+013
-002,+013
-002,+013
-002,+013
-002,+013
-002,+013
-002,+013
-002,+013
-002,+013
-002,+013
+000,+013
+000,+013
+000,+013
+000,+013
+000,+013
+000,+013
+000,+013
+000,+013
+000,+013
+000,+013
+000,+013
+000,+013
+000,+013
+000,+013
+000,+013
+000,+013
+000,+013
+000,+013
+000,+013
+000,+013
+000,+013
+002,+013
+002,+013
+002,+013
+002,+013
+002,+013
+002,+013
+002,+013
+002,+013
+002,+013
+002,+013
+002,+013
+002,+013
+002,+013
+002,+013
+002,+013
+002,+013
+002,+013
+002,+013
+002,+015
+002,+015
+002,+015
+002,+015
+002,+015
+002,+015
+002,+015
+002,+015
+002,+015
+000,+015
+000,+015
+000,+015
+000,+015
+000,+015
+000,+015
+000,+015
+000,+015
+000,+015
+001,+015
+001,+015
-002,+015
-002,+015
-002,+015
-002,+015
-002,+015
-002,+015
-002,+015
-002,+015
-002,+015
-002,+015
-003,+015
-003,+015
-003,+015
-003,+015
-004,+017
-004,+017
-004,+017
-004,+017
-004,+017
-004,+017
-004,+017
-004,+017
-004,+017
-004,+017
-004,+017
-005,+017
-005,+017
-005,+017
-005,+017
-005,+017
-005,+017
-005,+017
-005,+017
-005,+017
-005,+017
-005,+017
-005,+017
-006,+017
-006,+017
-006,+017
-006,+017
-006,+017
-006,+017
-006,+017
-006,+017
-006,+017
-006,+017
-006,+017
-006,+017
-006,+017
-006,+019
-006,+019
-006,+019
-006,+019
-006,+019
-006,+019
-006,+019
-006,+019
-006,+019
-006,+019
-006,+019
-006,+019
-006,+019
-006,+019
-006,+019
-006,+019
-006,+019
-006,+019
-006,+019
-006,+019
-006,+019
-006,+019
-006,+019
-006,+019
-006,+019
-006,+019
-006,+019
-006,+021
-006,+021
-006,+021
-006,+021
-006,+021
-006,+021
-006,+021
-006,+021
-006,+021
-006,+021
-006,+021
-006,+021
-006,+021
-006,+021
-006,+021
-006,+021
-006,+021
-006,+021
-006,+021
-006,+021
-006,+021
-006,+021
-003,+021
-004,+021
-004,+021
-004,+021
-004,+021
-004,+021
-004,+021
-004,+021
-004,+021
-004,+021
-004,+021
+001,+021
+001,+021
+001,+021
+001,+021
+001,+021
+001,+021
+001,+021
+001,+021
+001,+021
+001,+021
+001,+021
+001,+021
+001,+021
+001,+021
+001,+021
+001,+021
+001,+021
+001,+021
+001,+021
+001,+021
+001,+021
+001,+021
+001,+021
+003,+021
+003,+021
+003,+021
+003,+021
+003,+021
+003,+021
+003,+021
+003,+021
+003,+021
+003,+021
+003,+021
+003,+021
+003,+021
+003,+021
+003,+021
+003,+021
+003,+021
+003,+021
+003,+021
+003,+021
+003,+021
+003,+021
+003,+021
+003,+021
+003,+021
+003,+021
+003,+021
+003,+023
+003,+023
+003,+023
+003,+023
+003,+023
+003,+023
+003,+023
+003,+023
+003,+023
+003,+023
+003,+023
+003,+023
+003,+023
+003,+023
+003,+023
+003,+023
+003,+023
+003,+023
+003,+023
+003,+023
+003,+023
+003,+023
+003,+023
+003,+023
+005,+023
+005,+023
+005,+023
+005,+023
+005,+023
+005,+023
+005,+023
+005,+023
+005,+023
+005,+023
+005,+023
+005,+023
+005,+023
+005,+023
+005,+021
+005,+021
+005,+021
+005,+021
+005,+021
+005,+021
+005,+021
+005,+021
+005,+021
+003,+021
+003,+021
+003,+021
+003,+021
+003,+021
+003,+021
+003,+021
+003,+021
+003,+021
+003,+021
+003,+021
+003,+021
+001,+021
+001,+021
+001,+021
+001,+021
+001,+021
+001,+021
+001,+021
+001,+021
+001,+021
+001,+021
+001,+021
+001,+021
+001,+021
+001,+021
+001,+021
+001,+023
+001,+023
+001,+023
+001,+023
+001,+023
+001,+023
-002,+023
-002,+023
-002,+023
-002,+023
-002,+023
-002,+023
-002,+023
-002,+023
-002,+023
-003,+023
-003,+023
-003,+023
-003,+023
-003,+023
-003,+023
-003,+023
-003,+023
-003,+023
-003,+023
-003,+023
-003,+023
-003,+023
-003,+023
-003,+023
-003,+023
-003,+023
-003,+023
-003,+023
-003,+023
-003,+023
-003,+023
-003,+023
-003,+023
-003,+023
-003,+023
-003,+023
-003,+023
-003,+023
-003,+023
-003,+023
-003,+023
-003,+023
-003,+023
-003,+023
-003,+023
-003,+023
-003,+023
-003,+023
+001,+023
+001,+023
+001,+023
+001,+023
+001,+023
+001,+023
+001,+023
+001,+023
+001,+023
+001,+023
+001,+025
+001,+025
+001,+025
+001,+025
+001,+025
+001,+025
+001,+025
+001,+025
+001,+025
+001,+025
+001,+025
+001,+025
+001,+025
+001,+025
+001,+025
+001,+025
+001,+025
+003,+025
+003,+025
+003,+025
+003,+025
+003,+025
+003,+025
+003,+025
+003,+025
+003,+025
+003,+025
+003,+025
+003,+025
+003,+025
+003,+025
+003,+025
+003,+025
+003,+025
+003,+025
+003,+025
+003,+025
+003,+025
+003,+025
+003,+025
+001,+025
+001,+025
+001,+025
+001,+025
+001,+025
+001,+025
+001,+025
+001,+025
+001,+025
+001,+025
+001,+025
+001,+025
+001,+025
+001,+025
+001,+025
+001,+025
+001,+025
+001,+025
+003,+025
+003,+025
+003,+025
+003,+025
+003,+025
+003,+025
+003,+023
+003,+023
+003,+023
+003,+023
+003,+023
+003,+023
+003,+023
+003,+023
+003,+023
+003,+023
+003,+023
+003,+023
+003,+023
+003,+023
+003,+023
+003,+023
+005,+023
+005,+023
+005,+023
+005,+023
+005,+023
+005,+023
+005,+023
+005,+023
+005,+023
+005,+023
+005,+023
+005,+023
+005,+023
+005,+023
+005,+023
+005,+023
+005,+021
+005,+021
+005,+021
+005,+021
+005,+021
+005,+021
+005,+021
+005,+021
+005,+021
+005,+021
+005,+021
+005,+021
+005,+021
+005,+021
+005,+021
+005,+021
+005,+021
+005,+021
+005,+021
+005,+021
+005,+021
+005,+021
+005,+021
+005,+021
+005,+021
+005,+021
+003,+021
+003,+021
+003,+021
+003,+021
+003,+021
+003,+021
+003,+021
+003,+021
+003,+021
+003,+021
+003,+021
+003,+021
+003,+021
+003,+021
+003,+021
+003,+021
+003,+021
+003,+021
+003,+021
+003,+021
+003,+021
+003,+021
+003,+021
+003,+021
+003,+021
+003,+019
+003,+019
+003,+019
+003,+019
+003,+019
+003,+019
+003,+019
+003,+019
+003,+019
+003,+019
+003,+019
+003,+019
+003,+019
+003,+019
+001,+019
+001,+019
+001,+019
+001,+019
+001,+019
+001,+019
+001,+019
+001,+019
+001,+019
+001,+019
+001,+019
+001,+019
+001,+019
+001,+019
+001,+019
+001,+019
+001,+019
+001,+019
+001,+019
+001,+019
+001,+019
+001,+019
+001,+019
+001,+019
+001,+019
+001,+019
+001,+019
+001,+017
+001,+017
+001,+017
+001,+017
+001,+017
+001,+017
+001,+017
+001,+017
+001,+017
+001,+017
+001,+017
+001,+017
+001,+017
+001,+017
+001,+017
+001,+017
+001,+017
+001,+017
+001,+017
+001,+017
+001,+017
+001,+017
+001,+017
+001,+017
+001,+017
+001,+017
+001,+017
+001,+017
+001,+017
+001,+017
+001,+017
+001,+017
+001,+017
+001,+017
+001,+017
+001,+017
+001,+017
+001,+017
+001,+017
+001,+015
+001,+015
+001,+015
+001,+015
+001,+015
+001,+015
+001,+015
+001,+015
+001,+015
+001,+015
+001,+015
+001,+015
+001,+015
+001,+015
+001,+015
+001,+015
+001,+015
+001,+015
+001,+015
+001,+015
+001,+015
+001,+015
+001,+015
+001,+015
+001,+015
+001,+015
+001,+015
+001,+015
+001,+015
+001,+015
+001,+015
+001,+015
+001,+015
+001,+015
+001,+015
+001,+015
+001,+015
+001,+015
+001,+015
+001,+015
+001,+015
+001,+015
+001,+015
+001,+015
+001,+015
+001,+015
+001,+015
+001,+015
+001,+015
+001,+015
+001,+015
+001,+015
+001,+015
+001,+015
+001,+015
+001,+015
+001,+015
+001,+015
+001,+015
+001,+015
+001,+015
+001,+015
+001,+015
+001,+015
+001,+015
+001,+015
+001,+015
+001,+015
+001,+015
+001,+015
+001,+015
+001,+015
+001,+015
+001,+015
+001,+015
+001,+015
+001,+015
+001,+015
+001,+015
+001,+015
+001,+015
+001,+015
+001,+015
+001,+015
+001,+015
+001,+015
+001,+015
+001,+015
+001,+015
+001,+015
+001,+015
+001,+015
+001,+015
+001,+015
+001,+015
+001,+015
+001,+015
+001,+015
+001,+015
+001,+015
+001,+015
+001,+015
+001,+015
+001,+015
+001,+015
+001,+015
+001,+015
+001,+015
+001,+015
+001,+015
+001,+015
+001,+015
+001,+015
+001,+015
+001,+015
+001,+015
+001,+015
+001,+015
+001,+015
+001,+015
+001,+015
+001,+015
+001,+015
+001,+015
+001,+015
+001,+015
+001,+015
+001,+015
+001,+015
+001,+015
+001,+015
+001,+015
+001,+015
+001,+015
+001,+015
+001,+015
+001,+015
+001,+015
+001,+015
+001,+015
+001,+015
+001,+015
+001,+015
+001,+015
+001,+015
+001,+015
+001,+015
+001,+015
+001,+015
+001,+015
+001,+015
+001,+015
+001,+015
+001,+015
+001,+015
+001,+015
+001,+015
+001,+015
+001,+015
+001,+015
+001,+013
+001,+013
+001,+013
+001,+013
+001,+013
+001,+013
+001,+013
+001,+013
+001,+013
+001,+013
+001,+013
+001,+013
+001,+013
+001,+013
+001,+013
+001,+013
+001,+013
+001,+013
+001,+013
+001,+013
+001,+013
+001,+013
+001,+013
+001,+011
+001,+011
+001,+011
+001,+011
+001,+011
+001,+011
+001,+011
+001,+011
+001,+011
+001,+011
+001,+011
+001,+011
+001,+011
+001,+011
+003,+011
+003,+011
+003,+011
+003,+011
+003,+011
+003,+011
+003,+011
+003,+011
+003,+011
+003,+009
+003,+009
+003,+009
+003,+009
+003,+009
+003,+009
+003,+009
+003,+009
+003,+009
+003,+009
+003,+009
+003,+009
+003,+009
+003,+009
+003,+009
+003,+009
+003,+009
+003,+009
+003,+009
+003,+009
+005,+009
+005,+009
+005,+009
+005,+009
+005,+009
+005,+009
+005,+009
+005,+007
+005,+007
+005,+007
+005,+007
+005,+007
+005,+007
+005,+007
+005,+007
+005,+007
+005,+007
+005,+007
+005,+007
+005,+007
+005,+007
+005,+007
+005,+007
+007,+007
+007,+005
+007,+005
+007,+005
+007,+005
+007,+005
+007,+005
+007,+005
+007,+005
+007,+005
+007,+005
+007,+005
+007,+005
+007,+005
+007,+005
+007,+005
+007,+003
+007,+003
+007,+003
+007,+003
+007,+003
+007,+003
+007,+003
+007,+003
+007,+003
+007,+003
+007,+003
+007,+003
+007,+003
+007,+003
+007,+003
+007,+003
+007,+003
+007,+003
+007,+003
+007,+003
+007,+003
+007,+003
+007,+003
+007,+003
+007,+001
+007,+001
+007,+001
+007,+001
+007,+001
+007,+001
+007,+001
+007,+001
+007,+001
+007,+001
+007,+001
+007,+001
+007,+001
+007,+001
+007,+001
+007,+001
+007,+001
+007,+001
+007,+001
+007,+001
+007,+001
+007,+001
+007,+001
+005,+001
+005,+001
+005,+001
+005,+001
+005,+001
+005,+001
+005,+001
+005,+001
+005,+001
+005,+001
+005,+001
+005,+001
+005,+001
+005,+001
+005,+001
+005,+001
+005,+001
+005,+001
+005,+001
+005,+001
+005,+001
+005,+000
+005,+000
+005,+000
+005,+000
+005,+000
+005,+000
+005,+000
+005,+000
+005,+000
+005,+000
+005,+000
+005,+000
+005,+000
+005,+000
+005,+000
+005,+000
+005,+000
+003,+000
+003,+000
+003,+000
+003,+000
+003,+000
+003,+000
+003,+000
+003,+000
+003,+000
+003,+000
+003,+000
+003,+000
+003,+000
+003,+000
+003,+000
+003,+000
+003,+000
+003,+000
+003,+002
+003,+002
+003,+002
+003,+002
+003,+002
+003,+002
+003,+002
+003,+002
+003,+002
+003,+002
+003,+002
+003,+002
+003,+004
+003,+004
+003,+004
+003,+004
+001,+004
+001,+004
+001,+004
+001,+004
+001,+004
+001,+004
+001,+004
+001,+004
+001,+004
+001,+004
+001,+004
+001,+004
+001,+004
+001,+004
+001,+006
+001,+006
+001,+006
+001,+006
+001,+006
+001,+006
+001,+006
+001,+006
+001,+006
+001,+006
+001,+006
+001,+006
+001,+006
+001,+006
+001,+006
+001,+006
+001,+006
+001,+006
+001,+006
+001,+006
+001,+006
+001,+006
+001,+006
+001,+006
+001,+006
+001,+006
+001,+006
+001,+006
+001,+006
+001,+006
+001,+006
+001,+006
+001,+008
+001,+008
+001,+008
+001,+008
+001,+008
+001,+008
+001,+008
+001,+008
+001,+008
+001,+008
+001,+008
+001,+008
+001,+010
+001,+010
+001,+010
+001,+010
+001,+010
+001,+010
+001,+010
+001,+010
+001,+010
+001,+010
+001,+010
+001,+010
+001,+010
+001,+010
+001,+010
+001,+010
+001,+010
+001,+010
+001,+010
+001,+010
+001,+010
+001,+010
+001,+010
+001,+012
+001,+012
+001,+012
+001,+012
+001,+012
+001,+012
+001,+012
+001,+012
+001,+012
+001,+012
+001,+012
+001,+012
+001,+012
+001,+012
+001,+012
+001,+012
+001,+012
+001,+012
+001,+012
+001,+012
+001,+012
+001,+012
+001,+012
+001,+012
+001,+012
+001,+012
+001,+012
+001,+012
+001,+012
+001,+012
+001,+012
+001,+012
+001,+012
-002,+012
-002,+012
-002,+012
-002,+012
-002,+012
-002,+012
-002,+012
-002,+010
-002,+010
-002,+010
-002,+010
-002,+010
-002,+010
-002,+010
-002,+010
-003,+010
-003,+010
-003,+010
-003,+010
-003,+010
-003,+010
-003,+010
-004,+010
-004,+010
-004,+010
-004,+010
-004,+010
-004,+010
-004,+010
-004,+010
-004,+010
-004,+010
-004,+010
-004,+010
-004,+010
-004,+008
-004,+008
-004,+008
-004,+008
-004,+008
-004,+008
-005,+008
-005,+008
-005,+008
-005,+008
-005,+008
-005,+008
-005,+008
-005,+008
-005,+008
-005,+008
-005,+008
-005,+008
-005,+008
-005,+008
-005,+008
-005,+008
-005,+008
-005,+008
-005,+008
-005,+008
-005,+008
-005,+008
-005,+008
-005,+008
-005,+008
-005,+008
-005,+008
-005,+008
-005,+008
-005,+008
-005,+008
-005,+008
-005,+008
-002,+008
-002,+008
-002,+008
-002,+008
-002,+008
-002,+008
-002,+008
-002,+008
-002,+008
-002,+008
-002,+008
-002,+008
+000,+008
+000,+008
+000,+008
+000,+008
+000,+006
COP Area(S): 000301
COP Area(R): 000493