+000,+000
+000,+000
+000,+000
+000,+000
+000,+000
+000,+000
+000,+000
+000,+000
+000,+000
+000,+000
+000,+000
+000,+000
+000,+000
+000,+000
+000,+000
+000,+000
+000,+000
+000,+000
+000,+000
+000,+000
+000,+000
+000,+000
+000,+000
+000,+000
+000,+000
+000,+000
+000,+000
+000,+000
+000,+000
+000,+000
+000,+000
+000,+000
+000,+000
+000,+000
+000,+000
+000,+000
+000,+000
+000,+000
+000,+000
+000,+000
+000,+000
+000,+000
+000,+000
+000,+000
+000,+000
+000,+000
+000,+000
+000,+000
+000,+000
+000,+000
+000,+000
+000,+000
+000,+000
+000,+000
+000,+000
+000,+000
+000,+000
+000,+000
+000,+000
+000,+000
+000,+000
+000,+000
+000,+000
+000,+000
+000,+000
+000,+000
+000,+000
+000,+000
+000,+000
+000,+000
+000,+000
+000,+000
+000,+000
+000,+000
+000,+000
+000,+000
+000,+000
+000,+000
+000,+000
+000,+000
+000,+000
+000,+000
+000,+000
+000,+000
+000,+000
+000,+000
+000,+000
+000,+000
+000,+000
+000,+000
+000,+000
+000,+000
+000,+000
+000,+000
+000,+000
+000,+000
+000,+000
+000,+000
+000,+000
+000,+000
+000,+000
+000,+000
+000,+000
+000,+000
+000,+000
+000,+002
+000,+002
+000,+002
+000,+002
+000,+002
+002,+002
+002,+002
+002,+002
+002,+002
+002,+002
+002,+002
+002,+002
+002,+002
+002,+002
+002,+002
+002,+002
+002,+002
+002,+002
+002,+002
+002,+002
+002,+002
+002,+002
+002,+000
+002,+000
+002,+000
+002,+000
+002,+000
+002,+000
+002,+000
+002,+000
+002,+000
+002,+000
+002,+000
+002,+000
+002,+000
+004,+000
+004,+000
+004,+000
+004,+000
+004,+000
+004,+000
+004,+000
+004,+000
+004,+000
+004,+000
+004,+000
+004,+000
+004,+000
+004,+000
+004,+000
+004,+000
+004,+000
+004,+000
+004,+000
+004,+000
+004,+000
+004,+000
+004,+000
+004,+000
+004,+000
+004,+000
+004,+000
+004,+000
+004,+000
+004,+000
+004,+000
+004,+000
+004,+000
+004,+000
+004,+000
+004,+002
+004,+002
+004,+002
+004,+002
+004,+002
+004,+002
+004,+002
+004,+002
+004,+002
+004,+002
+004,+002
+004,+002
+004,+002
+004,+002
+004,+002
+004,+002
+004,+002
+004,+002
+004,+002
+004,+002
+004,+002
+004,+002
+004,+002
+004,+002
+004,+002
+004,+000
+004,+000
+004,+000
+004,+000
+004,+000
+004,+000
+004,+000
+004,+000
+004,+000
+004,+000
+004,+000
+004,+000
+004,+000
+004,+000
+004,+000
+004,+000
+004,+000
+004,+000
+004,+000
+004,+000
+004,+002
+004,+002
+004,+002
+004,+002
+004,+002
+004,+002
+004,+002
+004,+002
+004,+002
+004,+002
+004,+002
+004,+002
+004,+002
+004,+002
+004,+002
+004,+002
+004,+002
+004,+004
+004,+004
+004,+004
+004,+004
+004,+004
+004,+004
+004,+004
+004,+004
+004,+004
+004,+004
+004,+004
+004,+004
+004,+004
+004,+004
+004,+004
+004,+004
+004,+004
+004,+004
+004,+004
+004,+006
+004,+006
+004,+006
+004,+006
+004,+006
+004,+006
+004,+006
+004,+006
+004,+006
+004,+006
+004,+006
+004,+006
+004,+006
+004,+006
+004,+006
+004,+006
+004,+006
+004,+006
+004,+006
+004,+006
+004,+006
+004,+006
+004,+006
+004,+006
+004,+006
+004,+006
+004,+006
+004,+006
+004,+006
+004,+006
+004,+006
+004,+006
+006,+006
+006,+006
+006,+006
+006,+006
+006,+006
+006,+006
+006,+006
+006,+006
+006,+006
+006,+006
+006,+006
+006,+006
+006,+006
+008,+008
+008,+008
+008,+008
+008,+008
+008,+008
+008,+008
+010,+010
+010,+010
+010,+010
+010,+010
+010,+010
+010,+010
+010,+010
+010,+010
+010,+010
+010,+010
+010,+010
+010,+010
+010,+010
+010,+010
+010,+010
+010,+010
+010,+010
+010,+010
+010,+010
+010,+010
+010,+010
+010,+010
+010,+010
+010,+010
+010,+010
+010,+010
+012,+010
+012,+010
+012,+010
+012,+012
+012,+012
+012,+012
+012,+012
+012,+012
+012,+012
+012,+012
+012,+012
+012,+012
+012,+012
+012,+012
+012,+012
+012,+012
+012,+012
+012,+012
+012,+012
+012,+012
+012,+014
+012,+014
+012,+014
+012,+014
+012,+014
+012,+014
+012,+014
+012,+014
+012,+014
+012,+014
+012,+014
+012,+014
+010,+014
+010,+014
+010,+014
+010,+014
+010,+014
+010,+014
+010,+014
+010,+014
+010,+014
+010,+014
+010,+014
+010,+012
+010,+012
+010,+012
+010,+012
+010,+012
+010,+012
+010,+012
+010,+012
+010,+012
+010,+012
+010,+012
+010,+012
+010,+012
+010,+012
+010,+012
+010,+012
+010,+012
+010,+012
+010,+012
+010,+012
+010,+012
+010,+012
+010,+010
+010,+010
+010,+010
+010,+010
+010,+010
+010,+010
+010,+010
+010,+010
+010,+010
+010,+010
+010,+010
+010,+010
+010,+010
+010,+010
+010,+010
+010,+010
+010,+010
+010,+010
+010,+010
+010,+010
+010,+010
+012,+010
+012,+008
+012,+008
+012,+008
+012,+008
+012,+006
+012,+006
+010,+006
+010,+006
+010,+006
+010,+006
+010,+006
+010,+006
+010,+006
+010,+006
+012,+006
+012,+006
+012,+008
+012,+008
+012,+008
+012,+008
+012,+008
+012,+008
+012,+008
+012,+008
+012,+008
+012,+008
+012,+008
+012,+008
+012,+008
+012,+008
+012,+008
+012,+008
+012,+008
+012,+008
+012,+008
+012,+008
+014,+008
+014,+008
+014,+008
+014,+008
+014,+008
+014,+008
+014,+008
+014,+008
+014,+008
+014,+008
+014,+008
+014,+008
+014,+008
+014,+008
+014,+008
+014,+008
+014,+008
+014,+008
+014,+008
+014,+008
+014,+008
+014,+008
+014,+008
+014,+008
+014,+008
+014,+008
+014,+008
+014,+008
+014,+008
+014,+008
+014,+008
+014,+008
+014,+008
+014,+008
+014,+008
+014,+008
+014,+008
+014,+008
+014,+008
+014,+008
+014,+008
+014,+008
+014,+008
+014,+008
+014,+008
+014,+008
+014,+008
+014,+008
+014,+008
+014,+008
+012,+008
+012,+008
+012,+008
+012,+008
+012,+008
+012,+008
+012,+008
+012,+010
+012,+010
+012,+010
+012,+010
+012,+010
+012,+010
+012,+010
+012,+010
+012,+010
+012,+010
+012,+010
+012,+010
+012,+010
+012,+010
+012,+010
+012,+010
+012,+010
+012,+010
+012,+010
+012,+010
+012,+010
+012,+010
+012,+010
+012,+010
+012,+010
+012,+010
+012,+010
+012,+010
+012,+010
+012,+010
+012,+010
+012,+010
+012,+010
+012,+010
+012,+010
+012,+010
+012,+010
+012,+010
+012,+010
+012,+010
+012,+010
+012,+010
+012,+010
+012,+010
+012,+010
+012,+010
+012,+010
+012,+010
+012,+010
+012,+010
+012,+010
+012,+012
+012,+012
+012,+012
+012,+012
+012,+012
+012,+012
+012,+012
+012,+012
+012,+012
+012,+012
+012,+012
+012,+012
+012,+012
+012,+012
+012,+012
+012,+012
+012,+012
+012,+012
+012,+012
+012,+012
+012,+012
+010,+012
+010,+012
+010,+012
+010,+012
+010,+012
+010,+012
+010,+012
+010,+012
+010,+012
+010,+012
+010,+012
+010,+012
+010,+012
+010,+012
+010,+012
+010,+012
+010,+012
+010,+012
+010,+012
+010,+012
+010,+012
+010,+012
+010,+012
+010,+012
+010,+012
+010,+012
+010,+012
+010,+012
+010,+012
+010,+012
+010,+012
+010,+012
+010,+012
+010,+012
+010,+012
+010,+014
+010,+014
+008,+014
+008,+014
+008,+014
+008,+014
+008,+014
+008,+014
+008,+014
+008,+014
+008,+014
+008,+014
+008,+014
+008,+014
+008,+014
+008,+014
+008,+014
+008,+014
+008,+014
+008,+014
+008,+014
+008,+014
+008,+014
+008,+014
+008,+014
+008,+014
+008,+014
+008,+014
+008,+014
+008,+014
+008,+014
+008,+014
+008,+014
+008,+014
+008,+014
+008,+014
+008,+014
+008,+014
+008,+014
+008,+014
+008,+014
+008,+014
+008,+014
+008,+014
+008,+014
+008,+014
+008,+014
+008,+014
+008,+014
+008,+014
+008,+014
+008,+014
+008,+014
+008,+014
+008,+016
+008,+016
+008,+016
+008,+016
+008,+016
+008,+016
+008,+016
+008,+016
+008,+016
+008,+016
+008,+016
+008,+016
+008,+016
+008,+016
+008,+016
+008,+016
+008,+016
+008,+016
+008,+016
+008,+016
+008,+016
+008,+016
+008,+016
+008,+018
+008,+018
+008,+018
+008,+018
+008,+018
+008,+018
+008,+018
+008,+018
+008,+020
+008,+020
+008,+020
+008,+020
+008,+020
+008,+020
+008,+020
+008,+020
+008,+020
+008,+020
+008,+020
+008,+020
+008,+020
+008,+020
+008,+020
+008,+020
+008,+020
+008,+020
+008,+020
+008,+020
+008,+020
+008,+020
+008,+020
+008,+020
+008,+020
+008,+020
+008,+020
+008,+020
+008,+020
+008,+020
+008,+020
+008,+020
+008,+020
+006,+020
+006,+020
+006,+020
+006,+020
+006,+020
+006,+020
+006,+020
+006,+018
+006,+018
+006,+018
+006,+018
+006,+018
+006,+018
+006,+018
+006,+018
+006,+018
+006,+018
+006,+018
+006,+018
+006,+018
+006,+018
+006,+018
+006,+018
+006,+018
+006,+016
+006,+016
+006,+016
+006,+016
+006,+016
+006,+016
+006,+016
+006,+016
+006,+016
+006,+016
+004,+016
+004,+016
+004,+016
+004,+016
+004,+016
+004,+016
+004,+016
+004,+016
+004,+016
+004,+016
+004,+016
+004,+016
+004,+016
+004,+016
+004,+016
+004,+016
+004,+014
+004,+014
+006,+014
+006,+014
+006,+014
+006,+014
+006,+014
+006,+014
+006,+014
+006,+014
+006,+014
+006,+014
+006,+014
+006,+014
+006,+014
+006,+014
+006,+014
+006,+014
+006,+014
+006,+014
+006,+014
+006,+014
+006,+014
+006,+014
+006,+014
+006,+014
+006,+014
+006,+014
+006,+014
+006,+014
+006,+014
+006,+014
+006,+014
+006,+014
+006,+014
+006,+014
+006,+014
+006,+014
+006,+014
+006,+014
+006,+014
+006,+014
+006,+014
+006,+014
+006,+014
+006,+014
+006,+014
+006,+014
+006,+016
+006,+016
+006,+016
+006,+016
+006,+016
+006,+016
+006,+016
+006,+016
+006,+016
+006,+016
+004,+016
+004,+016
+004,+016
+004,+016
+004,+016
+004,+016
+004,+016
+004,+016
+004,+016
+004,+016
+004,+016
+004,+016
+004,+016
+004,+016
+004,+016
+004,+016
+004,+016
+004,+016
+004,+016
+004,+016
+004,+016
+004,+016
+004,+016
+004,+016
+004,+016
+004,+016
+004,+016
+004,+016
+004,+016
+004,+016
+004,+016
+004,+016
+004,+016
+004,+016
+004,+016
+004,+016
+004,+016
+004,+016
+004,+016
+004,+016
+004,+016
+004,+016
+004,+016
+004,+016
+004,+016
+004,+016
+004,+016
+004,+016
+004,+016
+004,+016
+004,+016
+004,+018
+004,+018
+004,+018
+004,+018
+004,+018
+004,+018
+004,+018
+004,+018
+004,+018
+004,+018
+004,+018
+004,+018
+004,+018
+004,+018
+004,+018
+004,+018
+004,+018
+004,+018
+004,+018
+004,+018
+004,+018
+004,+018
+004,+018
+004,+018
+004,+018
+004,+018
+004,+018
+004,+018
+004,+018
+004,+018
+004,+018
+004,+018
+004,+018
+004,+018
+004,+018
+004,+018
+004,+018
+004,+018
+004,+020
+004,+020
+004,+020
+004,+020
+004,+020
+004,+020
+004,+020
+004,+020
+004,+020
+004,+020
+004,+020
+004,+020
+004,+020
+004,+020
+004,+020
+004,+020
+004,+020
+004,+020
+004,+020
+004,+020
+004,+020
+004,+020
+004,+020
+004,+020
+004,+020
+004,+020
+004,+020
+004,+020
+004,+020
+004,+020
+004,+020
+004,+020
+004,+022
+002,+022
+002,+022
+002,+022
+002,+022
+002,+022
+002,+022
+002,+022
+002,+022
+002,+022
+002,+022
+002,+022
+002,+022
+002,+022
+002,+022
+002,+022
+002,+022
+002,+022
+002,+022
+002,+022
+002,+022
+002,+022
+002,+022
+002,+022
+002,+022
+002,+022
+002,+022
+002,+022
+002,+022
+002,+022
+002,+022
+002,+022
+002,+022
+002,+022
+002,+022
+002,+022
+002,+022
+002,+022
+002,+022
+002,+022
+002,+022
+002,+022
+002,+022
+002,+022
+002,+022
+002,+022
+002,+022
+002,+022
+002,+022
+002,+022
+002,+022
+002,+022
+002,+022
+002,+022
+000,+022
+000,+022
+000,+022
+000,+022
+000,+022
+000,+022
+000,+022
+000,+022
+000,+022
+000,+022
+000,+022
+000,+022
+000,+022
+000,+022
+000,+022
+000,+022
+000,+022
+000,+022
+000,+022
+000,+022
+000,+022
+000,+022
+000,+022
+000,+022
+000,+024
+000,+024
+000,+024
+002,+024
+002,+024
+002,+024
+002,+024
+002,+024
+002,+024
+002,+024
+002,+024
+002,+024
+002,+024
+002,+024
+002,+024
+002,+024
+002,+026
+002,+026
+002,+026
+002,+026
+002,+026
+002,+026
+002,+026
+002,+026
+002,+026
+002,+026
+002,+026
+002,+026
+002,+026
+002,+026
+002,+026
+002,+026
+002,+026
+002,+026
+002,+026
+002,+026
+002,+026
+002,+026
+002,+026
+002,+026
+002,+026
+002,+026
+002,+026
+004,+026
+004,+026
+004,+026
+004,+026
+004,+026
+004,+026
+004,+026
+004,+026
+004,+026
+004,+026
+004,+026
+004,+026
+004,+026
+004,+026
+004,+026
+004,+026
+004,+026
+004,+026
+004,+026
+004,+026
+004,+026
+004,+024
+002,+024
+002,+024
+002,+024
+002,+024
+002,+024
+002,+024
+002,+024
+002,+024
+002,+024
+002,+024
+002,+024
+002,+024
+002,+022
+002,+022
+002,+022
+002,+022
+000,+022
+000,+022
+000,+022
+000,+022
+000,+022
+000,+022
+000,+022
+000,+022
+000,+020
+000,+020
+000,+020
+000,+020
+000,+020
+000,+020
+002,+020
+002,+020
+002,+020
+002,+020
+002,+020
+002,+018
+002,+018
+002,+018
+002,+018
+002,+018
+002,+018
+002,+018
+002,+018
+004,+018
+004,+018
+004,+018
+004,+018
+004,+018
+004,+016
+004,+016
+004,+016
+004,+016
+004,+016
+004,+016
+004,+016
+004,+016
+004,+016
+004,+016
+004,+016
+004,+016
+004,+016
+004,+016
+006,+016
+006,+016
+006,+016
+006,+016
+006,+016
+006,+016
+006,+016
+006,+016
+006,+016
+006,+014
+006,+014
+006,+014
+006,+014
+006,+014
+006,+014
+006,+014
+006,+014
+006,+014
+006,+014
+006,+014
+006,+014
+006,+014
+006,+014
+006,+014
+006,+014
+006,+014
+006,+014
+006,+014
+006,+014
+006,+014
+006,+014
+006,+014
+006,+014
+006,+014
+006,+014
+006,+014
+006,+014
+006,+014
+006,+014
+006,+014
+006,+014
+006,+014
+006,+014
+006,+014
+006,+014
+006,+014
+006,+014
+006,+014
+006,+014
+006,+014
+006,+014
+006,+014
+006,+014
+006,+014
+006,+014
+006,+014
+006,+014
+006,+014
+006,+014
+006,+014
+004,+014
+004,+014
+004,+014
+004,+014
+004,+014
+004,+014
+004,+014
+004,+014
+004,+014
+004,+014
+004,+014
+004,+014
+004,+016
+004,+016
+004,+016
+004,+016
+004,+016
+004,+016
+004,+016
+004,+016
+004,+016
+004,+016
+004,+016
+004,+016
+004,+016
+004,+016
+004,+016
+004,+016
+004,+016
+004,+016
+002,+016
+002,+016
+002,+016
+002,+016
+002,+016
+002,+016
+002,+016
+002,+016
+002,+016
+002,+016
+002,+016
+002,+016
+002,+016
+002,+016
+002,+016
+002,+016
+002,+016
+002,+016
+002,+016
+002,+016
+002,+016
+002,+016
+002,+016
+002,+016
+002,+016
+002,+016
+002,+016
+002,+016
+002,+016
+002,+016
+000,+016
+000,+016
+000,+016
+000,+016
+000,+016
+000,+016
+000,+016
+000,+016
+000,+016
+000,+014
+002,+014
+002,+014
+002,+014
+002,+014
+002,+014
+002,+014
+002,+014
+002,+014
+002,+014
+002,+012
+002,+012
+002,+012
+002,+012
+002,+012
+002,+012
+002,+012
+002,+012
+002,+012
+002,+012
+002,+012
+002,+012
+002,+012
+002,+012
+002,+012
+002,+012
+002,+012
+002,+012
+002,+012
+002,+012
+002,+012
+002,+012
+002,+012
+002,+012
+002,+012
+002,+012
+002,+012
+002,+012
+002,+012
+002,+012
+002,+012
+002,+010
+002,+010
+002,+010
+002,+010
+002,+010
+002,+010
+002,+010
+002,+010
+002,+010
+002,+010
+002,+010
+002,+010
+002,+010
+002,+010
+002,+010
+000,+010
+000,+010
+000,+010
+000,+010
+000,+010
+000,+010
+000,+010
+000,+010
+000,+010
+000,+010
+000,+010
+000,+010
+000,+010
+000,+010
+000,+010
+000,+010
+000,+012
+000,+012
+000,+012
+000,+012
+000,+012
+000,+012
+000,+012
+002,+012
+002,+012
+002,+015
+002,+015
+002,+015
+002,+015
+002,+015
+002,+015
+002,+015
+002,+015
+002,+015
+002,+015
+002,+015
+002,+015
+002,+015
+002,+015
+002,+015
+002,+015
+002,+015
+002,+015
+002,+015
+002,+015
+002,+015
+002,+015
+002,+015
+002,+015
+002,+015
+002,+017
+002,+017
+002,+017
+002,+017
+002,+017
+002,+017
+002,+017
+002,+017
+002,+017
+002,+017
+002,+017
+002,+017
+002,+017
+002,+017
+002,+017
+002,+017
+002,+017
+002,+017
+002,+017
+002,+017
+002,+017
+002,+017
+002,+017
+002,+017
+002,+017
+002,+017
+002,+017
+002,+017
+002,+017
+002,+017
+002,+017
+002,+017
+002,+017
+002,+017
+002,+017
+002,+017
+002,+017
+002,+017
+002,+017
+002,+017
+002,+017
+002,+017
+002,+017
+002,+017
+002,+017
+002,+017
+002,+019
+002,+019
+002,+019
+002,+019
+002,+019
+002,+019
+002,+019
+002,+019
+002,+019
+002,+019
+002,+019
+002,+019
+002,+019
+002,+019
+002,+019
+002,+019
+002,+019
+002,+019
+002,+019
+002,+019
+002,+019
+002,+019
+002,+019
+002,+019
+002,+019
+002,+019
+002,+019
+002,+019
+002,+019
+002,+019
+002,+019
+002,+019
+002,+019
+002,+019
+002,+019
+002,+019
+002,+019
+002,+019
+002,+019
+002,+019
+002,+019
+002,+019
+002,+019
+002,+019
+002,+019
+002,+019
+002,+019
+002,+019
+002,+019
+002,+019
+002,+019
+002,+019
+002,+019
+002,+019
+002,+019
+002,+019
+002,+019
+002,+019
+002,+019
+002,+019
+002,+019
+002,+019
+002,+019
+002,+019
+002,+019
+002,+019
+002,+019
+002,+019
+002,+019
+002,+019
+002,+019
+002,+019
+002,+019
+002,+019
+002,+019
+002,+019
+002,+019
+002,+019
+002,+019
+002,+019
+002,+019
+002,+019
+002,+019
+002,+019
+002,+019
+002,+019
+002,+019
+002,+019
+002,+019
+002,+019
+002,+019
+004,+019
+004,+019
+004,+019
+004,+019
+004,+019
+004,+019
+004,+019
+004,+019
+004,+019
+004,+019
+004,+019
+004,+019
+004,+019
+004,+019
+004,+019
+004,+019
+004,+019
+004,+019
+004,+019
+004,+019
+004,+019
+004,+019
+004,+019
+004,+021
+004,+021
+004,+021
+004,+021
+004,+021
+004,+021
+004,+021
+004,+021
+004,+021
+004,+021
+004,+021
+004,+021
+004,+021
+004,+021
+004,+021
+004,+021
+004,+021
+004,+021
+004,+021
+004,+021
+004,+021
+004,+021
+004,+021
+004,+021
+004,+021
+004,+021
+004,+021
+004,+021
+004,+021
+004,+021
+004,+021
+004,+021
+004,+021
+004,+021
+004,+021
+004,+021
+004,+021
+004,+021
+004,+021
+004,+021
+004,+021
+004,+021
+004,+021
+004,+021
+004,+023
+004,+023
+004,+023
+004,+023
+004,+023
+004,+023
+004,+023
+004,+023
+004,+023
+006,+023
+006,+023
+006,+023
+006,+023
+006,+023
+006,+023
+006,+023
+006,+023
+006,+023
+006,+023
+006,+023
+006,+023
+006,+023
+006,+023
+006,+023
+006,+023
+006,+023
+006,+023
+006,+023
+006,+023
+006,+023
+006,+023
+006,+023
+006,+023
+006,+023
+006,+023
+006,+023
+006,+023
+006,+023
+006,+023
+008,+023
+008,+023
+008,+023
+008,+025
+008,+025
+008,+025
+008,+025
+008,+025
+008,+025
+008,+025
+008,+025
+008,+025
+008,+025
+008,+025
+008,+025
+008,+025
+008,+025
+008,+025
+008,+025
+008,+025
+008,+025
+008,+025
+008,+025
+008,+025
+008,+025
+008,+025
+008,+025
+008,+025
+008,+025
+008,+025
+008,+025
+008,+025
+008,+025
+008,+025
+008,+025
+008,+025
+008,+025
+008,+025
+008,+025
+008,+025
+008,+025
+008,+025
+008,+025
+008,+025
+008,+025
+008,+025
+008,+025
+008,+025
+008,+025
+008,+025
+008,+025
+008,+025
+008,+025
+008,+025
+008,+025
+008,+025
+008,+025
+008,+025
+008,+025
+008,+025
+006,+025
+006,+025
+006,+025
+006,+025
+006,+025
+006,+025
+006,+025
+006,+025
+006,+023
+006,+023
+006,+023
+006,+023
+006,+023
+006,+023
+006,+023
+006,+023
+006,+023
+006,+023
+006,+023
+006,+023
+006,+023
+006,+023
+006,+023
+006,+023
+006,+023
+006,+023
+006,+023
+006,+023
+006,+023
+006,+023
+006,+023
+006,+023
+006,+023
+006,+023
+006,+023
+006,+023
+006,+023
+006,+023
+006,+023
+006,+023
+006,+023
+006,+023
+006,+025
+006,+025
+006,+025
+006,+025
+006,+025
+006,+025
+006,+025
+006,+025
+006,+025
+006,+025
+006,+025
+006,+025
+006,+025
+006,+025
+006,+025
+006,+025
+006,+025
+006,+025
+008,+025
+008,+025
+008,+025
+008,+025
+008,+025
+008,+025
+008,+025
+008,+025
+008,+025
+008,+025
+008,+025
+008,+025
+008,+025
+008,+025
+008,+025
+008,+025
+008,+025
+008,+025
+008,+025
+008,+025
+008,+025
+008,+025
+008,+025
+008,+025
+008,+025
+008,+025
+008,+025
+008,+025
+008,+025
+008,+025
+008,+027
+008,+027
+008,+027
+008,+027
+008,+027
+008,+027
+008,+027
+008,+027
+008,+027
+008,+027
+008,+027
+008,+027
+008,+027
+008,+027
+008,+027
+008,+027
+008,+027
+008,+027
+008,+027
+008,+027
+008,+027
+008,+027
+008,+027
+008,+027
+008,+027
+008,+027
+008,+027
+008,+027
+008,+027
+008,+027
+008,+027
+008,+027
+008,+027
+008,+027
+008,+027
+008,+027
+008,+027
+008,+027
+008,+027
+008,+027
+008,+027
+008,+027
+008,+025
+008,+025
+008,+025
+008,+025
+008,+025
+008,+025
+008,+025
+008,+025
+008,+025
+008,+025
+008,+025
+008,+025
+008,+025
+008,+025
+008,+025
+008,+025
+008,+025
+008,+025
+008,+025
+008,+025
+008,+025
+008,+025
+008,+025
+008,+025
+008,+025
+008,+025
+008,+025
+008,+025
+008,+025
+008,+025
+008,+025
+008,+025
+008,+025
+008,+025
+008,+025
+008,+025
+008,+025
+008,+025
+008,+025
+008,+023
+008,+023
+008,+023
+008,+023
+008,+023
+008,+023
+008,+023
+008,+023
+008,+023
+008,+023
+008,+023
+008,+023
+008,+023
+008,+023
+008,+023
+008,+023
+008,+023
+008,+023
+008,+023
+008,+023
+008,+023
+008,+023
+008,+023
+008,+023
+008,+023
+008,+023
+008,+023
+008,+023
+008,+023
+008,+023
+008,+023
+008,+023
+008,+023
+008,+023
+008,+023
+008,+023
+008,+023
+008,+023
+008,+023
+008,+023
+008,+023
+008,+023
+008,+023
+008,+023
+008,+023
+008,+023
+008,+023
+008,+023
+008,+023
+008,+023
+008,+023
+008,+023
+008,+023
+008,+023
+008,+023
+008,+023
+008,+023
+008,+023
+008,+023
+008,+023
+008,+023
+008,+023
+008,+023
+008,+023
+008,+023
+008,+023
+008,+023
+008,+023
+006,+023
+006,+023
+006,+023
+006,+023
+006,+023
+006,+023
+006,+023
+006,+023
+006,+023
+006,+023
+006,+023
+006,+023
+006,+023
+006,+023
+006,+023
+006,+023
+006,+023
+006,+023
+006,+023
+006,+023
+006,+023
+006,+023
+006,+023
+006,+023
+006,+023
+006,+023
+006,+023
+006,+023
+006,+023
+006,+023
+006,+023
+006,+023
+006,+023
+006,+023
+006,+023
+006,+023
+006,+023
+006,+023
+006,+023
+006,+023
+006,+023
+006,+023
+006,+023
+006,+023
+006,+023
+006,+023
+006,+023
+006,+023
+006,+023
+006,+023
+006,+023
+006,+023
+006,+023
+006,+023
+006,+023
+006,+023
+006,+023
+006,+023
+006,+023
+006,+023
+006,+023
+006,+023
+006,+023
+006,+023
+006,+023
+006,+023
+006,+023
+006,+023
+006,+023
+004,+023
+004,+023
+004,+023
+004,+023
+004,+023
+004,+023
+004,+023
+004,+023
+004,+023
+004,+023
+004,+023
+004,+023
+004,+023
+004,+023
+004,+023
+004,+023
+004,+023
+004,+023
+004,+023
+004,+023
+004,+023
+004,+023
+004,+023
+004,+023
+004,+023
+004,+023
+002,+023
+002,+023
+002,+023
+002,+023
+002,+023
+002,+023
+002,+023
+002,+023
+002,+023
+002,+023
+002,+023
+002,+023
+002,+023
+002,+023
+002,+023
+002,+023
+002,+023
+002,+023
+002,+023
+002,+023
+002,+023
+002,+023
+002,+023
+002,+023
+002,+023
+002,+023
+002,+023
+002,+023
+002,+023
+002,+023
+002,+023
+002,+023
+002,+023
+002,+023
+002,+023
+002,+023
+002,+023
+002,+023
+002,+023
+002,+023
+002,+023
+002,+023
+002,+023
+002,+023
+002,+023
+002,+023
+002,+023
+002,+023
+002,+023
+002,+023
+002,+023
+002,+023
+002,+023
+002,+023
+002,+023
+000,+023
+000,+023
+000,+023
+000,+023
+000,+023
+000,+023
+000,+023
+000,+023
+000,+023
+000,+023
+000,+023
+000,+023
+000,+023
+000,+023
+000,+023
+000,+023
+000,+023
+000,+023
+000,+023
+000,+023
+000,+023
+000,+023
+000,+023
+000,+023
+000,+023
+000,+023
+000,+023
+000,+023
+000,+023
+000,+023
+000,+023
+000,+023
+000,+023
+000,+023
+000,+023
+000,+023
+000,+023
+000,+023
+000,+023
+000,+023
+000,+021
+000,+021
+000,+021
+000,+021
+000,+021
+000,+021
+000,+021
+000,+021
+000,+021
+000,+021
+000,+021
+000,+021
+000,+021
+002,+021
+002,+021
+002,+021
+002,+021
+002,+021
+002,+021
+002,+021
+002,+021
+002,+021
+002,+021
+002,+021
+002,+021
+002,+021
+002,+021
+002,+021
+002,+021
+002,+021
+002,+021
+002,+021
+002,+021
+002,+021
+002,+021
+002,+021
+002,+019
+002,+019
+002,+019
+002,+019
+002,+019
+002,+019
+002,+019
+002,+019
+002,+019
+002,+019
+002,+019
+002,+019
+002,+019
+002,+019
+002,+019
+002,+019
+002,+019
+002,+019
+002,+019
+002,+019
+002,+019
+002,+019
+002,+019
+002,+019
+002,+019
+002,+019
+002,+019
+002,+019
+002,+019
+002,+019
+002,+019
+002,+019
+002,+019
+002,+019
+002,+019
+002,+019
+002,+019
+002,+019
+002,+019
+002,+019
+002,+019
+002,+019
+002,+019
+002,+019
+002,+019
+002,+019
+002,+019
+002,+019
+002,+019
+002,+019
+002,+019
+002,+019
+002,+019
+002,+019
+002,+019
+002,+019
+002,+019
+002,+019
+002,+019
+002,+019
+004,+019
+004,+019
+004,+019
+004,+019
+004,+019
+004,+019
+004,+019
+004,+019
+004,+019
+004,+019
+004,+019
+004,+019
+004,+019
+004,+019
+004,+019
+004,+019
+004,+019
+004,+019
+004,+019
+004,+019
+004,+019
+004,+019
+004,+021
+004,+021
+004,+021
+004,+021
+004,+021
+004,+021
+004,+021
+004,+021
+004,+021
+004,+021
+004,+021
+004,+021
+004,+021
+004,+021
+004,+021
+004,+021
+004,+021
+004,+021
+004,+021
+004,+021
+004,+021
+004,+021
+004,+021
+004,+019
+004,+019
+004,+019
+006,+019
+006,+017
+006,+017
+006,+017
+006,+017
+006,+017
+006,+017
+006,+017
+006,+017
+006,+017
+006,+017
+006,+017
+004,+019
+004,+019
+004,+019
+004,+019
+004,+019
+004,+019
+004,+019
+004,+019
+004,+019
+004,+019
+004,+019
+004,+019
+004,+019
+004,+019
+004,+019
+002,+019
+002,+019
+002,+019
+002,+019
+002,+019
+002,+019
+002,+019
+002,+019
+002,+019
+002,+019
+002,+017
+002,+017
+002,+017
+002,+017
+000,+017
+000,+017
+000,+017
+000,+017
+000,+017
+000,+017
+000,+017
+000,+017
+000,+017
+000,+017
+000,+017
+000,+017
+000,+017
+000,+017
+000,+017
+000,+017
+002,+017
+002,+017
+002,+017
+002,+015
+002,+015
+002,+015
+002,+015
+002,+015
+002,+015
+002,+015
+002,+015
+002,+015
+002,+015
+002,+015
+002,+015
+004,+015
+004,+015
+004,+015
+004,+013
+004,+013
+004,+013
+004,+013
+004,+013
+004,+013
+006,+013
+006,+013
+006,+013
+006,+013
+006,+013
+006,+013
+006,+013
+006,+013
+006,+013
+006,+013
+006,+013
+006,+013
+006,+013
+006,+013
+006,+013
+006,+013
+006,+013
+006,+013
+006,+013
+006,+013
+006,+013
+006,+013
+006,+013
+006,+013
+006,+013
+006,+013
+006,+013
+006,+013
+006,+013
+006,+013
+006,+013
+006,+013
+006,+013
+006,+013
+006,+013
+006,+013
+006,+013
+006,+013
+006,+013
+006,+013
+006,+013
+006,+013
+006,+013
+006,+015
+006,+015
+006,+015
+006,+015
+006,+015
+004,+015
+004,+015
+004,+015
+004,+015
+004,+015
+004,+015
+004,+015
+004,+015
+004,+015
+004,+015
+004,+015
+004,+015
+004,+015
+002,+015
+002,+015
+002,+017
+002,+017
+002,+017
+002,+017
+002,+017
+002,+017
+002,+017
+002,+017
+002,+017
+002,+017
+002,+017
+002,+017
+002,+017
+002,+017
+002,+017
+002,+017
+002,+017
+002,+017
+002,+017
+002,+017
+002,+017
+002,+017
+002,+017
+002,+017
+002,+017
+002,+017
+002,+017
+002,+017
+002,+017
+002,+017
+002,+017
+002,+017
+002,+017
+002,+017
+002,+017
+002,+017
+002,+017
+002,+017
+002,+017
+002,+017
+002,+017
+002,+017
+002,+017
+002,+017
+002,+017
+002,+017
+002,+017
+002,+017
+002,+017
+002,+017
+002,+017
+002,+017
+002,+017
+002,+017
+002,+017
+002,+017
+002,+017
+002,+017
+002,+017
+002,+017
+002,+017
+002,+017
+002,+017
+002,+017
+002,+017
+002,+017
+002,+017
+002,+017
+002,+017
+002,+017
+002,+017
+002,+017
+002,+017
+002,+017
+002,+017
+002,+017
+002,+017
+002,+017
+002,+017
+002,+017
+002,+017
+002,+017
+002,+017
+002,+017
+002,+017
+002,+017
+002,+017
+002,+017
+002,+017
+002,+017
+002,+017
+002,+017
+002,+017
+002,+017
+002,+017
+002,+017
+002,+017
+002,+017
+002,+017
+002,+017
+002,+017
+002,+017
+002,+017
+002,+017
+002,+017
+002,+017
+002,+017
+002,+017
+002,+017
+002,+017
+002,+017
+002,+017
+002,+017
+002,+017
+002,+017
+002,+015
+002,+015
+002,+015
+002,+015
+002,+015
+002,+015
+002,+015
+002,+015
+002,+015
+002,+015
+002,+015
+002,+015
+002,+015
+002,+015
+002,+015
+002,+015
+002,+015
+002,+015
+002,+015
+002,+015
+002,+015
+002,+015
+002,+015
+002,+015
+002,+015
+002,+015
+002,+015
+002,+015
+002,+015
+002,+015
+002,+015
+002,+015
+002,+015
+002,+015
+002,+015
+002,+015
+002,+015
+002,+015
+004,+015
+004,+015
+004,+015
+004,+015
+004,+015
+004,+015
+004,+015
+004,+015
+004,+015
+004,+015
+004,+015
+004,+015
+004,+015
+004,+015
+004,+015
+004,+015
+004,+015
+004,+015
+004,+015
+004,+015
+004,+015
+004,+015
+004,+015
+004,+015
+004,+015
+004,+015
+004,+015
+004,+015
+004,+015
+004,+015
+004,+015
+004,+015
+004,+015
+004,+015
+004,+015
+004,+013
+004,+013
+004,+013
+004,+013
+004,+013
+004,+011
+004,+011
+004,+011
+004,+011
+004,+011
+004,+011
+004,+011
+004,+011
+004,+011
+004,+011
+004,+011
+004,+011
+004,+011
+004,+011
+004,+009
+004,+009
+004,+009
+004,+009
+004,+009
+004,+009
+004,+009
+004,+009
+004,+009
+004,+009
+004,+009
+004,+009
+004,+009
+004,+009
+004,+009
+004,+009
+004,+009
+004,+009
+004,+009
+004,+009
+004,+009
+004,+009
+004,+009
+004,+009
+004,+007
+004,+007
+004,+007
+004,+007
+004,+007
+004,+007
+004,+007
+004,+007
+004,+007
+004,+007
+004,+007
+004,+007
+004,+007
+004,+007
+004,+007
+004,+007
+004,+007
+004,+007
+004,+007
+004,+007
+004,+007
+004,+007
+004,+007
+004,+007
+004,+007
+004,+007
+004,+007
+004,+007
+004,+007
+004,+007
+004,+007
+004,+007
+004,+007
+004,+007
+004,+007
+004,+007
+004,+007
+004,+007
+004,+007
+004,+007
+004,+007
+004,+007
+004,+007
+004,+007
+004,+007
+004,+007
+004,+007
+004,+007
+004,+007
+004,+007
+004,+007
+004,+007
+004,+007
+004,+007
+004,+007
+004,+007
+004,+007
+004,+007
+004,+007
+004,+007
+004,+007
+004,+007
+004,+007
+004,+007
+004,+007
+004,+007
+004,+007
+004,+007
+004,+007
+006,+007
+006,+007
+006,+007
+006,+007
+006,+007
+006,+007
+006,+007
+006,+007
+006,+007
+006,+007
+006,+007
+006,+007
+006,+007
+006,+007
+006,+007
+006,+007
+006,+007
+006,+007
+006,+007
+006,+007
+006,+007
+006,+007
+006,+007
+006,+007
+006,+007
+006,+007
+006,+007
+006,+007
+006,+007
+006,+007
+006,+007
+006,+007
+006,+007
+006,+007
+006,+007
+006,+007
+008,+007
+008,+007
+008,+007
+008,+007
+008,+007
+008,+007
+008,+007
+008,+007
+008,+007
+008,+007
+008,+007
+008,+007
+008,+007
+008,+007
+008,+007
+008,+007
+008,+007
+008,+007
+008,+007
+008,+007
+008,+007
+008,+007
+008,+007
+008,+007
+008,+007
+008,+007
+008,+005
+008,+005
+008,+005
+008,+005
+008,+005
+008,+005
+008,+005
+008,+005
+008,+005
+008,+005
+008,+005
+008,+005
+008,+005
+008,+005
+008,+005
+008,+005
+008,+005
+008,+005
+010,+005
+010,+005
+010,+005
+010,+005
+010,+005
+010,+005
+010,+005
+010,+005
+010,+005
+010,+005
+010,+005
+010,+005
+010,+005
+010,+005
+010,+005
+010,+005
+010,+005
+010,+005
+010,+005
+010,+005
+012,+005
+012,+007
+012,+007
+012,+007
+012,+007
+012,+007
+012,+007
+012,+007
+012,+007
+012,+007
+014,+007
+014,+007
+014,+007
+014,+007
+014,+007
+014,+007
+014,+007
+014,+007
+014,+007
+014,+007
+014,+007
+014,+007
+014,+007
+014,+007
+014,+007
+014,+007
+014,+007
+014,+007
+014,+007
+014,+007
+014,+007
+014,+007
+012,+007
+012,+007
+012,+009
+012,+009
+012,+009
+012,+009
+012,+009
+012,+009
+012,+009
+012,+009
+012,+009
+012,+009
+012,+009
+012,+009
+012,+009
+012,+009
+012,+009
+012,+009
+012,+009
+012,+009
+012,+009
+012,+009
+012,+009
+012,+009
+012,+009
+012,+009
+010,+009
+010,+009
+010,+009
+010,+009
+010,+009
+010,+009
+010,+009
+010,+009
+010,+009
+010,+009
+010,+009
+010,+009
+010,+011
+010,+011
+010,+011
+010,+011
+010,+011
+010,+011
+010,+011
+010,+011
+010,+011
+010,+011
+010,+011
+010,+011
+010,+011
+010,+011
+010,+011
+010,+011
+010,+011
+010,+011
+010,+011
+010,+011
+010,+011
+010,+011
+010,+011
+010,+011
+010,+011
+010,+011
+010,+011
+010,+011
+010,+011
+010,+011
+010,+011
+010,+011
+010,+011
+010,+011
+010,+011
+010,+011
+010,+009
+010,+009
+010,+009
+010,+009
+010,+009
+010,+009
+010,+009
+010,+009
+010,+009
+010,+009
+010,+009
+010,+009
+010,+009
+010,+009
+010,+009
+010,+009
+010,+009
+010,+009
+010,+009
+010,+009
+010,+009
+010,+009
+010,+009
+010,+009
+010,+007
+010,+007
+010,+007
+010,+007
+010,+007
+010,+007
+010,+007
+010,+005
+010,+005
+010,+005
+010,+005
+010,+005
+010,+005
+010,+005
+010,+005
+010,+005
+010,+005
+010,+005
+010,+005
+010,+005
+010,+005
+010,+005
+010,+005
+010,+005
+010,+005
+010,+005
+010,+005
+010,+005
+010,+005
+010,+005
+010,+005
+010,+005
+010,+005
+010,+005
+010,+005
+010,+005
+010,+005
+010,+005
+010,+005
+010,+005
+010,+005
+010,+005
+010,+005
+010,+005
+010,+005
+010,+005
+010,+005
+010,+005
+010,+007
+010,+007
+010,+007
+010,+009
+010,+009
+010,+009
+010,+009
+010,+009
+010,+009
+010,+009
+010,+009
+010,+009
+010,+009
+010,+009
+010,+009
+010,+009
+010,+009
+010,+009
+010,+009
+008,+009
+008,+009
+008,+009
+008,+007
+008,+007
+008,+007
+008,+007
+008,+007
+008,+007
+008,+007
+008,+007
+008,+007
+008,+007
+008,+007
+008,+007
+008,+007
+008,+007
+008,+007
+008,+007
+008,+007
+008,+007
+008,+007
+008,+007
+008,+007
+008,+009
+008,+009
+008,+009
+008,+009
+008,+009
+008,+009
+008,+009
+008,+009
+008,+009
+008,+009
+008,+009
+008,+009
+008,+009
+008,+007
+008,+007
+008,+007
+008,+007
+008,+007
+008,+007
+008,+007
+008,+007
+008,+007
+008,+007
+008,+007
+008,+007
+008,+007
+008,+007
+008,+007
+008,+007
+008,+007
+008,+007
+008,+007
+008,+007
+008,+007
+008,+007
+008,+007
+008,+007
+008,+007
+008,+007
+008,+007
+008,+007
+008,+007
+008,+007
+008,+007
+008,+009
+008,+009
+008,+009
+008,+009
+008,+009
+008,+009
+008,+009
+008,+009
+008,+007
+008,+007
+008,+007
+008,+007
+008,+007
+008,+007
+008,+007
+008,+007
+008,+007
+008,+007
+008,+007
+008,+007
+008,+007
+008,+007
+008,+007
+008,+007
+008,+007
+008,+007
+008,+007
+008,+007
+008,+007
+008,+007
+008,+009
+008,+009
+010,+009
+010,+009
+010,+009
+010,+009
+010,+009
+010,+009
+010,+009
+010,+009
+010,+009
+010,+009
+010,+009
+010,+009
+010,+009
+010,+009
+010,+009
+010,+009
+010,+009
+010,+009
+010,+009
+010,+011
+010,+011
+010,+011
+010,+011
+010,+011
+010,+011
+010,+011
+010,+011
+010,+011
+010,+011
+010,+011
+010,+011
+010,+011
+010,+011
+010,+011
+010,+011
+010,+011
+010,+011
+008,+011
+008,+011
+008,+011
+008,+011
+008,+011
+008,+011
+008,+011
+008,+011
+008,+011
+008,+011
+008,+011
+008,+011
+008,+013
+008,+013
+008,+013
+008,+013
+008,+013
+008,+013
+008,+013
+008,+013
+008,+013
+008,+013
+008,+013
+008,+013
+008,+013
+008,+013
+008,+013
+008,+013
+008,+013
+008,+013
+008,+013
+008,+013
+008,+013
+008,+013
+008,+013
+008,+013
+008,+013
+008,+013
+008,+013
+008,+013
+008,+013
+008,+013
+008,+013
+008,+013
+008,+013
+008,+013
+008,+013
+008,+013
+008,+013
+008,+013
+008,+013
+008,+013
+008,+013
+008,+013
+008,+013
+008,+013
+008,+013
+008,+013
+008,+013
+008,+013
+008,+013
+008,+013
+008,+013
+008,+013
+008,+013
+008,+013
+008,+013
+008,+013
+008,+013
+008,+013
+008,+013
+008,+013
+008,+013
+008,+013
+008,+013
+008,+013
+008,+013
+008,+013
+008,+013
+008,+013
+008,+013
+008,+013
+008,+013
+008,+013
+008,+013
+008,+013
+008,+013
+008,+013
+008,+013
+008,+013
+008,+013
+008,+013
+008,+013
+008,+013
+008,+013
+008,+013
+008,+013
+008,+013
+008,+013
+008,+013
+008,+013
+008,+013
+008,+013
+008,+013
+008,+013
+008,+013
+008,+013
+008,+013
+008,+013
+008,+013
+008,+013
+008,+013
+008,+013
+008,+013
+008,+013
+008,+015
+008,+015
+008,+015
+008,+015
+008,+015
+008,+015
+008,+015
+008,+015
+008,+015
+008,+015
+008,+015
+008,+015
+008,+015
+008,+015
+008,+015
+008,+015
+008,+015
+008,+015
+008,+015
+008,+015
+008,+015
+008,+015
+008,+015
+006,+015
+006,+015
+006,+015
+006,+015
+006,+015
+006,+015
+006,+015
+006,+017
+006,+017
+006,+017
+006,+017
+006,+017
+006,+017
+006,+017
+006,+017
+006,+017
+006,+017
+006,+017
+006,+017
+006,+017
+006,+017
+006,+017
+006,+017
+006,+017
+006,+017
+006,+017
+006,+017
+006,+017
+006,+017
+006,+017
+006,+017
+006,+017
+006,+017
+006,+017
+006,+017
+006,+017
+006,+017
+006,+017
+006,+017
+006,+017
+006,+017
+006,+017
+006,+017
+006,+017
+006,+017
+006,+017
+006,+017
+006,+017
+006,+017
+006,+017
+006,+017
+006,+017
+006,+017
+006,+017
+006,+017
+006,+017
+006,+017
+006,+017
+006,+017
+006,+015
+006,+015
+006,+015
+006,+015
+006,+015
+008,+015
+008,+015
+008,+015
+008,+015
+008,+015
+008,+015
+008,+015
+008,+015
+008,+015
+008,+015
+008,+015
+008,+015
+008,+015
+008,+015
+008,+015
+008,+015
+008,+015
+008,+015
+008,+015
+008,+015
+008,+015
+008,+013
+008,+013
+008,+013
+008,+013
+008,+013
+008,+013
+008,+013
+008,+013
+008,+013
+008,+013
+008,+013
+008,+013
+008,+013
+008,+013
+008,+013
+008,+013
+008,+013
+008,+013
+008,+013
+008,+013
+008,+013
+008,+013
+008,+013
+010,+013
+010,+013
+010,+013
+010,+013
+010,+013
+010,+013
+010,+013
+010,+013
+010,+013
+010,+013
+010,+013
+010,+013
+010,+013
+010,+013
+010,+013
+010,+013
+010,+013
+010,+013
+008,+013
+008,+013
+008,+013
+008,+013
+008,+013
+008,+013
+008,+013
+008,+013
+008,+013
+008,+013
+008,+013
+008,+013
+008,+013
+008,+013
+008,+013
+008,+013
+008,+013
+008,+013
+008,+013
+008,+013
+008,+013
+008,+013
+008,+013
+008,+013
+008,+013
+008,+013
+008,+013
+008,+013
+008,+013
+008,+013
+006,+013
+006,+013
+006,+013
+006,+013
+006,+013
+006,+013
+006,+013
+006,+013
+006,+013
+006,+013
+006,+013
+006,+013
+006,+013
+006,+013
+006,+013
+006,+013
+006,+013
+006,+013
+006,+013
+006,+013
+006,+013
+006,+011
+006,+011
+006,+011
+006,+011
+006,+009
+006,+009
+006,+009
+006,+009
+006,+009
+006,+011
+006,+011
+006,+011
+006,+011
+006,+011
+006,+011
+006,+011
+006,+011
+006,+011
+006,+011
+006,+011
+006,+011
+006,+009
+006,+009
+006,+009
+006,+009
+006,+009
+006,+009
+006,+009
+006,+009
+004,+009
+004,+009
+004,+009
+004,+009
+004,+009
+004,+009
+004,+009
+004,+009
+004,+009
+004,+009
+004,+009
+004,+009
+004,+009
+004,+009
+004,+009
+004,+009
+004,+009
+004,+009
+004,+009
+004,+009
+004,+009
+004,+009
+004,+009
+004,+009
+004,+009
+004,+009
+004,+009
+004,+009
+004,+009
+004,+009
+004,+009
+004,+009
+004,+009
+004,+009
+004,+009
+004,+009
+004,+009
+004,+009
+004,+009
+004,+009
+004,+009
+004,+009
+004,+009
+004,+009
+004,+009
+004,+009
+004,+009
+004,+009
+004,+009
+004,+009
+004,+009
+004,+009
+004,+009
+004,+009
+004,+009
+004,+009
+004,+009
+004,+009
+004,+009
+004,+009
+004,+009
+004,+009
+004,+009
+004,+009
+004,+009
+004,+009
+004,+009
+004,+011
+004,+011
+004,+011
+006,+013
+006,+013
+006,+013
+006,+013
+006,+013
+006,+013
+006,+013
+006,+013
+006,+013
+006,+013
+006,+013
+006,+015
+006,+015
+006,+015
+006,+015
+006,+015
+006,+015
+006,+015
+006,+015
+006,+015
+006,+015
+006,+015
+006,+015
+006,+015
+006,+015
+006,+015
+006,+015
+006,+015
+006,+015
+006,+015
+006,+015
+006,+015
+006,+015
+006,+015
+006,+015
+006,+015
+006,+015
+006,+015
+006,+015
+006,+015
+006,+015
+006,+015
+006,+015
+006,+015
+006,+015
+006,+015
+006,+015
+006,+015
+006,+015
+006,+015
+006,+015
+006,+015
+006,+015
+006,+015
+006,+015
+006,+015
+006,+015
+006,+015
+006,+015
+006,+015
+006,+015
+006,+015
+006,+015
+006,+015
+006,+015
+006,+015
+006,+015
+006,+015
+006,+015
+006,+015
+006,+015
+006,+015
+006,+015
+006,+015
+006,+015
+006,+015
+006,+015
+006,+015
+006,+015
+006,+015
+006,+015
+006,+015
+006,+015
+006,+015
+006,+015
+006,+015
+006,+015
+006,+015
+006,+015
+006,+015
+006,+015
+006,+015
+006,+015
+006,+015
+006,+015
+006,+015
+006,+015
+006,+015
+006,+015
+006,+015
+006,+015
+006,+015
+006,+015
+006,+015
+006,+015
+006,+015
+006,+015
+006,+015
+006,+015
+006,+013
+006,+013
+006,+013
+006,+013
+006,+013
+006,+013
+006,+013
+006,+013
+006,+013
+006,+013
+006,+013
+008,+013
+008,+013
+008,+013
+008,+013
+008,+013
+008,+013
+008,+013
+008,+013
+008,+013
+008,+013
+008,+013
+008,+013
+008,+013
+008,+013
+008,+013
+010,+013
+010,+011
+010,+011
+010,+011
+010,+011
+010,+011
+010,+011
+010,+011
+010,+011
+010,+011
+010,+011
+010,+011
+010,+011
+012,+011
+012,+011
+012,+011
+012,+011
+012,+011
+012,+011
+012,+011
+012,+011
+012,+011
+012,+009
+012,+009
+014,+009
+014,+009
+014,+009
+014,+009
+014,+009
+014,+009
+014,+009
+014,+009
+014,+009
+014,+009
+014,+009
+014,+009
+014,+009
+014,+009
+014,+009
+014,+009
+014,+009
+014,+009
+014,+009
+014,+011
+014,+011
+014,+011
+014,+011
+014,+011
+012,+011
+012,+011
+012,+011
+012,+011
+012,+011
+012,+011
+012,+011
+012,+011
+012,+011
+012,+011
+012,+011
+012,+011
+012,+011
+012,+011
+010,+011
+010,+011
+010,+011
+010,+011
+010,+011
+010,+013
+010,+013
+010,+013
+010,+013
+010,+013
+010,+013
+010,+013
+010,+013
+010,+013
+010,+013
+010,+013
+010,+013
+010,+013
+010,+013
+010,+013
+010,+013
+010,+013
+010,+013
+010,+013
+010,+013
+010,+013
+010,+013
+010,+013
+010,+013
+010,+013
+010,+013
+010,+013
+010,+013
+010,+013
+010,+013
+010,+013
+010,+013
+010,+013
+010,+013
+008,+013
+008,+013
+008,+013
+008,+013
+008,+013
+008,+013
+008,+013
+008,+013
+008,+013
+008,+013
+008,+013
+008,+011
+008,+011
+008,+011
+006,+011
+006,+011
+006,+011
+006,+011
+006,+009
+006,+009
+006,+009
+006,+009
+006,+009
+006,+009
+006,+011
+008,+011
+008,+011
+008,+011
+008,+011
+008,+011
+008,+011
+008,+011
+008,+011
+008,+011
+008,+011
+008,+011
+008,+011
+008,+011
+008,+009
+008,+009
+008,+009
+008,+009
+008,+007
+008,+007
+008,+007
+008,+007
+008,+007
+008,+007
+008,+007
+008,+007
+008,+007
+008,+007
+008,+007
+008,+007
+008,+007
+008,+007
+008,+007
+008,+007
+008,+007
+008,+007
+008,+007
+008,+007
+008,+007
+008,+007
+008,+007
+008,+007
+008,+007
+008,+007
+008,+007
+008,+007
+006,+007
+006,+007
+006,+007
+006,+007
+006,+007
+006,+007
+006,+007
+006,+007
+006,+007
+006,+007
+006,+007
+006,+007
+006,+007
+006,+007
+006,+007
+006,+007
+006,+007
+006,+007
+004,+007
+004,+007
+004,+007
+004,+007
+004,+007
+004,+007
+004,+007
+004,+007
+004,+007
+004,+007
+004,+007
+004,+007
+004,+007
+004,+007
+004,+007
+004,+007
+002,+007
+002,+007
+002,+007
+002,+007
+002,+007
+002,+007
+002,+007
+002,+007
+002,+007
+002,+007
+002,+007
+002,+007
+002,+007
+002,+007
+002,+007
+002,+007
+002,+007
+002,+007
+002,+007
+002,+007
+002,+007
+002,+007
+002,+007
+002,+007
+002,+007
+002,+007
+002,+007
+002,+007
+002,+007
+002,+007
+002,+007
+002,+007
+002,+007
+002,+007
+002,+007
+002,+007
+002,+007
+002,+007
+004,+007
+004,+007
+004,+007
+004,+007
+004,+007
+004,+007
+004,+007
+004,+007
+004,+007
+004,+007
+004,+007
+004,+007
+004,+007
+006,+007
+006,+007
+006,+007
+006,+007
+006,+007
+006,+007
+006,+007
+006,+007
+006,+007
+006,+007
+006,+007
+006,+007
+006,+007
+006,+007
+006,+007
+006,+007
+006,+007
+006,+007
+006,+007
+006,+007
+006,+007
+006,+007
+006,+007
+006,+007
+008,+007
+008,+009
+008,+009
+008,+009
+008,+009
+008,+011
+008,+011
+008,+011
+008,+011
+008,+011
COP Area(S): 000323
COP Area(R): 000723