+000,+000
+000,+000
+000,+000
+000,+000
+000,+000
+000,+002
+002,+002
+002,+002
+002,+002
+002,+002
+002,+002
+002,+002
+002,+004
+002,+004
+000,+004
+000,+004
+000,+004
+000,+006
+000,+006
+000,+006
+000,+006
+000,+006
+002,-007
+002,-007
+002,-008
+002,-008
+002,-009
+004,-009
+004,-009
+004,-010
+004,-010
+004,-010
+006,-011
+006,-011
+006,-011
+006,-011
+006,-011
+006,-011
+006,-011
+006,-012
+008,-012
+008,-012
+008,-012
+008,-012
+008,-012
+008,-012
+008,-012
+008,-012
+008,-012
+008,-012
+008,-012
+008,-012
+008,-012
+008,-012
+008,-012
+008,-012
+008,-012
+008,-009
+008,-010
+006,-010
+006,-010
+006,-010
+006,-010
+006,-010
+004,-010
+004,-010
+004,-010
+004,-010
+004,-010
+002,-007
+002,-007
+002,-007
+002,-007
+002,-007
+002,+005
+002,+005
+000,+005
+000,+005
+000,+003
+000,+003
+000,+003
+002,+001
+002,+001
+002,+001
+002,+001
+002,+001
+004,+001
+004,+001
+004,+001
+004,+003
+004,+003
+004,+003
+004,+003
+004,+003
+004,+005
+006,+005
+006,+005
+006,+005
+006,+005
+006,+005
+006,+005
+006,+005
+006,+005
+006,+005
+006,+007
+006,+007
+006,+007
+006,+007
+006,+007
+006,+007
+006,+007
+006,+007
+006,+007
+006,+007
+006,+007
+006,+007
+006,+007
+006,+007
+006,+009
+006,+009
+006,+009
+006,+009
+006,+009
+006,+009
+006,+009
+006,+009
+006,+009
+006,+009
+006,+011
+006,+011
+004,+011
+004,+011
+004,+011
+004,+011
+004,+011
+004,+011
+004,+011
+002,+013
+002,+013
+002,+013
+002,+013
+002,+013
+002,+013
+002,+013
+002,+015
+002,+015
+000,+015
+000,+015
+000,+015
+000,+017
+000,+017
+000,+017
+000,+017
+000,+019
+000,+019
+000,+019
+000,+019
+000,+021
+000,+021
+000,+021
+000,+021
+000,+023
+000,+023
+000,+023
+000,+023
+000,+023
+000,+025
+000,+025
+000,+025
+000,+025
+000,+025
+000,+025
+000,+025
+002,+027
+002,+027
+002,+027
+002,+027
+002,+027
+002,+027
+002,+029
+002,+029
+002,+029
+002,+029
+002,+029
+002,+029
+002,+029
+002,+029
+004,+029
+004,+029
+004,+029
+004,+031
+004,+031
+004,+031
+004,+031
+004,+031
+004,+031
+004,+031
+004,+031
+004,+031
+004,+031
+004,+031
+004,+033
+006,+033
+006,+033
+006,+033
+006,+033
+006,+033
+006,+035
+006,+035
+006,+035
+006,+035
+006,+035
+008,+035
+008,+035
+008,+035
+008,+037
+010,+037
+010,+039
+010,+039
+010,+039
+010,+039
+010,+039
+012,+039
+012,+039
+012,+039
+012,+039
+012,+039
+012,+039
+012,+039
+012,+039
+012,+039
+012,+039
+012,+039
+012,+039
+012,+039
+012,+039
+012,+039
+012,+039
+012,+039
+014,+039
+014,+039
+014,+039
+014,+039
+014,+037
+014,+037
+014,+037
+014,+037
+014,+037
+014,+037
+014,+037
+014,+037
+014,+037
+014,+037
+014,+037
+014,+037
+014,+037
+014,+037
+014,+037
+014,+037
+014,+037
+014,+035
+014,+035
+014,+035
+014,+035
+014,+035
+014,+033
+014,+033
+014,+033
+014,+033
+014,+033
+014,+033
+014,+031
+012,+031
+012,+031
+012,+031
+012,+031
+012,+031
+012,+031
+012,+031
+012,+029
+012,+029
+012,+029
+012,+029
+012,+029
+012,+029
+012,+029
+012,+029
+012,+029
+012,+027
+012,+027
+012,+027
+012,+027
+012,+027
+012,+027
+012,+025
+012,+025
+012,+025
+012,+025
+012,+025
+012,+025
+012,+025
+012,+023
+012,+023
+012,+023
+010,+023
+010,+023
+010,+021
+010,+021
+010,+021
+010,+019
+010,+019
+010,+019
+010,+019
+010,+017
+010,+017
+008,+017
+008,+017
+008,+015
+008,+015
+008,+015
+008,+015
+006,+015
+006,+013
+006,+013
+006,+013
+006,+011
+004,+011
+004,+011
+004,+009
+004,+009
+004,+007
+004,+007
+002,+007
+002,+005
+002,+005
+002,+005
+000,+003
+000,+003
+000,+003
+000,+001
+000,+001
+000,+001
+000,+001
+000,+001
+002,+001
+002,+003
+002,+003
+002,+003
+002,+003
+002,+003
+002,+003
+002,+005
+002,+005
+002,+005
+002,+005
+002,+006
+002,+006
+002,+006
+002,+006
+002,+006
+002,+006
+002,+006
+002,+006
+002,+006
+002,+006
+002,+006
+002,+006
+002,+006
+002,+006
+002,+006
+002,+006
+002,+006
+002,+006
+002,+006
+002,+006
+002,+006
+002,+006
+002,+006
+002,+006
+002,+006
+002,+006
+002,+006
+002,+006
+002,+006
+002,+006
+002,+006
+002,+006
+002,+006
+002,+006
+002,+006
+002,+006
+002,+006
+002,+004
+002,+004
+002,+004
+002,+004
+002,+004
+002,+002
+002,+002
+002,+002
+002,+002
+002,+002
+002,+002
+002,+002
+004,+000
+004,+000
+004,+000
+004,+000
+004,+000
+004,+002
+004,+002
+004,+002
+004,+002
+006,+004
+006,+004
+006,+004
+006,+006
+006,+006
+006,+006
+006,+008
+008,+008
+008,+008
+008,+008
+008,+008
+008,+010
+010,+010
+010,+010
+010,+010
+010,+010
+010,+010
+010,+010
+010,+012
+010,+012
+012,+012
+012,+014
+012,+014
+012,+014
+014,+014
+014,+014
+014,+014
+014,+014
+014,+014
+014,+016
+014,+016
+014,+016
+014,+016
+014,+016
+016,+016
+016,+018
+016,+018
+016,+018
+016,+018
+016,+018
+016,+018
+016,+018
+016,+018
+016,+018
+016,+020
+016,+020
+016,+020
+016,+020
+016,+020
+016,+020
+016,+020
+016,+020
+016,+020
+016,+020
+016,+020
+016,+020
+016,+020
+016,+020
+016,+020
+016,+020
+016,+020
+016,+020
+016,+020
+016,+020
+016,+020
+016,+020
+016,+020
+016,+020
+016,+020
+016,+020
+016,+020
+016,+020
+016,+020
+018,+020
+018,+020
+018,+020
+018,+020
+018,+020
+018,+020
+018,+020
+020,+020
+020,+020
+020,+020
+020,+022
+020,+022
+020,+022
+022,+022
+022,+022
+022,+022
+022,+022
+024,+022
+024,+022
+026,+022
+026,+022
+026,+022
+026,+022
+026,+022
+027,+022
-028,+022
-028,+022
-029,+022
-029,+022
-030,+020
-030,+020
-031,+020
-031,+020
-031,+020
-032,+020
-032,+020
-032,+020
-032,+018
-032,+018
-032,+018
-032,+018
-032,+018
-032,+018
-033,+018
-033,+018
-033,+018
-033,+016
-033,+016
-033,+016
-033,+016
-033,+016
-033,+016
-033,+016
-033,+016
-033,+016
-033,+016
-033,+016
-033,+016
-033,+016
-033,+016
-033,+016
-033,+016
-033,+016
-033,+014
-033,+014
-033,+014
-030,+014
-030,+014
-030,+014
-030,+014
-030,+014
-030,+014
-030,+014
-030,+014
-030,+014
-030,+014
+027,+014
+027,+014
+027,+014
+027,+012
+027,+012
+027,+012
+027,+012
+025,+012
+025,+012
+025,+012
+025,+012
+025,+014
+025,+014
+023,+014
+023,+014
+023,+014
+023,+014
+023,+014
+023,+014
+023,+014
+023,+014
+023,+014
+023,+014
+023,+014
+023,+016
+023,+016
+023,+016
+021,+016
+021,+016
+021,+016
+021,+016
+021,+016
+021,+016
+021,+016
+021,+018
+021,+018
+021,+018
+021,+018
+021,+018
+021,+020
+021,+020
+021,+020
+021,+020
+021,+020
+021,+020
+021,+020
+021,+020
+021,+020
+021,+022
+021,+022
+021,+022
+021,+022
+021,+022
+021,+024
+019,+024
+019,+024
+019,+026
+019,+026
+019,+026
+019,+026
+019,+026
+019,+026
+019,+028
+019,+028
+019,+028
+019,+028
+019,+028
+019,+028
+019,+030
+019,+030
+019,+030
+019,+030
+019,+030
+019,+030
+019,+030
+019,+030
+019,+030
+019,+030
+019,+032
+019,+032
+019,+032
+019,+032
+019,+032
+019,+032
+021,+032
+021,+032
+021,+032
+021,+032
+021,+032
+021,+032
+021,+032
+021,+032
+021,+032
+021,+032
+023,+032
+023,+032
+023,+032
+023,+032
+023,+032
+023,+032
+025,+032
+025,+032
+025,+032
+025,+034
+027,+034
+027,+034
+027,+034
+027,+034
+027,+034
+027,+034
+027,+034
+027,+032
+027,+032
+027,+032
+027,+030
+027,+030
+027,+030
+025,+030
+025,+030
+025,+030
+025,+030
+025,+030
+025,+030
+025,+028
+025,+028
+025,+028
+025,+028
+025,+028
+025,+028
+025,+028
+025,+028
+025,+028
+025,+028
+025,+026
+025,+026
+025,+026
+025,+026
+025,+026
+025,+026
+025,+026
+025,+026
+025,+026
+025,+026
+025,+024
+023,+024
+023,+024
+023,+024
+023,+024
+023,+024
+023,+022
+023,+022
+023,+022
+023,+022
+023,+022
+023,+022
+023,+022
+023,+022
+021,+022
+021,+022
+021,+020
+021,+020
+021,+020
+021,+020
+021,+020
+021,+020
+021,+020
+021,+020
+021,+020
+021,+020
+021,+020
+021,+020
+021,+018
+021,+018
+021,+018
+021,+018
+021,+018
+021,+018
+021,+018
+021,+018
+021,+018
+021,+018
+021,+018
+021,+018
+021,+018
+021,+018
+021,+018
+021,+018
+021,+018
+021,+018
+021,+018
+019,+018
+019,+018
+019,+018
+019,+018
+019,+018
+019,+018
+019,+018
+019,+018
+019,+018
+019,+018
+019,+018
+019,+018
+019,+018
+019,+018
+019,+018
+019,+018
+019,+018
+019,+018
+019,+018
+019,+018
+019,+018
+017,+018
+017,+018
+017,+018
+017,+018
+017,+018
+017,+018
+017,+018
+017,+018
+017,+018
+017,+018
+017,+018
+017,+018
+017,+018
+017,+018
+017,+018
+017,+016
+017,+016
+017,+016
+017,+016
+017,+016
+017,+016
+017,+016
+017,+016
+017,+016
+017,+016
+017,+016
+017,+016
+017,+016
+017,+016
+017,+016
+017,+014
+017,+014
+017,+014
+017,+014
+017,+014
+017,+014
+017,+014
+017,+014
+017,+014
+017,+014
+017,+014
+017,+014
+017,+014
+017,+014
+017,+014
+017,+014
+017,+014
+017,+014
+017,+012
+017,+012
+017,+012
+017,+012
+017,+012
+017,+012
+017,+012
+017,+012
+017,+012
+017,+012
+017,+012
+017,+012
+017,+012
+017,+012
+017,+012
+017,+012
+017,+012
+017,+012
+017,+010
+017,+010
+017,+010
+017,+010
+017,+010
+017,+010
+017,+010
+017,+010
+019,+010
+019,+010
+019,+010
+019,+010
+019,+010
+019,+010
+019,+010
+019,+010
+019,+010
+019,+010
+019,+010
+019,+010
+019,+008
+019,+008
+019,+008
+019,+008
+019,+008
+019,+008
+019,+008
+019,+008
+019,+008
+019,+008
+019,+008
+019,+008
+019,+008
+019,+006
+019,+006
+019,+006
+019,+006
+019,+006
+019,+006
+019,+006
+019,+006
+019,+006
+019,+004
+019,+004
+019,+004
+019,+004
+019,+004
+019,+004
+019,+004
+019,+004
+019,+004
+019,+004
+019,+004
+019,+004
+019,+002
+019,+002
+019,+002
+019,+002
+019,+002
+019,+002
+019,+002
+019,+002
+019,+002
+019,+002
+019,+002
+019,+002
+019,+002
+019,+002
+019,+002
+019,+002
+019,+002
+019,+002
+019,+002
+019,+002
+021,+002
+021,+002
+021,+002
+021,+002
+021,+002
+021,+002
+021,+002
+021,+002
+021,+002
+021,+002
+021,+002
+021,+002
+021,+002
+021,+002
+021,+002
+019,+002
+019,+002
+019,+002
+019,+002
+019,+002
+019,+002
+019,+004
+019,+004
+019,+004
+019,+004
+019,+004
+019,+004
+019,+004
+019,+004
+019,+004
+019,+004
+019,+006
+017,+006
+017,+006
+017,+006
+017,+006
+017,+006
+017,+008
+017,+008
+017,+008
+017,+008
+017,+008
+017,+008
+015,+008
+015,+010
+015,+010
+015,+010
+015,+010
+015,+010
+015,+010
+015,+012
+015,+012
+015,+012
+015,+012
+015,+012
+015,+012
+015,+012
+015,+014
+015,+014
+015,+014
+015,+014
+015,+014
+015,+014
+015,+014
+015,+014
+015,+014
+015,+014
+015,+016
+015,+016
+015,+016
+015,+016
+015,+016
+015,+016
+015,+016
+015,+016
+015,+016
+015,+016
+015,+016
+015,+016
+015,+016
+015,+016
+015,+016
+015,+016
+015,+016
+015,+016
+015,+016
+015,+016
+015,+016
+015,+016
+015,+016
+015,+016
+015,+016
+015,+016
+015,+016
+015,+016
+015,+016
+015,+016
+015,+016
+015,+016
+015,+016
+015,+016
+015,+016
+015,+016
+015,+016
+015,+016
+015,+016
+015,+016
+015,+016
+015,+018
+015,+018
+015,+018
+015,+018
+015,+018
+015,+018
+015,+018
+015,+018
+015,+018
+015,+018
+015,+018
+015,+018
+015,+018
+015,+018
+015,+018
+015,+018
+015,+018
+015,+018
+015,+018
+015,+018
+015,+018
+015,+018
+015,+018
+015,+018
+015,+018
+015,+018
+015,+018
+015,+018
+015,+018
+015,+018
+015,+018
+015,+018
+015,+018
+015,+018
+015,+018
+015,+018
+015,+018
+015,+018
+015,+018
+015,+018
+015,+018
+015,+018
+015,+018
+015,+018
+015,+018
+015,+018
+015,+018
+015,+018
+015,+018
+015,+018
+015,+018
+015,+018
+015,+018
+015,+018
+015,+018
+015,+018
+015,+018
+015,+016
+015,+016
+015,+016
+015,+016
+015,+016
+015,+016
+015,+016
+015,+016
+015,+016
+015,+016
+015,+016
+013,+016
+013,+016
+013,+016
+013,+016
+013,+016
+013,+016
+013,+014
+013,+014
+013,+014
+013,+014
+013,+014
+013,+014
+013,+014
+013,+014
+013,+014
+013,+014
+013,+014
+013,+014
+013,+014
+013,+014
+013,+014
+013,+014
+013,+014
+013,+012
+013,+012
+013,+012
+013,+012
+013,+012
+013,+012
+013,+012
+013,+012
+013,+012
+013,+012
+013,+012
+013,+012
+013,+010
+013,+010
+013,+010
+013,+010
+013,+010
+013,+010
+013,+010
+013,+010
+013,+010
+013,+010
+013,+010
+013,+010
+013,+010
+013,+010
+013,+010
+013,+010
+013,+010
+013,+010
+013,+010
+013,+010
+013,+008
+013,+008
+013,+008
+013,+008
+013,+008
+011,+008
+011,+008
+011,+008
+011,+008
+011,+008
+011,+008
+011,+008
+011,+008
+011,+008
+011,+008
+011,+008
+011,+008
+011,+008
+011,+008
+011,+008
+011,+008
+011,+008
+011,+008
+011,+008
+011,+008
+009,+008
+009,+008
+009,+008
+009,+008
+009,+008
+009,+008
+009,+008
+009,+008
+009,+008
+009,+008
+009,+008
+009,+008
+009,+008
+009,+008
+009,+008
+009,+008
+009,+008
+009,+008
+009,+008
+009,+008
+009,+008
+009,+008
+009,+008
+007,+008
+007,+008
+007,+008
+007,+008
+007,+008
+007,+008
+007,+008
+007,+008
+007,+010
+007,+010
+007,+010
+007,+010
+007,+010
+007,+010
+007,+010
+009,+010
+009,+010
+009,+010
+009,+010
+009,+010
+009,+010
+009,+012
+009,+012
+009,+012
+009,+012
+009,+012
+009,+012
+009,+012
+009,+012
+009,+012
+009,+012
+009,+012
+009,+012
+009,+012
+009,+012
+009,+012
+009,+012
+009,+012
+009,+012
+009,+012
+009,+014
+009,+014
+009,+014
+009,+014
+009,+014
+009,+014
+009,+014
+009,+014
+009,+014
+009,+014
+009,+014
+009,+014
+009,+014
+009,+014
+009,+014
+009,+014
+009,+014
+009,+014
+009,+014
+009,+014
+009,+014
+009,+014
+009,+014
+009,+014
+009,+014
+009,+014
+009,+014
+009,+014
+009,+014
+009,+014
+009,+014
+009,+014
+009,+014
+009,+014
+007,+014
+007,+014
+007,+014
+007,+012
+007,+012
+007,+012
+007,+012
+007,+012
+007,+012
+007,+012
+005,+012
+005,+012
+005,+012
+005,+012
+005,+012
+005,+012
+005,+010
+005,+010
+005,+010
+003,+010
+003,+010
+003,+010
+003,+010
+003,+010
+003,+008
+003,+008
+003,+008
+001,+008
+001,+008
+001,+008
+001,+008
+001,+008
+001,+008
+001,+008
+001,+008
+001,+008
+001,+008
+001,+008
+001,+008
+001,+008
+001,+008
+001,+006
+003,+006
+003,+006
+003,+006
+003,+006
+003,+006
+003,+006
+003,+006
+003,+006
+003,+006
+003,+006
+003,+006
+003,+006
+003,+006
+003,+006
+003,+006
+003,+006
+005,+006
+005,+006
+005,+006
+005,+006
+005,+006
+005,+006
+005,+006
+005,+006
+005,+006
+005,+006
+005,+006
+005,+006
+005,+006
+005,+006
+005,+006
+005,+006
+005,+006
+005,+006
+005,+006
+005,+006
+005,+006
+005,+006
+005,+006
+005,+006
+005,+006
+005,+006
+005,+006
+005,+006
+005,+006
+005,+006
+005,+008
+005,+008
+005,+008
+005,+008
+005,+008
+005,+008
+005,+008
+005,+008
+005,+008
+005,+008
+005,+008
+005,+008
+005,+008
+005,+010
+005,+010
+005,+010
+005,+010
+005,+010
+005,+010
+005,+010
+005,+010
+005,+010
+005,+010
+005,+010
+005,+010
+005,+010
+005,+010
+005,+012
+005,+012
+005,+012
+005,+012
+005,+012
+005,+012
+005,+012
+005,+012
+005,+012
+005,+014
+005,+014
+005,+014
+005,+014
+005,+014
+005,+014
+005,+014
+005,+014
+005,+014
+005,+014
+003,+016
+003,+016
+003,+016
+003,+016
+003,+016
+003,+016
+003,+016
+003,+018
+003,+018
+003,+018
+001,+018
+001,+018
+001,+018
+001,+018
+001,+018
+001,+018
+001,+018
+001,+018
+001,+018
+001,+018
+001,+018
+001,+018
+001,+018
+001,+018
+001,+020
+001,+020
+001,+020
+001,+020
+001,+020
+001,+020
+001,+020
+001,+020
+001,+020
+001,+020
+001,+020
+001,+020
+001,+020
+001,+020
+001,+020
+003,+020
+003,+020
+003,+020
+003,+020
+003,+020
+003,+020
+003,+020
+003,+020
+003,+020
+003,+020
+003,+020
+003,+020
+003,+020
+003,+020
+003,+020
+005,+020
+005,+020
+005,+020
+005,+020
+005,+020
+005,+020
+005,+022
+005,+022
+005,+022
+005,+022
+005,+022
+005,+022
+005,+022
+007,+022
+007,+022
+007,+022
+007,+022
+007,+022
+007,+022
+007,+022
+007,+024
+007,+024
+007,+024
+007,+024
+007,+024
+007,+024
+007,+024
+007,+024
+007,+024
+007,+024
+007,+024
+007,+024
+007,+024
+007,+024
+007,+024
+007,+024
+007,+024
+007,+024
+007,+024
+007,+024
+007,+024
+007,+024
+007,+024
+007,+024
+007,+024
+007,+024
+007,+024
+007,+024
+007,+024
+007,+024
+007,+024
+007,+024
+007,+024
+007,+024
+007,+024
+007,+024
+007,+026
+007,+026
+005,+026
+005,+026
+005,+026
+005,+026
+005,+026
+005,+026
+005,+026
+005,+026
+005,+028
+005,+028
+005,+028
+005,+028
+005,+028
+005,+028
+003,+028
+003,+028
+003,+028
+003,+028
+003,+028
+003,+028
+003,+028
+003,+028
+003,+028
+003,+028
+003,+030
+001,+030
+001,+030
+001,+030
+001,+030
+001,+030
+001,+030
+001,+030
+001,+030
+001,+030
+001,+030
+001,+030
+001,+030
+001,+030
+001,+030
+001,+030
+001,+030
+001,+030
+001,+030
+001,+030
+001,+030
+001,+030
+001,+030
+001,+030
+001,+030
+001,+030
+001,+030
+001,+030
+001,+030
+001,+030
+001,+030
+001,+030
+001,+030
+001,+030
+001,+030
+001,+030
+001,+030
+001,+030
+001,+030
+001,+030
+001,+030
+001,+030
+001,+030
+001,+030
+001,+030
+001,+030
+001,+030
+001,+030
+001,+030
+001,+030
+001,+030
+001,+030
+001,+030
+001,+028
+001,+028
+001,+028
+001,+028
+001,+028
+001,+028
+001,+028
+001,+028
+001,+028
+001,+028
+001,+028
+001,+028
+001,+028
+001,+028
+001,+028
+001,+028
+001,+028
+001,+028
+001,+028
+001,+028
+001,+028
+001,+028
+001,+028
+001,+028
+001,+028
+001,+028
+001,+028
+001,+028
+001,+026
+001,+026
+001,+026
+001,+026
+001,+026
+001,+026
+001,+026
+001,+026
+001,+026
+001,+026
+001,+026
+001,+026
+001,+026
+001,+026
+001,+026
+001,+026
+001,+026
+001,+026
+001,+026
+001,+026
+001,+026
+001,+026
+001,+024
+001,+024
+003,+024
+003,+024
+003,+024
+003,+024
+003,+024
+003,+024
+003,+024
+003,+022
+003,+022
+003,+022
+003,+022
+003,+022
+003,+022
+003,+020
+003,+020
+003,+020
+003,+020
+005,+020
+005,+020
+005,+020
+005,+018
+005,+018
+005,+018
+005,+018
+005,+016
+005,+016
+005,+016
+005,+016
+005,+016
+005,+016
+005,+014
+007,+014
+007,+014
+007,+014
+007,+014
+007,+012
+007,+012
+007,+012
+007,+012
+007,+012
+007,+012
+007,+012
+007,+012
+007,+012
+007,+010
+007,+010
+007,+010
+007,+010
+007,+010
+007,+010
+007,+010
+007,+010
+007,+010
+005,+010
+005,+010
+005,+010
+005,+010
+005,+010
+005,+010
+005,+010
+005,+010
+005,+010
+005,+010
+005,+010
+005,+010
+005,+010
+003,+010
+003,+010
+003,+010
+003,+010
+003,+010
+003,+010
+003,+010
+001,+010
+001,+010
+001,+010
+001,+010
+001,+010
+001,+010
+001,+010
+001,+010
+001,+010
+001,+012
+001,+012
+001,+012
+001,+012
+003,+014
+003,+014
+003,+014
+003,+014
+003,+014
+003,+014
+003,+016
+003,+016
+003,+016
+003,+016
+003,+016
+003,+016
+005,+016
+005,+018
+005,+018
+005,+018
+005,+018
+005,+018
+005,+018
+005,+018
+005,+020
+005,+020
+005,+020
+005,+020
+005,+020
+005,+020
+005,+020
+005,+020
+005,+020
+005,+020
+005,+020
+005,+020
+005,+020
+005,+020
+005,+020
+005,+020
+005,+020
+005,+020
+005,+022
+005,+022
+005,+022
+005,+022
+003,+022
+003,+022
+003,+022
+003,+022
+003,+022
+003,+022
+003,+022
+003,+022
+001,+024
+001,+024
+001,+024
+001,+024
+001,+024
+001,+024
+001,+024
+001,+024
+001,+026
+001,+026
+001,+026
+001,+026
+001,+026
+001,+026
+001,+026
+001,+026
+001,+026
+001,+026
+001,+026
+001,+026
+001,+026
+001,+026
+001,+026
+001,+026
+001,+026
+001,+026
+001,+026
+001,+026
+001,+026
+001,+026
+001,+026
+001,+026
+001,+026
+001,+026
+001,+026
+001,+026
+001,+026
+001,+026
+001,+026
+001,+026
+001,+026
+001,+026
+001,+026
+001,+026
+001,+026
+001,+026
+001,+026
+003,+026
+003,+026
+003,+026
+003,+026
+003,+026
+003,+026
+003,+026
+003,+026
+003,+026
+003,+026
+005,+026
+005,+026
+005,+026
+005,+026
+005,+026
+005,+026
+005,+026
+005,+026
+005,+026
+005,+026
+005,+026
+005,+026
+005,+026
+007,+026
+007,+026
+007,+026
+007,+026
+007,+026
+007,+026
+007,+026
+007,+028
+007,+028
+007,+028
+007,+028
+007,+028
+007,+028
+007,+028
+007,+028
+007,+028
+007,+030
+007,+030
+007,+030
+007,+030
+007,+030
+007,+030
+007,+030
+007,+030
+007,+032
+007,+032
+007,+032
+007,+032
+007,+032
+007,+032
+007,+032
+007,+032
+007,+032
+007,+032
+007,+032
+007,+032
+007,+032
+007,+034
+007,+034
+007,+034
+007,+034
+007,+034
+007,+034
+007,+034
+007,+034
+007,+034
+007,+034
+007,+034
+007,+034
+007,+034
+007,+036
+007,+036
+007,+036
+007,+036
+007,+036
+007,+036
+007,+036
+007,+036
+007,+036
+007,+036
+007,+036
+007,+036
+007,+036
+007,+036
+007,+036
+007,+036
+007,+036
+007,+036
+007,+034
+007,+034
+007,+034
+007,+034
+007,+034
+007,+034
+007,+034
+007,+034
+007,+034
+007,+034
+007,+034
+007,+034
+007,+034
+009,+032
+009,+032
+009,+032
+009,+032
+009,+032
+009,+032
+009,+032
+009,+032
+009,+032
+009,+032
+009,+030
+009,+030
+009,+030
+009,+030
+009,+030
+009,+030
+009,+030
+011,+028
+011,+028
+011,+028
+011,+028
+011,+028
+011,+028
+011,+028
+011,+026
+011,+026
+011,+026
+011,+026
+011,+026
+011,+026
+011,+024
+011,+024
+011,+024
+011,+024
+013,+024
+013,+024
+013,+022
+013,+022
+013,+022
+013,+022
+013,+022
+013,+022
+013,+022
+013,+020
+013,+020
+013,+020
+013,+020
+013,+020
+013,+020
+015,+020
+015,+018
+015,+018
+015,+018
+015,+018
+015,+018
+015,+018
+015,+018
+015,+016
+015,+016
+015,+016
+015,+016
+015,+016
+015,+016
+015,+016
+015,+016
+015,+016
+015,+016
+015,+016
+015,+016
+015,+016
+015,+014
+015,+014
+015,+014
+015,+014
+015,+014
+015,+014
+015,+014
+015,+014
+015,+014
+015,+014
+015,+014
+013,+014
+013,+014
+013,+014
+013,+012
+013,+012
+013,+012
+013,+012
+013,+012
+011,+012
+011,+012
+011,+012
+011,+012
+011,+012
+011,+012
+011,+012
+011,+012
+011,+012
+011,+012
+011,+012
+011,+012
+009,+012
+009,+012
+009,+010
+009,+010
+009,+010
+009,+010
+007,+010
+007,+010
+007,+010
+007,+010
+007,+010
+005,+010
+005,+010
+005,+010
+005,+010
+005,+010
+003,+010
+003,+008
+003,+008
+003,+008
+001,+008
+001,+008
+001,+008
+001,+008
+001,+008
+001,+008
+001,+008
+001,+008
+001,+008
+001,+008
+001,+008
+001,+008
+001,+008
+001,+008
+003,+008
+003,+008
+003,+008
+003,+008
+003,+008
+003,+008
+003,+008
+003,+008
+003,+008
+003,+008
+001,+008
+001,+008
+001,+008
+001,+008
+001,+008
+001,+008
+001,+008
+001,+008
+001,+008
+001,+010
+001,+010
+001,+010
+001,+010
+003,+010
+003,+010
+003,+010
+005,+010
+005,+012
+005,+012
+005,+012
+005,+012
+007,+012
+007,+012
+007,+012
+007,+012
+009,+012
+009,+012
+009,+014
+009,+014
+009,+014
+011,+014
+011,+016
+011,+016
+011,+016
+013,+016
+013,+016
+013,+016
+013,+016
+013,+016
+013,+016
+013,+016
+013,+016
+015,+016
+015,+018
+015,+018
+015,+018
+015,+018
+015,+018
+015,+018
+015,+018
+015,+018
+015,+018
+015,+018
+015,+018
+015,+018
+015,+018
+015,+018
+015,+018
+015,+018
+015,+018
+015,+018
+017,+018
+017,+018
+017,+018
+017,+018
+017,+018
+017,+018
+017,+018
+017,+018
+017,+018
+017,+018
+017,+018
+017,+018
+017,+018
+017,+018
+017,+018
+017,+018
+017,+018
+017,+018
+017,+018
+015,+018
+015,+018
+015,+018
+015,+018
+015,+018
+015,+018
+015,+018
+015,+018
+015,+018
+015,+018
+015,+018
+015,+018
+015,+018
+015,+018
+015,+018
+015,+018
+015,+018
+015,+018
+015,+018
+015,+018
+015,+018
+015,+018
+015,+018
+015,+018
+015,+018
+015,+018
+015,+018
+015,+018
+015,+018
+015,+018
+015,+018
+015,+018
+015,+018
+015,+018
+015,+018
+015,+018
+015,+018
+015,+018
+015,+018
+015,+018
+015,+018
+015,+018
+015,+018
+015,+018
+015,+018
+015,+018
+013,+018
+013,+018
+013,+018
+013,+018
+013,+018
+013,+018
+013,+018
+013,+018
+013,+018
+013,+018
+013,+018
+013,+018
+013,+018
+013,+018
+013,+018
+013,+018
+013,+018
+013,+018
+013,+018
+013,+018
+013,+018
+013,+018
+013,+020
+013,+020
+013,+020
+013,+020
+013,+020
+013,+020
+013,+020
+013,+020
+013,+020
+013,+020
+013,+020
+013,+020
+013,+020
+015,+020
+015,+020
+015,+020
+015,+022
+015,+022
+015,+022
+015,+022
+015,+022
+015,+022
+015,+022
+015,+022
+015,+022
+015,+022
+015,+022
+015,+022
+015,+022
+015,+024
+015,+024
+015,+024
+015,+024
+015,+024
+015,+024
+015,+024
+015,+024
+015,+024
+015,+024
+015,+024
+015,+024
+015,+024
+013,+024
+013,+024
+013,+026
+013,+026
+013,+026
+013,+026
+013,+026
+013,+026
+013,+026
+013,+026
+013,+026
+013,+026
+013,+026
+013,+026
+013,+026
+013,+026
+013,+028
+013,+028
+013,+028
+013,+028
+013,+028
+013,+028
+013,+028
+013,+028
+013,+028
+013,+028
+011,+028
+011,+028
+011,+028
+011,+030
+011,+030
+011,+030
+011,+030
+011,+030
+011,+030
+011,+030
+011,+030
+011,+030
+011,+030
+011,+030
+011,+030
+011,+030
+011,+030
+011,+030
+011,+030
+011,+030
+011,+030
+011,+030
+011,+030
+011,+030
+011,+030
+011,+030
+011,+030
+011,+030
+011,+030
+011,+030
+011,+030
+011,+030
+011,+030
+011,+030
+011,+030
+011,+030
+011,+030
+011,+030
+011,+030
+011,+030
+011,+030
+011,+030
+011,+030
+011,+030
+011,+030
+011,+030
+011,+030
+011,+030
+011,+030
+011,+030
+011,+030
+011,+030
+011,+030
+011,+030
+011,+030
+011,+030
+011,+030
+011,+030
+011,+030
+011,+030
+009,+030
+009,+030
+009,+030
+009,+028
+009,+028
+009,+028
+009,+028
+009,+028
+009,+028
+009,+028
+009,+028
+009,+028
+009,+028
+007,+026
+007,+026
+007,+026
+007,+026
+007,+026
+007,+024
+007,+024
+007,+024
+007,+024
+007,+024
+005,+022
+005,+022
+005,+022
+005,+022
+005,+022
+005,+022
+005,+020
+005,+020
+005,+020
+005,+020
+005,+020
+005,+020
+005,+020
+005,+020
+003,+020
+003,+020
+003,+020
+003,+020
+003,+020
+003,+020
+003,+018
+003,+018
+003,+018
+003,+018
+003,+018
+003,+018
+003,+018
+003,+018
+003,+018
+003,+018
+003,+018
+003,+018
+003,+018
+003,+016
+003,+016
+003,+016
+003,+016
+003,+016
+003,+016
+003,+016
+003,+016
+003,+016
+003,+016
+003,+016
+003,+016
+003,+016
+003,+016
+003,+016
+003,+016
+003,+016
+003,+016
+003,+016
+003,+016
+003,+016
+003,+016
+003,+016
+003,+016
+003,+016
+003,+016
+003,+016
+003,+016
+003,+016
+003,+016
+003,+016
+003,+016
+003,+016
+003,+016
+003,+016
+003,+016
+003,+016
+003,+016
+003,+014
+003,+014
+003,+014
+003,+014
+005,+014
+005,+014
+005,+014
+005,+014
+005,+014
+005,+014
+005,+014
+005,+014
+005,+014
+005,+014
+005,+014
+005,+014
+005,+014
+005,+014
+005,+014
+005,+014
+005,+014
+007,+014
+007,+014
+007,+014
+007,+014
+007,+014
+007,+014
+007,+014
+007,+014
+007,+014
+007,+014
+007,+014
+007,+014
+007,+014
+007,+014
+007,+014
+007,+014
+007,+014
+007,+014
+007,+014
+007,+014
+007,+014
+007,+014
+007,+014
+007,+014
+007,+014
+007,+014
+007,+014
+007,+014
+007,+014
+007,+014
+009,+014
+009,+014
+009,+014
+009,+014
+009,+014
+009,+014
+009,+014
+009,+014
+009,+014
+009,+014
+009,+014
+009,+014
+009,+014
+009,+014
+009,+014
+009,+014
+009,+014
+009,+012
+009,+012
+009,+012
+009,+012
+009,+012
+009,+012
+009,+012
+009,+012
+009,+012
+009,+012
+009,+012
+009,+012
+009,+012
+009,+012
+009,+012
+009,+012
+009,+012
+009,+012
+009,+012
+009,+012
+009,+012
+009,+012
+009,+012
+009,+012
+009,+012
+009,+012
+009,+012
+009,+012
+009,+012
+009,+012
+009,+012
+009,+012
+009,+012
+009,+012
+009,+012
+009,+012
+009,+012
+009,+012
+009,+012
+009,+012
+009,+012
+009,+012
+009,+012
+009,+012
+009,+012
+009,+012
+009,+012
+009,+012
+007,+012
+007,+012
+007,+012
+007,+012
+007,+012
+007,+012
+007,+012
+007,+012
+007,+012
+007,+012
+007,+012
+007,+012
+007,+012
+007,+012
+007,+012
+007,+014
+005,+014
+005,+014
+005,+014
+005,+014
+005,+014
+005,+014
+005,+016
+003,+016
+003,+016
+003,+016
+003,+016
+003,+016
+003,+016
+003,+016
+003,+016
+003,+016
+003,+016
+003,+016
+003,+018
+003,+018
+003,+018
+003,+018
+003,+018
+003,+018
+001,+018
+001,+018
+001,+018
+001,+018
+001,+018
+001,+018
+001,+018
+001,+018
+001,+018
+001,+018
+001,+018
+001,+018
+001,+018
+001,+018
+001,+018
+001,+018
+001,+018
+001,+018
+001,+018
+001,+018
+001,+018
+001,+018
+001,+018
+001,+018
+001,+018
+001,+018
+001,+018
+001,+018
+001,+018
+001,+018
+001,+018
+001,+018
+001,+018
+001,+018
+001,+018
+001,+018
+001,+018
+001,+018
+001,+018
+001,+018
+001,+018
+001,+018
+001,+018
+001,+018
+001,+018
+003,+018
+003,+018
+003,+018
+003,+018
+003,+018
+003,+018
+003,+018
+003,+018
+003,+018
+003,+018
+003,+018
+003,+018
+003,+018
+003,+018
+003,+018
+003,+018
+003,+018
+003,+018
+003,+018
+003,+018
+005,+018
+005,+018
+005,+018
+005,+018
+005,+018
+005,+016
+005,+016
+005,+016
+005,+016
+005,+016
+005,+016
+005,+016
+005,+016
+007,+016
+007,+016
+007,+014
+007,+014
+007,+014
+007,+014
+007,+014
+007,+014
+007,+014
+007,+014
+007,+014
+007,+014
+007,+014
+009,+014
+009,+014
+009,+014
+009,+012
+009,+012
+009,+012
+009,+012
+009,+012
+009,+012
+009,+012
+011,+012
+011,+012
+011,+012
+011,+012
+011,+012
+011,+012
+011,+012
+011,+012
+011,+012
+011,+012
+011,+012
+011,+012
+011,+012
+011,+012
+011,+012
+011,+012
+013,+012
+013,+012
+013,+012
+013,+012
+013,+012
+013,+012
+013,+012
+013,+012
+013,+012
+013,+012
+013,+012
+013,+012
+013,+012
+013,+012
+013,+014
+013,+014
+013,+014
+013,+014
+015,+014
+015,+014
+015,+014
+015,+014
+015,+014
+015,+014
+015,+014
+015,+014
+015,+014
+015,+014
+015,+014
+015,+014
+015,+014
+015,+016
+015,+016
+015,+016
+015,+016
+015,+016
+015,+016
+015,+016
+015,+016
+015,+016
+015,+016
+015,+018
+015,+018
+015,+018
+015,+018
+015,+018
+015,+018
+013,+018
+013,+020
+013,+020
+013,+020
+013,+020
+013,+022
+013,+022
+013,+022
+013,+022
+013,+022
+013,+024
+013,+024
+013,+024
+011,+024
+011,+024
+011,+026
+011,+026
+011,+026
+011,+026
+011,+026
+011,+026
+011,+028
+011,+028
+009,+028
+009,+028
+009,+028
+009,+030
+009,+030
+009,+030
+007,+030
+007,+030
+007,+030
+007,+030
+007,+030
+007,+032
+007,+032
+007,+032
+005,+032
+005,+032
+005,+032
+005,+032
+005,+034
+005,+034
+005,+034
+005,+034
+003,+034
+003,+034
+003,+034
+003,+034
+003,+034
+003,+034
+003,+034
+003,+034
+003,+034
+003,+034
+003,+034
+003,+034
+003,+034
+003,+034
+003,+034
+003,+034
+003,+034
+003,+034
+003,+034
+003,+034
+003,+034
+003,+034
+003,+034
+003,+034
+003,+034
+003,+034
+003,+034
+003,+034
+003,+034
+003,+034
+003,+034
+003,+034
+003,+034
+003,+034
+003,+034
+003,+034
+003,+034
+003,+032
+003,+032
+003,+032
+003,+032
+003,+032
+003,+032
+003,+032
+003,+032
+003,+030
+003,+030
+003,+030
+003,+030
+003,+030
+003,+028
+003,+028
+003,+028
+003,+028
+003,+028
+003,+026
+003,+026
+003,+026
+003,+024
+003,+024
+003,+024
+003,+024
+005,+024
+005,+022
+005,+022
+005,+022
+005,+022
+005,+020
+005,+020
+005,+020
+005,+020
+005,+018
+007,+018
+007,+018
+007,+018
+007,+016
+007,+016
+007,+016
+007,+016
+007,+016
+007,+014
+007,+014
+007,+014
+007,+014
+009,+014
+009,+012
+009,+012
+009,+012
+009,+012
+009,+012
+009,+012
+009,+010
+009,+010
+009,+010
+009,+010
+009,+010
+009,+010
+009,+010
+009,+008
+011,+008
+011,+008
+011,+008
+011,+008
+011,+008
+011,+006
+011,+006
+011,+006
+011,+006
+011,+006
+011,+006
+011,+006
+011,+006
+011,+006
+011,+006
+011,+006
+011,+006
+011,+006
+011,+006
+011,+006
+011,+006
+011,+006
+011,+006
+011,+006
+011,+006
+011,+006
+011,+006
+011,+006
+011,+006
+011,+006
+011,+006
+011,+006
+011,+006
+011,+006
+011,+006
+011,+006
+011,+006
+011,+006
+011,+006
+011,+008
+011,+008
+011,+008
+011,+010
+011,+010
+011,+010
+011,+010
+011,+010
+011,+010
+011,+010
+011,+010
+011,+012
+011,+012
+009,+012
+009,+012
+009,+012
+009,+014
+009,+014
+009,+014
+009,+014
+009,+014
+009,+016
+009,+016
+009,+016
+009,+016
+009,+016
+009,+016
+009,+018
+009,+018
+007,+018
+007,+018
+007,+020
+007,+020
+007,+020
+007,+020
+007,+020
+007,+020
+007,+020
+007,+022
+007,+022
+007,+022
+007,+022
+007,+022
+007,+022
+007,+024
+007,+024
+007,+024
+007,+024
+007,+024
+007,+024
+007,+024
+007,+024
+007,+024
+007,+024
+007,+026
+007,+026
+007,+026
+007,+026
+007,+026
+007,+026
+007,+026
+007,+026
+007,+026
+007,+026
+007,+026
+007,+026
+007,+026
+005,+028
+005,+028
+005,+028
+005,+028
+005,+028
+005,+028
+005,+028
+005,+028
+005,+028
+005,+028
+005,+028
+005,+028
+005,+028
+005,+028
+005,+028
+005,+028
+005,+028
+005,+028
+005,+028
+005,+028
+005,+028
+005,+028
+005,+028
+005,+028
+005,+028
+005,+028
+005,+028
+005,+028
+005,+028
+005,+028
+005,+028
+005,+026
+005,+026
+005,+026
+005,+026
+005,+026
+005,+026
+005,+026
+005,+026
+005,+026
+005,+026
+005,+026
+005,+024
+005,+024
+005,+024
+005,+024
+005,+024
+005,+024
+005,+024
+005,+022
+005,+022
+005,+022
+005,+022
+005,+022
+005,+022
+005,+022
+005,+022
+005,+022
+005,+022
+005,+022
+005,+022
+005,+022
+005,+020
+005,+020
+005,+020
+005,+020
+005,+020
+005,+020
+005,+020
+005,+020
+005,+020
+005,+020
+005,+020
+005,+018
+005,+018
+005,+018
+005,+018
+005,+018
+005,+018
+005,+018
+005,+018
+005,+018
+005,+018
+005,+018
+005,+018
+005,+018
+005,+016
+005,+016
+005,+016
+005,+016
+005,+016
+005,+016
+005,+016
+005,+016
+005,+016
+005,+016
+005,+016
+005,+016
+005,+016
+005,+016
+005,+016
+005,+016
+005,+014
+005,+014
+005,+014
+005,+014
+005,+014
+005,+014
+005,+014
+005,+014
+005,+014
+005,+014
+005,+014
+005,+014
+005,+014
+005,+014
+005,+014
+005,+014
+005,+014
+005,+012
+005,+012
+007,+012
+007,+012
+007,+012
+007,+012
+007,+012
+007,+012
+007,+012
+007,+012
+007,+012
+007,+010
+007,+010
+007,+010
+007,+010
+007,+010
+007,+010
+007,+010
+007,+010
+007,+010
+007,+010
+007,+010
+007,+010
+007,+010
+007,+010
+007,+010
+007,+010
+007,+010
+007,+010
+007,+010
+007,+008
+007,+008
+007,+008
+007,+008
+007,+008
+007,+008
+007,+008
+007,+008
+007,+008
+007,+008
+007,+008
+007,+008
+007,+008
+007,+008
+007,+008
+007,+008
+007,+008
+007,+008
+007,+010
+007,+010
+007,+010
+007,+010
+007,+010
+007,+010
+007,+010
+007,+010
+007,+010
+007,+010
+007,+010
+007,+010
+007,+010
+007,+012
+007,+012
+007,+012
+007,+012
+007,+012
+007,+012
+007,+012
+007,+014
+007,+014
+007,+014
+007,+014
+007,+014
+007,+014
+007,+016
+007,+016
+007,+016
+007,+016
+007,+018
+007,+018
+007,+018
+007,+018
+007,+018
+007,+018
+007,+020
+007,+020
+007,+020
+007,+020
+007,+022
+007,+022
+007,+022
+007,+022
+007,+024
+007,+024
+007,+024
+007,+024
+007,+024
+007,+024
+007,+024
+007,+026
+007,+026
+007,+026
+007,+026
+007,+026
+007,+028
+007,+028
+007,+028
+007,+028
+007,+028
+007,+028
+007,+028
+007,+030
+007,+030
+007,+030
+007,+030
+007,+030
+007,+030
+007,+030
+007,+030
+007,+030
+007,+030
+007,+030
+007,+030
+007,+030
+007,+030
+007,+030
+007,+030
+007,+030
+007,+032
+007,+032
+007,+032
+007,+032
+007,+032
+007,+032
+007,+032
+007,+032
+007,+032
+007,+032
+007,+032
+007,+032
+007,+030
+007,+030
+007,+030
+007,+030
+007,+030
+007,+030
+007,+030
+007,+030
+007,+030
+007,+030
+005,+030
+005,+030
+005,+030
+005,+030
+005,+030
+005,+030
+005,+028
+005,+028
+005,+028
+005,+028
+005,+028
+005,+028
+005,+028
+005,+026
+005,+026
+005,+026
+005,+026
+005,+026
+005,+026
+005,+026
+005,+024
+005,+024
+005,+024
+005,+024
+005,+022
+005,+022
+005,+022
+005,+022
+005,+022
+005,+022
+005,+022
+005,+020
+005,+020
+005,+020
+005,+020
+005,+020
+005,+018
+005,+018
+005,+018
+005,+018
+005,+018
+005,+018
+005,+018
+005,+016
+005,+016
+007,+016
+007,+016
+007,+014
+007,+014
+007,+014
+007,+014
+007,+014
+007,+014
+007,+012
+007,+012
+007,+012
+007,+012
+007,+010
+007,+010
+007,+010
+007,+010
+007,+010
+007,+010
+007,+010
+007,+008
+007,+008
+007,+008
+007,+008
+007,+008
+009,+008
+009,+008
+009,+008
+009,+008
+009,+008
+009,+008
+009,+008
+009,+008
+009,+006
+009,+006
+009,+006
+009,+006
+009,+006
+009,+006
+009,+006
+009,+006
+009,+006
+009,+006
+009,+006
+009,+006
+011,+006
+011,+006
+011,+006
+011,+006
+011,+006
+011,+006
+011,+006
+011,+006
+011,+006
+011,+006
+011,+006
+011,+006
+011,+006
+011,+006
+011,+006
+011,+006
+011,+006
+011,+006
+011,+006
+011,+006
+011,+006
+011,+006
+011,+006
+011,+006
+011,+006
+011,+006
+011,+006
+011,+006
+011,+006
+011,+008
+009,+008
+009,+008
+009,+008
+009,+010
+009,+010
+009,+010
+009,+010
+009,+010
+009,+010
+009,+010
+009,+010
+009,+010
+009,+012
+009,+012
+009,+012
+009,+012
+009,+012
+009,+014
+009,+014
+009,+014
+009,+014
+009,+014
+009,+016
+009,+016
+009,+016
+009,+016
+009,+016
+009,+016
+009,+016
+009,+016
+009,+016
+009,+018
+009,+018
+009,+018
+009,+018
+009,+018
+009,+018
+009,+020
+009,+020
+009,+020
+009,+020
+009,+020
+009,+020
+009,+020
+009,+020
+009,+020
+009,+020
+009,+020
+009,+020
+009,+020
+009,+020
+009,+020
+009,+020
+009,+020
+009,+020
+009,+020
+009,+022
+009,+022
+009,+022
+009,+022
+009,+022
+009,+022
+009,+022
+009,+022
+009,+022
+009,+022
+009,+022
+009,+022
+009,+022
+009,+022
+011,+022
+011,+022
+011,+022
+011,+022
+011,+022
+011,+022
+011,+022
+011,+022
+011,+022
+011,+022
+011,+022
+011,+022
+011,+022
+011,+022
+011,+022
+011,+022
+013,+022
+013,+022
+013,+022
+013,+022
+013,+022
+013,+020
+013,+020
+013,+020
+013,+020
+013,+020
+013,+020
+013,+020
+013,+020
+013,+020
+013,+020
+013,+020
+013,+020
+013,+020
+013,+020
+013,+020
+013,+018
+013,+018
+013,+018
+013,+018
+013,+018
+013,+018
+013,+018
+013,+018
+013,+018
+013,+018
+013,+018
+013,+018
+013,+016
+013,+016
+015,+016
+015,+016
+015,+016
+015,+016
+015,+016
+015,+014
+015,+014
+015,+014
+013,+014
+013,+014
+013,+014
+013,+014
+013,+014
+013,+014
+013,+014
+013,+012
+013,+012
+013,+012
+013,+012
+013,+012
+015,+010
+015,+010
+015,+010
+015,+010
+015,+010
+015,+010
+015,+010
+015,+010
+015,+008
+015,+008
+015,+008
+015,+008
+015,+008
+015,+006
+015,+006
+015,+006
+015,+006
+015,+006
+015,+006
+015,+006
+015,+006
+015,+004
+015,+004
+015,+004
+015,+002
+015,+002
+015,+002
+015,+002
+015,+000
+015,+000
+015,+000
+015,+000
+015,+000
+015,+000
+015,+002
+015,+002
+015,+002
+015,+002
+015,+004
+015,+004
+015,+004
+015,+004
+015,+004
+015,+004
+015,+004
+015,+004
+015,+004
+015,+006
+015,+006
+015,+006
+015,+006
+015,+006
+015,+006
+015,+006
+015,+006
+015,-007
+015,-007
+015,-007
+015,-008
+015,-008
+015,-008
+015,-008
+015,-008
+015,-008
+015,-008
+015,-008
+015,-008
+015,-008
+015,-008
+015,-008
+015,-008
+015,-008
+013,-008
+013,-008
+013,-008
+013,-008
+013,-008
+013,-008
+013,-008
+013,-008
+013,-008
+013,-008
+013,-008
+013,-008
+013,-008
+013,-008
+013,-008
+013,-008
+013,-008
+013,+006
+013,+006
+013,+006
+013,+006
+013,+004
+013,+004
+013,+004
+013,+004
+013,+004
+013,+002
+013,+002
+013,+002
+013,+002
+013,+002
+013,+000
+013,+000
+011,+000
+011,+000
+011,+002
+011,+002
+011,+002
+011,+002
+011,+002
+013,+002
+013,+002
+013,+004
+013,+004
+013,+004
+013,+004
+013,+004
+013,+004
+013,+004
+013,+004
+015,+004
+015,+006
+015,+006
+015,+006
+015,+006
+015,+006
+015,+006
+015,+006
+015,+008
+015,+008
+015,+008
+017,+008
+017,+008
+017,+008
+017,+008
+017,+010
+017,+010
+019,+010
+019,+010
+019,+010
+019,+012
+019,+012
+019,+012
+019,+012
+021,+012
+021,+012
+021,+012
+021,+014
+021,+014
+021,+014
+023,+014
+023,+014
+023,+014
+023,+014
+023,+014
+025,+014
+025,+014
+025,+014
+025,+014
+025,+014
+025,+014
+025,+014
+025,+014
+025,+014
+027,+014
+027,+014
+027,+014
+027,+014
+027,+014
+027,+014
+027,+014
+027,+014
+027,+014
+027,+014
+027,+014
+027,+014
+027,+014
-028,+014
-028,+014
-028,+012
-028,+012
-028,+012
-028,+012
-028,+012
-028,+012
-029,+012
-029,+012
-029,+012
-029,+012
-029,+012
-029,+012
-029,+012
-029,+012
-029,+012
-029,+012
-029,+012
-029,+012
-029,+012
-029,+012
-029,+012
-029,+012
-029,+012
-029,+012
-029,+012
-029,+012
-029,+012
-029,+012
-029,+012
-029,+012
-029,+012
-029,+012
-029,+012
-029,+012
-029,+012
-029,+012
-029,+012
-029,+012
-029,+010
-029,+010
-029,+010
-029,+010
-029,+010
-029,+010
-030,+010
-030,+010
-030,+010
-030,+010
-030,+010
-030,+010
-030,+008
-030,+008
-031,+008
-031,+008
-031,+008
-031,+008
-031,+008
-031,+006
-032,+006
-032,+006
-032,+006
-032,+006
-032,+006
-032,+006
-033,+004
-033,+004
-033,+004
-034,+004
-034,+004
-034,+004
-034,+002
-034,+002
-035,+002
-035,+002
-035,+002
-036,+002
-036,+002
-036,+002
-037,+002
-037,+002
-037,+002
-038,+002
-038,+002
-038,+002
-038,+002
-039,+002
-039,+002
-039,+002
-040,+002
-040,+002
-040,+002
-041,+002
-041,+002
-042,+002
-042,+002
-042,+002
-042,+002
-043,+002
-043,+002
-043,+002
-043,+002
-043,+002
-043,+002
-044,+002
-044,+002
-044,+002
-044,+002
-044,+002
-044,+002
-044,+004
-044,+004
-044,+004
-044,+004
-044,+004
-044,+004
-044,+004
-044,+004
-044,+004
-044,+006
-041,+006
-041,+006
-041,+008
-041,+008
-041,+008
-041,+008
-038,+010
-038,+010
-038,+010
-038,+010
-038,+012
-038,+012
-035,+012
-035,+014
-035,+014
-035,+014
-035,+016
-032,+016
-032,+016
-032,+019
-032,+019
-029,+019
-029,+019
-029,+021
-029,+021
-029,+021
+027,+021
+027,+023
+027,+023
+025,+023
+025,+025
+025,+025
+025,+025
+025,+025
+025,+025
+025,+027
+025,+027
+025,+027
+025,+027
+025,+027
+025,+027
+023,+027
+023,+029
+023,+029
+023,+029
+023,+029
+023,+029
+023,+029
+023,+029
+023,+029
+023,+029
+023,+031
+023,+031
+023,+031
+023,+031
+023,+031
+023,+031
+023,+031
+023,+031
+023,+031
+023,+031
+025,+031
+025,+031
+025,+031
+025,+031
+025,+031
+025,+031
+025,+031
+025,+031
+025,+031
+025,+031
+025,+031
+025,+031
+025,+031
+025,+031
+025,+031
+025,+031
+025,+031
+025,+031
+025,+031
+025,+033
+025,+033
+025,+033
+025,+033
+025,+033
+025,+033
+025,+033
+025,+033
+025,+033
+025,+033
+025,+033
+025,+033
+025,+035
+023,+033
+023,+033
+023,+033
+023,+033
+023,+033
+023,+033
+023,+033
+023,+033
+023,+033
+023,+033
+023,+033
+023,+033
+023,+033
+023,+035
+023,+035
+023,+035
+023,+035
+023,+037
+023,+037
+023,+037
+023,+037
+023,+037
+023,+037
+023,+037
+023,+037
+023,+037
+023,+037
+023,+039
+023,+039
+023,+039
+023,+039
+021,+039
+021,+039
+021,+039
+021,+039
+021,+039
+021,+039
+021,+041
+021,+041
+021,+041
+021,+041
+021,+041
+021,+041
+021,+041
+021,+041
+021,+041
+021,+041
+021,+041
+021,+041
+021,+041
+021,+041
+021,+041
+021,+041
+021,+041
+021,+041
+021,+041
+021,+041
+021,+041
+021,+041
+021,+043
+021,+043
+021,+043
+019,+043
+019,+043
+019,+043
+019,+043
COP Area(S): 000779
COP Area(R): 001354