+000,-000
+000,-001
+001,-001
+001,-001
+001,-001
+001,-001
+001,-001
+001,-001
+001,-001
+001,-001
+001,-001
+001,-001
+001,-001
+001,-001
+001,-001
+001,-001
+001,-001
+001,-001
+001,-001
+001,-001
+001,-001
+001,-001
+001,-001
+001,-001
+001,-001
+001,-001
+001,-002
+001,-002
+001,-002
+001,-002
+001,-002
+001,-002
+001,-002
+001,-002
+001,-002
+001,-002
+001,-002
+003,-003
+003,-003
+003,-003
+003,-003
+003,-003
+003,-003
+003,-003
+003,-003
+003,-003
+003,-003
+003,-003
+003,-003
+003,-003
+001,-003
+001,-004
+001,-004
+001,-005
+001,-005
+001,-005
+001,-005
+001,-005
+001,-005
+001,-005
+001,-005
+003,-005
+003,-005
+003,-005
+003,-005
+003,-005
+003,-005
+003,-005
+003,-005
+003,-005
+003,-006
+003,-006
+003,-006
+003,-006
+003,-006
+003,-006
+003,-006
+003,-006
+003,-006
+003,-006
+003,-006
+003,-006
+003,-006
+003,-006
+003,-006
+003,-006
+003,-006
+003,-006
+003,-006
+003,-007
+003,-007
+003,-007
+003,-007
+003,-007
+003,-007
+003,-007
+003,-007
+003,-007
+003,-007
+005,-008
+005,-008
+005,-008
+005,-008
+005,-008
+005,-008
+005,-008
+005,-009
+005,-009
+005,-009
+005,-010
+005,-010
+005,-010
+005,-010
+005,-011
+005,-011
+005,-011
+005,-011
+005,-011
+005,-011
+005,-011
+005,-011
+005,-011
+005,-011
+007,-012
+007,-012
+007,-012
+007,-012
+007,-012
+007,-012
+007,-012
+007,-012
+007,-012
+007,-012
+007,-012
+007,-012
+007,-012
+007,-012
+007,-012
+005,-012
+005,-012
+005,-012
+005,-012
+005,-012
+005,-012
+005,-012
+005,-012
+005,-012
+005,-012
+005,-012
+005,-012
+005,-012
+005,-012
+005,-012
+005,-012
+005,-012
+005,-012
+005,-012
+005,-012
+005,-012
+005,-012
+005,-012
+005,-012
+005,-012
+005,-012
+005,-012
+005,-012
+005,-012
+005,-012
+005,-012
+005,-012
+005,-012
+005,-012
+005,-012
+005,-012
+005,-012
+005,-012
+005,-012
+005,-012
+005,-012
+005,-012
+005,-013
+005,-013
+005,-013
+005,-013
+005,-013
+005,-013
+005,-013
+005,-013
+005,-013
+005,-013
+005,-013
+005,-013
+005,-013
+005,-013
+005,-013
+005,-013
+005,-013
+005,-013
+007,-013
+007,-013
+007,-013
+007,-013
+007,-013
+007,-013
+007,-013
+007,-013
+007,-013
+007,-013
+007,-013
+007,-013
+007,-013
+007,-013
+007,-013
+007,-013
+007,-013
+007,-013
+007,-013
+009,-013
+009,-013
+009,-013
+009,-013
+009,-013
+009,-013
+009,-013
+009,-013
+009,-013
+009,-013
+009,-013
+009,-013
+009,-013
+009,-013
+007,-013
+007,-010
+007,-011
+007,-011
+007,-011
+007,-011
+007,-011
+007,-011
+007,-008
+007,-009
+007,-009
+007,-009
+007,-009
+007,-009
+007,-009
+007,-009
+007,-009
+007,-009
+007,-009
+005,-009
+005,-009
+005,-009
+005,-009
+005,-009
+005,-009
+005,-009
+005,-009
+005,-009
+005,-009
+005,-009
+005,-009
+005,-009
+005,-006
+005,-006
+005,-006
+005,-006
+005,-006
+005,-006
+005,-006
+005,-006
+005,-006
+005,-006
+005,-003
+005,-003
+005,-003
+005,-003
+003,-003
+003,-003
+000,-000
+000,-000
+000,-000
+000,-000
+000,-000
+000,-000
+000,-003
+000,-002
+000,-002
+000,-002
+000,-002
+000,-002
+002,-002
+002,-002
+002,-002
+002,-002
+002,-005
+002,-004
+002,-004
+002,-004
+002,-004
+002,-004
+002,-007
+002,-007
+004,-007
+004,-007
+004,-007
+004,-007
+004,-007
+004,-007
+004,-007
+004,-010
+004,-010
+004,-010
+004,-010
+004,-010
+004,-010
+004,-010
+004,-010
+004,-010
+004,-013
+004,-013
+004,-013
+004,-013
+004,-013
+004,-013
+004,-013
+004,-013
+004,-013
+004,-013
+004,-013
+004,-013
+004,-016
+004,-016
+004,-016
+004,-016
+004,-016
+004,-016
+004,-016
+004,-016
+004,-016
+004,-016
+004,-016
+004,-016
+004,-016
+004,-016
+004,-016
+006,-016
+006,-016
+006,-016
+006,-016
+006,-016
+006,-016
+006,-016
+006,-016
+006,-016
+006,-016
+006,-016
+006,-016
+006,-016
+006,-016
+006,-016
+006,-016
+006,-016
+006,-016
+008,-016
+008,-016
+008,-016
+008,-016
+008,-019
+008,-018
+008,-018
+008,-018
+008,-018
+010,-017
+010,-017
+010,-017
+010,-017
+010,-017
+010,-017
+010,-017
+010,-017
+010,-017
+010,-017
+010,-016
+010,-016
+010,-016
+010,-016
+010,-016
+010,-016
+012,-016
+012,-015
+012,-015
+012,-015
+012,-014
+012,-014
+012,-014
+012,-014
+012,-014
+012,-014
+012,-014
+012,-014
+012,-014
+012,-014
+012,-014
+012,-014
+012,-014
+012,-014
+012,-014
+012,-014
+012,-014
+012,-014
+012,-014
+010,-014
+010,-014
+010,-014
+010,-014
+010,-014
+010,-014
+010,-014
+010,-014
+010,-014
+010,-014
+010,-014
+010,-014
+010,-014
+010,-014
+010,-014
+010,-014
+010,-014
+010,-014
+010,-014
+010,-014
+010,-014
+010,-014
+010,-014
+010,-014
+010,-014
+010,-014
+008,-014
+008,-014
+008,-014
+008,-014
+008,-014
+008,-014
+008,-014
+008,-014
+008,-014
+008,-014
+008,-014
+008,-014
+008,-014
+008,-014
+008,-014
+008,-014
+008,-014
+008,-017
+008,-016
+008,-016
+008,-016
+008,-016
+008,-016
+008,-016
+008,-016
+008,-016
+008,-016
+008,-016
+008,-016
+008,-016
+006,-016
+006,-016
+006,-016
+006,-016
+006,-016
+006,-016
+006,-016
+006,-016
+006,-015
+006,-015
+006,-015
+006,-015
+006,-015
+006,-015
+006,-015
+006,-015
+006,-015
+006,-015
+006,-015
+006,-015
+006,-015
+006,-015
+006,-014
+006,-014
+006,-014
+006,-014
+006,-014
+006,-014
+006,-014
+006,-014
+006,-014
+006,-014
+006,-014
+006,-014
+006,-014
+006,-014
+006,-014
+006,-014
+006,-014
+006,-014
+006,-014
+006,-014
+006,-014
+006,-014
+006,-014
+006,-014
+006,-014
+006,-014
+006,-014
+006,-014
+006,-014
+006,-014
+006,-014
+006,-014
+006,-014
+006,-014
+006,-014
+006,-014
+006,-014
+006,-014
+006,-014
+006,-014
+006,-014
+006,-014
+006,-014
+006,-014
+006,-014
+006,-014
+006,-014
+006,-014
+008,-014
+008,-014
+008,-014
+008,-014
+008,-014
+008,-014
+008,-014
+008,-014
+008,-014
+008,-014
+008,-014
+008,-014
+008,-014
+008,-014
+008,-014
+010,-014
+010,-014
+010,-014
+010,-013
+010,-013
+010,-013
+010,-013
+010,-013
+010,-013
+010,-013
+010,-013
+010,-013
+010,-013
+010,-013
+010,-013
+010,-013
+012,-013
+012,-013
+012,-013
+012,-013
+012,-013
+012,-013
+012,-013
+012,-013
+012,-013
+012,-013
+012,-013
+012,-013
+012,-013
+012,-013
+012,-013
+012,-013
+012,-013
+012,-013
+012,-013
+012,-013
+012,-013
+012,-013
+012,-013
+014,-013
+014,-013
+014,-013
+014,-013
+014,-013
+014,-013
+014,-016
+014,-016
+014,-016
+014,-016
+014,-016
+014,-016
+014,-016
+014,-016
+014,-016
+014,-016
+014,-016
+014,-016
+014,-016
+014,-016
+014,-016
+014,-016
+014,-015
+014,-015
+014,-015
+014,-015
+014,-015
+014,-015
+014,-015
+014,-015
+014,-015
+014,-015
+014,-015
+014,-015
+014,-015
+014,-015
+014,-015
+014,-015
+014,-015
+014,-015
+014,-015
+014,-015
+014,-015
+014,-015
+014,-015
+014,-015
+014,-015
+014,-015
+014,-015
+014,-015
+014,-015
+014,-015
+014,-015
+014,-015
+014,-015
+014,-015
+014,-015
+014,-015
+014,-015
+014,-015
+014,-018
+014,-017
+012,-017
+012,-017
+012,-017
+012,-017
+012,-017
+012,-017
+012,-017
+012,-017
+012,-017
+012,-017
+012,-017
+012,-017
+012,-017
+012,-017
+012,-017
+012,-017
+012,-017
+012,-017
+012,-017
+012,-017
+012,-017
+012,-017
+012,-017
+012,-017
+012,-017
+012,-017
+012,-017
+012,-017
+012,-017
+012,-017
+012,-017
+012,-017
+012,-017
+012,-017
+012,-017
+012,-017
+012,-017
+010,-017
+010,-017
+010,-017
+010,-017
+010,-017
+010,-017
+010,-017
+010,-017
+010,-017
+010,-017
+010,-017
+010,-017
+010,-017
+010,-017
+010,-017
+010,-017
+010,-017
+008,-017
+008,-017
+008,-017
+008,-017
+008,-017
+008,-017
+008,-017
+008,-017
+008,-017
+008,-017
+008,-017
+008,-017
+008,-017
+008,-017
+008,-017
+008,-017
+008,-017
+008,-017
+008,-017
+008,-017
+008,-017
+008,-017
+008,-017
+008,-017
+008,-017
+008,-016
+008,-016
+008,-016
+008,-016
+008,-016
+008,-016
+008,-016
+008,-016
+008,-016
+008,-016
+008,-016
+008,-016
+008,-016
+008,-016
+008,-016
+008,-016
+008,-016
+008,-015
+008,-015
+008,-015
+008,-015
+008,-015
+006,-015
+006,-015
+006,-015
+006,-015
+006,-015
+006,-015
+006,-015
+006,-015
+006,-015
+006,-015
+004,-015
+004,-015
+004,-015
+004,-015
+004,-015
+004,-015
+004,-015
+004,-015
+004,-015
+004,-015
+004,-018
+004,-018
+004,-017
+004,-017
+004,-017
+004,-017
+004,-017
+004,-017
+004,-017
+004,-017
+004,-017
+004,-017
+004,-017
+004,-017
+004,-017
+004,-017
+004,-017
+004,-017
+004,-017
+004,-017
+004,-017
+004,-017
+004,-017
+004,-017
+004,-017
+004,-020
+004,-019
+004,-019
+004,-019
+004,-019
+004,-019
+004,-019
+004,-019
+004,-019
+004,-019
+004,-019
+004,-019
+004,-019
+004,-018
+004,-018
+004,-018
+004,-018
+004,-018
+004,-018
+004,-018
+004,-018
+004,-018
+004,-018
+004,-017
+004,-017
+004,-017
+004,-017
+004,-017
+004,-017
+004,-017
+004,-017
+004,-017
+004,-017
+004,-017
+004,-017
+004,-017
+004,-017
+004,-017
+004,-017
+004,-017
+004,-017
+004,-017
+004,-017
+004,-017
+004,-017
+004,-017
+004,-017
+004,-017
+004,-017
+004,-017
+004,-017
+004,-017
+004,-017
+004,-017
+004,-017
+004,-017
+004,-017
+004,-017
+004,-017
+004,-017
+004,-017
+004,-017
+004,-017
+004,-017
+004,-017
+004,-017
+004,-017
+004,-017
+004,-017
+004,-017
+004,-017
+004,-017
+004,-017
+004,-017
+004,-017
+004,-017
+004,-017
+004,-017
+002,-017
+002,-017
+002,-016
+002,-016
+002,-016
+002,-016
+002,-016
+002,-016
+002,-016
+002,-016
+002,-016
+002,-016
+002,-015
+002,-015
+002,-015
+002,-015
+002,-015
+002,-015
+002,-014
+002,-014
+002,-014
+002,-014
+002,-014
+002,-014
+002,-014
+002,-014
+002,-014
+002,-014
+002,-014
+002,-014
+002,-014
+002,-014
+002,-013
+002,-013
+002,-013
+000,-013
+000,-013
+000,-013
+000,-013
+000,-013
+000,-013
+000,-013
+000,-012
+000,-012
+000,-012
+000,-012
+000,-012
+000,-012
+000,-012
+000,-012
+000,-012
+000,-012
+000,-011
+000,-011
+000,-011
+000,-011
+000,-011
+000,-011
+000,-010
+000,-010
+000,-010
+000,-010
+000,-010
+000,-010
+000,-010
+000,-009
+000,-009
+000,-009
+000,-009
+000,-009
+000,-009
+000,-009
+000,-009
+000,-009
+000,-009
+000,-009
+000,-008
+000,-008
+000,-008
+000,-008
+000,-008
+000,-008
+000,-008
+000,-008
+000,-008
+000,-008
+000,-008
+000,-008
+000,-008
+000,-008
+000,-008
+000,-008
+000,-008
+000,-008
+000,-008
+000,-008
+000,-008
+000,-008
+000,-008
+002,-008
+002,-008
+002,-008
+002,-008
+002,-008
+002,-008
+002,-008
+002,-008
+002,-008
+002,-008
+002,-008
+002,-008
+002,-008
+002,-008
+002,-008
+002,-008
+002,-008
+002,-008
+002,-008
+002,-008
+002,-008
+002,-008
+002,-008
+002,-008
+002,-008
+002,-008
+002,-008
+002,-008
+002,-008
+002,-008
+002,-008
+002,-008
+002,-008
+002,-008
+002,-008
+002,-008
+002,-008
+002,-008
+002,-008
+002,-008
+004,-008
+004,-008
+004,-008
+004,-008
+004,-008
+004,-008
+004,-008
+004,-008
+004,-008
+004,-008
+004,-008
+004,-008
+004,-008
+004,-008
+004,-008
+004,-008
+004,-008
+004,-008
+004,-008
+004,-008
+004,-008
+004,-008
+004,-008
+004,-008
+004,-008
+004,-008
+006,-008
+006,-008
+006,-008
+006,-008
+006,-008
+006,-011
+006,-011
+006,-010
+006,-010
+006,-010
+006,-010
+006,-010
+006,-010
+006,-010
+006,-010
+006,-010
+006,-010
+006,-010
+006,-010
+006,-010
+006,-010
+006,-010
+006,-010
+006,-010
+006,-010
+006,-010
+006,-010
+006,-010
+006,-010
+006,-010
+006,-010
+006,-010
+006,-010
+006,-010
+006,-010
+006,-010
+006,-010
+006,-010
+006,-010
+006,-010
+006,-010
+006,-010
+006,-010
+006,-010
+006,-010
+006,-010
+006,-010
+006,-010
+006,-010
+006,-010
+006,-010
+006,-010
+006,-010
+006,-010
+006,-010
+006,-010
+006,-010
+006,-010
+006,-010
+006,-010
+006,-010
+006,-010
+006,-010
+006,-010
+006,-010
+006,-010
+006,-010
+006,-010
+006,-010
+006,-010
+006,-010
+006,-010
+006,-010
+006,-010
+006,-010
+006,-010
+006,-010
+006,-010
+006,-010
+006,-010
+006,-010
+006,-010
+006,-013
+006,-013
+006,-013
+006,-013
+006,-013
+006,-013
+006,-013
+006,-013
+006,-013
+006,-013
+006,-013
+006,-013
+006,-013
+006,-013
+006,-013
+006,-013
+006,-013
+006,-013
+006,-013
+006,-013
+006,-013
+006,-013
+006,-013
+006,-013
+006,-013
+006,-013
+006,-013
+006,-013
+006,-013
+006,-013
+006,-013
+006,-013
+006,-013
+006,-013
+006,-013
+006,-013
+006,-013
+006,-013
+006,-013
+006,-013
+006,-013
+006,-013
+006,-013
+006,-013
+006,-013
+006,-013
+006,-013
+006,-013
+006,-013
+006,-012
+006,-012
+006,-012
+006,-012
+006,-012
+006,-012
+006,-012
+006,-012
+006,-012
+006,-012
+006,-012
+006,-012
+006,-012
+006,-012
+006,-012
+006,-012
+006,-012
+006,-012
+006,-012
+006,-012
+006,-012
+006,-012
+006,-012
+006,-012
+006,-015
+006,-014
+006,-014
+006,-014
+006,-014
+006,-014
+006,-014
+006,-014
+006,-014
+006,-014
+006,-014
+006,-014
+006,-014
+006,-014
+006,-014
+006,-014
+006,-014
+006,-014
+006,-014
+006,-014
+006,-014
+006,-014
+006,-014
+006,-014
+006,-014
+006,-014
+006,-014
+006,-014
+006,-014
+006,-014
+006,-014
+006,-014
+006,-014
+006,-014
+006,-014
+006,-014
+006,-014
+006,-014
+006,-014
+006,-014
+006,-014
+006,-014
+006,-014
+006,-014
+006,-014
+006,-014
+006,-014
+006,-014
+006,-014
+006,-014
+006,-014
+006,-014
+006,-014
+006,-014
+006,-014
+006,-014
+006,-014
+006,-014
+006,-014
+006,-014
+006,-014
+006,-014
+006,-014
+006,-014
+006,-014
+006,-014
+006,-014
+006,-014
+006,-014
+006,-014
+006,-014
+006,-014
+006,-014
+006,-014
+006,-014
+006,-014
+006,-014
+006,-014
+006,-014
+006,-014
+006,-017
+006,-017
+006,-016
+006,-016
+006,-016
+006,-016
+006,-016
+006,-016
+006,-016
+006,-016
+006,-016
+006,-016
+006,-016
+006,-016
+006,-016
+006,-016
+006,-016
+006,-016
+006,-016
+006,-016
+006,-016
+006,-016
+006,-016
+006,-016
+006,-016
+006,-016
+006,-016
+006,-016
+006,-016
+006,-016
+006,-016
+006,-016
+006,-015
+006,-015
+006,-015
+006,-015
+006,-015
+004,-015
+004,-015
+004,-015
+004,-015
+004,-015
+004,-014
+004,-014
+004,-014
+004,-014
+004,-014
+004,-014
+004,-014
+004,-014
+004,-014
+004,-014
+004,-013
+004,-013
+004,-013
+004,-013
+004,-013
+004,-013
+004,-013
+004,-013
+004,-013
+004,-013
+004,-012
+004,-012
+004,-012
+004,-012
+004,-012
+002,-012
+002,-012
+002,-011
+002,-011
+002,-011
+002,-011
+002,-011
+002,-011
+002,-011
+002,-011
+002,-011
+002,-011
+002,-011
+002,-011
+002,-011
+002,-011
+002,-011
+002,-011
+002,-011
+002,-011
+002,-011
+002,-011
+002,-011
+002,-011
+002,-011
+002,-011
+002,-011
+002,-011
+002,-011
+002,-011
+002,-011
+000,-011
+000,-011
+000,-011
+000,-011
+000,-011
+000,-011
+000,-011
+000,-011
+000,-011
+000,-011
+000,-011
+000,-011
+000,-011
+000,-011
+000,-011
+002,-011
+002,-011
+002,-011
+002,-011
+002,-011
+002,-010
+002,-010
+002,-010
+002,-010
+002,-010
+002,-010
+002,-010
+002,-010
+002,-010
+002,-010
+002,-010
+002,-010
+002,-010
+002,-010
+002,-010
+002,-010
+002,-010
+002,-010
+002,-010
+002,-010
+002,-010
+002,-010
+002,-010
+002,-010
+002,-010
+002,-010
+002,-010
+002,-010
+002,-010
+002,-010
+002,-010
+002,-010
+002,-010
+002,-010
+002,-010
+002,-010
+004,-010
+004,-010
+004,-010
+004,-010
+004,-010
+004,-009
+004,-009
+004,-009
+004,-009
+004,-009
+004,-009
+004,-009
+004,-009
+004,-009
+004,-009
+004,-009
+004,-009
+004,-009
+004,-009
+004,-009
+004,-009
+004,-008
+004,-008
+004,-008
+004,-008
+004,-008
+004,-008
+004,-008
+004,-008
+004,-008
+004,-008
+004,-008
+004,-008
+004,-008
+004,-008
+004,-008
+004,-008
+004,-008
+004,-008
+004,-008
+004,-008
+004,-008
+004,-008
+004,-008
+004,-008
+004,-008
+004,-008
+004,-008
+004,-008
+006,-008
+006,-008
+006,-008
+006,-008
+006,-008
+006,-008
+006,-007
+006,-007
+006,-007
+006,-007
+006,-007
+006,-007
+006,-007
+006,-007
+006,-007
+006,-007
+006,-007
+006,-007
+006,-007
+006,-007
+006,-007
+006,-007
+006,-007
+006,-007
+006,-007
+006,-007
+006,-007
+006,-007
+006,-007
+006,-006
+006,-006
+006,-006
+006,-006
+006,-006
+006,-006
+006,-006
+006,-006
+006,-006
+006,-006
+006,-006
+006,-006
+006,-006
+006,-006
+006,-006
+006,-006
+006,-006
+006,-006
+006,-006
+006,-006
+006,-006
+006,-006
+006,-006
+006,-006
+006,-006
+006,-006
+006,-006
+006,-006
+006,-006
+006,-006
+006,-006
+006,-006
+006,-006
+006,-006
+006,-006
+006,-006
+006,-006
+006,-006
+006,-006
+006,-006
+006,-006
+006,-006
+006,-006
+006,-006
+006,-006
+006,-006
+006,-006
+006,-006
+006,-006
+006,-006
+006,-006
+006,-006
+006,-006
+006,-006
+006,-006
+006,-006
+006,-006
+006,-006
+006,-006
+006,-006
+006,-006
+006,-006
+006,-006
+006,-005
+006,-005
+006,-005
+006,-005
+006,-005
+006,-005
+006,-005
+006,-005
+006,-005
+006,-005
+006,-005
+006,-005
+006,-005
+006,-005
+006,-005
+006,-005
+006,-005
+006,-005
+006,-005
+006,-005
+006,-005
+006,-005
+006,-005
+006,-005
+006,-005
+006,-005
+006,-005
+006,-004
+006,-004
+006,-004
+006,-004
+006,-004
+006,-004
+006,-004
+006,-004
+006,-004
+006,-004
+006,-004
+006,-004
+006,-004
+006,-004
+006,-004
+006,-004
+006,-004
+006,-004
+006,-004
+006,-004
+006,-004
+006,-004
+006,-004
+006,-004
+006,-004
+006,-004
+006,-004
+006,-004
+006,-004
+006,-004
+006,-004
+006,-004
+006,-004
+006,-004
+006,-004
+006,-007
+006,-006
+006,-006
+006,-006
+006,-006
+006,-006
+006,-006
+006,-006
+006,-006
+006,-006
+006,-006
+006,-006
+006,-006
+006,-006
+006,-006
+006,-006
+006,-006
+006,-006
+006,-006
+006,-006
+006,-006
+006,-006
+006,-006
+006,-006
+006,-006
+004,-006
+004,-006
+004,-006
+004,-006
+004,-006
+004,-006
+004,-006
+004,-006
+004,-006
+004,-006
+004,-006
+004,-006
+004,-006
+004,-006
+004,-006
+004,-006
+004,-006
+004,-006
+004,-006
+004,-006
+004,-006
+004,-006
+004,-006
+002,-006
+002,-006
+002,-006
+002,-006
+002,-006
+002,-006
+002,-006
+002,-006
+002,-006
+002,-006
+002,-006
+002,-006
+002,-006
+002,-006
+002,-006
+002,-006
+002,-006
+002,-006
+002,-006
+002,-006
+002,-006
+002,-006
+002,-006
+000,-006
+000,-006
+000,-006
+000,-006
+000,-006
+000,-006
+000,-006
+000,-006
+000,-006
+000,-006
+000,-006
+000,-006
+000,-006
+000,-006
+000,-006
+000,-006
+000,-006
+000,-006
+000,-006
+000,-006
+000,-006
+000,-006
+000,-006
+000,-006
+000,-006
+000,-006
+000,-006
+000,-006
+000,-006
+000,-006
+000,-006
+000,-006
+000,-006
+000,-006
+000,-006
+000,-006
+000,-006
+002,-005
+002,-005
+002,-005
+002,-005
+002,-005
+002,-005
+002,-005
+002,-004
+002,-004
+002,-004
+002,-004
+002,-004
+002,-004
+002,-004
+002,-004
+002,-004
+002,-004
+002,-004
+002,-004
+002,-004
+002,-004
+002,-004
+002,-004
+002,-004
+002,-004
+002,-004
+002,-004
+002,-003
+002,-003
+002,-003
+002,-003
+002,-003
+002,-003
+002,-003
+002,-003
+002,-003
+002,-003
+002,-003
+002,-003
+002,-003
+002,-003
+002,-003
+002,-003
+002,-003
+002,-003
+002,-003
+002,-003
+002,-003
+002,-003
+002,-003
+002,-003
+002,-003
+002,-003
+002,-003
+002,-003
+002,-003
+002,-003
+002,-002
+002,-002
+000,-002
+000,-002
+000,-002
+000,-002
+000,-002
+000,-002
+000,-002
+000,-002
+000,-002
+000,-002
+000,-002
+000,-001
+000,-001
+000,-001
+000,-001
+000,-001
+000,-001
+000,-001
+000,-001
+000,-001
+000,-001
+000,-001
+000,-001
+000,-001
+000,-000
+000,-000
+000,-000
+000,-000
+000,-000
+000,-000
+000,-000
+000,-000
+000,-000
+000,-000
+000,-000
+000,-000
+000,-000
+000,-000
+000,-000
+000,-000
+000,-000
+000,-000
+000,-000
+000,-000
+000,-000
+000,-000
+000,-000
+002,-000
+002,-000
+002,-001
+004,-002
+004,-002
+004,-002
+004,-002
+004,-002
+004,-002
+004,-002
+006,-002
+006,-002
+006,-002
+006,-002
+006,-002
+006,-002
+006,-002
+006,-002
+006,-003
+006,-003
+006,-003
+008,-003
+008,-003
+008,-003
+008,-003
+008,-003
+008,-003
+008,-003
+008,-003
+008,-003
+008,-003
+008,-003
+008,-003
+010,-003
+010,-003
+010,-003
+010,-003
+010,-003
+010,-003
+010,-003
+010,-003
+010,-003
+010,-003
+010,-003
+010,-003
+010,-003
+010,-003
+010,-003
+010,-003
+010,-003
+010,-003
+010,-003
+010,-003
+010,-003
+010,-003
+010,-003
+010,-003
+010,-003
+010,-003
+010,-003
+010,-003
+012,-003
+012,-000
+012,-000
+012,-000
+012,-000
+012,-000
+012,-000
+012,-000
+012,-000
+012,-000
+012,-000
+012,-000
+012,-000
+014,-000
+014,-000
+014,-000
+014,-000
+014,-000
+014,-000
+014,-000
+014,-000
+014,-000
+014,-000
+016,-000
+016,-000
+016,-003
+016,-003
+016,-003
+016,-003
+016,-003
+016,-003
+016,-003
+016,-003
+016,-003
+016,-003
+016,-003
+016,-003
+018,-003
+018,-003
+018,-003
+018,-003
+018,-003
+018,-003
+018,-003
+018,-003
+018,-003
+018,-003
+018,-003
+018,-003
+018,-003
+018,-003
+018,-003
+018,-003
+018,-003
+020,-003
+020,-003
+020,-003
+020,-003
+020,-003
+020,-003
+020,-003
+020,-003
+020,-003
+020,-003
+020,-003
+020,-003
+020,-003
+022,-003
+022,-003
+022,-003
+022,-003
+022,-003
+022,-003
+022,-003
+022,-003
+022,-003
+022,-003
+022,-003
+022,-003
+022,-003
+022,-003
+022,-003
+022,-003
+022,-003
+022,-003
+022,-003
+022,-003
+022,-003
+022,-003
+022,-006
+022,-006
+022,-006
+022,-006
+022,-006
+022,-006
+022,-006
+022,-006
+022,-006
+022,-006
+022,-006
+022,-006
+022,-006
+022,-006
+022,-006
+022,-006
+022,-006
+022,-006
+022,-006
+022,-006
+022,-006
+022,-006
+022,-006
+022,-006
+022,-006
+022,-006
+022,-006
+022,-006
+022,-006
+022,-006
+022,-006
+022,-006
+022,-006
+022,-006
+022,-006
+022,-006
+022,-006
+022,-006
+022,-006
+022,-006
+022,-006
+022,-006
+022,-006
+022,-006
+022,-006
+022,-006
+022,-006
+022,-006
+022,-006
+022,-006
+022,-006
+022,-006
+022,-006
+020,-006
+020,-006
+020,-006
+020,-006
+020,-006
+020,-006
+020,-006
+020,-006
+020,-006
+020,-006
+018,-006
+018,-006
+018,-006
+018,-006
+018,-006
+018,-006
+018,-006
+018,-006
+018,-006
+018,-006
+018,-006
+018,-006
+018,-006
+018,-006
+018,-006
+018,-006
+018,-006
+018,-006
+018,-006
+016,-006
+016,-009
+016,-008
+016,-008
+016,-008
+016,-008
+016,-008
+016,-008
+016,-008
+016,-008
+016,-008
+016,-008
+016,-008
+014,-011
+014,-011
+014,-011
+014,-011
+014,-011
+014,-011
+014,-011
+014,-011
+014,-011
+014,-011
+014,-011
+014,-011
+014,-011
+014,-011
+014,-011
+014,-011
+014,-011
+014,-011
+014,-011
+014,-011
+014,-011
+014,-011
+014,-011
+014,-011
+014,-011
+014,-011
+014,-011
+014,-011
+014,-011
+014,-011
+014,-011
+014,-011
+014,-011
+014,-011
+014,-011
+014,-011
+014,-011
+014,-011
+014,-011
+014,-011
+014,-011
+014,-011
+014,-011
+014,-011
+014,-014
+014,-014
+014,-013
+014,-013
+014,-013
+014,-013
+014,-013
+014,-013
+014,-013
+014,-013
+016,-013
+016,-013
+016,-013
+016,-013
+016,-013
+016,-013
+016,-013
+016,-016
+016,-015
+016,-015
+016,-015
+016,-015
+016,-015
+018,-015
+018,-015
+018,-015
+018,-015
+018,-015
+018,-015
+018,-015
+018,-015
+018,-015
+018,-015
+018,-015
+018,-018
+018,-017
+018,-017
+018,-017
+018,-017
+018,-017
+018,-017
+018,-017
+018,-017
+018,-017
+018,-017
+018,-017
+018,-017
+018,-017
+018,-017
+018,-017
+018,-017
+018,-017
+018,-017
+018,-017
+018,-017
+018,-017
+018,-017
+018,-017
+018,-017
+018,-017
+018,-017
+018,-017
+018,-017
+018,-017
+018,-017
+018,-017
+018,-017
+018,-017
+018,-017
+018,-017
+018,-017
+018,-017
+018,-016
+018,-016
+018,-016
+018,-016
+018,-016
+018,-016
+018,-016
+018,-016
+018,-016
+016,-016
+016,-016
+016,-016
+016,-016
+016,-016
+016,-015
+016,-015
+016,-015
+016,-015
+016,-015
+016,-015
+016,-015
+016,-015
+016,-015
+016,-015
+016,-015
+016,-015
+016,-015
+016,-015
+016,-015
+016,-015
+016,-015
+016,-015
+014,-015
+014,-015
+014,-015
+014,-015
+014,-015
+014,-015
+014,-015
+014,-015
+014,-015
+014,-015
+014,-015
+014,-015
+014,-015
+014,-015
+014,-015
+014,-015
+014,-015
+014,-015
+014,-015
+014,-015
+014,-015
+014,-015
+014,-015
+014,-015
+014,-015
+014,-015
+014,-015
+014,-015
+014,-015
+014,-015
+014,-015
+014,-015
+014,-015
+012,-015
+012,-015
+012,-015
+012,-015
+012,-014
+012,-014
+012,-014
+012,-014
+012,-014
+012,-014
+012,-014
+012,-014
+012,-014
+012,-014
+012,-014
+012,-014
+012,-014
+012,-013
+012,-013
+012,-013
+012,-013
+012,-013
+012,-013
+012,-013
+012,-013
+012,-013
+010,-012
+010,-012
+010,-012
+010,-012
+010,-012
+010,-012
+010,-011
+010,-011
+010,-011
+010,-011
+010,-011
+010,-011
+010,-011
+010,-011
+010,-011
+010,-011
+010,-010
+010,-010
+010,-010
+008,-010
+008,-010
+008,-010
+008,-010
+008,-010
+008,-010
+008,-010
+008,-010
+008,-010
+008,-010
+008,-010
+008,-010
+008,-010
+008,-010
+008,-009
+008,-009
+008,-009
+008,-009
+008,-009
+008,-009
+008,-009
+008,-009
+008,-009
+008,-009
+008,-008
+008,-008
+006,-008
+006,-008
+006,-008
+006,-008
+006,-007
+006,-007
+006,-007
+006,-007
+006,-007
+006,-007
+004,-006
+004,-006
+004,-006
+004,-006
+004,-005
+004,-005
+004,-005
+004,-005
+004,-005
+002,-004
+002,-004
+002,-004
+002,-004
+002,-004
+002,-003
+002,-003
+002,-003
+002,-003
+002,-003
+002,-002
+002,-002
+002,-002
+002,-002
+000,-002
+000,-002
+000,-002
+000,-002
+000,-002
+000,-002
+000,-002
+000,-002
+000,-002
+000,-002
+000,-002
+000,-002
+000,-002
+000,-002
+000,-002
+000,-002
+000,-002
+000,-002
+000,-002
+000,-002
+000,-002
+000,-002
+000,-002
+000,-002
+000,-002
+000,-002
+000,-002
+000,-002
+000,-002
+000,-002
+000,-002
+000,-002
+000,-002
+000,-002
+002,-002
+002,-002
+002,-005
+002,-005
+002,-005
+002,-005
+002,-005
+002,-005
+002,-005
+002,-005
+002,-005
+002,-005
+002,-005
+002,-005
+004,-005
+004,-008
+004,-008
+004,-007
+004,-007
+004,-007
+004,-007
+004,-007
+004,-007
+004,-007
+004,-007
+004,-007
+004,-010
+004,-009
+004,-009
+004,-009
+004,-009
+004,-009
+004,-009
+004,-009
+004,-009
+004,-009
+004,-012
+004,-011
+004,-011
+004,-011
+004,-011
+004,-011
+004,-011
+004,-011
+004,-011
+004,-011
+004,-011
+004,-011
+004,-011
+004,-011
+004,-011
+004,-011
+004,-011
+004,-011
+004,-011
+004,-011
+004,-011
+004,-011
+004,-011
+004,-011
+004,-011
+004,-011
+004,-011
+004,-011
+004,-011
+004,-011
+004,-011
+004,-011
+006,-011
+006,-014
+006,-014
+006,-013
+006,-013
+006,-013
+006,-013
+006,-013
+006,-013
+006,-013
+006,-013
+006,-013
+006,-013
+006,-013
+006,-013
+006,-013
+006,-013
+006,-013
+006,-013
+006,-012
+006,-012
+006,-012
+006,-012
+006,-012
+006,-012
+006,-012
+006,-011
+006,-011
+006,-011
+006,-011
+006,-011
+006,-011
+006,-010
+006,-010
+006,-010
+006,-010
+006,-010
+006,-010
+006,-010
+006,-009
+006,-009
+004,-009
+004,-009
+004,-009
+004,-009
+004,-009
+004,-009
+004,-009
+004,-009
+004,-008
+004,-008
+004,-008
+004,-008
+004,-007
+004,-007
+004,-007
+004,-006
+002,-006
+002,-006
+002,-006
+002,-006
+002,-006
+002,-006
+002,-005
+002,-005
+002,-005
+002,-004
+002,-004
+002,-004
+002,-003
+002,-003
+000,-003
+000,-003
+000,-002
+000,-002
+000,-002
+000,-002
+000,-002
+000,-002
+000,-002
+000,-002
+000,-002
+000,-002
+000,-002
+000,-002
+000,-002
+000,-002
+000,-002
+000,-002
+000,-002
+000,-002
+000,-002
+000,-002
+000,-002
+000,-002
+000,-002
+000,-002
+000,-002
+000,-002
+000,-002
+000,-002
+000,-002
+000,-002
+000,-002
+000,-002
+000,-002
+000,-002
+000,-002
+000,-002
+000,-002
+000,-002
+000,-002
+000,-002
+000,-002
+000,-002
+000,-002
+000,-002
+000,-002
+000,-002
+000,-002
+000,-002
+000,-002
+000,-002
+000,-002
+000,-002
+000,-002
+000,-002
+000,-002
+000,-002
+000,-002
+000,-002
+000,-002
+000,-002
+002,-002
+002,-002
+002,-002
+002,-002
+002,-002
+002,-005
+002,-005
+002,-005
+002,-005
+002,-005
+004,-005
+004,-005
+004,-005
+004,-005
+004,-005
+004,-005
+004,-005
+004,-005
+004,-005
+004,-005
+004,-005
+006,-005
+006,-008
+006,-007
+006,-007
+006,-007
+006,-007
+006,-007
+006,-007
+006,-007
+006,-007
+006,-007
+006,-007
+006,-007
+006,-007
+006,-010
+008,-009
+008,-009
+008,-009
+008,-009
+008,-009
+008,-009
+008,-009
+008,-009
+008,-009
+008,-009
+008,-009
+008,-009
+008,-009
+008,-009
+008,-009
+008,-009
+010,-009
+010,-009
+010,-009
+010,-009
+010,-009
+010,-009
+010,-009
+010,-009
+010,-009
+010,-009
+010,-009
+010,-009
+010,-012
+010,-012
+010,-012
+010,-012
+010,-012
+010,-011
+010,-011
+010,-011
+010,-011
+010,-011
+010,-011
+010,-011
+010,-011
+010,-011
+010,-011
+010,-011
+010,-011
+010,-011
+010,-011
+010,-011
+010,-010
+010,-010
+010,-010
+010,-010
+010,-010
+010,-010
+010,-010
+008,-010
+008,-010
+008,-009
+008,-009
+008,-009
+008,-009
+008,-009
+008,-009
+008,-009
+008,-009
+008,-009
+008,-009
+006,-008
+006,-008
+006,-008
+006,-008
+006,-008
+006,-008
+006,-007
+006,-007
+006,-007
+006,-007
+006,-007
+006,-007
+006,-007
+006,-006
+006,-006
+004,-006
+004,-006
+004,-006
+004,-006
+004,-006
+004,-005
+004,-005
+004,-005
+004,-005
+004,-005
+002,-004
+002,-004
+002,-004
+002,-004
+002,-004
+002,-004
+002,-004
+002,-004
+002,-004
+002,-004
+002,-004
+002,-004
+002,-003
+002,-003
+002,-003
+002,-003
+002,-003
+002,-003
+002,-003
+002,-003
+002,-003
+002,-003
+002,-003
+002,-003
+002,-003
+002,-003
+002,-003
+002,-003
+002,-003
+002,-003
+002,-003
+002,-003
+002,-003
+002,-003
+002,-003
+002,-003
+002,-003
+002,-003
+002,-003
+002,-003
+002,-003
+002,-003
+002,-003
+002,-003
+002,-003
+002,-003
+002,-003
+002,-003
+002,-003
+002,-003
+002,-003
+002,-003
+004,-003
+004,-003
+004,-003
+004,-003
+004,-003
+004,-003
+004,-003
+004,-003
+004,-003
+004,-003
+004,-003
+004,-003
+004,-006
+004,-005
+004,-005
+004,-005
+006,-005
+006,-005
+006,-005
+006,-005
+006,-005
+006,-005
+006,-005
+006,-005
+006,-005
+006,-005
+006,-005
+006,-005
+006,-005
+006,-005
+006,-005
+006,-005
+006,-005
+006,-005
+006,-005
+006,-008
+006,-007
+006,-007
+006,-007
+006,-007
+006,-007
+006,-007
+006,-007
+006,-007
+006,-007
+006,-007
+006,-007
+006,-007
+006,-007
+006,-007
+006,-007
+006,-007
+006,-007
+006,-007
+006,-007
+006,-007
+006,-007
+006,-007
+006,-007
+006,-007
+006,-007
+006,-007
+006,-007
+008,-007
+008,-007
+008,-007
+008,-007
+008,-007
+008,-007
+008,-007
+008,-007
+008,-007
+008,-007
+008,-007
+008,-007
+008,-007
+008,-007
+008,-007
+008,-007
+008,-007
+008,-007
+008,-007
+008,-007
+008,-007
+008,-007
+008,-007
+008,-007
+008,-007
+008,-007
+008,-007
+008,-007
+008,-007
+008,-007
+008,-007
+008,-007
+008,-007
+008,-007
+008,-007
+006,-007
+006,-007
+006,-007
+006,-007
+006,-007
+006,-007
+006,-007
+006,-007
+006,-007
+006,-007
+006,-007
+006,-007
+006,-006
+006,-006
+006,-006
+006,-006
+006,-006
+006,-006
+006,-006
+006,-006
+006,-006
+006,-006
+006,-006
+006,-006
+006,-006
+006,-006
+006,-006
+006,-006
+006,-006
+006,-006
+006,-006
+006,-006
+006,-006
+006,-006
+006,-006
+006,-006
+006,-006
+006,-006
+006,-006
+006,-006
+006,-006
+006,-006
+006,-006
+006,-006
+006,-006
+006,-006
+006,-006
+006,-006
+006,-006
+006,-006
+006,-006
+006,-006
+006,-006
+006,-006
+006,-006
+006,-006
+006,-006
+006,-006
+006,-006
+006,-006
+006,-006
+006,-006
+006,-006
+006,-006
+006,-006
+006,-006
+006,-006
+006,-006
+006,-006
+006,-006
+006,-006
+006,-006
+006,-006
+006,-006
+006,-006
+006,-006
+006,-006
+006,-006
+006,-006
+006,-006
+006,-006
+006,-006
+006,-006
+006,-006
+006,-006
+006,-006
+006,-006
+006,-006
+006,-006
+006,-006
+006,-006
+006,-006
+006,-006
+006,-006
+006,-006
+006,-006
+006,-006
+006,-006
+006,-006
+006,-006
+006,-006
+006,-006
+006,-006
+006,-006
+006,-006
+006,-006
+006,-006
+006,-006
+006,-006
+006,-006
+006,-006
+006,-006
+006,-006
+006,-006
+006,-006
+006,-006
+006,-006
+006,-006
+006,-006
+006,-006
+006,-006
+006,-006
+006,-006
+006,-006
+006,-006
+006,-006
+006,-006
+006,-006
+006,-006
+006,-006
+006,-006
+006,-006
+008,-006
+008,-006
+008,-006
+008,-006
+008,-006
+008,-006
+008,-006
+008,-006
+008,-006
+008,-006
+008,-006
+008,-006
+008,-006
+008,-006
+008,-006
+008,-009
+008,-008
+008,-008
+008,-008
+008,-008
+008,-008
+008,-008
+008,-008
+008,-008
+008,-008
+008,-008
+008,-008
+008,-008
+008,-008
+008,-008
+008,-008
+008,-008
+008,-008
+008,-008
+008,-008
+008,-008
+008,-008
+008,-008
+008,-008
+008,-008
+008,-008
+008,-008
+008,-008
+008,-008
+008,-008
+008,-008
+008,-008
+008,-008
+008,-008
+008,-008
+008,-008
+008,-008
+008,-008
+008,-008
+008,-008
+008,-008
+008,-008
+008,-008
+008,-008
+008,-008
+008,-008
+008,-008
+008,-008
+008,-008
+008,-008
+008,-008
+008,-008
+008,-008
+008,-008
+008,-008
+008,-008
+008,-008
+008,-008
+008,-008
+008,-008
+008,-011
+008,-010
+008,-010
+008,-010
+008,-010
+008,-010
+008,-010
+008,-010
+008,-010
+008,-010
+008,-010
+008,-010
+008,-010
+008,-010
+008,-010
+008,-010
+008,-010
+008,-010
+008,-010
+008,-010
+008,-013
+008,-013
+008,-013
+008,-013
+008,-013
+008,-013
+006,-013
+006,-013
+006,-013
+006,-013
+006,-013
+006,-013
+006,-013
+006,-013
+006,-016
+006,-016
+006,-016
+006,-016
+006,-016
+006,-016
+004,-016
+004,-016
+004,-016
+004,-016
+004,-016
+004,-016
+004,-016
+004,-016
+004,-016
+004,-016
+004,-016
+004,-016
+004,-016
+004,-016
+004,-016
+004,-016
+004,-016
+004,-016
+004,-016
+004,-016
+002,-016
+002,-016
+002,-016
+002,-016
+002,-016
+002,-016
+002,-016
+002,-016
+002,-016
+002,-016
+002,-016
+002,-016
+002,-016
+002,-016
+002,-016
+002,-016
+002,-016
+002,-016
+002,-016
+002,-016
+002,-016
+002,-016
+002,-016
+002,-016
+002,-016
+002,-016
+002,-016
+002,-016
+002,-016
+002,-016
+002,-016
+002,-016
+002,-016
+002,-016
+002,-016
+002,-016
+002,-016
+002,-016
+002,-016
+002,-016
+002,-016
+002,-015
+002,-015
+002,-015
+000,-015
+000,-015
+000,-015
+000,-015
+000,-015
+000,-015
+000,-015
+000,-015
+000,-015
+000,-015
+000,-015
+000,-015
+000,-015
+000,-015
+000,-015
+000,-015
+000,-015
+000,-015
+000,-015
+000,-015
+000,-015
+000,-015
+000,-015
+000,-015
+000,-015
+000,-015
+000,-015
+000,-015
+000,-015
+000,-015
+000,-015
+000,-015
+000,-015
+000,-015
+000,-015
+000,-015
+000,-015
+000,-015
+000,-014
+000,-014
+000,-014
+000,-014
+000,-014
+000,-014
+000,-014
+000,-014
+000,-014
+000,-014
+000,-013
+000,-013
+000,-013
+000,-013
+000,-013
+000,-013
+000,-013
+000,-013
+000,-013
+000,-013
+000,-013
+000,-013
+000,-013
+000,-013
+000,-013
+000,-013
+000,-013
+000,-012
+000,-012
+000,-012
+002,-012
+002,-012
+002,-012
+002,-012
+002,-012
+002,-012
+002,-012
+002,-012
+002,-012
+002,-012
+002,-011
+002,-011
+002,-011
+002,-011
+002,-011
+002,-011
+002,-011
+002,-011
+002,-011
+002,-011
+002,-011
+002,-011
+002,-011
+002,-011
+002,-011
+002,-011
+002,-011
+002,-011
+002,-010
+002,-010
+002,-010
+002,-010
+002,-010
+002,-010
+002,-010
+002,-010
+002,-010
+002,-010
+002,-010
+002,-010
+002,-009
+002,-009
+002,-009
+004,-009
+004,-009
+004,-009
+004,-009
+004,-009
+004,-009
+004,-009
+004,-009
+004,-009
+004,-009
+004,-008
+004,-008
+004,-008
+004,-008
+004,-008
+004,-008
+004,-007
+004,-007
+004,-007
+004,-007
+004,-007
+004,-007
+004,-007
+004,-007
+004,-007
+004,-007
+004,-007
+004,-007
+004,-007
+004,-007
+004,-007
+004,-007
+004,-007
+004,-007
+004,-007
+004,-007
+006,-007
+006,-007
+006,-007
+006,-007
+006,-007
+006,-007
+006,-007
+006,-007
+006,-007
+006,-007
+006,-007
+006,-007
+006,-007
+006,-007
+006,-007
+006,-007
+006,-007
+006,-007
+006,-007
+006,-007
+006,-007
+006,-007
+006,-007
+006,-007
+006,-007
+006,-007
+006,-007
+006,-007
+006,-007
+006,-007
+006,-007
+006,-007
+006,-007
+006,-007
+006,-007
+006,-007
+006,-007
+006,-007
+006,-007
+006,-007
+006,-007
+006,-007
+006,-007
+006,-007
+006,-007
+006,-007
+006,-007
+006,-007
+006,-007
+006,-007
+006,-007
+006,-007
+006,-007
+006,-007
+006,-007
+006,-007
+006,-007
+008,-007
+008,-007
+008,-007
+008,-007
+008,-007
+008,-007
+008,-007
+008,-007
+008,-007
+008,-007
+008,-007
+008,-007
+008,-007
+008,-007
+008,-007
+008,-007
+008,-007
+008,-007
+008,-007
+008,-007
+008,-007
+008,-007
+008,-007
+008,-007
+008,-007
+008,-007
+008,-007
+008,-007
+008,-007
+008,-007
+008,-007
+008,-007
+008,-007
+008,-007
+008,-007
+008,-007
+008,-007
+008,-007
+008,-007
+008,-007
+008,-007
+008,-007
+008,-007
+008,-007
+008,-007
+008,-007
+008,-007
+008,-007
+008,-007
+008,-007
+008,-007
+008,-007
+008,-007
+008,-007
+008,-007
+008,-007
+008,-007
+008,-007
+008,-007
+008,-010
+008,-009
+008,-009
+008,-009
+008,-009
+008,-009
+008,-009
+008,-009
+008,-009
+008,-009
+008,-009
+008,-009
+008,-009
+008,-009
+008,-009
+008,-009
+008,-009
+008,-009
+010,-009
+010,-009
+010,-009
+010,-009
+010,-009
+010,-009
+010,-009
+010,-009
+010,-009
+010,-009
+010,-009
+010,-009
+010,-009
+010,-009
+010,-009
+010,-009
+010,-009
+010,-009
+010,-009
+010,-009
+010,-009
+010,-009
+010,-009
+010,-009
+010,-009
+010,-009
+010,-009
+010,-009
+010,-009
+010,-009
+010,-009
+010,-009
+010,-009
+010,-009
+010,-009
+010,-009
+010,-009
+010,-009
+010,-009
+010,-009
+010,-009
+010,-009
+010,-009
+010,-009
+010,-009
+010,-009
+010,-009
+010,-009
+010,-009
+010,-009
+010,-009
+010,-009
+010,-009
+010,-009
+010,-009
+010,-009
+010,-009
+010,-009
+010,-009
+010,-009
+010,-009
+010,-009
+010,-009
+010,-009
+010,-009
+010,-009
+010,-009
+010,-009
+010,-009
+010,-009
+010,-009
+010,-009
+010,-009
+010,-009
+010,-009
+010,-009
+010,-009
+010,-009
+010,-009
+010,-009
+010,-009
+010,-009
+010,-009
+010,-009
+010,-009
+010,-009
+010,-009
+010,-009
+008,-009
+008,-009
+008,-009
+008,-009
+008,-009
+008,-009
+008,-009
+008,-009
+008,-009
+008,-009
+008,-009
+008,-009
+008,-009
+008,-009
+008,-009
+008,-009
+008,-009
+008,-009
+008,-009
+008,-009
+008,-009
+008,-009
+008,-009
+008,-009
+008,-009
+008,-009
+008,-009
+008,-009
+008,-009
+008,-009
+008,-009
+008,-009
+008,-009
+008,-009
+008,-009
+008,-009
+008,-009
+008,-009
+008,-009
+008,-009
+008,-009
+008,-009
+008,-009
+008,-009
+008,-009
+008,-009
+008,-009
+008,-009
+008,-009
+008,-009
+008,-009
+008,-009
+008,-009
+008,-009
+008,-009
+008,-009
+008,-009
+008,-009
+008,-009
+008,-009
+008,-009
+008,-009
+008,-008
+008,-008
+008,-008
+008,-008
+008,-008
+006,-008
+006,-008
+006,-008
+006,-008
+006,-008
+006,-008
+006,-008
+006,-008
+006,-008
+006,-008
+006,-008
+006,-008
+006,-008
+006,-008
+006,-008
+006,-008
+006,-008
+006,-008
+006,-008
+006,-008
+006,-008
+006,-008
+006,-008
+006,-008
+006,-008
+006,-008
+006,-008
+006,-008
+006,-008
+006,-008
+006,-008
+006,-008
+006,-008
+006,-008
+006,-008
+006,-008
+006,-008
+006,-008
+006,-008
+006,-008
+006,-008
+006,-008
+006,-008
+006,-008
+006,-007
+006,-007
+006,-007
+006,-007
+006,-007
+006,-007
+006,-007
+006,-007
+006,-007
+006,-007
+006,-007
+006,-007
+006,-007
+006,-007
+006,-007
+006,-007
+006,-007
+006,-007
+006,-007
+006,-007
+006,-007
+006,-007
+006,-007
+006,-007
+006,-007
+006,-007
+006,-007
+006,-007
+006,-007
+006,-007
+006,-007
+006,-007
+006,-007
+006,-007
+006,-007
+006,-007
+004,-007
+004,-007
+004,-007
+004,-007
+004,-007
+004,-007
+004,-007
+004,-007
+004,-007
+004,-007
+004,-007
+004,-007
+004,-007
+004,-007
+004,-007
+004,-007
+004,-007
+004,-007
+004,-007
+004,-007
+004,-007
+004,-007
+004,-007
+004,-007
+004,-007
+004,-007
+004,-007
+004,-007
+004,-007
+004,-007
+004,-007
+004,-007
+004,-007
+004,-007
+004,-007
+004,-007
+004,-007
+004,-007
+004,-007
+004,-007
+004,-007
+004,-007
+004,-007
+004,-007
+004,-007
+004,-007
+004,-007
+004,-007
+004,-007
+004,-007
+004,-007
+004,-007
+004,-007
+004,-010
+004,-009
+004,-009
+004,-009
+004,-009
+004,-009
+004,-009
+004,-009
+004,-009
+004,-009
+004,-009
+004,-009
+004,-009
+004,-009
+004,-009
+004,-009
+004,-009
+004,-009
+004,-009
+004,-009
+004,-009
+004,-009
+004,-009
+004,-009
+004,-009
+004,-009
+004,-009
+004,-009
+004,-009
+004,-009
+004,-009
+004,-009
+004,-009
+004,-009
+004,-009
+004,-009
+004,-009
+004,-009
+004,-009
+004,-009
+002,-009
+002,-009
+002,-009
+002,-009
+002,-009
+002,-009
+002,-009
+002,-009
+002,-009
+002,-009
+002,-009
+002,-009
+002,-009
+002,-009
+002,-009
+002,-009
+002,-009
+002,-009
+002,-009
+002,-009
+002,-009
+002,-009
+002,-009
+002,-009
+002,-009
+002,-009
+002,-009
+000,-009
+000,-009
+000,-009
+000,-009
+000,-009
+000,-009
+000,-012
+000,-012
+000,-012
+000,-012
+000,-012
+000,-012
+000,-012
+000,-012
+000,-012
+000,-012
+000,-012
+000,-012
+000,-012
+000,-012
+000,-012
+000,-012
+000,-012
+000,-012
+000,-012
+000,-012
+000,-012
+000,-012
+000,-012
+000,-012
+000,-012
+000,-012
+000,-012
+000,-012
+000,-012
+000,-012
+000,-012
+000,-012
+000,-012
+000,-012
+000,-012
+000,-012
+000,-012
+000,-012
+000,-012
+000,-012
+000,-012
+000,-012
+002,-012
+002,-012
+002,-012
+002,-012
+002,-012
+002,-012
+002,-012
+002,-012
+002,-012
+002,-015
+002,-014
+002,-014
+002,-014
+002,-014
+002,-014
+002,-014
+002,-014
+002,-014
+002,-014
+002,-014
+002,-014
+002,-014
+002,-014
+004,-014
+004,-014
+004,-014
+004,-014
+004,-014
+004,-014
+004,-014
+004,-014
+004,-014
+004,-014
+004,-014
+004,-014
+004,-014
+004,-014
+004,-014
+004,-014
+004,-014
+004,-014
+004,-014
+004,-014
+004,-014
+004,-014
+004,-017
+004,-016
+004,-016
+004,-016
+004,-016
+004,-016
+004,-016
+004,-016
+004,-016
+004,-016
+004,-016
+004,-016
+004,-016
+004,-016
+004,-016
+004,-016
+004,-016
+004,-016
+004,-016
+004,-016
+004,-016
+004,-016
+004,-016
+004,-015
+004,-015
+004,-015
+004,-015
+004,-015
+004,-015
+004,-015
+004,-015
+004,-015
+004,-015
+004,-015
+004,-015
+004,-015
+004,-015
+004,-015
+004,-015
+004,-015
+004,-015
+004,-015
+004,-015
+004,-015
+004,-015
+004,-015
+004,-015
+004,-015
+004,-015
+004,-015
+004,-015
+004,-015
+004,-015
+004,-015
+004,-015
+004,-015
+004,-015
+004,-015
+004,-015
+004,-015
+004,-015
+004,-015
+004,-015
+004,-015
+004,-015
+004,-015
+004,-015
+004,-015
COP Area(S): 000242
COP Area(R): 000414