+000,-000
+001,-000
+001,-001
+001,-001
+001,-001
+001,-001
+001,-002
+001,-002
+001,-002
+001,-002
+001,-003
+003,-003
+003,-003
+003,-003
+003,-003
+003,-004
+003,-004
+003,-004
+003,-005
+003,-005
+003,-006
+003,-006
+005,-007
+005,-007
+005,-008
+005,-008
+005,-009
+005,-009
+005,-009
+007,-010
+007,-012
+007,-012
+007,-013
+007,-013
+007,-014
+007,-014
+007,-014
+007,-015
+009,-015
+009,-016
+009,-017
+009,-017
+009,-018
+009,-018
+009,-019
+009,-019
+009,-019
+010,-020
+010,-020
+010,-020
+010,-020
+010,-020
-011,-020
-011,-020
-011,-021
-012,-021
-012,-021
-012,-021
-013,-021
-013,-021
-013,-021
-014,-021
-014,-021
-014,-021
-015,-021
-016,-021
-016,-021
-016,-021
-016,-021
-016,-021
-016,-021
-016,-021
-016,-021
-016,-021
-017,-021
-017,-018
-017,-018
-017,-018
-018,-018
-018,-018
-018,-018
-018,-018
-018,-018
-019,-018
-019,-018
-019,-015
-019,-016
-019,-016
-019,-016
-019,-016
-019,-016
-019,-016
-019,-016
-019,-016
-019,-016
-019,-016
-019,-016
-019,-013
-019,-013
-019,-013
-019,-013
-019,-013
-019,-013
-019,-013
-019,-010
-019,-010
-019,-010
-019,-010
-020,-010
-020,-010
-020,-010
-021,-010
-021,-010
-021,-010
-021,-010
-021,-010
-022,-010
-022,-010
-022,-010
-022,-007
-023,-007
-023,-007
-024,-007
-024,-007
-024,-007
-024,-004
-024,-004
-024,-004
-025,-004
-028,-001
-028,-001
-029,-001
-029,-001
-029,-001
-029,-001
-029,-001
-029,-001
-029,-001
-029,-001
-029,-001
-029,-001
-029,-002
-029,-002
-029,-001
-029,-001
-029,-001
-029,-001
-029,-001
-029,-001
-029,-001
-029,-001
-029,-001
-029,-001
-029,-001
-030,-001
-030,-001
-030,-001
-030,-001
-030,-001
-030,-000
-030,-000
-030,-000
-030,-000
-030,-000
-030,-000
-030,-000
-030,-001
-030,-001
-030,-001
-027,-002
-027,-004
-027,-004
-024,-004
-024,-005
-024,-005
-024,-006
-024,-006
-024,-007
-024,-008
-021,-008
-021,-009
-021,-010
-021,-011
-021,-012
-021,-013
-018,-014
-018,-015
-018,-016
-018,-016
-018,-017
-015,-019
-015,-019
-015,-020
-015,-021
-015,-021
-015,-022
-015,-022
-012,-022
-012,-022
-012,-022
-012,-022
-012,-022
-012,-022
-012,-019
-012,-019
-012,-019
-012,-019
-012,-016
-012,-016
-012,-016
-012,-016
-012,-013
-012,-013
-012,-013
-012,-013
-012,-010
-012,-010
-012,-010
-012,-010
-012,-010
+010,-010
+010,-010
+010,-010
+010,-010
+010,-010
+010,-010
+010,-010
+010,-010
+010,-010
+010,-010
+010,-007
+010,-008
+010,-008
+010,-008
+010,-008
+010,-008
+010,-008
+010,-008
+010,-008
+010,-008
+010,-009
+010,-009
+010,-009
+010,-009
+010,-009
+010,-009
+010,-009
+010,-009
+010,-009
+010,-009
+010,-010
+010,-010
+010,-010
+010,-010
+010,-011
+010,-011
+010,-012
+010,-012
+010,-012
+010,-012
+010,-013
+010,-013
+010,-013
+010,-014
+010,-014
+010,-014
+010,-015
+010,-015
+010,-016
+010,-016
+010,-018
+010,-018
+010,-018
+010,-018
+010,-018
+010,-019
+010,-019
+010,-019
+010,-019
+010,-019
+010,-019
+010,-019
+010,-019
+010,-019
+010,-019
+010,-019
+008,-019
+008,-019
+008,-019
+008,-019
+008,-019
+008,-019
+008,-019
+008,-019
+008,-019
+006,-019
+006,-019
+006,-019
+006,-019
+006,-016
+006,-017
+006,-017
+006,-017
+006,-017
+004,-017
+004,-017
+004,-017
+004,-017
+004,-017
+002,-017
+002,-018
+002,-018
+002,-018
+000,-018
+000,-018
+000,-018
+000,-018
+000,-018
+002,-018
+002,-018
+002,-018
+002,-018
+002,-018
+004,-018
+004,-018
+004,-018
+004,-018
+004,-018
+006,-018
+006,-018
+006,-018
+006,-018
+006,-015
+006,-015
+006,-015
+006,-015
+006,-015
+008,-015
+008,-015
+008,-015
+008,-015
+008,-015
+008,-015
+008,-015
+008,-015
+008,-015
+008,-015
+008,-015
+008,-012
+008,-012
+008,-012
+006,-012
+006,-012
+006,-012
+006,-012
+006,-012
+006,-012
+006,-012
+004,-012
+004,-012
+004,-012
+004,-012
+004,-012
+004,-012
+002,-012
+002,-009
+002,-009
+002,-009
+002,-009
+002,-009
+002,-009
+000,-009
+000,-009
+000,-009
+000,-009
+000,-006
+000,-006
+000,-006
+000,-006
+002,-006
+002,-006
+002,-006
+002,-006
+002,-006
+002,-006
+004,-006
+004,-006
+004,-006
+004,-006
+004,-006
+004,-006
+004,-006
+006,-006
+006,-006
+006,-006
+006,-006
+006,-007
+006,-007
+006,-007
+008,-007
+008,-007
+008,-008
+008,-008
+008,-008
+008,-008
+008,-008
+010,-009
+010,-009
+010,-009
+010,-009
+010,-009
+010,-010
-011,-010
-011,-011
-012,-011
-012,-011
-012,-011
-012,-011
-013,-011
-013,-011
-013,-011
-014,-011
-014,-011
-015,-011
-015,-011
-015,-011
-015,-011
-015,-011
-016,-011
-016,-011
-016,-011
-017,-011
-017,-011
-017,-011
-018,-011
-018,-011
-018,-011
-018,-011
-019,-011
-019,-011
-019,-011
-019,-011
-019,-011
-020,-011
-020,-011
-020,-011
-020,-011
-020,-011
-021,-011
-021,-011
-021,-011
-021,-011
-021,-011
-021,-011
-022,-011
-022,-011
-022,-011
-022,-012
-022,-012
-022,-012
-022,-012
-023,-012
-023,-012
-023,-012
-023,-012
-023,-012
-023,-012
-023,-013
-023,-013
-023,-013
-023,-013
-023,-013
-023,-013
-023,-013
-023,-013
-023,-013
-023,-013
-023,-013
-023,-013
-023,-013
-023,-013
-023,-013
-023,-013
-023,-013
-023,-013
-020,-013
-020,-013
-020,-013
-020,-013
-020,-013
-020,-013
-020,-013
-020,-013
-017,-014
-017,-014
-017,-014
-017,-014
-017,-014
-017,-014
-017,-014
-017,-014
-017,-014
-017,-014
-017,-014
-014,-014
-014,-014
-014,-014
-014,-014
-014,-014
-014,-014
-014,-014
-014,-014
-014,-014
-014,-014
-014,-014
-014,-011
-011,-011
-011,-011
-011,-011
-011,-011
-011,-011
-011,-011
-011,-011
-011,-011
-011,-008
-011,-008
-011,-008
-011,-008
-011,-008
-011,-008
-011,-008
-011,-008
-011,-008
-011,-008
-011,-008
-011,-008
-011,-008
-011,-008
-011,-008
-011,-008
-011,-008
-011,-008
-011,-008
-011,-008
-011,-005
-011,-005
-011,-006
-011,-006
-011,-006
-011,-006
-011,-006
-011,-006
-011,-006
-011,-006
-011,-006
-011,-006
-011,-003
-011,-004
-011,-004
-011,-004
-011,-004
-011,-004
-011,-004
+009,-004
+009,-004
+009,-004
+009,-004
+009,-004
+009,-004
+007,-004
+007,-004
+007,-004
+007,-004
+007,-004
+007,-004
+007,-001
+005,-002
+005,-002
+005,-002
+005,-002
+005,-002
+005,-002
+005,-002
+003,-002
+003,-002
+003,-002
+003,-002
+003,-002
+003,-002
+003,-002
+003,-002
+003,-002
+003,-002
+001,-002
+001,-001
+001,-001
+001,-001
+001,-001
+001,-001
+001,-001
+001,-001
+001,-001
+001,-001
+001,-001
+001,-004
+001,-004
+001,-004
+001,-004
+001,-004
+001,-004
+001,-004
+001,-004
+001,-004
+001,-004
+001,-004
+001,-004
+003,-004
+003,-004
+003,-004
+003,-004
+003,-004
+003,-004
+003,-004
+003,-004
+003,-004
+003,-004
+001,-004
+001,-004
+001,-004
+001,-004
+001,-004
+001,-004
+001,-004
+001,-004
+001,-004
+001,-004
+001,-004
+001,-004
+001,-004
+001,-004
+001,-004
+001,-007
+001,-007
+001,-007
+003,-007
+003,-007
+003,-007
+003,-007
+003,-007
+003,-007
+003,-007
+003,-006
+003,-006
+003,-006
+003,-006
+003,-006
+003,-006
+003,-006
+003,-006
+003,-005
+003,-005
+005,-005
+005,-005
+005,-004
+005,-004
+005,-004
+005,-004
+005,-004
+005,-004
+005,-003
+005,-003
+005,-003
+005,-003
+005,-002
+005,-002
+005,-002
+005,-002
+005,-002
+005,-002
+005,-002
+005,-001
+005,-001
+005,-001
+005,-001
+005,-001
+005,-001
+005,-001
+005,-001
+005,-001
+005,-001
+005,-001
+005,-001
+005,-001
+005,-001
+005,-001
+007,-001
+007,-001
+007,-001
+007,-001
+007,-000
+007,-000
+007,-000
+007,-000
+007,-000
+007,-000
+007,-000
+007,-001
+007,-001
+007,-001
+007,-001
+009,-001
+009,-001
+009,-002
+009,-002
+009,-002
+009,-002
+009,-002
+009,-002
+009,-002
+009,-003
+009,-003
+009,-003
+010,-003
+010,-003
+010,-003
+010,-003
+010,-004
+010,-004
+010,-004
-011,-004
-011,-004
-011,-004
-011,-004
-011,-005
-012,-005
-012,-005
-012,-005
-012,-005
-013,-005
-013,-005
-013,-005
-014,-005
-014,-005
-014,-005
-014,-005
-014,-005
-014,-005
-014,-005
-015,-005
-015,-005
-015,-005
-015,-005
-015,-005
-015,-005
-015,-005
-015,-005
-015,-005
-015,-005
-015,-005
-015,-005
-015,-005
-015,-002
-015,-002
-015,-002
-015,-002
-015,-002
-015,-002
-015,-002
-015,-002
-015,-002
-015,-002
-015,-002
-015,-002
-015,-002
-015,-002
-015,-002
-015,-002
-015,-002
-015,-002
-015,-002
-015,-002
-015,-002
-015,-002
-015,-002
-015,-001
-015,-001
-015,-001
-015,-001
-015,-001
-015,-001
-015,-001
-015,-001
-015,-001
-012,-001
-012,-004
-012,-004
-012,-004
-012,-004
-012,-004
-012,-004
-012,-004
-012,-004
-012,-004
-012,-004
-012,-004
-012,-004
-012,-004
-012,-004
-012,-004
-012,-004
-012,-004
-012,-004
-012,-004
-012,-004
+010,-004
+010,-004
+010,-004
+010,-004
+010,-004
+010,-004
+010,-004
+010,-004
+010,-004
+010,-004
+010,-004
+010,-004
+010,-003
+008,-003
+008,-003
+008,-003
+008,-003
+008,-003
+008,-003
+008,-003
+008,-003
+008,-003
+008,-003
+008,-003
+008,-003
+008,-003
+008,-003
+008,-003
+008,-003
+008,-003
+008,-003
+008,-003
+008,-003
+008,-003
+008,-003
+008,-003
+008,-003
+008,-003
+008,-003
+008,-003
+008,-003
+008,-003
+008,-003
+008,-002
+008,-002
+008,-002
+008,-002
+008,-002
+008,-002
+008,-001
+008,-001
+008,-001
+008,-000
+008,-000
+010,-000
+010,-000
+010,-001
+010,-001
+010,-002
+010,-002
+010,-002
+010,-003
+010,-003
+010,-003
-011,-003
-011,-004
-011,-005
-012,-005
-012,-005
-012,-006
-013,-006
-013,-006
-013,-006
-014,-007
-014,-007
-014,-007
-015,-007
-015,-007
-016,-008
-016,-008
-016,-008
-017,-008
-017,-008
-017,-008
-018,-008
-018,-008
-018,-008
-018,-008
-019,-008
-019,-008
-020,-008
-020,-005
-020,-006
-021,-006
-021,-006
-022,-006
-022,-006
-023,-006
-024,-006
-024,-006
-024,-006
-025,-006
-025,-006
-025,-006
-027,-006
-029,-003
-029,-003
-030,-003
-030,-003
-030,-003
-031,-003
-031,-003
-031,-003
-031,-003
-032,-003
-032,-004
-032,-004
-033,-004
-033,-004
-033,-004
-033,-004
-033,-004
-033,-004
-033,-004
-034,-004
-034,-005
-034,-005
-034,-005
-034,-005
-034,-005
-034,-005
-035,-005
-035,-005
-035,-005
-035,-005
-035,-005
-035,-005
-036,-005
-036,-005
-036,-005
-036,-005
-036,-005
-036,-005
-036,-005
-036,-005
-036,-005
-036,-005
-036,-005
-036,-005
-036,-005
-036,-005
-036,-005
-036,-005
-036,-005
-036,-005
-036,-005
-036,-005
-036,-005
-036,-005
-036,-005
-036,-005
-036,-005
-036,-005
-036,-005
-036,-005
-033,-005
-033,-005
-033,-005
-033,-005
-033,-005
-033,-005
-033,-005
-033,-006
-033,-006
-033,-006
-033,-006
-033,-006
-033,-006
-033,-006
-033,-006
-028,-006
-028,-006
-028,-007
-028,-007
-025,-007
-025,-007
-025,-007
-025,-007
-025,-007
-022,-007
-022,-007
-022,-004
-022,-004
-022,-004
-019,-004
-019,-004
-019,-004
-019,-001
-019,-001
-016,-001
-016,-001
-016,-001
-016,-001
-016,-002
-016,-002
-016,-002
-016,-002
-016,-002
-016,-002
-013,-002
-013,-002
-013,-002
-013,-002
-013,-002
-013,-002
-013,-002
-013,-002
-014,-005
-014,-005
-014,-005
-014,-005
-014,-005
-014,-005
-015,-005
-015,-005
-015,-005
-015,-005
-015,-005
-016,-005
-016,-005
-016,-005
-016,-005
-016,-005
-016,-005
-016,-005
-016,-005
-017,-008
-017,-008
-017,-008
-018,-008
-018,-008
-018,-008
-019,-011
-019,-010
-019,-010
-019,-010
-019,-010
-019,-010
-019,-010
-019,-010
-019,-010
-019,-013
-019,-013
-019,-013
-019,-016
-019,-015
-016,-015
-016,-015
-016,-015
-016,-015
-016,-015
-016,-015
-016,-015
-016,-015
-016,-015
-016,-015
-016,-015
-016,-015
-016,-018
-016,-017
-016,-017
-016,-017
-016,-017
-013,-017
-014,-017
-014,-017
-014,-017
-011,-017
-011,-017
-011,-016
-011,-016
-011,-016
-011,-016
+009,-016
+009,-016
+009,-016
+009,-016
+009,-016
+007,-016
+007,-016
+007,-016
+007,-016
+007,-016
+007,-016
+007,-016
+005,-016
+005,-016
+005,-016
+005,-016
+005,-016
+005,-016
+005,-016
+003,-016
+003,-016
+003,-016
+003,-016
+003,-016
+003,-016
+003,-016
+003,-016
+003,-016
+003,-016
+003,-016
+003,-016
+003,-016
+001,-016
+001,-016
+001,-019
+001,-019
+001,-019
+001,-019
+001,-019
+001,-022
+001,-021
+001,-021
+001,-021
+001,-021
+001,-021
+001,-021
+001,-021
+001,-021
+001,-021
+001,-021
+001,-021
+001,-024
+001,-024
+003,-024
+003,-024
+003,-024
+003,-024
+003,-024
+003,-024
+003,-024
+003,-024
+003,-027
+003,-027
+003,-027
+003,-027
+003,-030
+003,-030
+003,-030
+005,-030
+005,-030
+005,-033
+005,-033
+003,-037
+003,-037
+003,-037
+003,-037
+003,-037
+005,-040
+005,-040
+005,-040
+005,-040
+005,-040
+005,-043
+005,-043
+005,-043
+005,-043
+005,-043
+005,-046
+005,-046
+007,-046
+007,-046
+007,-046
+007,-046
+007,-046
+007,-049
+007,-049
+007,-049
+007,-049
+007,-049
+007,-049
+007,-049
+007,-049
+007,-049
+007,-049
+007,-049
+007,-049
+007,-049
+007,-049
+007,-049
+007,-049
+007,-049
+007,-049
+007,-049
+007,-049
+007,-049
+007,-049
+007,-049
+007,-049
+007,-049
+007,-049
+007,-049
+007,-049
+007,-049
+007,-049
+007,-049
+007,-049
+007,-049
+009,-049
+009,-049
+009,-049
+009,-049
+009,-049
+009,-049
+011,-049
+011,-052
+011,-052
+011,-052
+011,-052
+011,-052
+011,-052
+011,-052
+013,-052
+013,-052
+013,-052
+013,-052
+013,-051
+015,-051
+015,-051
+015,-051
+015,-051
+015,-051
+015,-051
+015,-051
+015,-050
+015,-050
+015,-050
+017,-050
+017,-050
+017,-050
+017,-050
+017,-050
+017,-050
+017,-049
+017,-049
+017,-049
+017,-049
+017,-048
+017,-048
+017,-048
+017,-048
+017,-048
+015,-048
+015,-048
+015,-048
+015,-048
+015,-048
+015,-048
+015,-048
+015,-048
+015,-048
+015,-048
+015,-048
+015,-048
+015,-048
+015,-048
+015,-048
+015,-048
+015,-048
+015,-048
+015,-048
+015,-048
+015,-048
+015,-048
+015,-048
+015,-048
+015,-048
+015,-048
+015,-048
+015,-048
+015,-048
+015,-048
+015,-048
+015,-048
+015,-048
+015,-048
+015,-048
+015,-048
+013,-048
+013,-047
+013,-047
+013,-047
+013,-047
+013,-047
+013,-046
+013,-046
+011,-046
+011,-045
+011,-045
+011,-045
+011,-044
+011,-044
+011,-044
+011,-043
+011,-043
+009,-043
+009,-042
+009,-042
+009,-041
+007,-041
+007,-041
+007,-041
+007,-041
+007,-040
+007,-040
+005,-040
+005,-040
+005,-040
+005,-039
+005,-039
+005,-038
+005,-038
+003,-038
+003,-038
+003,-038
+003,-038
+003,-038
+003,-037
+003,-037
+001,-037
+001,-037
+001,-037
+001,-037
+001,-037
+001,-037
+001,-037
+001,-037
+001,-037
+001,-037
+001,-037
+001,-037
+001,-037
+001,-037
+001,-036
+001,-036
+001,-036
+001,-036
+001,-036
+001,-035
+001,-035
+001,-035
+001,-035
+001,-035
+001,-034
+001,-034
+001,-034
+001,-034
+001,-034
+001,-033
+001,-033
+001,-033
+001,-033
+001,-033
+001,-032
+001,-032
+001,-032
+001,-032
+001,-032
+001,-032
+001,-032
+001,-032
+001,-031
+001,-031
+001,-031
+001,-030
+001,-030
+001,-030
+001,-030
+001,-030
+001,-030
+001,-030
+003,-030
+003,-030
+003,-030
+003,-030
+003,-030
+003,-030
+003,-030
+003,-030
+003,-030
+003,-030
+003,-030
+003,-030
+003,-030
+003,-030
+003,-030
+003,-030
+003,-030
+003,-030
+003,-030
+003,-029
+003,-029
+003,-029
+005,-029
+005,-028
+005,-027
+007,-027
+007,-026
+007,-026
+007,-026
+007,-025
+007,-025
+007,-025
+007,-025
+007,-025
+009,-025
+009,-024
+009,-024
+009,-024
+009,-024
+009,-023
+009,-023
+009,-023
+009,-023
+009,-022
+009,-020
+007,-020
+007,-019
+007,-019
+007,-019
+007,-017
+007,-017
+007,-017
+007,-016
+005,-015
+005,-014
+005,-013
+005,-012
+005,-011
+005,-011
+005,-009
+005,-008
+003,-007
+003,-007
+003,-005
+003,-005
+003,-004
+001,-002
+001,-002
+001,-001
+001,-000
+001,-001
+001,-001
+001,-002
+001,-002
+001,-002
+001,-003
+001,-003
+001,-003
+001,-003
+001,-003
+001,-003
+001,-003
+001,-003
+003,-003
+003,-003
+003,-003
+003,-000
+003,-000
+003,-000
+003,-000
+003,-000
+003,-000
+003,-000
+003,-000
+003,-003
+003,-003
+003,-003
+003,-003
+003,-003
+003,-003
+003,-003
+005,-003
+005,-003
+005,-003
+005,-003
+005,-003
+005,-003
+005,-003
+005,-003
+005,-003
+005,-003
+005,-003
+005,-003
+005,-003
+005,-003
+005,-003
+005,-003
+005,-003
+005,-003
+005,-003
+005,-003
+005,-003
+005,-003
+005,-003
+005,-003
+005,-003
+005,-003
+005,-003
+005,-003
+005,-003
+005,-003
+005,-003
+005,-003
+005,-003
+005,-003
+005,-003
+005,-002
+005,-002
+005,-002
+005,-002
+005,-002
+005,-002
+005,-002
+005,-001
+005,-001
+005,-001
+005,-001
+005,-001
+005,-001
+005,-001
+005,-001
+005,-001
+005,-001
+005,-001
+005,-001
+005,-001
+005,-001
+005,-001
+005,-001
+005,-001
+005,-001
+005,-001
+005,-001
+005,-001
+005,-001
+005,-001
+005,-001
+005,-001
+005,-001
+005,-001
+005,-001
+005,-001
+005,-001
+005,-004
+005,-004
+005,-004
+005,-004
+005,-004
+005,-004
+005,-004
+005,-007
+005,-007
+007,-007
+007,-007
+007,-007
+009,-010
+009,-010
+009,-010
+009,-010
+009,-010
+009,-010
+009,-010
+009,-010
+009,-010
+009,-013
+009,-012
+009,-012
+009,-012
+009,-012
+009,-012
+009,-012
+009,-012
+009,-012
+011,-012
+011,-012
+011,-012
+011,-012
+011,-012
+011,-012
+011,-012
+011,-012
+011,-012
+011,-012
+011,-012
+011,-012
+013,-012
+013,-012
+013,-012
+013,-012
+013,-012
+013,-015
+013,-015
+013,-015
+015,-015
+015,-015
+015,-015
+015,-015
+015,-015
+015,-015
+015,-015
+017,-015
+017,-015
+017,-015
+017,-015
+017,-015
+017,-015
+019,-015
+019,-015
+019,-015
+019,-015
+019,-015
+019,-018
+021,-018
+021,-017
+021,-017
+021,-017
+021,-017
+021,-017
+021,-017
+023,-017
+023,-017
+023,-017
+023,-017
+023,-017
+023,-017
+023,-017
+023,-017
+023,-017
+023,-017
+025,-016
+025,-016
+025,-016
+025,-016
+025,-015
+025,-015
+025,-015
+025,-015
+025,-015
+025,-014
+025,-014
+025,-014
+025,-013
+025,-013
+025,-013
+025,-013
+025,-012
+027,-011
+027,-011
+027,-011
+027,-009
+027,-009
+027,-009
+027,-009
+027,-009
+027,-009
+027,-009
+027,-008
+027,-008
+027,-008
+027,-007
+027,-007
+027,-007
+027,-006
+029,-005
+029,-005
+029,-005
+029,-005
+029,-005
+029,-005
+029,-005
+029,-005
+027,-005
+027,-005
+027,-005
+027,-005
+027,-008
+027,-007
+027,-007
+027,-007
+027,-007
+027,-007
+027,-007
+025,-007
+025,-007
+025,-007
+025,-007
+025,-007
+025,-007
+025,-007
+025,-007
+025,-007
+025,-007
+025,-007
+025,-007
+025,-007
+025,-007
+025,-007
+025,-007
+023,-007
+023,-007
+023,-007
+023,-007
+023,-007
+023,-007
+023,-007
+023,-007
+023,-007
+023,-007
+023,-007
+023,-007
+023,-007
+021,-007
+021,-007
+021,-007
+021,-007
+021,-007
+021,-007
+021,-007
+021,-007
+019,-007
+019,-007
+019,-007
+017,-007
+017,-007
+017,-007
+017,-007
+017,-007
+017,-007
+015,-007
+015,-007
+015,-007
+015,-007
+013,-007
+013,-007
+013,-007
+013,-007
+013,-006
+011,-006
+011,-006
+011,-006
+011,-006
+009,-005
+006,-004
+006,-004
+006,-004
+006,-004
+004,-004
+004,-004
+004,-004
+004,-004
+004,-004
+002,-004
+002,-004
+002,-004
+002,-004
+002,-004
+002,-004
+002,-004
+000,-004
+000,-004
+000,-004
+000,-004
+000,-004
+000,-004
+000,-004
+000,-004
+000,-004
+000,-004
+000,-004
+000,-004
+000,-004
+000,-004
+000,-004
+000,-004
+000,-004
+000,-004
+000,-004
+000,-004
+000,-004
+000,-004
+000,-004
+000,-004
+000,-004
+000,-004
+000,-004
+000,-004
+000,-004
+000,-004
+000,-004
+000,-004
+000,-004
+000,-007
+000,-007
+000,-006
+000,-006
+000,-006
+000,-006
+000,-006
+000,-009
+000,-009
+000,-009
+000,-009
+000,-009
+000,-009
+000,-009
+000,-009
+000,-009
+000,-009
+000,-012
+002,-012
+002,-012
+002,-012
+002,-012
+002,-012
+002,-012
+002,-012
+004,-012
+004,-012
+004,-015
+004,-014
+004,-014
+004,-014
+004,-014
+006,-014
+006,-014
+006,-014
+006,-013
+006,-013
+006,-013
+006,-013
+006,-013
+006,-013
+008,-013
+008,-013
+008,-013
+008,-013
+008,-012
+008,-012
+008,-012
+006,-011
+006,-011
+006,-011
+006,-010
+006,-010
+006,-010
+006,-010
+006,-009
+006,-009
+004,-009
+004,-009
+004,-009
+004,-009
+004,-009
+004,-009
+004,-009
+004,-009
+004,-008
+004,-008
+004,-008
+004,-008
+004,-008
+002,-008
+002,-008
+002,-008
+002,-008
+002,-008
+002,-008
+002,-008
+002,-008
+002,-008
+002,-008
+002,-008
+002,-008
+002,-008
+002,-008
+002,-008
+002,-008
+002,-008
+002,-008
+002,-008
+002,-008
+002,-011
+002,-010
+002,-010
+002,-010
+002,-010
+002,-010
+002,-010
+002,-010
+002,-010
+002,-010
+002,-010
+002,-010
+002,-010
+002,-010
+002,-010
+002,-010
+002,-010
+002,-010
+002,-010
+002,-010
+002,-010
+002,-010
+002,-010
+002,-010
+002,-010
+002,-010
+002,-010
+002,-010
+002,-010
+002,-010
+002,-010
+002,-010
+002,-010
+002,-010
+002,-010
+002,-010
+002,-010
+002,-010
+002,-010
+002,-010
+002,-010
+002,-010
+002,-010
+002,-010
+004,-010
+004,-010
+004,-010
+004,-010
+004,-010
+004,-010
+007,-013
+007,-013
+007,-013
+007,-013
+007,-013
+007,-013
+007,-013
+007,-013
+007,-012
+007,-012
+007,-012
+009,-012
+009,-012
+009,-012
+009,-012
+009,-012
+009,-012
+009,-012
+009,-012
+009,-012
+009,-012
+009,-012
+009,-012
+009,-012
+009,-012
+009,-012
+009,-012
+009,-012
+009,-012
+009,-012
+009,-012
+009,-012
+009,-012
+009,-012
+009,-012
+009,-012
+009,-012
+009,-012
+009,-012
+009,-012
+009,-012
+009,-012
+009,-012
+009,-012
+009,-012
+009,-012
+007,-012
+007,-012
+007,-012
+007,-012
+007,-012
+007,-012
+007,-012
+007,-012
+007,-012
+007,-012
+007,-012
+007,-015
+007,-014
+007,-014
+007,-014
+007,-014
+007,-014
+007,-014
+007,-014
+007,-014
+007,-014
+007,-014
+007,-014
+007,-014
+007,-014
+007,-014
+007,-014
+007,-014
+007,-017
+007,-016
+007,-016
+007,-016
+007,-016
+007,-016
+007,-016
+007,-016
+007,-016
+007,-016
+007,-016
+007,-016
+007,-016
+007,-016
+007,-016
+007,-016
+007,-016
+007,-016
+007,-016
+007,-016
+007,-016
+007,-016
+007,-016
+007,-016
+007,-016
+007,-016
+007,-016
+007,-016
+007,-016
+007,-016
+007,-016
+007,-016
+007,-016
+007,-016
+007,-016
+007,-016
+007,-016
+007,-016
+007,-016
+007,-016
+007,-016
+007,-016
+007,-016
+007,-016
+007,-016
+007,-016
+007,-016
+007,-016
+007,-016
+007,-016
+007,-016
+007,-016
+007,-016
+007,-016
+007,-016
+007,-016
+009,-016
+009,-016
+009,-016
+009,-016
+009,-016
+009,-016
+009,-016
+009,-016
+009,-016
+009,-016
+009,-016
+009,-016
+009,-016
+009,-016
+009,-016
+009,-016
+009,-016
+009,-016
+009,-016
+009,-016
+009,-016
+009,-016
+009,-016
+009,-016
+009,-019
+009,-018
+009,-018
+011,-018
+011,-018
+011,-018
+011,-018
+011,-018
+011,-018
+011,-018
+011,-018
+011,-018
+011,-018
+011,-018
+011,-017
+011,-017
+011,-017
+011,-017
+011,-017
+011,-017
+011,-017
+013,-017
+013,-017
+013,-017
+013,-017
+013,-017
+013,-017
+013,-017
+013,-017
+013,-017
+013,-017
+013,-017
+013,-017
+013,-017
+013,-017
+013,-017
+013,-017
+013,-020
+013,-020
+013,-020
+013,-020
+013,-020
+013,-020
+013,-020
+013,-020
+013,-020
+013,-020
+013,-020
+013,-020
+013,-020
+013,-020
+013,-020
+013,-020
+013,-020
+013,-020
+013,-020
+013,-020
+013,-020
+013,-020
+013,-020
+013,-020
+013,-020
+013,-020
+013,-020
+013,-020
+013,-020
+013,-020
+013,-020
+013,-020
+013,-020
+013,-020
+013,-023
+013,-023
+013,-023
+013,-023
+013,-023
+013,-023
+013,-023
+013,-023
+013,-023
+013,-023
+013,-023
+013,-023
+013,-023
+013,-023
+013,-023
+013,-023
+013,-023
+013,-023
+013,-023
+013,-023
+013,-023
+013,-023
+013,-023
+013,-023
+013,-023
+011,-023
+011,-023
+011,-023
+011,-023
+011,-023
+011,-023
+009,-023
+009,-023
+009,-023
+009,-023
+009,-023
+009,-023
+009,-023
+009,-023
+009,-023
+007,-023
+007,-023
+007,-023
+007,-023
+007,-023
+007,-023
+005,-023
+005,-023
+005,-023
+005,-023
+005,-023
+005,-023
+005,-023
+005,-023
+005,-023
+003,-023
+003,-023
+003,-023
+003,-023
+003,-023
+003,-023
+003,-023
+003,-023
+003,-023
+003,-023
+001,-023
+001,-023
+001,-023
+001,-023
+001,-023
+001,-023
+001,-023
+001,-023
+001,-022
+001,-022
+001,-022
+001,-022
+001,-022
+001,-022
+001,-025
+003,-025
+003,-025
+003,-025
+003,-025
+003,-025
+003,-025
+003,-025
+003,-025
+003,-025
+003,-025
+003,-025
+003,-025
+003,-025
+003,-025
+003,-025
+003,-028
+003,-027
+005,-027
+005,-027
+005,-027
+005,-027
+005,-027
+005,-027
+005,-027
+005,-027
+005,-027
+005,-027
+005,-027
+005,-030
+005,-030
+005,-030
+007,-030
+007,-030
+007,-030
+007,-030
+007,-033
+007,-033
+007,-033
+009,-033
+009,-033
+009,-033
+009,-036
+009,-036
+009,-036
+009,-036
+009,-036
+009,-039
+009,-039
+009,-039
+009,-039
+009,-039
+009,-042
+009,-042
+009,-042
+009,-042
+007,-042
+007,-042
+007,-042
+007,-042
+007,-042
+007,-042
+007,-042
+007,-042
+007,-042
+007,-042
+007,-045
+007,-045
+007,-045
+007,-045
+007,-045
+007,-045
+007,-045
+007,-045
+007,-044
+005,-044
+005,-044
+005,-044
+005,-043
+005,-043
+005,-043
+005,-042
+005,-042
+005,-042
+005,-041
+005,-040
+005,-040
+005,-039
+005,-039
+005,-039
+005,-039
+005,-038
+005,-038
+005,-038
+005,-037
+005,-037
+003,-037
+003,-036
+003,-036
+003,-036
+003,-036
+003,-035
+003,-035
+003,-035
+005,-033
+005,-032
+005,-032
+005,-032
+005,-032
+005,-032
+005,-032
+005,-032
+005,-032
+005,-032
+005,-031
+007,-031
+007,-031
+007,-031
+007,-031
+007,-031
+007,-031
+007,-031
+007,-031
+007,-031
+007,-031
+007,-031
+007,-031
+007,-031
+007,-031
+007,-031
+007,-031
+007,-031
+007,-031
+007,-031
+009,-031
+009,-031
+009,-031
+009,-031
+009,-031
+009,-031
+009,-031
+009,-031
+009,-031
+009,-031
+009,-031
+009,-031
+009,-031
+009,-031
+009,-031
+009,-031
+009,-030
+011,-030
+011,-030
+011,-030
+011,-030
+011,-029
+011,-029
+011,-029
+011,-029
+011,-029
+011,-029
+011,-028
+011,-028
+011,-028
+011,-028
+011,-028
+011,-028
+011,-027
+011,-027
+011,-027
+011,-027
+011,-026
+011,-026
+011,-026
+011,-026
+011,-026
+011,-026
+011,-026
+011,-026
+011,-026
+011,-026
+011,-026
+011,-026
+011,-026
+011,-026
+011,-026
+011,-026
+011,-026
+011,-026
+011,-026
+011,-026
+011,-026
+011,-026
+011,-026
+011,-026
+011,-026
+011,-026
+011,-026
+011,-029
+011,-029
+011,-029
+011,-029
+011,-029
+011,-029
+011,-029
+011,-029
+011,-029
+011,-029
+011,-029
+011,-029
+011,-029
+011,-029
+011,-029
+011,-032
+011,-031
+011,-031
+011,-031
+011,-031
+011,-031
+011,-031
+011,-031
+011,-031
+011,-031
+011,-031
+011,-031
+011,-031
+011,-031
+011,-031
+011,-031
+011,-031
+011,-031
+011,-031
+011,-031
+011,-031
+013,-031
+013,-031
+013,-034
+013,-033
+013,-033
+013,-033
+013,-033
+013,-033
+013,-033
+013,-033
+013,-033
+013,-033
+013,-033
+013,-033
+013,-033
+013,-033
+013,-033
+013,-033
+013,-033
+013,-033
+013,-033
+013,-033
+013,-033
+013,-033
+013,-033
+013,-033
+013,-033
+013,-033
+013,-033
+013,-033
+013,-033
+013,-033
+013,-033
+013,-033
+013,-033
+013,-036
+013,-036
+013,-036
+013,-036
+013,-036
+013,-036
+013,-036
+013,-036
+013,-036
+013,-036
+013,-036
+015,-036
+015,-036
+015,-036
+015,-036
+015,-036
+015,-036
+015,-036
+015,-036
+015,-036
+015,-036
+015,-036
+017,-036
+017,-036
+017,-036
+017,-036
+017,-036
+017,-036
+017,-036
+017,-036
+017,-036
+017,-036
+017,-036
+017,-039
+017,-039
+019,-038
+019,-038
+019,-038
+019,-038
+019,-038
+019,-038
+019,-038
+019,-038
+019,-038
+019,-038
+019,-038
+019,-038
+019,-038
+019,-038
+019,-038
+019,-038
+019,-038
+019,-038
+019,-038
+019,-038
+021,-038
+021,-037
+021,-037
+021,-037
+021,-037
+021,-037
+021,-037
+021,-037
+021,-037
+021,-037
+021,-037
+021,-037
+021,-037
+021,-036
+021,-036
+021,-036
+021,-036
+021,-036
+021,-036
+021,-036
+023,-036
+023,-036
+023,-036
+023,-036
+023,-036
+023,-036
+023,-036
+023,-036
+023,-036
+023,-036
+023,-036
+023,-036
+023,-036
+023,-036
+023,-036
+023,-036
+023,-039
+023,-038
+023,-038
+023,-038
+023,-038
+023,-038
+023,-038
+023,-038
+023,-038
+023,-038
+023,-038
+023,-038
+023,-038
+023,-038
+023,-038
+023,-038
+023,-038
+023,-038
+023,-038
+023,-038
+023,-038
+023,-038
+023,-038
+023,-038
+023,-038
+023,-038
+023,-038
+023,-038
+023,-038
+023,-038
+021,-038
+021,-038
+021,-038
+021,-038
+021,-038
+021,-038
+021,-038
+021,-038
+021,-038
+021,-038
+021,-038
+021,-038
+021,-038
+021,-038
+021,-038
+019,-038
+019,-038
+019,-038
+019,-038
+019,-038
+019,-038
+019,-038
+019,-038
+019,-038
+019,-038
+019,-037
+019,-037
+019,-037
+019,-037
+019,-036
+017,-036
+017,-036
+017,-035
+017,-035
+017,-035
+017,-035
+017,-035
+017,-034
+017,-033
+015,-033
+015,-033
+015,-033
+015,-032
+015,-032
+015,-031
+015,-031
+013,-031
+013,-031
+013,-030
+013,-030
+013,-030
+013,-029
+013,-029
+013,-029
+013,-029
+013,-029
+013,-029
+013,-029
+013,-029
+013,-029
+013,-029
+013,-029
+013,-029
+013,-029
+013,-029
+013,-029
+013,-029
+013,-029
+013,-029
+013,-029
+013,-029
+013,-029
+013,-029
+013,-029
+013,-029
+013,-029
+013,-029
+013,-029
+013,-029
+013,-029
+013,-029
+013,-029
+013,-029
+013,-029
+013,-029
+013,-029
+013,-029
+013,-029
+013,-029
+013,-029
+013,-029
+013,-029
+013,-029
+013,-029
+013,-029
+013,-028
+013,-028
+013,-028
+013,-028
+013,-028
+013,-028
+013,-028
+013,-028
+013,-028
+013,-028
+013,-028
+013,-028
+013,-028
+013,-028
+013,-028
+013,-028
+013,-028
+013,-028
+013,-028
+013,-028
+013,-028
+013,-028
+013,-028
+013,-028
+013,-028
+013,-028
+013,-028
+013,-028
+013,-028
+013,-028
+013,-028
+013,-028
+013,-028
+013,-028
+013,-028
+013,-028
+013,-028
+013,-028
+013,-028
+013,-028
+013,-028
+013,-028
+013,-028
+013,-028
+013,-028
+013,-028
+013,-028
+013,-028
+013,-028
+013,-028
+015,-028
+015,-031
+015,-031
+015,-031
+015,-031
+015,-031
+015,-031
+015,-031
+015,-031
+015,-031
+017,-034
+017,-034
+017,-034
+017,-034
+017,-034
+017,-034
+017,-034
+017,-034
+017,-034
+017,-034
+017,-034
+017,-034
+017,-037
+019,-036
+019,-036
+019,-036
+019,-036
+019,-036
+019,-036
+019,-036
+019,-035
+019,-035
+019,-035
+019,-035
+019,-035
+019,-035
+019,-035
+019,-035
+019,-035
+019,-035
+021,-035
+021,-035
+021,-035
+021,-035
+021,-035
+021,-035
+021,-035
+021,-035
+021,-035
+023,-035
+023,-035
+023,-035
+023,-035
+023,-035
+023,-035
+023,-035
+023,-035
+023,-035
+023,-035
+023,-035
+023,-035
+023,-035
+023,-035
+025,-035
+025,-034
+025,-034
+025,-034
+025,-034
+025,-033
+025,-032
+025,-032
+025,-032
+025,-032
+025,-032
+023,-031
+023,-031
+023,-031
+023,-030
+023,-029
+023,-029
+023,-029
+023,-028
+023,-028
+023,-027
+023,-027
+023,-026
+023,-025
+021,-025
+021,-025
+021,-024
+021,-024
+021,-024
+021,-023
+021,-022
+021,-022
+021,-021
+021,-021
+019,-021
+019,-020
+019,-019
+019,-019
+019,-019
+019,-019
+019,-018
+019,-018
+019,-018
+019,-018
+019,-018
+019,-018
+019,-017
+019,-017
+017,-017
+017,-017
+017,-017
+017,-017
+017,-017
+017,-017
+017,-017
+017,-017
+017,-017
+017,-017
+017,-017
+017,-017
+017,-017
+017,-017
+017,-017
+017,-017
+017,-020
+017,-020
+017,-020
+017,-020
+017,-020
+017,-020
+019,-020
+019,-023
+019,-023
+019,-023
+019,-023
+019,-023
+019,-023
+019,-023
+019,-023
+019,-023
+021,-023
+021,-026
+021,-026
+021,-026
+021,-026
+021,-026
+021,-026
+021,-026
+021,-026
+021,-026
+021,-026
+021,-026
+021,-026
+023,-029
+023,-029
+023,-029
+023,-029
+023,-029
+023,-029
+023,-029
+023,-029
+025,-029
+025,-029
+025,-029
+025,-032
+025,-032
+025,-032
+027,-032
+027,-032
+027,-032
+027,-032
+027,-032
+027,-032
+027,-032
+027,-032
+027,-032
+027,-031
+027,-031
+027,-031
+027,-030
+027,-029
+027,-028
+027,-028
+027,-028
+027,-027
+027,-027
+027,-027
+027,-026
+027,-026
+027,-026
+027,-025
+027,-024
+027,-024
+027,-024
+025,-023
+025,-022
+025,-022
+025,-022
+025,-022
+025,-021
+025,-020
+025,-019
+025,-019
+025,-018
+025,-017
+025,-017
+025,-016
+025,-015
+023,-015
+023,-014
+023,-014
+023,-013
+023,-012
+023,-012
+023,-011
+023,-011
+023,-010
+023,-010
+023,-010
+023,-009
+023,-009
+023,-009
+023,-009
+023,-008
+023,-008
+023,-008
+023,-007
+023,-007
+023,-007
+023,-007
+023,-007
+021,-007
+021,-007
+021,-007
+021,-007
+021,-007
+021,-007
+021,-007
+021,-007
+021,-007
+021,-007
+021,-007
+021,-007
+021,-007
+021,-007
+021,-007
+021,-007
+021,-007
+021,-007
+021,-007
+021,-007
+021,-010
+021,-010
+021,-010
+021,-010
+021,-010
+021,-010
+021,-010
+019,-010
+019,-010
+019,-010
+019,-010
+019,-010
+019,-010
+019,-010
+019,-010
+019,-010
+019,-010
+019,-010
+019,-010
+019,-010
+019,-010
+019,-010
+019,-010
+019,-009
+017,-009
+017,-009
+017,-008
+017,-008
+017,-008
+017,-008
+017,-008
+017,-008
+017,-007
+017,-007
+017,-007
+017,-007
+017,-007
+017,-007
+015,-007
+015,-007
+015,-007
+015,-007
+015,-007
+015,-007
+015,-007
+015,-007
+015,-007
+015,-010
+015,-010
+015,-010
+015,-010
+015,-010
+015,-010
+015,-010
+015,-010
+013,-010
+013,-010
+013,-010
+013,-010
+013,-010
+013,-010
+013,-010
+013,-010
+013,-010
+013,-010
+013,-010
+013,-013
+013,-013
+013,-013
+013,-012
+013,-012
+013,-012
+013,-012
+013,-012
+013,-012
+013,-012
+013,-012
+013,-012
+013,-012
+013,-012
+013,-012
+011,-012
+011,-012
+011,-012
+011,-012
+011,-012
+011,-012
+011,-012
+011,-012
+011,-012
+011,-012
+011,-012
+011,-011
+011,-011
+011,-011
+011,-011
+011,-011
+011,-011
+011,-011
+011,-010
+011,-010
+011,-010
+011,-010
+011,-010
+011,-010
+011,-010
+011,-010
+011,-010
+011,-010
+011,-010
+011,-010
+011,-010
+011,-010
+011,-010
+011,-010
+011,-010
+011,-010
+011,-010
+009,-010
+009,-010
+009,-013
+009,-013
+009,-013
+009,-013
+009,-013
+009,-013
+009,-013
+009,-013
+009,-013
+009,-013
+007,-013
+007,-013
+007,-013
+007,-013
+007,-013
+007,-013
+007,-013
+007,-013
+007,-013
+007,-013
+007,-013
+007,-016
+007,-015
+007,-015
+005,-015
+005,-015
+005,-015
+003,-015
+003,-015
+003,-015
+001,-015
+001,-015
+001,-015
+001,-015
+001,-015
+001,-015
+001,-015
+001,-015
+001,-015
+001,-015
+001,-015
+001,-015
+001,-015
+001,-015
+001,-015
+001,-015
+001,-015
+001,-015
+001,-015
+001,-014
+001,-014
+001,-014
+001,-014
+001,-014
+001,-014
+001,-014
+001,-014
+001,-014
+001,-014
+003,-014
+003,-014
+003,-014
+003,-014
+003,-014
+003,-014
+003,-014
+003,-014
+003,-014
+003,-014
+003,-014
+003,-014
+003,-014
+003,-014
+003,-014
+003,-014
+003,-014
+003,-014
+003,-014
+003,-014
+003,-014
+003,-014
+005,-014
+005,-014
+005,-014
+005,-014
+005,-014
+005,-014
+005,-014
+005,-014
+005,-017
+005,-017
+005,-017
+005,-017
+005,-017
+005,-020
+005,-020
+003,-020
+003,-020
+003,-020
+003,-023
+003,-023
+003,-023
+001,-023
+001,-026
+001,-026
+001,-026
+001,-026
+001,-026
+001,-026
+001,-029
+001,-029
+001,-029
+001,-029
+001,-029
+001,-029
+001,-029
+001,-029
+001,-029
+001,-029
+001,-029
+001,-029
+001,-028
+001,-027
+004,-026
+004,-026
+004,-026
+004,-026
+004,-026
+004,-026
+004,-026
+004,-026
+004,-026
+006,-025
+006,-025
+006,-025
+006,-025
+008,-025
+008,-025
+008,-025
+008,-025
+010,-025
+010,-025
+010,-025
+010,-025
+010,-025
+010,-025
+010,-025
+010,-025
+010,-025
+012,-025
+012,-025
+012,-025
+012,-025
+012,-025
+012,-025
+012,-025
+012,-025
+012,-025
+012,-025
+012,-024
+012,-024
+012,-024
+012,-024
+012,-024
+012,-024
+012,-024
+012,-024
+012,-024
+012,-024
+012,-024
+012,-024
+012,-024
+012,-024
+012,-024
+012,-024
+012,-024
+012,-024
+012,-024
+012,-024
+012,-024
+012,-024
+012,-024
+012,-024
+010,-024
+010,-024
+010,-024
+010,-024
+010,-024
+010,-024
+010,-024
+010,-024
+010,-024
+008,-024
+008,-024
+008,-024
+008,-024
+008,-024
+008,-024
+008,-024
+008,-024
+006,-024
+006,-024
+006,-024
+006,-024
+006,-024
+006,-024
+006,-024
+004,-024
+004,-024
+004,-024
+004,-024
+004,-024
+004,-024
+004,-024
+002,-024
+002,-024
+002,-024
+002,-024
+002,-024
+002,-024
+002,-024
+000,-024
+000,-027
+002,-027
+002,-027
+002,-027
+002,-027
+002,-027
+002,-027
+002,-027
+002,-027
+002,-027
+005,-027
+005,-027
+005,-027
+005,-027
+005,-026
+007,-026
+007,-026
+007,-026
+007,-026
+007,-026
+007,-026
+007,-026
+007,-026
+007,-026
+007,-026
+007,-026
+007,-026
+007,-026
+007,-026
+007,-026
+007,-026
+007,-026
+007,-026
+007,-026
+007,-026
+007,-026
+007,-026
+007,-026
+007,-026
+007,-026
+007,-026
+007,-026
+007,-026
+007,-026
+007,-026
+005,-029
+005,-029
+005,-029
+005,-029
+005,-029
+005,-029
+005,-029
+005,-029
+005,-029
+005,-029
+005,-029
+005,-029
+005,-029
+005,-029
+005,-029
+005,-029
+005,-029
+005,-029
+005,-029
+005,-029
+005,-029
+005,-029
+005,-029
+005,-029
+005,-029
+005,-029
+005,-029
+005,-029
+005,-029
+005,-029
+005,-029
+005,-029
+003,-029
+003,-029
+003,-029
+003,-029
+003,-029
+003,-029
+003,-029
+003,-029
+003,-029
+003,-029
+003,-029
+003,-029
+003,-029
+003,-029
+003,-029
+003,-029
+003,-029
+003,-029
+003,-029
+003,-028
+005,-027
+005,-027
+005,-027
+005,-026
+005,-026
+005,-026
+005,-025
+005,-024
+005,-024
+005,-024
+005,-023
+003,-021
+003,-021
+003,-019
+003,-019
+003,-019
+003,-018
+003,-017
+003,-016
+001,-016
+001,-015
+001,-015
+001,-014
+001,-014
+001,-014
+001,-014
+001,-013
+001,-013
+001,-013
+001,-013
+001,-013
+001,-013
+003,-013
+003,-013
+003,-013
+003,-013
+003,-013
+003,-013
+005,-013
+005,-013
+005,-013
+005,-013
+007,-013
+007,-013
+007,-013
+007,-013
+009,-013
+009,-013
+009,-013
-011,-017
-011,-016
-012,-016
-012,-016
-012,-016
-012,-016
-013,-016
-013,-016
-013,-016
-014,-016
-014,-016
-014,-016
-014,-016
-015,-016
-015,-016
-015,-016
-016,-016
-016,-016
-016,-016
-016,-016
-016,-016
-016,-016
-016,-019
-016,-019
-016,-019
-016,-019
-017,-019
-017,-019
-017,-019
-017,-022
-017,-022
-017,-022
-017,-022
-017,-022
-017,-022
-017,-022
-018,-022
-018,-025
-018,-025
-018,-025
-018,-025
-018,-025
-018,-025
-018,-025
-018,-025
-018,-025
-018,-025
-018,-025
-018,-025
-018,-025
-018,-025
-018,-025
-018,-025
-018,-025
-018,-025
-019,-025
-019,-025
-019,-025
-019,-025
-019,-025
-019,-025
-019,-025
-019,-025
-019,-025
-019,-025
-019,-025
-019,-025
-019,-025
-019,-025
-019,-025
-019,-025
-019,-024
-019,-024
-019,-024
-019,-024
-019,-023
-019,-023
-019,-023
-019,-023
-019,-023
-019,-023
-019,-023
-019,-023
-019,-023
-019,-023
-019,-023
-019,-023
-019,-023
-019,-023
-019,-023
-019,-023
-016,-023
-016,-023
-016,-023
-016,-023
-016,-026
-016,-026
-016,-026
-016,-026
-016,-026
-016,-026
-016,-026
-016,-026
-016,-026
-016,-026
-013,-026
-013,-026
-013,-026
-013,-026
-013,-026
-013,-026
-013,-026
-013,-026
-013,-026
-013,-025
-013,-025
-013,-025
-013,-025
-013,-024
-013,-024
-013,-024
-013,-023
-013,-023
-013,-023
-013,-023
-013,-022
-013,-022
-013,-022
-013,-022
-013,-022
-013,-022
-013,-021
-013,-021
-013,-021
-013,-020
-013,-020
-013,-020
-013,-019
-013,-018
-013,-018
-013,-017
-013,-016
-013,-015
+010,-014
+010,-013
+010,-013
+010,-013
+010,-012
+008,-011
+008,-011
+008,-010
+008,-010
+008,-010
+008,-009
+006,-009
+006,-009
+006,-009
+006,-008
+006,-008
+006,-008
+006,-008
+004,-007
+004,-007
+004,-007
+004,-007
+004,-007
+004,-007
+004,-007
+004,-007
+004,-007
+004,-007
+004,-007
+004,-007
+004,-007
+004,-007
+004,-007
+006,-007
+006,-007
+006,-007
+006,-007
+006,-010
+006,-009
+006,-009
+006,-009
+008,-009
+008,-009
+008,-009
+008,-009
+008,-009
+008,-009
+008,-009
+008,-009
+010,-012
+010,-012
+010,-012
+010,-012
+010,-012
+010,-012
+010,-012
+010,-012
+010,-012
+010,-012
+010,-012
+010,-012
+010,-012
+010,-012
+010,-015
+010,-015
+010,-015
+010,-015
+010,-015
+010,-015
+010,-015
+010,-015
+010,-015
+010,-018
+010,-018
+010,-018
-011,-021
-011,-021
-011,-021
-011,-021
-011,-021
-011,-024
-011,-024
-011,-024
-011,-024
+009,-024
+009,-024
+009,-024
+009,-024
+009,-024
+009,-024
+009,-024
+009,-027
+009,-027
+009,-027
+009,-027
+009,-027
+009,-027
+009,-027
+009,-027
+009,-027
+009,-027
+009,-027
+009,-027
+009,-027
+009,-027
+009,-027
+009,-027
+009,-027
+009,-027
+009,-027
+009,-027
+009,-027
+009,-027
+010,-027
+010,-027
+010,-027
+010,-027
+010,-027
-011,-027
-011,-026
-011,-026
-011,-026
-011,-026
-012,-026
-012,-026
-012,-025
-013,-025
-013,-025
-013,-025
-014,-025
-014,-025
-014,-025
-014,-025
-015,-025
-015,-025
-015,-025
-016,-025
-016,-025
-016,-025
-016,-025
-017,-028
-017,-028
-017,-028
-017,-028
-017,-028
-017,-028
-017,-028
-017,-028
-017,-028
-017,-028
-017,-031
-017,-031
-017,-031
-017,-031
-017,-031
-017,-031
-017,-031
-017,-031
-017,-031
-017,-031
-017,-031
-017,-031
-017,-031
-017,-031
-017,-031
-017,-031
-017,-031
-017,-031
-017,-031
-017,-031
-017,-031
-014,-031
-015,-031
-015,-034
-015,-033
-015,-033
-015,-033
-015,-033
-015,-033
-015,-033
-015,-033
-015,-033
-015,-033
-012,-033
-012,-033
-012,-033
-012,-033
-012,-033
-012,-033
-012,-033
-012,-033
+010,-033
+010,-033
+008,-036
+008,-035
+006,-035
+006,-035
+006,-035
+006,-035
+006,-035
+006,-035
+004,-035
+004,-035
+004,-034
+004,-034
+004,-034
+004,-034
+004,-034
+004,-033
+004,-033
+004,-033
+004,-033
+004,-033
+004,-033
+004,-033
+004,-033
+004,-033
+004,-033
+004,-033
+004,-033
+004,-033
+004,-033
+004,-033
+004,-033
+004,-033
+004,-033
+004,-033
+004,-033
+004,-033
+004,-033
+004,-033
+004,-033
+004,-033
+004,-033
+004,-033
+004,-033
+004,-033
+004,-033
+004,-033
+004,-033
+004,-033
+002,-033
+002,-033
+002,-033
+002,-033
+002,-033
+002,-033
+002,-033
+002,-033
+002,-033
+002,-033
+002,-033
+002,-033
+002,-033
+002,-033
+002,-033
+002,-033
+002,-033
+000,-033
+000,-033
+000,-033
+000,-032
+000,-032
+000,-032
+000,-031
+002,-029
+002,-028
+002,-028
+004,-028
+004,-027
+004,-026
+004,-025
+004,-024
+004,-024
+004,-023
+004,-023
+006,-022
+006,-021
+006,-021
+006,-020
+006,-020
+006,-020
+006,-020
+006,-020
+006,-019
+006,-019
+008,-019
+008,-019
+008,-019
+008,-019
+008,-019
+008,-019
+008,-019
+008,-019
+008,-019
+008,-019
+008,-019
+008,-019
+008,-019
+008,-019
+008,-019
+008,-022
+008,-022
+008,-022
+008,-022
+008,-022
+008,-022
+008,-022
+008,-022
+008,-022
+008,-022
+008,-022
+008,-022
+008,-022
+008,-021
+008,-021
+008,-021
+008,-021
COP Area(S): 000854
COP Area(R): 001509