-000,-000
-000,-001
-000,-001
-000,-001
-000,-001
-000,-004
-000,-003
-000,-003
-000,-003
-000,-003
-000,-003
-000,-003
-000,-003
-000,-003
-000,-003
-000,-006
-000,-006
-000,-006
-000,-006
-000,-006
-000,-006
-000,-006
-000,-006
-000,-006
-000,-006
-000,-006
-000,-006
-000,-006
-000,-006
-000,-006
-000,-006
-000,-006
-000,-006
-000,-006
-000,-006
-000,-006
-000,-006
-000,-009
-000,-009
-000,-009
-000,-009
-000,-009
-000,-009
-000,-009
-000,-009
-000,-009
-000,-009
-000,-009
-000,-009
-000,-009
-000,-009
-000,-009
-000,-009
-000,-009
-000,-009
-001,-009
-001,-009
-001,-009
-001,-009
-001,-009
-001,-009
-002,-009
-002,-012
-002,-011
-002,-011
-002,-011
-002,-011
-002,-011
-003,-011
-003,-011
-003,-011
-003,-011
-003,-014
-003,-014
-003,-014
-004,-014
-004,-014
-004,-014
-004,-014
-004,-014
-004,-014
-004,-014
-004,-014
-004,-014
-004,-014
-004,-014
-004,-014
-004,-014
-005,-014
-005,-014
-005,-014
-005,-014
-005,-014
-005,-014
-005,-014
-005,-014
-005,-014
-005,-014
-005,-014
-005,-014
-005,-014
-005,-014
-005,-014
-005,-014
-005,-014
-005,-014
-005,-014
-005,-014
-006,-014
-006,-014
-006,-014
-006,-014
-006,-014
-006,-014
-006,-014
-006,-014
-006,-014
-006,-014
-006,-014
-006,-014
-006,-014
-006,-014
-006,-014
-006,-014
-006,-014
-006,-014
-006,-014
-006,-014
-006,-014
-006,-014
-006,-014
-006,-014
-006,-014
-006,-013
-006,-013
-006,-013
-006,-013
-006,-013
-006,-013
-006,-013
-006,-012
-006,-012
-006,-012
-006,-012
-006,-012
-006,-012
-006,-011
-006,-011
-006,-011
-006,-011
-006,-010
-006,-010
-006,-010
-006,-009
-006,-009
-006,-009
-006,-008
-003,-008
-004,-008
-004,-008
-004,-007
-004,-007
-004,-007
-004,-006
-004,-006
-004,-006
-004,-006
-004,-006
-004,-005
-004,-005
-004,-005
-004,-004
-004,-004
-004,-004
-004,-004
-004,-003
-004,-003
-004,-003
-004,-003
-004,-002
-004,-002
-004,-002
-004,-002
-004,-001
-004,-001
-004,-001
-004,-001
-004,-000
-004,-000
-004,-000
-004,-000
-004,-000
-004,-000
-004,-000
-004,-000
-004,-000
-004,-000
-004,-000
-004,-000
-004,-000
-001,-000
-001,-000
-002,-000
-002,-000
-002,-000
-002,-000
-002,-000
-002,-000
-002,-000
-002,-000
-002,-001
-002,-001
-002,-001
-002,-001
-002,-001
-002,-001
-002,-001
-002,-001
-002,-001
-002,-002
-002,-002
-002,-002
-002,-002
-002,-002
-002,-003
-002,-003
+001,-004
+001,-005
+001,-005
+001,-006
+001,-006
+001,-006
+001,-007
+001,-007
+001,-007
+001,-007
+001,-007
+001,-008
+001,-008
+001,-008
+001,-008
+001,-008
+001,-008
+001,-009
+001,-009
+001,-010
+001,-010
+001,-010
+001,-010
+001,-010
+001,-011
+003,-011
+003,-011
+003,-011
+003,-011
+003,-012
+003,-012
+003,-012
+003,-012
+003,-013
+003,-013
+003,-013
+003,-013
+003,-014
+005,-014
+005,-014
+005,-014
+005,-014
+005,-014
+005,-015
+005,-016
+005,-016
+005,-016
+005,-016
+005,-016
+005,-017
+005,-017
+005,-017
+005,-018
+005,-018
+005,-019
+005,-019
+005,-019
+005,-019
+005,-019
+005,-019
+007,-020
+007,-020
+007,-020
+007,-020
+007,-020
+007,-020
+007,-021
+007,-022
+007,-022
+007,-022
+007,-022
+007,-022
+007,-023
+007,-023
+007,-023
+007,-023
+007,-023
+007,-023
+007,-024
+007,-024
+007,-024
+007,-024
+007,-024
+007,-024
+007,-024
+007,-025
+007,-025
+007,-025
+007,-025
+007,-025
+007,-026
+007,-026
+007,-026
+007,-026
+007,-026
+007,-026
+007,-026
+007,-026
+007,-026
+007,-026
+007,-026
+007,-026
+007,-026
+007,-026
+007,-026
+007,-026
+007,-026
+007,-026
+009,-026
+009,-023
+009,-023
+009,-023
+009,-023
+009,-023
+009,-023
+009,-023
+009,-023
+009,-023
+009,-023
+009,-023
+009,-023
+011,-023
+011,-020
+011,-020
+011,-020
+011,-020
+011,-020
+011,-020
+013,-020
+013,-020
+013,-020
+013,-020
+013,-020
+013,-020
+013,-020
+013,-020
+013,-017
+013,-017
+013,-017
+013,-017
+013,-017
+013,-017
+013,-017
+013,-017
+013,-017
+013,-017
+013,-017
+013,-017
+013,-017
+013,-017
+013,-017
+013,-017
+013,-017
+013,-017
+013,-017
+013,-017
+013,-017
+013,-017
+011,-017
+011,-017
+011,-017
+011,-017
+011,-017
+011,-017
+011,-017
+011,-017
+011,-017
+011,-017
+011,-017
+011,-017
+011,-017
+011,-017
+011,-017
+011,-017
+011,-017
+009,-017
+009,-017
+009,-017
+009,-017
+009,-017
+009,-017
+009,-017
+009,-017
+009,-017
+009,-017
+009,-018
+009,-018
+009,-018
+009,-018
+009,-018
+009,-019
+009,-019
+009,-019
+009,-019
+009,-019
+009,-019
+009,-019
+009,-019
+009,-019
+009,-019
+009,-019
+009,-019
+009,-019
+009,-019
+009,-019
+009,-019
+009,-019
+009,-020
+009,-020
+009,-020
+009,-020
+011,-020
+011,-020
+011,-020
+011,-020
+011,-020
+011,-020
+011,-020
+011,-020
+011,-020
+011,-020
+011,-020
+011,-020
+011,-020
+011,-020
+011,-020
+011,-020
+011,-020
+011,-020
+011,-020
+011,-020
+011,-020
+011,-020
+011,-020
+011,-020
+011,-020
+011,-020
+011,-020
+011,-020
+011,-020
+011,-020
+011,-020
+011,-020
+011,-020
+011,-020
+011,-020
+011,-020
+011,-020
+011,-020
+011,-020
+011,-020
+011,-020
+011,-020
+011,-020
+011,-020
+011,-020
+011,-020
+011,-021
+011,-021
+011,-021
+011,-021
+011,-021
+009,-022
+009,-022
+009,-022
+009,-022
+009,-022
+009,-022
+009,-022
+009,-022
+009,-022
+009,-022
+009,-022
+009,-022
+009,-022
+009,-022
+009,-022
+009,-022
+009,-022
+009,-022
+009,-022
+009,-022
+009,-022
+009,-022
+009,-022
+009,-022
+009,-022
+009,-022
+009,-022
+009,-022
+007,-022
+007,-022
+007,-022
+007,-022
+007,-022
+007,-022
+007,-022
+007,-022
+007,-022
+007,-022
+007,-022
+007,-022
+007,-022
+005,-022
+005,-022
+005,-022
+005,-022
+005,-022
+005,-022
+005,-022
+005,-022
+005,-022
+005,-022
+005,-022
+005,-022
+005,-022
+005,-022
+005,-022
+005,-022
+005,-022
+005,-022
+005,-022
+005,-022
+005,-022
+005,-022
+005,-022
+005,-022
+005,-022
+005,-022
+005,-022
+005,-022
+005,-022
+005,-022
+005,-022
+005,-022
+005,-019
+005,-020
+005,-020
+005,-020
+005,-020
+005,-020
+005,-020
+005,-020
+005,-020
+005,-020
+005,-020
+005,-020
+005,-020
+005,-020
+005,-020
+005,-020
+005,-020
+005,-020
+005,-020
+005,-020
+005,-020
+005,-020
+005,-021
+005,-021
+005,-021
+007,-021
+007,-021
+007,-021
+007,-021
+007,-021
+007,-021
+007,-021
+007,-021
+007,-021
+007,-021
+007,-021
+007,-022
+007,-022
+007,-022
+007,-022
+007,-022
+007,-022
+007,-022
+007,-022
+007,-022
+007,-022
+007,-022
+007,-022
+007,-022
+007,-022
+007,-022
+007,-022
+007,-022
+007,-022
+007,-022
+007,-022
+007,-022
+007,-022
+007,-022
+007,-022
+007,-022
+007,-022
+007,-022
+007,-022
+007,-022
+007,-022
+007,-022
+007,-022
+007,-022
+007,-022
+007,-022
+007,-022
+007,-022
+007,-022
+007,-022
+007,-022
+007,-023
+007,-023
+007,-023
+005,-023
+005,-023
+005,-023
+005,-023
+005,-023
+005,-023
+005,-023
+005,-023
+003,-023
+003,-023
+003,-024
+003,-024
+003,-024
+003,-024
+003,-024
+003,-024
+003,-024
+003,-024
+003,-024
+003,-024
+003,-024
+003,-024
+003,-024
+003,-024
+003,-024
+003,-024
+003,-024
+003,-024
+003,-024
+003,-024
+003,-024
+001,-024
+001,-024
+001,-024
+001,-024
+001,-024
+001,-024
+001,-024
+001,-024
+001,-024
+001,-024
+001,-024
+001,-021
+001,-022
+001,-022
+001,-022
+001,-022
+001,-022
+001,-022
+001,-022
+001,-022
+001,-022
+001,-022
+001,-022
+001,-022
+001,-022
+001,-022
+001,-022
+001,-022
+001,-019
+001,-020
+001,-020
+001,-020
+001,-020
+001,-020
-000,-020
-000,-020
-000,-020
-000,-020
-000,-020
-000,-020
-000,-020
-000,-020
-000,-020
-000,-020
-000,-020
-000,-020
-000,-020
-000,-020
-000,-020
-000,-020
-000,-020
-001,-020
-001,-020
-001,-020
-001,-020
-001,-020
-001,-020
-001,-020
-002,-020
-002,-020
-002,-020
-003,-020
-003,-020
-003,-020
-003,-020
-003,-020
-003,-021
-004,-021
-004,-021
-005,-021
-005,-021
-005,-021
-005,-021
-006,-021
-006,-021
-006,-021
-006,-021
-007,-021
-007,-021
-007,-021
-007,-021
-007,-021
-008,-021
-008,-021
-008,-021
-008,-021
-009,-021
-009,-021
-009,-021
-009,-022
-009,-022
-009,-022
-010,-022
-010,-022
-010,-022
-011,-022
-012,-022
-012,-022
-012,-022
-013,-022
-013,-022
-014,-022
-014,-022
-014,-022
-014,-022
-015,-022
-015,-022
-015,-022
-015,-022
-015,-022
-015,-022
-015,-022
-015,-022
-015,-022
-015,-022
-015,-022
-015,-022
-015,-022
-015,-022
-015,-022
-015,-022
-016,-022
-016,-022
-016,-022
-016,-022
-016,-022
-016,-022
-016,-022
-016,-022
-016,-022
-016,-022
-016,-022
-016,-022
-016,-022
-016,-019
-016,-019
-016,-019
-016,-019
-016,-019
-016,-019
-016,-019
-016,-019
-016,-019
-016,-019
-016,-016
-016,-017
-016,-017
-016,-017
-016,-017
-016,-017
-016,-017
-016,-014
-016,-014
-016,-014
-016,-014
-016,-014
-016,-014
-016,-014
-016,-014
-016,-014
-016,-014
-016,-011
-016,-012
-016,-012
-016,-012
-016,-012
-016,-012
-016,-012
-016,-012
-013,-012
-014,-012
-014,-012
-014,-012
-014,-012
-014,-012
-014,-012
-014,-012
-014,-012
-014,-012
-014,-013
-014,-013
-014,-013
-014,-013
-014,-013
-014,-014
-014,-014
-014,-014
-014,-014
-014,-014
-014,-015
-014,-015
-014,-015
-014,-015
-014,-015
-014,-015
-014,-015
-014,-016
-014,-016
-014,-016
-014,-016
-015,-016
-015,-016
-015,-016
-015,-016
-015,-016
-015,-016
-015,-016
-015,-016
-015,-016
-015,-016
-015,-016
-015,-016
-015,-016
-015,-016
-015,-016
-015,-016
-015,-016
-015,-016
-015,-016
-015,-016
-015,-016
-015,-016
-015,-016
-015,-016
-015,-016
-015,-016
-015,-016
-015,-016
-015,-016
-015,-016
-015,-016
-015,-016
-015,-016
-015,-016
-015,-016
-015,-016
-015,-016
-015,-016
-015,-016
-015,-016
-015,-016
-015,-013
-015,-014
-015,-014
-015,-014
-012,-014
-012,-014
-012,-014
-012,-014
-012,-014
-012,-014
-012,-014
-012,-014
-012,-014
-012,-014
-012,-014
-012,-014
-012,-014
-012,-014
-009,-014
-009,-011
-009,-011
-009,-012
-009,-012
-009,-012
-009,-012
-009,-012
-009,-012
-009,-012
-009,-012
-009,-012
-009,-012
-009,-012
-009,-012
-009,-012
-009,-012
-009,-012
-009,-012
-009,-012
-009,-012
-009,-012
-009,-012
-009,-012
-009,-012
-009,-012
-009,-012
-009,-012
-009,-012
-009,-012
-006,-012
-006,-013
-006,-014
-006,-014
-006,-014
-006,-014
-003,-014
-004,-014
-004,-014
-004,-014
-004,-014
-004,-014
-004,-014
-004,-014
-004,-014
-004,-014
-004,-014
-004,-014
-004,-014
-004,-014
-004,-014
-004,-014
-004,-014
-004,-014
-004,-014
-004,-014
-004,-014
-004,-014
-004,-014
-004,-014
-004,-014
-004,-014
-004,-014
-004,-014
-004,-014
-001,-014
-002,-014
-002,-014
-002,-014
-002,-014
-002,-014
-002,-014
-002,-014
-002,-014
-002,-014
-002,-014
-002,-014
-002,-014
-002,-014
-002,-014
-002,-014
-002,-014
-002,-014
-002,-014
-002,-014
-002,-014
-002,-014
-002,-014
-002,-014
+001,-014
+001,-014
+001,-014
+001,-014
+001,-014
+001,-014
+001,-014
+001,-014
+001,-014
+001,-014
+001,-014
+001,-014
+001,-014
+001,-014
+001,-014
+001,-014
+001,-014
+001,-014
+001,-014
+001,-014
+001,-014
+001,-014
+001,-014
+001,-014
+001,-015
+001,-015
+001,-015
+001,-015
+001,-016
+001,-016
+001,-016
+001,-016
+003,-016
+003,-016
+003,-016
+003,-016
+003,-016
+003,-016
+003,-016
+003,-016
+003,-016
+003,-016
+005,-016
+005,-016
+005,-016
+005,-016
+005,-016
+005,-016
+005,-016
+005,-016
+005,-016
+005,-016
+007,-016
+007,-016
+007,-016
+007,-016
+007,-016
+007,-016
+007,-016
+007,-016
+007,-016
+009,-016
+009,-016
+009,-016
+009,-016
+009,-016
+009,-016
+009,-016
+009,-016
+009,-016
+009,-016
+009,-016
+009,-016
+009,-016
+009,-016
+009,-016
+009,-016
+009,-016
+009,-016
+009,-016
+009,-016
+009,-016
+009,-016
+009,-016
+009,-016
+009,-016
+009,-016
+009,-016
+009,-016
+009,-016
+009,-016
+009,-016
+009,-016
+009,-016
+009,-016
+009,-016
+009,-013
+009,-014
+009,-014
+009,-014
+009,-014
+009,-014
+009,-014
+009,-014
+009,-014
+009,-014
+009,-014
+009,-014
+009,-014
+009,-014
+009,-014
+009,-014
+009,-014
+009,-014
+009,-014
+009,-014
+009,-014
+009,-014
+009,-014
+011,-014
+011,-014
+011,-014
+011,-014
+011,-014
+011,-014
+011,-014
+011,-014
+011,-014
+011,-014
+011,-014
+011,-014
+011,-014
+011,-014
+011,-011
+011,-011
+011,-011
+011,-011
+011,-011
+011,-011
+011,-011
+011,-011
+011,-011
+011,-011
+011,-011
+011,-011
+013,-011
+013,-011
+013,-011
+013,-011
+013,-011
+013,-011
+013,-011
+013,-011
+013,-011
+013,-011
+013,-011
+013,-011
+013,-011
+015,-011
+015,-011
+015,-008
+015,-009
+017,-009
+017,-009
+017,-009
+017,-009
+017,-009
+017,-009
+017,-009
+017,-009
+017,-009
+017,-009
+019,-009
+019,-009
+019,-009
+019,-009
+019,-009
+019,-009
+019,-009
+019,-009
+019,-009
+019,-009
+019,-009
+019,-009
+019,-009
+019,-009
+019,-009
+019,-009
+019,-009
+019,-009
+019,-009
+019,-009
+019,-009
+019,-009
+019,-009
+019,-009
+019,-009
+019,-009
+019,-009
+019,-009
+019,-009
+021,-009
+021,-009
+021,-009
+021,-009
+021,-009
+021,-009
+021,-009
+021,-009
+021,-009
+021,-009
+021,-009
+021,-009
+021,-009
+021,-009
+021,-009
+021,-009
+021,-009
+021,-009
+021,-009
+021,-009
+021,-009
+021,-009
+021,-009
+021,-009
+021,-009
+021,-009
+021,-009
+021,-009
+021,-009
+021,-009
+021,-009
+021,-009
+021,-009
+021,-009
+021,-009
+021,-009
+021,-009
+021,-009
+021,-009
+021,-009
+021,-009
+021,-009
+021,-006
+021,-006
+021,-006
+021,-006
+021,-006
+021,-006
+021,-006
+021,-006
+021,-006
+021,-006
+021,-006
+021,-006
+021,-006
+021,-006
+021,-006
+021,-006
+021,-006
+021,-006
+021,-006
+021,-006
+021,-006
+021,-006
+021,-006
+021,-006
+021,-006
+021,-006
+021,-006
+021,-006
+021,-006
+021,-006
+021,-006
+021,-006
+021,-006
+021,-006
+021,-006
+021,-006
+021,-006
+021,-006
+021,-006
+021,-003
+021,-004
+021,-004
+021,-004
+021,-004
+021,-004
+023,-004
+023,-004
+023,-004
+023,-004
+023,-004
+023,-004
+023,-004
+023,-004
+023,-004
+023,-004
+023,-004
+023,-004
+023,-004
+023,-004
+023,-004
+023,-004
+023,-004
+023,-004
+023,-004
+023,-004
+023,-004
+023,-004
+023,-004
+023,-004
+023,-004
+023,-004
+023,-004
+023,-004
+023,-001
+023,-001
+023,-001
+023,-001
+023,-001
+023,-001
+023,-001
+023,-001
+025,-001
+025,-001
+025,-001
+025,-001
+025,-001
+025,-001
+025,-001
+025,-001
+025,-001
+025,-001
+025,-002
+025,-002
+025,-002
+025,-002
+025,-002
+025,-002
+025,-002
+025,-002
+025,-002
+025,-002
+025,-002
+025,-002
+025,-002
+027,-002
+027,-002
+027,-002
+027,-002
+027,-002
+027,-002
+027,-002
+027,-002
+027,-005
+027,-005
+027,-005
+027,-005
+027,-005
+027,-005
+027,-005
+027,-005
+027,-005
+027,-005
+027,-005
+027,-005
+027,-005
+027,-005
+027,-005
+027,-005
+027,-005
+027,-005
+027,-005
+027,-005
+027,-005
+027,-005
+027,-005
+027,-005
+025,-005
+025,-005
+025,-005
+025,-005
+025,-005
+025,-005
+025,-005
+025,-005
+025,-005
+025,-005
+025,-005
+023,-005
+023,-005
+023,-005
+023,-005
+023,-005
+023,-005
+023,-005
+023,-005
+023,-005
+023,-004
+023,-004
+023,-004
+023,-004
+021,-004
+021,-004
+021,-004
+021,-004
+021,-004
+021,-004
+021,-004
+021,-004
+021,-004
+021,-004
+021,-004
+021,-004
+021,-004
+021,-004
+021,-004
+021,-003
+021,-003
+021,-003
+021,-003
+021,-003
+021,-003
+021,-003
+021,-003
+021,-003
+021,-003
+021,-003
+021,-003
+021,-003
+021,-003
+021,-003
+021,-003
+021,-003
+021,-003
+021,-003
+021,-003
+021,-003
+021,-003
+021,-003
+021,-003
+021,-003
+021,-003
+021,-003
+021,-003
+021,-006
+021,-006
+021,-006
+021,-006
+021,-006
+021,-006
+021,-006
+021,-006
+021,-006
+021,-006
+021,-006
+021,-006
+021,-006
+021,-006
+021,-006
+021,-006
+021,-006
+021,-009
+021,-008
+021,-008
+021,-008
+021,-008
+021,-008
+021,-008
+021,-008
+021,-008
+021,-008
+021,-008
+021,-008
+021,-008
+021,-008
+021,-008
+021,-008
+021,-008
+021,-008
+021,-008
+021,-008
+021,-008
+021,-008
+021,-008
+021,-008
+021,-008
+021,-008
+021,-008
+021,-008
+021,-008
+021,-008
+021,-008
+021,-008
+021,-008
+021,-008
+019,-008
+019,-008
+019,-008
+019,-008
+019,-008
+019,-008
+019,-008
+019,-008
+019,-008
+017,-008
+017,-008
+017,-007
+017,-007
+017,-007
+017,-006
+017,-006
+017,-006
+015,-006
+015,-006
+015,-006
+015,-006
+015,-006
+015,-006
+015,-006
+015,-006
+015,-006
+015,-006
+015,-006
+013,-006
+013,-006
+013,-006
+013,-006
+013,-006
+010,-009
+010,-009
+010,-009
+010,-009
+010,-009
+010,-009
+010,-009
+010,-009
+010,-009
+008,-009
+008,-009
+008,-009
+008,-009
+008,-009
+008,-009
+008,-009
+008,-012
+008,-012
+008,-012
+008,-012
+008,-012
+008,-012
+008,-012
+006,-012
+006,-012
+006,-012
+006,-012
+006,-012
+006,-012
+006,-012
+006,-012
+006,-012
+006,-012
+006,-012
+006,-012
+006,-012
+006,-015
+006,-014
+006,-014
+006,-014
+006,-014
+006,-014
+006,-014
+004,-014
+004,-013
+004,-013
+002,-013
+002,-012
+002,-012
+002,-012
+002,-012
+002,-012
+002,-012
+002,-012
+002,-012
+002,-012
+001,-011
+001,-011
+001,-011
+001,-011
+001,-011
-000,-011
-000,-011
-000,-011
-000,-011
-000,-011
-000,-011
-000,-011
-000,-011
-000,-011
-000,-011
-000,-011
-000,-011
-001,-011
-001,-011
-001,-011
-001,-011
-001,-011
-001,-011
-001,-011
-001,-011
-001,-011
-001,-011
-001,-011
-001,-011
-001,-011
-001,-011
-001,-011
-001,-011
-001,-011
-001,-011
-001,-011
-001,-011
-001,-011
-001,-011
-001,-011
-001,-011
-001,-011
-001,-011
-001,-011
-001,-011
-001,-011
-001,-011
-001,-011
-001,-011
-001,-011
-001,-011
-001,-011
-001,-010
-001,-010
-002,-010
-002,-010
-002,-010
-002,-010
-002,-010
-002,-009
-002,-009
-002,-009
-002,-009
-002,-009
-002,-009
-002,-009
-002,-008
-002,-008
-003,-008
-003,-008
-003,-008
-003,-007
-003,-007
-004,-007
-004,-007
-004,-007
-004,-007
-004,-006
-004,-006
-004,-006
-005,-006
-005,-005
-005,-005
-005,-005
-005,-004
-005,-004
-006,-003
-006,-003
-006,-003
-006,-002
-006,-002
-006,-002
-007,-002
-007,-001
-007,-001
-007,-001
-007,-001
-007,-001
-007,-001
-008,-001
-008,-000
-008,-000
-008,-000
-009,-000
-009,-000
-009,-001
-009,-001
-009,-001
-009,-001
-009,-001
-010,-001
-010,-001
-010,-002
-010,-002
-010,-002
-010,-002
-010,-002
-010,-002
-010,-003
-010,-003
-010,-003
-010,-003
-010,-004
-010,-004
-011,-004
-011,-004
-011,-004
-011,-004
-011,-004
-011,-005
-011,-005
-011,-005
-011,-006
-011,-006
-012,-006
-012,-006
-012,-007
-012,-007
-012,-007
-012,-008
-013,-008
-013,-008
-013,-008
-013,-008
-013,-008
-013,-008
-013,-008
-013,-008
-013,-008
-013,-008
-013,-008
-013,-008
-013,-008
-013,-008
-013,-008
-013,-009
-013,-009
-013,-009
-013,-010
-013,-011
-014,-011
-014,-011
-014,-012
-014,-012
-015,-013
-015,-013
-015,-014
-015,-014
-016,-015
-016,-015
-016,-015
-016,-016
-016,-016
-017,-017
-017,-017
-017,-017
-018,-018
-018,-018
-018,-018
-018,-019
-019,-019
-019,-019
-019,-019
-020,-019
-020,-019
-020,-020
-020,-020
-021,-020
-021,-021
-021,-021
-021,-021
-021,-021
-021,-021
-021,-021
-021,-021
-022,-021
-022,-021
-022,-021
-022,-021
-022,-021
-022,-021
-022,-021
-022,-021
-022,-021
-022,-021
-022,-021
-022,-021
-022,-021
-022,-021
-022,-021
-022,-021
-022,-021
-022,-021
-022,-021
-022,-021
-022,-021
-022,-021
-022,-021
-022,-021
-022,-021
-022,-021
-022,-021
-022,-021
-019,-021
-020,-021
-020,-021
-020,-021
-020,-021
-020,-021
-020,-021
-020,-021
-020,-021
-020,-021
-020,-021
-020,-021
-020,-021
-020,-021
-020,-021
-017,-021
-017,-022
-017,-022
-018,-022
-018,-022
-018,-023
-018,-023
-018,-024
-018,-024
-018,-024
-018,-024
-018,-025
-013,-027
-013,-028
-013,-028
-013,-029
-013,-029
-013,-030
-013,-030
-013,-030
-013,-031
-013,-031
-013,-032
-013,-032
-010,-034
-010,-034
-010,-035
-010,-035
-010,-035
-010,-035
-010,-036
-010,-036
-010,-036
-010,-036
-010,-037
-010,-038
-010,-038
-010,-038
-010,-038
-010,-038
-010,-038
-010,-038
-007,-038
-007,-038
-007,-038
-007,-038
-007,-038
-007,-038
-007,-038
-004,-038
-004,-038
-004,-038
-004,-038
-004,-038
-001,-038
-001,-038
-001,-038
-001,-038
-001,-038
-001,-035
-001,-035
-001,-035
-001,-035
+001,-035
+001,-035
+001,-035
+001,-035
+001,-035
+001,-035
+003,-035
+003,-035
+003,-035
+003,-035
+003,-035
+003,-035
+003,-035
+003,-035
+005,-035
+005,-035
+005,-032
+005,-032
+005,-032
+005,-032
+005,-032
+005,-032
+007,-032
+007,-032
+007,-029
+007,-029
+007,-029
+007,-029
+007,-029
+007,-026
+007,-026
+009,-026
+009,-026
+009,-026
+009,-026
+009,-026
+009,-023
+009,-023
+009,-023
+009,-023
+009,-023
+009,-023
+009,-023
+009,-023
+009,-023
+009,-023
+009,-023
+009,-020
+009,-020
+011,-020
+011,-020
+011,-020
+011,-020
+011,-020
+011,-020
+011,-020
+011,-020
+011,-020
+011,-020
+013,-020
+013,-020
+013,-020
+013,-020
+013,-020
+013,-020
+013,-017
+013,-018
+013,-018
+013,-018
+013,-018
+013,-018
+013,-018
+013,-018
+013,-018
+013,-018
+013,-018
+015,-018
+015,-018
+015,-018
+015,-018
+015,-018
+015,-018
+015,-018
+015,-018
+015,-018
+015,-018
+015,-018
+015,-018
+015,-019
+015,-019
+015,-019
+017,-020
+017,-020
+017,-020
+017,-020
+017,-020
+017,-020
+017,-020
+017,-020
+017,-020
+017,-020
+017,-020
+017,-020
+017,-020
+017,-020
+017,-021
+017,-021
+015,-021
+015,-021
+015,-021
+015,-021
+015,-021
+015,-021
+015,-021
+015,-022
+015,-022
+015,-022
+015,-022
+015,-022
+013,-022
+013,-023
+013,-023
+013,-024
+013,-024
+013,-024
+013,-024
+013,-024
+013,-024
+013,-024
+013,-024
+013,-024
+013,-024
+013,-024
+013,-024
+013,-024
+013,-024
+013,-024
+013,-024
+013,-024
+013,-024
+013,-024
+013,-024
+013,-024
+013,-024
+013,-024
+013,-024
+013,-024
+013,-024
+013,-024
+013,-024
+013,-024
+013,-024
+013,-024
+013,-024
+013,-024
+013,-024
+013,-024
+013,-024
+013,-024
+013,-024
+013,-024
+015,-024
+015,-021
+015,-021
+015,-021
+015,-021
+015,-021
+015,-021
+015,-021
+015,-021
+015,-021
+017,-021
+017,-018
+017,-018
+017,-018
+017,-018
+017,-018
+017,-018
+017,-018
+017,-018
+017,-015
+019,-015
+019,-015
+019,-015
+021,-015
+021,-012
+021,-012
+021,-012
+021,-012
+023,-012
+023,-012
+023,-012
+023,-012
+023,-012
+023,-012
+023,-009
+023,-009
+023,-009
+023,-009
+023,-009
+023,-009
+023,-009
+021,-009
+021,-009
+021,-009
+021,-009
+021,-006
+021,-006
+021,-006
+021,-006
+021,-006
+021,-006
+021,-006
+021,-006
+021,-006
+021,-006
+021,-006
+021,-006
+021,-006
+021,-006
+021,-006
+021,-007
+021,-007
+021,-007
+021,-007
+021,-007
+021,-007
+021,-007
+021,-007
+021,-007
+021,-007
+021,-007
+021,-007
+021,-007
+021,-007
+021,-007
+021,-007
+021,-007
+021,-007
+021,-007
+021,-007
+021,-007
+021,-007
+021,-007
+021,-007
+021,-007
+021,-007
+021,-007
+019,-004
+019,-004
+019,-004
+019,-004
+019,-004
+019,-004
+019,-004
+019,-004
+019,-004
+019,-004
+019,-004
+019,-004
+019,-004
+019,-004
+019,-004
+019,-004
+019,-004
+019,-004
+019,-004
+019,-004
+019,-004
+019,-004
+019,-004
+019,-004
+019,-004
+019,-004
+019,-004
+019,-004
+019,-004
+019,-004
+019,-004
+019,-004
+019,-004
+019,-004
+019,-004
+019,-004
+019,-004
+019,-004
+019,-004
+019,-004
+019,-004
+019,-004
+019,-004
+019,-004
+019,-004
+019,-004
+019,-004
+019,-004
+019,-004
+019,-004
+019,-004
+019,-001
+019,-001
+019,-001
+019,-001
+019,-001
+019,-001
+019,-001
+019,-001
+019,-001
+019,-001
+019,-001
+019,-001
+019,-001
+019,-001
+019,-002
+019,-002
+019,-002
+019,-002
+019,-002
+019,-002
+019,-002
+019,-002
+019,-002
+019,-002
+019,-002
+019,-002
+019,-002
+019,-002
+019,-002
+019,-002
+019,-002
+019,-002
+019,-002
+019,-002
+019,-002
+017,-002
+017,-002
+017,-002
+017,-002
+017,-002
+017,-005
+017,-005
+017,-004
+017,-004
+017,-004
+017,-004
+017,-004
+017,-004
+017,-004
+017,-004
+017,-004
+015,-004
+015,-004
+015,-004
+015,-007
+015,-007
+015,-006
+015,-006
+015,-006
+015,-006
+015,-006
+015,-006
+015,-006
+015,-006
+015,-006
+015,-006
+015,-006
+015,-006
+015,-006
+015,-006
+015,-006
+015,-006
+015,-006
+015,-006
+013,-006
+013,-006
+013,-006
+013,-006
+013,-006
+013,-006
+013,-006
+013,-006
+013,-006
+013,-006
+013,-006
+013,-006
+013,-006
+013,-006
+013,-006
+013,-006
+013,-006
+013,-006
+013,-006
+013,-006
+013,-006
+013,-006
+013,-006
+013,-006
+010,-006
+010,-009
+010,-009
+010,-009
+010,-009
+010,-009
+010,-009
+010,-009
+010,-009
+010,-009
+010,-009
+010,-009
+010,-009
+010,-009
+010,-009
+010,-009
+010,-012
+010,-011
+010,-011
+010,-011
+010,-011
+010,-011
+010,-011
+010,-011
+010,-011
+010,-011
+008,-011
+008,-011
+008,-011
+008,-011
+008,-011
+008,-011
+008,-011
+008,-011
+008,-011
+008,-011
+008,-011
+008,-011
+008,-011
+008,-014
+008,-014
+008,-014
+008,-014
+008,-014
+008,-014
+008,-014
+008,-014
+008,-014
+008,-014
+008,-014
+008,-014
+006,-014
+006,-014
+006,-014
+006,-014
+006,-014
+006,-014
+006,-014
+006,-014
+006,-014
+006,-014
+006,-014
+006,-014
+006,-014
+006,-014
+006,-014
+006,-014
+006,-014
+006,-014
+006,-014
+006,-014
+006,-014
+006,-014
+006,-014
+006,-014
+006,-014
+006,-014
+006,-014
+006,-014
+006,-017
+006,-016
+006,-016
+006,-016
+006,-016
+006,-016
+006,-016
+006,-016
+006,-016
+006,-016
+006,-015
+006,-015
+006,-015
+006,-015
+006,-015
+006,-015
+006,-015
+006,-015
+006,-015
+006,-015
+006,-015
+006,-015
+006,-015
+006,-015
+006,-015
+006,-015
+006,-015
+006,-015
+006,-015
+006,-015
+006,-015
+006,-015
+006,-015
+006,-015
+006,-015
+006,-015
+006,-015
+006,-015
+006,-015
+006,-015
+006,-015
+006,-015
+006,-015
+006,-015
+006,-015
+006,-015
+006,-015
+006,-015
+006,-015
+006,-015
+006,-015
+006,-015
+006,-015
+006,-015
+006,-015
+006,-015
+006,-015
+006,-015
+006,-015
+006,-015
+006,-015
+006,-015
+006,-015
+006,-015
+006,-015
+006,-015
+006,-015
+006,-015
+006,-015
+006,-015
+006,-015
+006,-015
+006,-015
+006,-015
+006,-015
+006,-015
+006,-015
+006,-015
+006,-015
+006,-015
+006,-015
+006,-015
+006,-015
+006,-015
+006,-015
+006,-015
+006,-015
+006,-015
+006,-015
+006,-015
+006,-015
+006,-015
+006,-015
+006,-015
+006,-015
+006,-015
+006,-015
+006,-015
+006,-015
+006,-015
+006,-015
+006,-015
+006,-015
+006,-015
+006,-014
+006,-014
+006,-014
+006,-014
+006,-014
+006,-014
+006,-014
+006,-014
+006,-014
+006,-014
+006,-014
+008,-014
+008,-014
+008,-014
+008,-013
+008,-013
+008,-013
+008,-013
+008,-013
+008,-013
+008,-013
+008,-012
+008,-012
+008,-012
+008,-012
+008,-012
+008,-012
+010,-012
+010,-012
+010,-012
+010,-012
+010,-012
+010,-012
+010,-012
+010,-012
+010,-012
+010,-012
+010,-012
+010,-012
+010,-012
+010,-012
+010,-012
+010,-012
+010,-012
+010,-012
+010,-012
+010,-012
+010,-012
+010,-012
+010,-012
+010,-012
+010,-012
+010,-012
+010,-012
+010,-012
+010,-012
+010,-012
+010,-012
+010,-012
+010,-012
+010,-012
+010,-012
+010,-012
+010,-012
+010,-012
+010,-012
+010,-012
+010,-012
+010,-012
+010,-012
+010,-012
+010,-011
+010,-011
+010,-011
+010,-011
+010,-011
+010,-011
+010,-011
+010,-011
+010,-011
+010,-011
+010,-011
+010,-011
+010,-010
+010,-010
+010,-010
+010,-010
+010,-010
+010,-010
+010,-009
+010,-009
+010,-008
+013,-008
+013,-007
+013,-007
+013,-007
+013,-007
+013,-007
+013,-007
+013,-007
+013,-007
+013,-007
+013,-007
+013,-007
+013,-007
+013,-006
+013,-006
+013,-006
+013,-006
+013,-006
+013,-006
+015,-006
+015,-006
+015,-006
+015,-006
+015,-006
+015,-005
+015,-005
+015,-005
+015,-005
+015,-005
+015,-005
+017,-005
+017,-005
+017,-005
+017,-005
+017,-005
+017,-005
+017,-005
+017,-005
+017,-005
+017,-005
+017,-005
+017,-005
+017,-005
+017,-005
+017,-005
+017,-005
+017,-005
+017,-005
+017,-005
+019,-005
+019,-005
+019,-005
+019,-004
+019,-004
+019,-004
+019,-004
+019,-004
+019,-004
+019,-004
+019,-004
+019,-004
+019,-004
+019,-004
+019,-004
+019,-004
+019,-004
+019,-004
+019,-004
+019,-004
+019,-004
+019,-004
+019,-004
+019,-004
+019,-004
+019,-004
+019,-004
+019,-004
+019,-004
+019,-007
+019,-007
+019,-007
+019,-007
+019,-007
+019,-007
+019,-007
+019,-007
+019,-007
+019,-007
+019,-007
+019,-007
+019,-007
+019,-007
+019,-007
+019,-007
+019,-007
+019,-007
+019,-007
+019,-007
+019,-006
+019,-006
+019,-006
+019,-006
+019,-006
+019,-006
+019,-006
+019,-006
+019,-006
+019,-006
+019,-006
+019,-006
+019,-006
+019,-006
+019,-005
+017,-005
+017,-005
+017,-005
+017,-005
+017,-005
+017,-004
+017,-004
+017,-004
+017,-004
+017,-004
+017,-004
+017,-003
+017,-003
+017,-003
+017,-003
+017,-003
+017,-003
+017,-003
+017,-003
+017,-003
+017,-003
+017,-003
+017,-002
+017,-002
+017,-002
+017,-002
+017,-002
+017,-002
+017,-002
+017,-002
+017,-002
+017,-002
+017,-002
+017,-002
+017,-002
+017,-002
+017,-002
+017,-002
+017,-002
+017,-002
+017,-002
+017,-002
+017,-002
+017,-002
+017,-002
+017,-002
+017,-002
+017,-002
+017,-002
+017,-002
+017,-002
+017,-002
+017,-002
+017,-002
+017,-002
+017,-002
+017,-002
+017,-002
+017,-002
+017,-002
+017,-002
+017,-002
+017,-005
+017,-005
+017,-005
+017,-005
+017,-005
+017,-005
+017,-005
+017,-005
+017,-005
+017,-005
+017,-005
+017,-005
+017,-005
+017,-005
+017,-005
+017,-005
+017,-005
+017,-005
+017,-005
+017,-005
+017,-005
+017,-005
+017,-005
+017,-005
+017,-005
+017,-005
+017,-005
+017,-005
+017,-005
+017,-005
+017,-005
+017,-005
+017,-005
+017,-005
+015,-005
+015,-005
+015,-005
+015,-005
+015,-005
+015,-005
+015,-005
+015,-005
+015,-005
+015,-005
+015,-005
+015,-005
+015,-005
+015,-005
+015,-005
+015,-005
+015,-005
+015,-005
+015,-005
+015,-005
+015,-005
+015,-005
+015,-005
+015,-005
+015,-005
+013,-005
+013,-004
+013,-004
+013,-004
+013,-004
+013,-004
+013,-004
+013,-004
+013,-004
+013,-004
+013,-004
+013,-004
+013,-004
+013,-004
+013,-004
+013,-004
+013,-004
+013,-004
+013,-004
+013,-004
+013,-004
+013,-004
+013,-004
+013,-004
+013,-004
+013,-004
+013,-004
+013,-004
+013,-004
+013,-004
+013,-004
+013,-004
+013,-004
+013,-004
+013,-004
+013,-004
+013,-004
+013,-004
+013,-004
+013,-004
+013,-004
+013,-004
+013,-004
+013,-004
+013,-004
+013,-004
+013,-004
+011,-004
+011,-004
+011,-004
+011,-004
+011,-004
+009,-004
+009,-004
+009,-008
+009,-007
+009,-007
+009,-007
+009,-007
+009,-007
+009,-007
+009,-007
+009,-007
+009,-007
+009,-007
+009,-007
+007,-007
+007,-007
+007,-007
+007,-007
+007,-007
+007,-007
+007,-007
+007,-007
+007,-007
+007,-007
+007,-007
+007,-010
+007,-009
+007,-009
+007,-009
+007,-009
+007,-009
+007,-009
+007,-009
+007,-009
+007,-009
+007,-009
+007,-009
+007,-009
+007,-009
+007,-009
+007,-009
+007,-009
+007,-009
+007,-009
+007,-009
+007,-009
+005,-009
+005,-009
+005,-009
+005,-009
+005,-008
+005,-008
+005,-008
+005,-008
+003,-008
+003,-008
+003,-008
+003,-008
+003,-008
+003,-007
+003,-007
+003,-007
+003,-007
+003,-007
+003,-007
+003,-007
+003,-007
+003,-007
+001,-007
+001,-007
+001,-007
+001,-007
+001,-006
+001,-006
+001,-006
+001,-006
+001,-006
+001,-006
+001,-006
+001,-006
+001,-005
+001,-005
+001,-005
+001,-005
-000,-005
-000,-005
-000,-005
-000,-005
-000,-005
-001,-005
-001,-004
-001,-004
-001,-004
-001,-004
-001,-004
-001,-004
-002,-004
-002,-004
-002,-004
-002,-004
-002,-004
-002,-004
-002,-004
-002,-004
-002,-004
-002,-004
-002,-004
-002,-004
-003,-004
-003,-004
-003,-004
-003,-004
-003,-004
-003,-004
-003,-004
-003,-004
-003,-004
-003,-004
-003,-004
-003,-004
-003,-004
-004,-004
-004,-004
-004,-004
-004,-007
-004,-007
-004,-007
-004,-007
-004,-007
-004,-007
-004,-007
-004,-007
-004,-007
-004,-007
-004,-007
-005,-007
-005,-007
-005,-007
-005,-010
-005,-010
-005,-009
-005,-009
-006,-009
-006,-009
-006,-009
-006,-009
-006,-009
-006,-009
-006,-009
-006,-009
-006,-009
-006,-012
-007,-011
-007,-011
-007,-011
-007,-011
-007,-011
-007,-011
-007,-011
-007,-011
-007,-011
-007,-011
-007,-011
-007,-011
-007,-011
-007,-011
-007,-011
-007,-011
-007,-014
-007,-013
-007,-013
-007,-013
-007,-013
-007,-013
-007,-013
-007,-013
-007,-013
-007,-013
-007,-013
-007,-013
-007,-013
-007,-013
-007,-013
-007,-013
-007,-013
-007,-013
-007,-013
-007,-016
-007,-016
-007,-016
-007,-016
-007,-016
-007,-016
-007,-016
-007,-016
-007,-016
-007,-016
-007,-016
-007,-016
-007,-016
-007,-016
-007,-016
-007,-016
-007,-016
-007,-016
-007,-016
-007,-016
-007,-016
-007,-016
-007,-016
-007,-016
-007,-016
-007,-016
-007,-016
-007,-016
-007,-016
-007,-016
-007,-016
-007,-016
-007,-016
-007,-016
-007,-016
-007,-016
-007,-016
-007,-016
-007,-016
-007,-016
-007,-016
-007,-016
-007,-016
-007,-016
-007,-016
-007,-016
-007,-016
-007,-016
-007,-016
-004,-016
-004,-016
-004,-016
-004,-016
-004,-016
-004,-016
-004,-016
-004,-016
-004,-016
-004,-016
-004,-016
-004,-016
-004,-016
-004,-016
-004,-016
-004,-016
-004,-016
-004,-016
-004,-016
-004,-016
-004,-016
-004,-016
-004,-016
-001,-016
-001,-016
-001,-016
-001,-016
-001,-016
-001,-016
-001,-016
-001,-016
-001,-016
-001,-016
-001,-016
-001,-016
-001,-016
-001,-016
-001,-015
-001,-015
-001,-015
-001,-015
-001,-015
-001,-015
-001,-015
-001,-015
-001,-015
-001,-015
-001,-015
-001,-015
-001,-015
-001,-015
-001,-015
-001,-015
-001,-015
-001,-015
-001,-015
-001,-015
-001,-015
-001,-015
-001,-015
-001,-015
-001,-015
-001,-015
-001,-015
-001,-015
-001,-015
-001,-015
-001,-015
-001,-015
-001,-015
-001,-015
-001,-015
-001,-015
-001,-015
-001,-015
-001,-015
-001,-015
-001,-015
-001,-015
-001,-015
-001,-015
-001,-015
-001,-015
-001,-015
-001,-015
-001,-015
-001,-015
-001,-015
-001,-015
+001,-015
+001,-015
+001,-015
+001,-018
+001,-017
+001,-017
+001,-017
+001,-017
+003,-017
+003,-017
+003,-017
+003,-017
+003,-017
+003,-017
+003,-017
+003,-017
+003,-017
+003,-017
+003,-017
+003,-017
+003,-017
+003,-017
+005,-017
+005,-017
+005,-017
+005,-016
+005,-016
+005,-016
+005,-016
+005,-016
+005,-016
+005,-016
+005,-016
+005,-015
+005,-015
+005,-015
+005,-015
+005,-015
+005,-015
+005,-015
+005,-015
+005,-015
+007,-015
+007,-015
+007,-015
+007,-015
+007,-015
+007,-015
+007,-015
+007,-015
+007,-015
+007,-015
+007,-014
+007,-014
+007,-014
+007,-014
+007,-014
+007,-014
+007,-014
+007,-014
+007,-014
+007,-014
+007,-014
+007,-014
+007,-014
+007,-014
+007,-014
+007,-014
+007,-014
+007,-014
+007,-014
+007,-014
+007,-014
+007,-014
+007,-014
+007,-014
+007,-014
+007,-014
+007,-014
+007,-014
+007,-014
+007,-014
+007,-014
+007,-014
+007,-014
+009,-014
+009,-014
+009,-014
+009,-014
+009,-014
+009,-014
+009,-014
+009,-014
+009,-014
+009,-014
+009,-014
+009,-014
+009,-014
+009,-013
+009,-013
+009,-013
+009,-013
+009,-013
+009,-013
+009,-013
+009,-013
+009,-012
+009,-012
+009,-012
+009,-012
+009,-012
+009,-012
+009,-012
+009,-012
+009,-012
+009,-011
+009,-011
+009,-011
+009,-011
+009,-011
+009,-011
+009,-011
+009,-010
+009,-010
+009,-010
+009,-010
+009,-010
+009,-010
+009,-010
+009,-010
+009,-010
+009,-010
+009,-010
+009,-010
+009,-010
+009,-009
+011,-008
+011,-008
+011,-008
+011,-008
+011,-007
+011,-007
+013,-007
+013,-007
+013,-007
+013,-007
+013,-007
+013,-007
+013,-007
+013,-007
+013,-007
+013,-007
+013,-007
+013,-007
+013,-007
+013,-007
+013,-007
+013,-007
+013,-007
+013,-007
+013,-007
+013,-007
+013,-007
+015,-007
+015,-007
+015,-007
+015,-007
+015,-010
+015,-010
+015,-010
+015,-010
+015,-010
+015,-010
+017,-010
+017,-010
+017,-010
+017,-010
+017,-010
+017,-010
+017,-010
+017,-010
+019,-010
+019,-010
+019,-013
+019,-012
+019,-012
+019,-012
+019,-012
+021,-012
+021,-012
+021,-012
+021,-012
+021,-012
+021,-012
+021,-012
+021,-012
+021,-012
+021,-012
+021,-012
+021,-012
+021,-012
+023,-012
+023,-012
+023,-012
+023,-012
+025,-012
+025,-012
+025,-012
+025,-012
+025,-012
+025,-012
+025,-012
+025,-012
+025,-012
+025,-012
+025,-012
+025,-012
+027,-012
+027,-012
+027,-012
+027,-012
+027,-012
+027,-012
+027,-012
+027,-012
+027,-012
+027,-012
+027,-012
+029,-012
+029,-012
+029,-012
+029,-012
+029,-012
+029,-012
+029,-012
+029,-012
+029,-012
+031,-012
+031,-012
+031,-012
+031,-012
+031,-012
+031,-012
+031,-015
+031,-014
+031,-014
+031,-014
+031,-014
+031,-014
+031,-014
+031,-014
+031,-014
+031,-014
+031,-014
+031,-014
+031,-014
+031,-014
+031,-014
+033,-014
+033,-014
+033,-014
+033,-014
+033,-014
+033,-014
+033,-014
+033,-014
+033,-014
+033,-014
+033,-014
+033,-013
+033,-013
+033,-013
+033,-013
+033,-013
+033,-013
+033,-012
+033,-012
+033,-012
+033,-012
+033,-012
+033,-012
+033,-012
+033,-011
+033,-011
+033,-011
+033,-011
+033,-011
+033,-011
+033,-011
+033,-011
+033,-011
+033,-010
+033,-010
+033,-010
+033,-010
+033,-009
+033,-009
+033,-009
+033,-009
+033,-009
+031,-009
+031,-009
+031,-009
+031,-009
+031,-009
+031,-008
+029,-008
+029,-008
+029,-008
+029,-008
+029,-008
+027,-008
+027,-007
+027,-007
+027,-007
+027,-007
+027,-007
+025,-007
+025,-007
+025,-007
+025,-007
+025,-007
+025,-006
+025,-006
+023,-006
+023,-006
+023,-006
+023,-006
+023,-006
+023,-006
+023,-006
+023,-006
+023,-006
+021,-006
+021,-006
+021,-006
+021,-006
+021,-006
+021,-006
+021,-006
+021,-006
+021,-006
+021,-006
+019,-009
+019,-008
+019,-008
+019,-008
+019,-008
+019,-008
+017,-008
+017,-008
+017,-008
+017,-008
+017,-008
+015,-008
+015,-008
+013,-011
+013,-011
+011,-011
+011,-011
+011,-011
+011,-011
+011,-011
+011,-011
+011,-011
+011,-011
+009,-011
+009,-011
+009,-011
+009,-011
+009,-011
+009,-011
+009,-011
+009,-011
+009,-011
+009,-011
+009,-011
+009,-011
+009,-011
+009,-011
+009,-011
+009,-011
+009,-011
+007,-014
+007,-014
+007,-014
+007,-014
+007,-014
+007,-014
+007,-014
+007,-014
+007,-014
+005,-014
+005,-014
+005,-014
+005,-014
+005,-014
+005,-014
+003,-014
+001,-013
+001,-013
+001,-013
-000,-012
-000,-012
-000,-012
-000,-012
-001,-012
-002,-012
-002,-012
-002,-012
-002,-012
-002,-012
-002,-012
-002,-012
-003,-012
-003,-012
-003,-012
-003,-012
-004,-012
-004,-012
-004,-012
-005,-012
-005,-012
-005,-012
-005,-012
-005,-012
-005,-012
-005,-012
-005,-012
-006,-012
-006,-012
-006,-012
-006,-012
-007,-012
-007,-012
-007,-012
-007,-012
-007,-012
-008,-012
-008,-012
-008,-012
-009,-011
-009,-011
-009,-011
-009,-011
-010,-011
-010,-011
-010,-011
-010,-011
-010,-011
-010,-011
-011,-011
-011,-011
-011,-011
-011,-011
-011,-011
-011,-011
-012,-011
-012,-011
-012,-011
-012,-011
-012,-011
-012,-011
-013,-011
-013,-011
-013,-011
-013,-011
-013,-011
-014,-011
-014,-011
-014,-011
-014,-011
-014,-011
-015,-011
-015,-011
-015,-011
-015,-011
-015,-011
-015,-011
-015,-011
-016,-011
-016,-011
-016,-011
-017,-011
-017,-011
-017,-011
-018,-011
-018,-011
-018,-011
-018,-011
-019,-011
-019,-011
-020,-011
-020,-011
-021,-011
-021,-011
-021,-011
-021,-011
-021,-011
-022,-011
-022,-011
-023,-011
-023,-011
-023,-011
-024,-011
-024,-011
-024,-011
-024,-011
-025,-011
-025,-011
-025,-011
-025,-011
-026,-011
-026,-011
-026,-011
-026,-011
-026,-011
-026,-011
-027,-011
-027,-011
-027,-011
-027,-011
-027,-011
-027,-011
-027,-011
-027,-011
-028,-010
-028,-010
-028,-010
-028,-010
-028,-010
-028,-009
-028,-009
-028,-009
-028,-009
-028,-008
-028,-008
-028,-008
-028,-008
-028,-008
-028,-008
-028,-008
-028,-007
-028,-007
-028,-007
-028,-007
-028,-007
-028,-007
-028,-006
-028,-006
-028,-006
-028,-006
-028,-006
-028,-006
-028,-006
-028,-005
-028,-005
-028,-005
-028,-005
-028,-005
-028,-005
-028,-005
-028,-005
-025,-005
-025,-005
-025,-005
-025,-005
-025,-005
-025,-005
-025,-005
-025,-005
-022,-005
-022,-005
-022,-005
-022,-005
-022,-005
-022,-005
-022,-005
-019,-005
-019,-005
-019,-005
-019,-005
-019,-005
-019,-005
-016,-005
-016,-005
-016,-005
-016,-005
-016,-008
-016,-007
-013,-007
-013,-007
-013,-007
-013,-007
-013,-007
-013,-007
-013,-007
-013,-010
-010,-009
-010,-009
-010,-009
-010,-009
-010,-009
-010,-009
-010,-009
-010,-009
-010,-009
-010,-009
-010,-009
-010,-009
-007,-009
-007,-009
-007,-009
-007,-009
-007,-008
-007,-008
-007,-008
-007,-008
-007,-007
-007,-007
-007,-007
-004,-007
-004,-007
-004,-007
-004,-007
-004,-007
-004,-006
-004,-006
-004,-006
-004,-006
-004,-006
-004,-006
-001,-006
-001,-006
-001,-006
-001,-005
-001,-005
-001,-005
-001,-004
-001,-004
-001,-004
-001,-004
-001,-004
-001,-004
+001,-004
+001,-004
+001,-004
+001,-004
+001,-004
+001,-004
+001,-004
+001,-004
+001,-004
+001,-004
+003,-004
+003,-004
+003,-004
+003,-004
+003,-004
+003,-004
+005,-004
+005,-004
+007,-007
+007,-007
+007,-007
+007,-007
+007,-007
+007,-007
+007,-007
+007,-007
+007,-006
+007,-005
+007,-003
+007,-003
+007,-002
+007,-002
+007,-002
+007,-002
+007,-002
+007,-002
+007,-002
+007,-001
+007,-001
+007,-001
+007,-001
+007,-000
+007,-000
+007,-000
+007,-000
+007,-000
+007,-000
+007,-000
+007,-001
+007,-001
+007,-001
+007,-001
+007,-001
+007,-001
+007,-002
+007,-002
+007,-002
+007,-002
+005,-002
+005,-002
+005,-002
+005,-002
+005,-002
+005,-002
+005,-002
+005,-002
+005,-002
+005,-002
+005,-002
+005,-002
+005,-002
+003,-002
+003,-002
+003,-002
+003,-002
+001,-002
+001,-001
+001,-000
+001,-000
+001,-000
+001,-000
+001,-000
+001,-000
+001,-000
+001,-000
+001,-000
+001,-000
+001,-000
+001,-000
+001,-000
+001,-000
+001,-000
+001,-000
+001,-000
+001,-000
+001,-000
-000,-000
-000,-000
-000,-000
-000,-000
-000,-000
-000,-000
-000,-003
-000,-002
-000,-002
-001,-002
-001,-002
-001,-002
-001,-002
-001,-002
-002,-002
-002,-002
-002,-002
-002,-002
-002,-002
-003,-005
-003,-005
-003,-005
-003,-005
-004,-005
-004,-005
-004,-005
-004,-005
-004,-005
-004,-005
-005,-005
-005,-005
-005,-005
-005,-005
-006,-005
-006,-005
-006,-005
-006,-005
-007,-005
-007,-005
-007,-005
-007,-005
-007,-005
-008,-005
-008,-005
-008,-005
-008,-005
-009,-005
-009,-005
-009,-005
-009,-005
-009,-005
-010,-005
-010,-005
-010,-005
-010,-005
-010,-005
-011,-005
-011,-005
-011,-005
-012,-005
-012,-005
-012,-005
-012,-005
-012,-005
-012,-005
-012,-005
-013,-005
-013,-005
-014,-004
-014,-004
-015,-004
COP Area(S): 000537
COP Area(R): 000844