+000,+000
+000,+000
+000,+000
+000,+000
+000,+000
+000,+000
+000,+000
+000,+000
+000,+000
+000,+000
+000,+000
+000,+000
+000,+000
+000,+000
+000,+002
+000,+002
+000,+002
+000,+002
+000,+002
+000,+002
+000,+002
+000,+002
+000,+004
+000,+004
+000,+004
+000,+004
+000,+004
+000,+004
+000,+004
+000,+004
+000,+004
+000,+004
+000,+004
+000,+004
+000,+004
+000,+004
+000,+004
+000,+004
+000,+004
+000,+004
+000,+004
+000,+004
+000,+004
+000,+004
+000,+004
+000,+004
+000,+004
+000,+004
+000,+004
+000,+004
+000,+004
+000,+004
+000,+004
+000,+004
+000,+004
+000,+004
+000,+004
+000,+004
+000,+004
+000,+004
+000,+004
+000,+004
+000,+004
+000,+004
+000,+004
+000,+004
+000,+004
+000,+004
+000,+004
+000,+004
+000,+002
+000,+002
+000,+002
+000,+002
+000,+002
+000,+002
+000,+002
+000,+002
+000,+000
+000,+000
+000,+000
+000,+000
+000,+000
+000,+000
+000,+000
+000,+000
+000,+000
+000,+000
+000,+000
+000,+000
+000,+002
+000,+002
+000,+002
+000,+002
+000,+002
+000,+002
+000,+002
+000,+002
+000,+002
+000,+002
+000,+002
+000,+002
+000,+002
+000,+002
+000,+002
+000,+002
+000,+002
+000,+002
+000,+002
+000,+002
+000,+002
+000,+002
+000,+002
+000,+002
+000,+002
+000,+002
+000,+002
+000,+002
+000,+002
+000,+002
+000,+002
+000,+002
+000,+002
+000,+002
+000,+002
+000,+002
+002,+002
+002,+002
+002,+002
+002,+002
+002,+002
+002,+002
+002,+002
+002,+002
+002,+002
+002,+002
+002,+002
+002,+002
+002,+002
+002,+002
+002,+002
+002,+002
+002,+002
+002,+002
+002,+002
+002,+002
+002,+002
+002,+002
+002,+002
+002,+002
+002,+002
+002,+002
+002,+002
+002,+002
+002,+002
+002,+002
+002,+002
+002,+002
+002,+002
+002,+002
+002,+002
+002,+002
+002,+002
+002,+002
+002,+002
+002,+002
+002,+002
+002,+002
+002,+002
+002,+002
+002,+002
+002,+002
+002,+002
+002,+002
+002,+002
+002,+002
+002,+002
+002,+002
+002,+002
+002,+002
+002,+002
+002,+002
+002,+002
+002,+002
+002,+002
+002,+000
+002,+000
+002,+000
+002,+000
+002,+000
+002,+000
+002,+000
+002,+000
+002,+000
+002,+000
+002,+000
+002,+000
+002,+000
+002,+000
+002,+000
+000,+000
+000,+000
+000,+000
+000,+000
+000,+000
+000,+000
+000,+000
+000,+000
+000,+002
+000,+002
+000,+002
+000,+002
+000,+002
+000,+002
+000,+002
+000,+002
+000,+002
+000,+002
+000,+002
+000,+002
+000,+002
+000,+002
+000,+002
+000,+002
+000,+002
+000,+002
+000,+002
+000,+002
+000,+002
+000,+002
+000,+002
+000,+002
+000,+002
+000,+002
+000,+002
+000,+002
+000,+002
+000,+002
+000,+002
+000,+002
+000,+002
+000,+002
+000,+002
+000,+002
+000,+002
+000,+004
+000,+004
+000,+004
+000,+004
+000,+004
+000,+004
+000,+004
+000,+004
+000,+004
+000,+004
+000,+004
+000,+004
+000,+004
+000,+004
+000,+004
+000,+004
+000,+004
+000,+004
+000,+004
+000,+004
+000,+004
+000,+004
+000,+004
+000,+004
+000,+004
+000,+004
+000,+004
+000,+004
+000,+004
+000,+004
+000,+004
+000,+004
+000,+004
+000,+004
+000,+004
+000,+004
+000,+004
+000,+004
+000,+004
+000,+004
+000,+004
+000,+004
+000,+004
+000,+004
+000,+004
+000,+004
+000,+004
+000,+004
+000,+004
+000,+004
+000,+004
+000,+004
+000,+004
+000,+004
+000,+004
+000,+004
+000,+004
+000,+004
+000,+004
+000,+004
+000,+004
+000,+004
+000,+004
+000,+004
+000,+004
+000,+004
+000,+004
+000,+004
+000,+004
+000,+004
+000,+004
+000,+004
+000,+004
+000,+004
+000,+004
+000,+004
+000,+004
+000,+004
+000,+004
+000,+004
+000,+004
+000,+004
+000,+004
+000,+004
+000,+004
+000,+004
+000,+004
+000,+004
+000,+004
+002,+004
+002,+004
+002,+004
+002,+004
+002,+004
+002,+004
+002,+004
+002,+004
+002,+004
+002,+004
+002,+004
+002,+004
+004,+004
+004,+004
+004,+004
+004,+006
+004,+006
+004,+006
+004,+006
+006,+006
+006,+006
+006,+006
+006,+006
+006,+006
+006,+006
+006,+006
+006,+006
+006,+006
+006,+006
+006,+006
+006,+006
+006,+006
+006,+006
+008,+006
+008,+006
+008,+006
+008,+006
+008,+006
+008,+006
+008,+006
+008,+006
+008,+006
+008,+006
+008,+006
+008,+006
+008,+006
+010,+006
+010,+006
+010,+006
+010,+006
+010,+006
+010,+008
+010,+008
+010,+008
+010,+008
+010,+008
+010,+008
+012,+008
+012,+008
+012,+008
+012,+008
+012,+008
+012,+008
+012,+008
+012,+010
+012,+010
+012,+010
+012,+010
+012,+010
+012,+010
+012,+010
+012,+010
+012,+010
+012,+010
+012,+010
+012,+012
+012,+012
+012,+012
+012,+012
+012,+012
+012,+012
+012,+012
+012,+012
+012,+012
+012,+012
+012,+012
+012,+012
+012,+012
+012,+014
+012,+014
+012,+014
+012,+014
+012,+014
+012,+014
+012,+014
+012,+014
+012,+014
+012,+014
+012,+014
+010,+014
+010,+014
+010,+014
+010,+014
+010,+014
+010,+014
+010,+014
+010,+014
+010,+014
+010,+014
+010,+014
+010,+014
+010,+014
+010,+014
+010,+014
+010,+014
+010,+014
+010,+014
+010,+014
+010,+014
+010,+014
+010,+014
+010,+014
+010,+014
+010,+014
+010,+014
+010,+014
+010,+014
+010,+014
+010,+014
+010,+014
+010,+014
+010,+014
+010,+014
+010,+014
+010,+014
+008,+014
+008,+014
+008,+014
+008,+014
+008,+014
+008,+014
+008,+014
+008,+014
+008,+014
+008,+014
+008,+012
+008,+012
+008,+012
+008,+012
+008,+012
+008,+012
+008,+012
+008,+012
+008,+012
+008,+012
+008,+012
+008,+012
+008,+012
+008,+012
+008,+012
+008,+012
+008,+012
+008,+012
+008,+012
+008,+012
+008,+012
+008,+012
+008,+012
+008,+012
+008,+012
+008,+012
+008,+012
+008,+012
+008,+012
+008,+012
+008,+012
+008,+012
+008,+012
+008,+012
+008,+012
+008,+012
+008,+012
+008,+012
+008,+012
+008,+012
+008,+012
+008,+012
+008,+012
+008,+012
+008,+012
+008,+014
+008,+014
+008,+014
+008,+014
+008,+014
+008,+014
+010,+014
+010,+014
+010,+014
+010,+014
+010,+014
+010,+014
+010,+014
+010,+014
+010,+014
+010,+014
+010,+014
+010,+014
+010,+014
+010,+016
+010,+016
+010,+016
+010,+016
+010,+016
+010,+016
+010,+016
+010,+016
+010,+016
+010,+016
+010,+016
+010,+016
+010,+016
+010,+016
+010,+016
+010,+016
+010,+016
+010,+016
+010,+016
+010,+016
+010,+016
+010,+016
+010,+016
+010,+016
+010,+016
+010,+014
+010,+014
+010,+014
+010,+014
+010,+014
+010,+014
+010,+014
+010,+014
+010,+014
+010,+014
+010,+014
+010,+014
+010,+014
+010,+014
+010,+014
+010,+014
+010,+014
+010,+014
+010,+014
+010,+014
+010,+014
+010,+014
+010,+014
+010,+014
+010,+014
+010,+014
+010,+014
+010,+014
+010,+014
+010,+014
+010,+014
+010,+014
+010,+014
+010,+012
+010,+012
+010,+012
+010,+012
+010,+012
+010,+012
+010,+012
+010,+012
+010,+012
+010,+012
+010,+012
+008,+012
+008,+012
+008,+012
+008,+012
+008,+012
+008,+012
+008,+012
+008,+012
+008,+010
+008,+010
+008,+010
+008,+010
+008,+010
+008,+010
+008,+010
+008,+010
+006,+010
+006,+010
+006,+010
+006,+010
+006,+010
+006,+010
+006,+010
+006,+010
+006,+010
+006,+010
+006,+010
+006,+010
+006,+010
+006,+010
+004,+010
+004,+010
+004,+010
+004,+010
+004,+010
+004,+010
+004,+010
+004,+010
+004,+010
+004,+010
+002,+010
+002,+010
+002,+010
+002,+010
+002,+008
+002,+008
+002,+008
+002,+008
+002,+008
+002,+008
+002,+008
+002,+008
+002,+008
+002,+008
+002,+008
+002,+008
+002,+008
+002,+008
+002,+010
+002,+010
+002,+010
+000,+008
+000,+008
+000,+008
+000,+008
+000,+008
+000,+008
+000,+008
+000,+008
+000,+008
+000,+008
+000,+008
+000,+008
+000,+008
+000,+008
+002,+008
+002,+008
+002,+008
+002,+008
+002,+010
+002,+010
+002,+010
+002,+010
+002,+010
+002,+010
+002,+010
+002,+010
+002,+010
+004,+010
+004,+010
+004,+010
+004,+010
+004,+010
+004,+010
+004,+010
+004,+010
+004,+010
+004,+010
+004,+010
+004,+010
+004,+010
+004,+010
+004,+010
+004,+010
+004,+010
+004,+010
+004,+010
+004,+010
+004,+010
+004,+010
+004,+010
+004,+010
+004,+010
+004,+010
+004,+010
+004,+010
+004,+010
+004,+010
+004,+010
+004,+010
+004,+010
+004,+010
+004,+010
+004,+010
+004,+010
+004,+010
+004,+010
+004,+010
+004,+008
+004,+008
+004,+008
+004,+008
+004,+008
+004,+008
+004,+008
+004,+008
+004,+008
+004,+008
+004,+008
+004,+010
+004,+010
+002,+010
+002,+010
+002,+010
+002,+010
+002,+010
+002,+010
+002,+010
+002,+010
+002,+010
+002,+010
+002,+010
+002,+010
+002,+010
+002,+010
+002,+010
+002,+010
+002,+010
+002,+010
+000,+010
+000,+012
+000,+012
+000,+012
+000,+012
+000,+012
+000,+012
+000,+012
+000,+012
+000,+012
+000,+012
+000,+012
+000,+012
+000,+012
+000,+012
+000,+012
+000,+012
+000,+012
+000,+012
+000,+012
+000,+012
+002,+012
+002,+012
+002,+014
+002,+014
+002,+014
+002,+014
+002,+014
+002,+014
+002,+014
+002,+014
+005,+014
+005,+014
+005,+014
+005,+014
+005,+014
+005,+014
+005,+014
+005,+014
+005,+014
+005,+014
+007,+014
+007,+014
+007,+014
+007,+014
+007,+014
+007,+016
+007,+016
+007,+016
+007,+016
+007,+016
+007,+016
+007,+016
+007,+016
+007,+016
+007,+018
+007,+018
+007,+018
+007,+018
+007,+018
+007,+018
+007,+018
+007,+018
+007,+018
+007,+018
+007,+018
+007,+018
+007,+018
+007,+020
+007,+020
+007,+020
+007,+020
+007,+020
+007,+020
+007,+020
+007,+020
+007,+020
+007,+020
+007,+020
+007,+020
+007,+020
+007,+020
+007,+020
+007,+020
+007,+020
+007,+020
+007,+020
+007,+020
+007,+020
+007,+020
+007,+020
+007,+020
+007,+020
+005,+018
+005,+018
+005,+018
+005,+018
+005,+018
+005,+018
+005,+018
+005,+018
+005,+018
+005,+018
+005,+018
+005,+018
+005,+018
+005,+018
+005,+018
+005,+018
+005,+018
+005,+018
+005,+018
+005,+016
+005,+016
+005,+016
+005,+016
+005,+016
+005,+016
+005,+016
+005,+016
+005,+016
+005,+014
+005,+014
+005,+014
+005,+014
+005,+014
+005,+014
+005,+014
+005,+012
+005,+012
+005,+012
+005,+012
+005,+012
+005,+012
+005,+010
+005,+010
+005,+010
+005,+010
+005,+010
+005,+010
+005,+010
+005,+010
+005,+010
+005,+010
+005,+010
+005,+010
+005,+010
+005,+010
+005,+010
+005,+010
+005,+010
+005,+010
+005,+008
+005,+008
+005,+008
+005,+008
+005,+008
+005,+008
+005,+008
+005,+008
+005,+008
+005,+008
+005,+008
+005,+008
+005,+008
+005,+008
+005,+008
+005,+008
+005,+008
+005,+008
+005,+008
+005,+008
+005,+006
+005,+006
+005,+006
+005,+006
+005,+006
+005,+006
+005,+006
+005,+006
+005,+006
+005,+006
+005,+006
+005,+006
+005,+006
+005,+006
+005,+006
+005,+006
+005,+006
+005,+006
+005,+006
+005,+006
+005,+006
+005,+006
+005,+006
+005,+006
+005,+006
+005,+006
+005,+006
+005,+006
+005,+006
+005,+006
+005,+006
+005,+004
+005,+004
+005,+004
+005,+004
+005,+004
+005,+004
+005,+004
+005,+004
+005,+004
+005,+004
+005,+002
+005,+002
+005,+002
+005,+002
+005,+002
+005,+002
+005,+002
+005,+002
+005,+002
+005,+002
+005,+000
+005,+000
+005,+000
+003,+000
+003,+000
+003,+000
+003,+000
+003,+000
+003,+000
+003,+000
+003,+000
+003,+000
+003,+000
+003,+000
+003,+000
+003,+000
+003,+000
+003,+000
+003,+000
+003,+000
+003,+000
+003,+000
+003,+000
+003,+000
+003,+000
+003,+000
+003,+000
+003,+000
+003,+000
+003,+000
+003,+002
+003,+002
+003,+002
+003,+002
+003,+002
+003,+002
+001,+002
+001,+002
+001,+002
+001,+002
+001,+002
+001,+002
+001,+002
+001,+002
+001,+002
+001,+002
+001,+002
+001,+002
+001,+002
+001,+002
+001,+002
+001,+002
+001,+002
+001,+002
+001,+002
+001,+002
+001,+002
+001,+002
+001,+002
+001,+002
+001,+002
+001,+002
+001,+002
+003,+002
+003,+002
+003,+002
+003,+002
+003,+002
+003,+002
+003,+002
+003,+002
+003,+002
+003,+002
+003,+002
+003,+002
+003,+002
+003,+002
+003,+002
+003,+002
+003,+002
+003,+002
+003,+002
+003,+002
+003,+002
+003,+002
+003,+002
+003,+002
+003,+002
+003,+002
+003,+002
+005,+002
+005,+002
+005,+002
+005,+002
+005,+002
+005,+002
+005,+002
+005,+002
+005,+002
+005,+002
+005,+002
+005,+002
+005,+002
+005,+002
+005,+002
+005,+002
+005,+002
+005,+002
+005,+002
+005,+002
+005,+002
+005,+002
+005,+002
+005,+002
+005,+002
+005,+002
+005,+002
+005,+002
+005,+002
+005,+002
+005,+002
+005,+002
+005,+002
+005,+002
+005,+002
+005,+002
+005,+002
+005,+002
+003,+002
+003,+002
+003,+002
+003,+002
+003,+002
+003,+002
+003,+002
+003,+002
+003,+002
+001,+002
+001,+004
+001,+004
+001,+004
+001,+004
+001,+004
+001,+004
+001,+004
+001,+004
+001,+004
+001,+004
+001,+004
+001,+004
+001,+004
+001,+004
+001,+004
+001,+004
+001,+004
+001,+004
+001,+004
+001,+004
+001,+004
+001,+004
+001,+004
+001,+004
+001,+004
+001,+004
+001,+004
+001,+004
+001,+004
+001,+004
+001,+004
+001,+004
+001,+004
+001,+004
+001,+004
+001,+004
+001,+006
+001,+006
+001,+006
+001,+006
+003,+006
+003,+006
+003,+006
+003,+006
+003,+006
+003,+006
+003,+006
+003,+006
+003,+006
+003,+006
+003,+006
+003,+006
+003,+006
+003,+006
+003,+006
+003,+006
+003,+006
+003,+006
+003,+006
+003,+006
+003,+006
+003,+006
+003,+006
+003,+006
+003,+006
+003,+006
+003,+006
+003,+006
+003,+006
+003,+008
+003,+008
+003,+008
+003,+008
+003,+008
+003,+008
+003,+008
+003,+008
+003,+008
+003,+008
+003,+008
+001,+008
+001,+008
+001,+008
+001,+008
+001,+008
+001,+008
+001,+008
+001,+008
+001,+008
+001,+008
+001,+008
+001,+008
+001,+008
+001,+008
+001,+008
+001,+008
+001,+008
+001,+008
+001,+008
+001,+008
+001,+008
+001,+008
+001,+008
+001,+008
+001,+008
+001,+008
+001,+008
+001,+008
+001,+008
+001,+008
+001,+008
+001,+008
+001,+008
+001,+008
+001,+008
+001,+008
+001,+008
+001,+008
+001,+008
+001,+008
+001,+008
+001,+008
+001,+008
+001,+008
+001,+008
+001,+008
+001,+008
+001,+008
+001,+008
+001,+008
+001,+008
+001,+008
+001,+008
+001,+008
+001,+008
+001,+006
+001,+006
+001,+006
+001,+006
+001,+006
+001,+006
+001,+006
+001,+006
+001,+006
+001,+006
+001,+006
+001,+006
+001,+006
+001,+006
+001,+006
+001,+006
+001,+006
+001,+006
+001,+006
+001,+006
+001,+006
+001,+006
+001,+006
+001,+006
+001,+006
+003,+006
+003,+006
+003,+006
+003,+006
+003,+006
+003,+006
+003,+006
+003,+006
+003,+006
+003,+006
+003,+006
+003,+006
+003,+006
+003,+006
+003,+006
+003,+006
+003,+006
+003,+006
+003,+006
+003,+006
+003,+006
+005,+006
+005,+006
+005,+006
+005,+006
+005,+006
+005,+006
+005,+006
+005,+006
+005,+006
+005,+006
+005,+006
+005,+006
+005,+006
+005,+006
+005,+006
+005,+006
+005,+006
+005,+006
+005,+006
+005,+006
+005,+006
+005,+006
+005,+006
+005,+006
+005,+006
+005,+006
+005,+006
+005,+006
+005,+006
+005,+006
+005,+006
+005,+004
+005,+004
+007,+004
+007,+004
+007,+004
+007,+004
+007,+004
+007,+004
+007,+004
+007,+004
+007,+004
+007,+004
+007,+004
+007,+004
+007,+004
+007,+002
+007,+002
+007,+002
+009,+002
+009,+002
+009,+002
+009,+002
+009,+002
+009,+002
+009,+002
+009,+002
+009,+002
+009,+002
+009,+002
+009,+002
+009,+002
+009,+002
+009,+000
+009,+000
+009,+000
+011,+000
+011,+000
+011,+000
+011,+000
+011,+000
+011,+000
+011,+000
+011,+002
+011,+002
+011,+002
+011,+002
+011,+002
+011,+002
+011,+002
+011,+002
+011,+002
+011,+002
+011,+002
+011,+002
+011,+002
+011,+002
+011,+002
+011,+002
+011,+004
+011,+004
+011,+004
+011,+004
+011,+004
+011,+004
+011,+004
+013,+004
+013,+004
+013,+004
+013,+004
+013,+004
+013,+004
+013,+006
+013,+006
+013,+006
+013,+006
+013,+006
+013,+006
+013,+006
+013,+006
+013,+006
+013,+006
+013,+006
+013,+006
+013,+006
+013,+006
+013,+006
+013,+006
+013,+006
+013,+006
+013,+006
+013,+006
+013,+006
+013,+006
+013,+006
+013,+006
+013,+006
+013,+006
+013,+006
+013,+006
+013,+006
+013,+006
+013,+006
+013,+006
+013,+006
+013,+006
+013,+006
+013,+006
+013,+006
+013,+006
+013,+006
+013,+006
+013,+008
+013,+008
+013,+008
+013,+008
+013,+008
+013,+008
+013,+008
+013,+008
+013,+008
+013,+008
+013,+008
+013,+008
+013,+008
+013,+008
+013,+008
+013,+008
+013,+008
+013,+008
+013,+008
+011,+008
+011,+008
+011,+008
+011,+008
+011,+008
+011,+008
+011,+008
+011,+008
+011,+008
+011,+008
+011,+008
+011,+008
+011,+008
+011,+008
+011,+008
+011,+008
+011,+008
+011,+008
+011,+008
+011,+008
+011,+008
+011,+008
+011,+008
+011,+006
+011,+006
+011,+006
+011,+006
+011,+006
+011,+006
+011,+006
+011,+006
+011,+006
+011,+006
+011,+006
+011,+004
+011,+004
+011,+004
+011,+004
+011,+004
+011,+004
+011,+004
+011,+004
+011,+004
+011,+004
+011,+004
+011,+004
+011,+004
+011,+004
+011,+004
+011,+004
+011,+004
+011,+004
+011,+004
+011,+004
+011,+004
+011,+004
+011,+004
+011,+004
+011,+004
+011,+004
+011,+004
+011,+004
+011,+004
+011,+004
+011,+004
+011,+004
+011,+004
+011,+004
+011,+004
+011,+004
+011,+004
+011,+004
+011,+004
+011,+004
+011,+004
+011,+004
+011,+004
+011,+004
+011,+004
+011,+004
+011,+004
+011,+004
+011,+004
+011,+004
+011,+004
+011,+004
+011,+004
+011,+004
+011,+004
+011,+004
+011,+002
+011,+002
+011,+002
+011,+002
+011,+002
+011,+002
+011,+002
+011,+002
+011,+002
+011,+002
+009,+002
+009,+002
+009,+002
+009,+002
+009,+002
+009,+002
+009,+002
+009,+002
+009,+002
+009,+002
+009,+002
+009,+002
+009,+002
+009,+002
+009,+002
+009,+002
+009,+002
+009,+002
+009,+002
+009,+002
+009,+002
+009,+002
+009,+002
+009,+002
+009,+002
+009,+002
+009,+002
+009,+002
+009,+002
+009,+002
+009,+000
+009,+000
+009,+000
+009,+000
+009,+000
+009,+000
+009,+000
+007,+000
+007,+000
+007,+000
+007,+000
+007,+000
+007,+000
+007,+000
+007,+000
+007,+000
+007,+000
+007,+000
+007,+000
+007,+000
+007,+000
+007,+000
+007,+000
+007,+000
+007,+000
+007,+000
+007,+000
+007,+000
+007,+000
+007,+000
+007,+000
+007,+000
+007,+000
+007,+000
+007,+000
+007,+000
+007,+000
+007,+002
+007,+002
+007,+002
+007,+002
+007,+002
+007,+002
+007,+002
+007,+002
+007,+002
+007,+002
+005,+002
+005,+002
+005,+002
+005,+002
+005,+002
+005,+002
+005,+002
+005,+002
+005,+002
+005,+002
+005,+002
+005,+002
+005,+002
+005,+002
+005,+002
+005,+002
+005,+002
+005,+002
+005,+002
+005,+002
+005,+002
+005,+002
+005,+002
+005,+002
+005,+002
+005,+002
+005,+002
+005,+002
+005,+002
+005,+002
+005,+002
+005,+002
+005,+002
+005,+002
+005,+002
+005,+002
+005,+002
+005,+002
+005,+002
+005,+002
+005,+002
+005,+002
+005,+002
+005,+002
+005,+002
+005,+002
+005,+002
+005,+002
+005,+002
+005,+002
+005,+002
+005,+002
+005,+002
+005,+002
+005,+002
+005,+002
+005,+002
+005,+002
+005,+002
+005,+002
+005,+002
+005,+002
+005,+000
+005,+000
+005,+000
+005,+000
+005,+000
+005,+000
+007,+000
+007,+000
+007,+000
+007,+000
+007,+000
+007,+000
+007,+000
+007,+000
+007,+000
+007,+000
+007,+000
+007,+000
+007,+000
+007,+000
+007,+000
+007,+000
+007,+000
+007,+000
+007,+000
+007,+000
+007,+000
+007,+002
+007,+002
+007,+002
+007,+002
+007,+002
+007,+002
+007,+002
+007,+002
+007,+002
+007,+002
+007,+002
+005,+002
+005,+002
+005,+002
+005,+002
+005,+002
+005,+002
+005,+002
+005,+002
+005,+002
+005,+002
+005,+002
+005,+002
+005,+002
+005,+002
+005,+002
+005,+002
+005,+002
+005,+002
+005,+002
+005,+002
+005,+002
+005,+002
+005,+002
+005,+002
+005,+002
+005,+002
+005,+002
+005,+002
+005,+004
+005,+004
+005,+004
+005,+004
+005,+004
+005,+004
+005,+004
+005,+004
+005,+004
+005,+004
+005,+004
+005,+004
+005,+004
+005,+004
+005,+004
+005,+004
+005,+004
+005,+004
+005,+004
+005,+004
+005,+004
+005,+004
+005,+004
+005,+004
+005,+004
+005,+004
+005,+004
+005,+004
+005,+004
+005,+004
+005,+004
+005,+004
+003,+004
+003,+004
+003,+004
+003,+004
+003,+004
+003,+006
+003,+006
+003,+006
+003,+006
+003,+006
+003,+006
+003,+006
+003,+006
+003,+006
+003,+006
+003,+006
+003,+006
+003,+006
+003,+006
+003,+006
+003,+006
+003,+006
+003,+006
+003,+006
+003,+008
+003,+008
+003,+008
+003,+008
+003,+008
+003,+008
+003,+008
+003,+008
+005,+008
+005,+008
+005,+008
+005,+010
+005,+010
+005,+010
+005,+010
+005,+010
+005,+010
+005,+010
+005,+010
+005,+010
+005,+010
+005,+010
+005,+010
+005,+010
+005,+012
+005,+012
+005,+012
+005,+012
+005,+012
+005,+012
+005,+012
+005,+014
+005,+014
+005,+014
+005,+014
+005,+014
+005,+014
+005,+014
+005,+014
+005,+014
+005,+016
+005,+016
+005,+016
+005,+016
+005,+016
+005,+016
+005,+016
+005,+016
+005,+016
+005,+016
+005,+016
+005,+016
+005,+016
+005,+016
+005,+016
+005,+016
+005,+016
+005,+016
+005,+016
+005,+016
+005,+016
+005,+016
+005,+016
+005,+016
+005,+016
+005,+016
+005,+016
+005,+016
+005,+016
+005,+016
+005,+016
+005,+016
+005,+016
+005,+016
+005,+016
+005,+016
+005,+016
+005,+016
+005,+016
+005,+016
+005,+016
+005,+016
+005,+016
+005,+016
+005,+016
+005,+016
+005,+016
+005,+016
+005,+016
+003,+016
+003,+016
+003,+016
+003,+016
+003,+016
+003,+016
+003,+016
+003,+016
+003,+016
+003,+016
+003,+016
+003,+016
+003,+016
+003,+016
+003,+016
+003,+016
+003,+016
+003,+016
+003,+016
+003,+016
+003,+016
+003,+016
+003,+016
+003,+016
+003,+016
+003,+016
+003,+016
+003,+016
+003,+016
+003,+016
+003,+016
+003,+016
+003,+016
+003,+016
+003,+016
+003,+016
+003,+016
+003,+016
+003,+016
+003,+016
+003,+016
+003,+016
+003,+016
+003,+016
+003,+016
+003,+016
+003,+016
+003,+016
+003,+016
+003,+016
+003,+016
+003,+016
+003,+016
+003,+016
+003,+016
+003,+016
+003,+016
+003,+016
+003,+016
+003,+016
+003,+016
+003,+016
+003,+016
+003,+016
+003,+018
+005,+018
+005,+018
+005,+018
+005,+018
+005,+018
+005,+018
+005,+018
+005,+018
+005,+018
+005,+018
+005,+018
+005,+018
+005,+018
+005,+018
+005,+018
+005,+018
+005,+018
+005,+018
+005,+020
+005,+020
+005,+020
+005,+020
+005,+020
+005,+020
+005,+020
+005,+020
+005,+020
+005,+020
+005,+020
+005,+020
+005,+022
+005,+022
+005,+022
+005,+022
+005,+022
+005,+022
+005,+022
+005,+024
+005,+024
+005,+024
+005,+024
+005,+024
+005,+024
+005,+024
+005,+026
+005,+026
+005,+026
+005,+026
+005,+026
+005,+026
+005,+026
+005,+026
+005,+026
+005,+028
+005,+028
+005,+028
+005,+028
+005,+028
+005,+028
+005,+028
+005,+028
+005,+028
+005,+028
+005,+028
+005,+028
+005,+028
+005,+028
+005,+028
+005,+028
+005,+028
+005,-029
+005,-029
+005,-029
+005,-029
+005,-029
+005,-029
+005,-029
+005,-029
+005,-029
+005,-030
+005,-030
+003,-030
+003,-030
+003,-030
+003,-030
+003,-030
+003,-030
+003,-031
+003,-031
+003,-031
+003,-031
+003,-031
+003,-031
+003,-031
+003,-031
+003,-031
+003,-031
+003,-031
+003,-031
+003,-031
+003,-031
+003,-031
+003,-031
+003,-031
+003,-031
+003,-031
+003,-031
+003,-031
+003,-031
+003,-031
+003,-031
+003,-031
+003,-031
+001,-031
+001,-031
+001,-031
+001,-031
+001,-031
+001,+028
+001,+028
+001,+028
+001,+028
+001,+028
+001,+028
+001,+028
+001,+028
+001,+026
+001,+026
+001,+026
+001,+026
+001,+026
+001,+026
+001,+024
+001,+024
+001,+024
+001,+024
+001,+024
+001,+024
+001,+024
+001,+024
+001,+024
+001,+024
+001,+022
+001,+022
+001,+022
+003,+022
+003,+022
+003,+022
+003,+022
+003,+022
+003,+022
+003,+022
+003,+022
+003,+022
+003,+022
+003,+022
+003,+022
+003,+022
+003,+022
+003,+022
+003,+022
+003,+022
+003,+022
+003,+022
+003,+022
+003,+022
+003,+022
+003,+022
+003,+022
+003,+022
+003,+022
+003,+022
+003,+022
+003,+022
+003,+022
+003,+022
+003,+022
+003,+022
+003,+022
+003,+022
+003,+022
+003,+022
+003,+022
+003,+022
+003,+022
+003,+022
+003,+022
+003,+022
+003,+022
+003,+024
+003,+024
+003,+024
+003,+024
+003,+024
+003,+024
+003,+024
+003,+024
+003,+024
+003,+024
+003,+024
+003,+024
+003,+024
+003,+024
+003,+024
+003,+024
+003,+024
+003,+026
+003,+026
+003,+026
+003,+026
+003,+026
+003,+026
+003,+026
+003,+026
+003,+026
+003,+026
+003,+026
+003,+026
+003,+026
+003,+026
+003,+026
+003,+026
+003,+026
+001,+026
+001,+026
+001,+026
+001,+026
+001,+028
+001,+028
+001,+028
+001,+028
+001,+028
+001,+028
+001,+028
+001,+028
+001,+028
+001,+028
+001,+028
+001,+028
+001,+028
+001,+028
+001,+028
+001,+028
+001,+028
+001,+028
+001,+028
+001,+028
+001,+028
+001,+028
+001,+028
+001,+028
+001,+028
+001,+028
+001,+028
+001,+028
+001,+028
+001,+028
+001,+028
+001,+028
+001,+028
+003,+028
+003,+028
+003,+028
+003,+028
+003,+028
+003,+028
+003,+028
+003,+028
+003,+028
+003,+028
+003,+028
+003,+028
+003,+028
+003,+028
+003,+028
+003,+028
+003,+028
+003,+028
+003,+028
+003,+028
+003,+028
+003,+028
+003,+028
+003,+028
+003,+028
+003,+028
+003,+028
+003,+028
+003,+028
+003,+028
+003,+028
+003,+028
+003,+028
+003,+028
+003,+028
+003,+028
+003,+028
+005,+028
+005,+028
+005,+028
+005,+028
+005,+028
+005,+028
+005,+028
+005,+028
+005,+028
+005,+028
+005,+028
+005,+028
+005,+028
+005,+028
+005,+028
+005,+028
+005,+028
+005,+028
+005,+028
+005,+026
+005,+026
+005,+026
+005,+026
+005,+026
+005,+026
+005,+026
+005,+026
+005,+026
+005,+026
+005,+026
+005,+026
+005,+026
+005,+026
+005,+026
+005,+026
+005,+026
+005,+026
+005,+026
+005,+024
+005,+024
+005,+024
+005,+024
+005,+024
+007,+024
+007,+024
+007,+024
+007,+024
+007,+024
+007,+024
+007,+022
+007,+022
+007,+022
+007,+022
+007,+022
+007,+022
+005,+022
+005,+022
+005,+022
+005,+020
+005,+020
+005,+020
+005,+020
+005,+020
+005,+020
+005,+020
+005,+020
+005,+020
+005,+020
+005,+020
+005,+020
+005,+020
+005,+020
+005,+020
+005,+020
+005,+020
+005,+020
+005,+020
+005,+020
+005,+020
+005,+020
+005,+020
+005,+020
+005,+020
+005,+020
+005,+020
+005,+020
+005,+020
+005,+020
+005,+018
+005,+018
+005,+018
+005,+018
+005,+018
+005,+018
+005,+018
+005,+018
+005,+018
+005,+018
+005,+016
+005,+016
+005,+016
+005,+016
+005,+016
+005,+016
+005,+016
+005,+016
+005,+016
+005,+016
+005,+016
+005,+016
+005,+016
+005,+016
+005,+016
+005,+016
+007,+014
+007,+014
+007,+014
+007,+014
+007,+014
+007,+014
+007,+014
+007,+014
+007,+016
+007,+016
+007,+016
+007,+016
+007,+016
+007,+016
+007,+016
+007,+016
+007,+016
+007,+016
+007,+016
+007,+016
+007,+016
+007,+016
+007,+016
+007,+016
+007,+016
+007,+016
+007,+016
+009,+016
+009,+016
+009,+016
+009,+016
+009,+016
+009,+016
+009,+016
+009,+016
+009,+016
+009,+016
+009,+016
+009,+016
+009,+016
+009,+016
+009,+016
+009,+016
+009,+016
+009,+016
+009,+016
+009,+016
+009,+016
+009,+016
+009,+018
+011,+018
+011,+018
+011,+018
+011,+018
+011,+018
+011,+018
+011,+018
+011,+018
+011,+018
+011,+018
+011,+018
+011,+018
+011,+018
+011,+018
+011,+018
+011,+018
+011,+018
+011,+018
+011,+018
+011,+018
+011,+018
+011,+018
+011,+018
+011,+020
+011,+020
+011,+020
+011,+020
+011,+020
+011,+020
+011,+020
+011,+020
+011,+020
+011,+020
+011,+020
+011,+020
+011,+020
+011,+022
+011,+022
+011,+022
+011,+022
+011,+022
+011,+022
+011,+022
+011,+022
+011,+022
+011,+022
+011,+022
+011,+022
+011,+022
+011,+022
+011,+022
+011,+022
+011,+022
+011,+022
+011,+022
+011,+022
+011,+022
+011,+022
+011,+022
+011,+022
+011,+024
+011,+024
+011,+024
+011,+024
+011,+024
+011,+024
+011,+024
+011,+024
+011,+024
+011,+024
+011,+024
+011,+024
+011,+024
+011,+024
+011,+024
+011,+024
+011,+024
+011,+024
+011,+024
+011,+024
+011,+024
+011,+024
+011,+024
+011,+024
+011,+024
+011,+024
+011,+024
+011,+024
+011,+024
+011,+024
+011,+024
+011,+024
+011,+024
+011,+024
+011,+024
+011,+024
+011,+024
+011,+024
+011,+024
+011,+024
+011,+024
+011,+024
+011,+024
+011,+024
+011,+024
+011,+024
+011,+024
+011,+024
+011,+024
+011,+024
+011,+024
+011,+024
+011,+024
+011,+024
+011,+024
+011,+024
+011,+024
+011,+024
+011,+024
+011,+024
+011,+024
+009,+022
+009,+022
+009,+022
+009,+022
+009,+022
+009,+022
+009,+022
+009,+022
+009,+022
+009,+022
+009,+022
+009,+022
+009,+022
+009,+022
+009,+022
+009,+022
+009,+022
+007,+020
+007,+020
+007,+020
+007,+020
+007,+020
+007,+020
+007,+020
+007,+020
+007,+020
+007,+020
+007,+020
+007,+020
+007,+020
+007,+020
+007,+020
+007,+020
+007,+020
+007,+020
+007,+020
+007,+020
+005,+020
+005,+020
+005,+020
+005,+018
+005,+018
+005,+018
+005,+018
+005,+018
+005,+018
+005,+018
+005,+018
+005,+018
+005,+018
+005,+018
+005,+018
+005,+018
+005,+018
+005,+018
+005,+018
+005,+018
+005,+018
+005,+018
+003,+018
+003,+018
+003,+018
+003,+018
+003,+018
+003,+018
+003,+018
+003,+018
+003,+018
+003,+018
+003,+018
+003,+018
+003,+018
+003,+018
+003,+018
+003,+018
+003,+018
+003,+018
+003,+018
+003,+018
+003,+018
+003,+018
+003,+018
+003,+018
+003,+018
+003,+018
+003,+018
+003,+018
+003,+018
+003,+018
+003,+018
+003,+018
+003,+018
+003,+018
+003,+018
+003,+018
+003,+018
+003,+018
+003,+018
+005,+018
+005,+018
+005,+018
+005,+018
+005,+018
+005,+018
+005,+018
+005,+018
+005,+018
+005,+018
+005,+018
+005,+018
+005,+018
+005,+018
+005,+018
+005,+018
+005,+018
+005,+018
+005,+018
+005,+018
+005,+018
+005,+018
+005,+018
+005,+018
+005,+018
+005,+018
+005,+018
+005,+018
+005,+018
+005,+018
+005,+018
+005,+018
+005,+018
+005,+018
+005,+018
+005,+018
+005,+018
+005,+018
+005,+018
+005,+018
+005,+018
+005,+018
+005,+018
+005,+018
+005,+018
+005,+018
+005,+018
+005,+018
+005,+018
+005,+018
+005,+018
+005,+018
+005,+018
+005,+018
+005,+020
+005,+020
+005,+020
+005,+020
+005,+020
+005,+020
+005,+020
+005,+020
+005,+020
+005,+020
+005,+020
+005,+020
+005,+020
+005,+020
+005,+020
+005,+020
+005,+020
+005,+020
+005,+020
+005,+020
+005,+020
+005,+020
+005,+020
+005,+020
+005,+020
+005,+020
+005,+020
+005,+020
+005,+020
+005,+020
+005,+020
+005,+020
+005,+020
+005,+020
+005,+020
+005,+020
+005,+022
+005,+022
+005,+022
+005,+022
+005,+022
+005,+022
+005,+022
+005,+022
+005,+022
+005,+022
+005,+022
+005,+022
+005,+022
+005,+022
+005,+022
+005,+022
+005,+022
+005,+022
+005,+022
+005,+022
+005,+022
+005,+022
+005,+022
+005,+022
+005,+022
+005,+022
+005,+022
+005,+022
+005,+022
+005,+022
+005,+022
+005,+022
+005,+022
+005,+022
+005,+022
+005,+022
+005,+022
+005,+022
+005,+022
+005,+022
+005,+022
+005,+022
+005,+022
+005,+022
+005,+022
+005,+022
+005,+022
+005,+022
+005,+022
+005,+022
+005,+022
+005,+022
+005,+022
+005,+022
+005,+022
+005,+022
+005,+022
+005,+022
+005,+022
+005,+022
+005,+022
+005,+022
+005,+022
+005,+022
+005,+022
+005,+022
+005,+022
+005,+022
+005,+022
+005,+022
+005,+022
+005,+022
+005,+022
+005,+022
+005,+022
+003,+022
+003,+022
+003,+022
+003,+022
+003,+022
+003,+022
+003,+022
+003,+022
+003,+022
+003,+022
+003,+022
+003,+022
+003,+022
+003,+022
+003,+022
+003,+022
+003,+022
+003,+022
+003,+022
+003,+022
+003,+022
+003,+022
+003,+022
+003,+022
+003,+022
+003,+022
+003,+022
+003,+022
+003,+022
+003,+022
+003,+022
+003,+022
+003,+022
+003,+022
+003,+022
+003,+022
+003,+022
+003,+022
+003,+022
+003,+022
+003,+022
+003,+022
+003,+022
+003,+022
+003,+022
+003,+022
+003,+022
+003,+022
+003,+022
+003,+022
+003,+024
+003,+024
+003,+024
+003,+024
+003,+024
+003,+024
+003,+024
+003,+024
+003,+024
+003,+024
+003,+024
+003,+024
+003,+024
+003,+024
+003,+024
+003,+024
+003,+024
+003,+024
+003,+024
+003,+024
+003,+024
+003,+024
+003,+024
+003,+024
+003,+024
+003,+024
+003,+024
+003,+024
+003,+026
+003,+026
+003,+026
+003,+026
+003,+026
+003,+026
+003,+026
+003,+026
+003,+026
+003,+026
+003,+026
+003,+026
+003,+026
+003,+026
+003,+026
+003,+026
+001,+026
+001,+026
+001,+026
+001,+026
+001,+026
+001,+026
+001,+026
+001,+026
+001,+026
+001,+026
+001,+026
+001,+026
+001,+026
+001,+026
+001,+026
+001,+026
+001,+026
+001,+026
+001,+026
+001,+026
+001,+026
+001,+026
+001,+026
+001,+026
+001,+026
+001,+026
+001,+026
+001,+026
+001,+026
+001,+026
+001,+026
+001,+026
+001,+026
+001,+024
+001,+024
+001,+024
+001,+024
+001,+024
+001,+024
+001,+024
+001,+024
+001,+024
+001,+024
+001,+024
+001,+024
+001,+024
+001,+024
+001,+024
+001,+024
+001,+024
+001,+024
+001,+024
+001,+024
+001,+024
+001,+024
+001,+024
+001,+024
+001,+024
+001,+024
+001,+024
+001,+024
+001,+024
+001,+024
+001,+024
+001,+024
+001,+024
+001,+024
+001,+024
+001,+024
+001,+024
+001,+024
+001,+024
+001,+024
+001,+024
+001,+024
+001,+024
+001,+024
+001,+024
+001,+024
+001,+024
+001,+024
+001,+024
+001,+024
+001,+024
+001,+024
+001,+024
+001,+024
+001,+024
+001,+024
+001,+024
+001,+024
+001,+024
+001,+024
+001,+024
+001,+024
+001,+024
+001,+024
+001,+024
+001,+024
+001,+024
+001,+024
+001,+026
+001,+026
+001,+026
+001,+026
+001,+026
+001,+026
+001,+026
+001,+026
+001,+026
+003,+026
+003,+026
+003,+026
+003,+026
+003,+026
+003,+026
+003,+026
+003,+026
+003,+026
+003,+026
+003,+026
+003,+026
+003,+026
+003,+026
+003,+026
+003,+026
+003,+026
+003,+026
+003,+026
+003,+026
+003,+028
+003,+028
+003,+028
+003,+028
+003,+028
+003,+028
+003,+028
+003,+028
+003,+028
+003,+028
+003,+028
+003,+028
+005,+028
+005,+028
+005,+028
+005,+028
+005,+028
+005,+028
+005,+028
+005,+028
+005,+028
+005,+028
+005,+028
+005,+028
+005,+028
+005,-029
+005,-029
+005,-029
+005,-029
+005,-029
+005,-029
+005,-029
+005,-029
+005,-029
+005,-029
+005,-029
+005,-029
+005,-029
+005,-029
+005,-029
+005,-029
+005,-029
+005,-030
+005,-030
+005,-030
+005,-030
+005,-030
+005,-030
+005,-030
+005,-030
+005,-030
+005,-030
+005,-030
+005,-030
+005,-030
+005,-030
+005,-030
+005,-030
+005,-030
+005,-030
+005,-030
+005,-030
+005,-030
+005,-030
+005,-030
+005,-030
+005,-030
+005,-030
+005,-030
+005,-030
+005,-030
+005,-030
+005,-030
+005,-030
+005,-030
+005,-030
+005,-030
+005,-030
+005,-030
+005,-030
+005,-030
+005,-030
+005,-030
+005,-030
+005,-030
+005,-030
+005,-030
+005,-030
+005,-030
+005,-030
+005,-030
+005,-030
+005,-030
+005,-030
+005,-030
+005,-030
+005,-030
+005,-030
+005,-030
+005,-030
+005,-030
+005,-030
+005,-030
+005,-030
+005,-030
+005,-030
+005,-030
+005,-030
+005,-030
+005,-030
+005,-030
+005,-030
+005,-030
+005,-030
+005,-030
+005,-030
+005,-030
+005,+028
+005,+028
+005,+028
+003,+028
+003,+028
+003,+028
+003,+028
+003,+028
+003,+028
+003,+028
+003,+028
+003,+028
+003,+028
+003,+028
+003,+028
+003,+028
+003,+028
+003,+028
+003,+028
+003,+028
+003,+028
+003,+028
+003,-029
+003,-029
+003,-029
+003,-029
+003,-029
+003,-029
+003,-029
+003,-029
+003,-029
+003,-029
+003,-029
+003,-029
+003,-029
+003,-029
+003,-029
+003,-029
+001,-029
+001,-029
+001,-029
+001,-029
+001,-029
+001,-029
+001,-029
+001,-029
+001,-029
+001,-029
+001,-029
+001,-029
+001,-029
+001,-029
+001,-029
+001,-029
+001,-029
+001,-029
+001,-029
+001,-029
+001,-029
+001,-029
+001,-029
+001,-029
+001,-029
+001,-029
+001,-029
+001,-029
+001,-029
+001,-029
+001,-029
+001,-029
+001,-029
+001,-029
+001,-029
+001,-029
+001,-029
+001,-029
+001,-029
+001,-029
+001,-029
+001,-029
+001,-029
+001,-029
+001,-029
+001,-029
+001,-029
+001,-029
+001,-029
+001,-029
+001,-029
+001,-029
+001,-029
+001,-029
+001,-029
+001,-029
+001,-029
+001,-029
+001,-029
+001,-029
+001,-029
+001,-029
+001,+027
+001,+027
+001,+027
+001,+027
+001,+027
+001,+027
+001,+027
+001,+027
+001,+027
+001,+027
+001,+027
+001,+027
+001,+027
+001,+027
+001,+027
+001,+027
+001,+027
+001,+027
+001,+027
+001,+027
+001,+027
+001,+027
+001,+027
+001,+027
+001,+027
+001,+027
+001,+027
+001,+027
+001,+027
+001,+027
+001,+027
+001,+027
+001,+027
+001,+027
+001,+027
+001,+027
+001,+025
+001,+025
+001,+025
+001,+025
+001,+025
+001,+025
+001,+025
+001,+025
+001,+025
+001,+025
+001,+025
+001,+025
+001,+025
+001,+025
+001,+025
+001,+025
+001,+025
+001,+025
+001,+025
+001,+025
+001,+025
+001,+025
+001,+025
+001,+025
+001,+025
+001,+025
+001,+025
+001,+025
+001,+025
+001,+025
+001,+025
+001,+025
+001,+025
+001,+025
+001,+025
+001,+025
+001,+025
+001,+025
+001,+025
+001,+025
+001,+025
+001,+025
+001,+025
+001,+025
+001,+025
+001,+025
+001,+025
+001,+025
+001,+025
+001,+025
+001,+025
+001,+025
+001,+025
+001,+025
+001,+025
+001,+025
+001,+025
+001,+025
+001,+025
+001,+025
+001,+025
+001,+025
+001,+025
+001,+025
+001,+025
+001,+025
+001,+025
+001,+023
+001,+023
+001,+023
+001,+023
+001,+023
+001,+023
+001,+023
+001,+023
+001,+023
+001,+023
+001,+023
+001,+023
+001,+023
+001,+023
+001,+023
+001,+023
+001,+023
+001,+021
+001,+021
+001,+021
+001,+021
+001,+021
+001,+021
+001,+021
+001,+021
+001,+021
+001,+021
+001,+021
+001,+021
+001,+021
+001,+021
+001,+021
+001,+021
+001,+021
+001,+021
+001,+021
+001,+021
+001,+021
+001,+021
+001,+021
+001,+021
+001,+021
+001,+021
+001,+021
+001,+021
+001,+021
+001,+021
+001,+021
+001,+021
+001,+021
+001,+021
+001,+021
+001,+021
+001,+021
+001,+021
+001,+021
+001,+021
+001,+021
+001,+021
+001,+021
+001,+021
+001,+021
+001,+021
+001,+021
+001,+021
+001,+021
+001,+021
+001,+021
+001,+021
+001,+021
+001,+021
+001,+021
+001,+021
+001,+021
+001,+021
+001,+021
+001,+021
+001,+021
+001,+021
+001,+021
+001,+021
+001,+021
+001,+021
+001,+021
+001,+021
+001,+021
+001,+021
+001,+021
+001,+021
+001,+021
+001,+021
+001,+021
+001,+021
+001,+021
+001,+021
+001,+021
+001,+021
+001,+021
+001,+021
+001,+021
+001,+021
+001,+021
+001,+021
+001,+021
+001,+021
+001,+021
+001,+021
+001,+021
+001,+021
+001,+021
+001,+021
+001,+021
+001,+021
+001,+021
+001,+021
+001,+019
+001,+019
+001,+019
+001,+019
+001,+019
+001,+019
+001,+019
+001,+019
+001,+019
+001,+019
+001,+019
+001,+019
+001,+019
+001,+019
+001,+019
+001,+019
+001,+019
+001,+019
+001,+019
+001,+019
+001,+019
+001,+019
+001,+019
+001,+019
+001,+019
+001,+019
+001,+019
+001,+019
+001,+019
+001,+019
+001,+019
+001,+019
+001,+019
+001,+019
+001,+019
+001,+019
+001,+019
+001,+019
+001,+019
+001,+019
+001,+019
+001,+019
+001,+019
+001,+019
+001,+019
+001,+019
+001,+019
+001,+019
+001,+017
+001,+017
+001,+017
+001,+017
+001,+017
+001,+017
+001,+017
+001,+017
+001,+017
+001,+017
+001,+017
+001,+017
+001,+017
+001,+017
+001,+017
+001,+017
+001,+017
+001,+017
+001,+017
+001,+017
+001,+017
+001,+017
+001,+017
+001,+017
+001,+017
+001,+017
+001,+017
+001,+017
+001,+017
+001,+017
+001,+017
+001,+017
+001,+017
+001,+017
+001,+017
+001,+017
+001,+017
+001,+017
+001,+017
+001,+017
+001,+017
+001,+017
+001,+017
+001,+017
+001,+017
+001,+017
+001,+017
+001,+017
+001,+017
+001,+017
+001,+017
+001,+017
+001,+017
+001,+017
+001,+017
+001,+017
+001,+017
+001,+017
+001,+017
+001,+017
+001,+017
+001,+017
+001,+017
+001,+017
+001,+017
+001,+017
+001,+017
+001,+017
+001,+017
+001,+017
+001,+017
+001,+017
+001,+017
+001,+017
+001,+017
+001,+017
+001,+017
+001,+017
+001,+017
+001,+017
+001,+017
+001,+017
+001,+017
+001,+017
+001,+017
+001,+017
+001,+017
+001,+015
+001,+015
+001,+015
+001,+015
+001,+015
+001,+015
+001,+015
+001,+015
+001,+015
+001,+015
+001,+015
+001,+015
+001,+015
+001,+015
+001,+015
+001,+015
+001,+015
+001,+015
+001,+015
+001,+015
+001,+015
+001,+015
+001,+015
+001,+017
+001,+017
+001,+017
+001,+017
+001,+017
+001,+017
+001,+017
+001,+017
+001,+017
+001,+017
+001,+017
+001,+017
+001,+017
+001,+017
+001,+017
+001,+017
+001,+017
+001,+017
+001,+017
+001,+017
+001,+017
+001,+017
+001,+017
+001,+017
+001,+017
+001,+017
+001,+017
+001,+017
+001,+017
+001,+017
+001,+017
+001,+017
+001,+017
+001,+017
+001,+017
+001,+019
+001,+019
+001,+019
+001,+019
+001,+019
+001,+019
+001,+019
+001,+019
+001,+019
+001,+019
+001,+019
+001,+019
+001,+019
+001,+019
+001,+019
+001,+019
+001,+019
+001,+019
+001,+019
+001,+019
+001,+019
+001,+021
+001,+021
+001,+021
+001,+021
+001,+021
+001,+021
+001,+021
+001,+021
+001,+021
+001,+021
+001,+021
+001,+021
+001,+021
+001,+021
+001,+021
+001,+021
+001,+021
+001,+021
+001,+021
+001,+021
+001,+021
+001,+021
+001,+021
+001,+021
+001,+021
+001,+021
+001,+021
+001,+021
+001,+021
+001,+021
+001,+021
+001,+021
+001,+021
+001,+021
+001,+021
+001,+021
+001,+021
+001,+021
+001,+021
+001,+021
+001,+021
+001,+021
+001,+021
+001,+021
+001,+021
+001,+021
+001,+021
+001,+021
+001,+021
+001,+021
+001,+021
+001,+021
+001,+021
+001,+021
+001,+021
+001,+021
+001,+021
+001,+021
+001,+021
+001,+021
+001,+021
+001,+021
+001,+021
+001,+021
+001,+021
+001,+021
+001,+021
+001,+021
+001,+021
+001,+021
+001,+021
+001,+023
+001,+023
+001,+023
+001,+023
+001,+023
+001,+023
+001,+023
+001,+023
+001,+023
+001,+023
+001,+023
+001,+023
+001,+023
+001,+023
+001,+023
+001,+023
+001,+023
+001,+023
+001,+023
+001,+023
+001,+023
+001,+023
+001,+023
+001,+023
+001,+023
+001,+023
+001,+023
+001,+023
+001,+023
+001,+023
+001,+023
+001,+023
+001,+023
+001,+023
+001,+023
+001,+023
+001,+023
+001,+023
+001,+025
+001,+025
+001,+025
+001,+025
+001,+025
+001,+025
+001,+025
+001,+025
+001,+025
+001,+025
+001,+025
+001,+025
+001,+025
+001,+025
+001,+025
+001,+025
+001,+025
+001,+025
+001,+025
+001,+025
+001,+025
+001,+025
+001,+025
+001,+025
+001,+025
+001,+025
+001,+025
+001,+025
+001,+025
+001,+025
+001,+025
+001,+025
+001,+025
+001,+025
+001,+025
+001,+025
+001,+025
+001,+025
+001,+025
+001,+025
+001,+025
+001,+025
+001,+025
+001,+025
+001,+025
+001,+025
+001,+025
+001,+025
+001,+025
+001,+025
+001,+025
+001,+025
+001,+025
+001,+025
+001,+025
+001,+025
+001,+025
+001,+025
+001,+025
+001,+025
+001,+025
+001,+025
+001,+025
+001,+025
+001,+025
+001,+025
+001,+025
+001,+025
+001,+025
+001,+025
+001,+025
+001,+025
+001,+023
+001,+023
+001,+023
+001,+023
+001,+023
+001,+023
+001,+023
+001,+023
+001,+023
+001,+023
+001,+023
+001,+023
+001,+023
+001,+023
+001,+023
+001,+023
+001,+023
+001,+023
+001,+023
+001,+023
+001,+023
+001,+023
+001,+023
+001,+023
+001,+023
+001,+023
+001,+023
+001,+023
+001,+023
+001,+023
+001,+023
+001,+023
+001,+023
+001,+023
+001,+023
+001,+023
+001,+023
+001,+023
+001,+023
+001,+023
+001,+023
+001,+023
+001,+023
+001,+023
+001,+023
+001,+023
+001,+023
+001,+023
+001,+023
+001,+023
+001,+023
+001,+023
+001,+023
+001,+023
+001,+023
+001,+023
+001,+023
+001,+023
+001,+023
+001,+023
+001,+023
+001,+023
+001,+023
+001,+023
+001,+023
+001,+023
+001,+023
+001,+023
+001,+023
+001,+023
+001,+023
+001,+023
+001,+023
+001,+023
+001,+023
+001,+023
+001,+023
+001,+023
+001,+023
+001,+023
+001,+023
+001,+023
+001,+023
+001,+023
+001,+023
+001,+023
+001,+023
+001,+023
+001,+023
+001,+025
+001,+025
+001,+025
+001,+025
+001,+025
+001,+025
+001,+025
+001,+025
+001,+025
+001,+025
+001,+025
+001,+025
+001,+025
+001,+025
+001,+025
+001,+025
+001,+025
+001,+025
+001,+025
+001,+025
+001,+025
+001,+025
+001,+025
COP Area(S): 000246
COP Area(R): 000758