-000,-000
-000,-000
-000,-000
-000,-001
-000,-001
-000,-001
-000,-001
-000,-001
-000,-001
-000,-001
-000,-001
-000,-001
-000,-001
-000,-001
-000,-001
-000,-001
-000,-001
-000,-001
-000,-001
-000,-001
-000,-001
-000,-001
-000,-001
-000,-001
-000,-001
-000,-001
-000,-001
-000,-001
-000,-001
-000,-001
-000,-001
-000,-001
-000,-001
-000,-001
-000,-001
-000,-001
-000,-001
-000,-001
-000,-001
-000,-001
-000,-001
-000,-001
-000,-001
-000,-001
-000,-001
-000,-001
-000,-001
-000,-001
-000,-001
-000,-001
-000,-001
-000,-001
-000,-001
-000,-001
-000,-001
-000,-001
-000,-001
-000,-001
-000,-001
-000,-001
-000,-001
-000,-001
-000,-001
-000,-001
-000,-001
-000,-001
-000,-001
-000,-001
-000,-001
-000,-001
-000,-001
-000,-001
-000,-001
-000,-001
-000,-001
-000,-001
-000,-001
-000,-001
-000,-001
-000,-001
-000,-001
-000,-001
-000,-001
-000,-001
-000,-001
-000,-001
-000,-001
-000,-001
-000,-001
-000,-002
-000,-002
-000,-002
-000,-002
-000,-002
-000,-002
-000,-002
-000,-002
-000,-002
-000,-002
-000,-002
-000,-002
-000,-002
-000,-002
-000,-002
-000,-002
-000,-002
-000,-002
-000,-002
-000,-002
-000,-002
-000,-002
-000,-002
-000,-002
-000,-002
-000,-002
-000,-001
-000,-001
-000,-001
-000,-001
-000,-001
-000,-000
-000,-000
-000,-000
-000,-001
-000,-001
-000,-001
-000,-001
-003,-002
-002,-002
-002,-002
-002,-002
-002,-002
-002,-002
-002,-002
-002,-003
-002,-003
-002,-003
-002,-003
-002,-003
-002,-003
-002,-003
-002,-003
-002,-004
-002,-004
-002,-004
-002,-004
-002,-004
-002,-004
-002,-004
-002,-004
-002,-005
-002,-005
-002,-005
-002,-005
-002,-005
-002,-005
-002,-005
-002,-005
-002,-005
-002,-005
-002,-005
-002,-005
-002,-005
-002,-005
-002,-005
-002,-005
-002,-005
-002,-005
-002,-005
-002,-005
-002,-005
-002,-005
-002,-005
-002,-005
-002,-005
-002,-005
-002,-005
-002,-005
-002,-005
-002,-005
-002,-005
-002,-005
-002,-005
-002,-005
-002,-005
-002,-005
-002,-005
-005,-005
-004,-005
-004,-005
-004,-005
-004,-005
-004,-005
-004,-005
-004,-005
-004,-005
-004,-005
-004,-005
-003,-005
-003,-005
-003,-005
-003,-005
-003,-005
-003,-005
-003,-005
-003,-005
-003,-005
-003,-005
-003,-005
-003,-005
-003,-005
-003,-002
-002,-002
-002,-002
-002,-002
-002,-002
-002,-002
-002,-002
-002,-002
-002,-002
-002,-002
-002,-002
-001,-002
-001,-002
-001,-002
-001,-002
-001,-002
-001,-002
-001,-002
-001,-002
-001,-002
-001,-002
-001,-002
-001,-002
-001,-002
-001,-001
-001,-000
-001,-000
-001,-000
-001,-000
-001,-000
-001,-000
-001,-000
-001,-000
-001,-000
-001,-000
-000,-000
-000,-000
-000,-000
-000,-000
-000,-000
-000,-000
-000,-000
-000,-000
-000,-000
-000,-000
-000,-000
-000,-000
-000,-000
-000,-000
-000,-000
-000,-000
-000,-000
-000,-000
-000,-000
-000,-000
-000,-000
-000,-000
-000,-000
-000,-000
-000,-000
-000,-000
-000,-000
-000,-000
-000,-000
-000,-000
-000,-000
-000,-000
-000,-000
-000,-000
-000,-000
-000,-000
-000,-000
-000,-000
-000,-000
-000,-003
-000,-003
-000,-002
-000,-002
-000,-002
-000,-002
-000,-002
-000,-002
-000,-002
-000,-002
-000,-002
-000,-002
-000,-002
-000,-002
-000,-002
-000,-002
-000,-002
-000,-002
-000,-002
-000,-005
-000,-005
-000,-005
-000,-005
-000,-005
-000,-005
-000,-005
-000,-005
-000,-005
-000,-005
-000,-005
-000,-005
-000,-005
-000,-005
-000,-005
-000,-005
-003,-005
-002,-005
-002,-005
-002,-005
-002,-005
-002,-008
-002,-007
-002,-007
-002,-007
-002,-007
-002,-007
-002,-007
-002,-007
-002,-007
-002,-007
-002,-007
-002,-007
-002,-007
-002,-007
-002,-007
-002,-007
-002,-007
-002,-007
-002,-007
-002,-007
-002,-007
-002,-007
-002,-007
-002,-007
-002,-007
-002,-007
-002,-007
-002,-007
-002,-007
-002,-007
-002,-007
-002,-007
-002,-007
-002,-007
-002,-007
-002,-007
-002,-007
-002,-007
-002,-006
-002,-006
-002,-005
-002,-005
-002,-005
-002,-005
-002,-004
-002,-004
-002,-004
-002,-004
-002,-004
-002,-004
-002,-004
-002,-004
-002,-003
-002,-003
-002,-003
-002,-003
-002,-003
-002,-003
-002,-003
-002,-003
-002,-003
-002,-003
-002,-002
-002,-002
-002,-002
-002,-002
-002,-002
-002,-002
-002,-002
-002,-002
-002,-002
-002,-002
-002,-002
-002,-002
-002,-002
-002,-002
-002,-002
-002,-002
-002,-002
-002,-002
-001,-002
-001,-002
-001,-002
-001,-002
-001,-002
-001,-002
-001,-002
-001,-002
-001,-002
-001,-002
-001,-002
-001,-002
-001,-002
-001,-002
-001,-002
-001,-002
-001,-002
-001,-002
-001,-002
-001,-002
-001,-002
-001,-002
-001,-002
-000,-005
-000,-005
-000,-005
-000,-005
-000,-005
-000,-005
-000,-005
-000,-005
-000,-005
-000,-005
-000,-005
-000,-005
-000,-005
-000,-005
-001,-005
-001,-005
-001,-005
-001,-005
-001,-005
-001,-004
-001,-004
-001,-004
-001,-004
-001,-004
-001,-004
-001,-004
-001,-004
-001,-004
-001,-004
-001,-004
-001,-004
-001,-004
-001,-004
-001,-004
-001,-004
-001,-004
-001,-004
-001,-004
-001,-004
-001,-004
-001,-004
-001,-004
-001,-004
-002,-004
-002,-004
-002,-004
-002,-004
-002,-004
-002,-004
-002,-004
-002,-004
-002,-004
-002,-004
-002,-004
-002,-004
-002,-004
-002,-004
-002,-004
-003,-004
-003,-004
-003,-004
-003,-004
-003,-004
-003,-004
-003,-004
-003,-004
-003,-004
-003,-004
-003,-004
-003,-004
-003,-004
-003,-004
-003,-004
-003,-004
-003,-004
-003,-004
-003,-004
-003,-004
-003,-004
-003,-004
-003,-004
-003,-004
-003,-004
-003,-004
-003,-004
-003,-004
-003,-004
-003,-004
-004,-004
-004,-004
-004,-004
-004,-004
-004,-004
-004,-004
-004,-004
-004,-004
-004,-004
-004,-004
-004,-004
-004,-004
-004,-004
-004,-004
-004,-004
-004,-004
-004,-003
-004,-003
-004,-003
-004,-003
-004,-003
-004,-003
-004,-003
-004,-003
-004,-003
-004,-003
-004,-003
-004,-003
-004,-003
-004,-003
-004,-003
-004,-003
-004,-003
-005,-003
-005,-003
-005,-003
-005,-003
-005,-003
-005,-003
-005,-003
-005,-003
-005,-003
-005,-003
-005,-003
-005,-003
-005,-003
-005,-003
-005,-003
-005,-003
-005,-003
-005,-003
-005,-002
-005,-002
-005,-002
-005,-002
-005,-002
-005,-002
-005,-002
-005,-002
-005,-002
-005,-002
-005,-002
-005,-002
-005,-002
-005,-002
-005,-002
-005,-002
-005,-002
-005,-002
-005,-002
-005,-002
-005,-002
-005,-002
-005,-002
-005,-002
-005,-002
-005,-002
-005,-002
-005,-002
-005,-002
-005,-002
-005,-002
-005,-002
-005,-002
-005,-002
-005,-002
-005,-002
-005,-002
-005,-002
-005,-002
-005,-002
-005,-002
-005,-002
-005,-002
-005,-002
-005,-002
-005,-002
-005,-002
-005,-002
-005,-002
-005,-002
-005,-002
-005,-002
-005,-002
-005,-002
-005,-002
-005,-002
-005,-002
-005,-002
-005,-002
-005,-002
-005,-002
-005,-002
-005,-002
-005,-002
-005,-002
-005,-002
-005,-002
-005,-002
-005,-002
-005,-002
-005,-002
-005,-002
-005,-002
-005,-002
-005,-002
-005,-002
-005,-002
-005,-002
-005,-002
-005,-002
-005,-002
-005,-005
-005,-004
-005,-004
-005,-004
-005,-004
-005,-004
-005,-004
-005,-004
-005,-004
-005,-004
-005,-004
-005,-004
-005,-004
-005,-004
-005,-004
-005,-004
-005,-004
-005,-004
-005,-004
-005,-004
-005,-004
-005,-004
-005,-004
-005,-004
-005,-004
-005,-004
-005,-004
-005,-004
-005,-004
-005,-004
-005,-004
-005,-004
-005,-004
-005,-004
-005,-004
-005,-004
-005,-004
-005,-004
-005,-004
-005,-004
-005,-004
-002,-004
-002,-004
-002,-004
-003,-004
-003,-004
-003,-004
-003,-003
-003,-003
-003,-003
-003,-003
-003,-003
-003,-002
-003,-002
-003,-002
-003,-002
-003,-002
-003,-002
-003,-002
-003,-002
-003,-002
-003,-002
-003,-001
-003,-001
-003,-001
-003,-001
-003,-001
-003,-001
-003,-001
-003,-001
-003,-001
-003,-001
-003,-001
-000,-001
-001,-001
-001,-001
-001,-001
-001,-001
-001,-001
-001,-001
-001,-001
-001,-001
-001,-001
-001,-001
-001,-001
-001,-001
-001,-001
-001,-001
-001,-001
-001,-001
-001,-001
-001,-001
-001,-001
-001,-001
-001,-001
-001,-001
-001,-001
-001,-001
-001,-001
-001,-001
-001,-001
-001,-001
-001,-001
-001,-001
-001,-001
-001,-001
-001,-001
-001,-001
-001,-001
-001,-001
-001,-001
-001,-001
-001,-001
-001,-001
-001,-001
-001,-001
-001,-001
-001,-001
-001,-001
-001,-001
-001,-001
-001,-001
-001,-000
-001,-000
-001,-000
-001,-000
-001,-000
-001,-000
-001,-000
-001,-000
-001,-000
-001,-000
-001,-000
-001,-000
-002,-000
-002,-000
-002,-000
-002,-000
-002,-000
-002,-000
-002,-000
-002,-000
-002,-000
-002,-000
-002,-000
-002,-000
-002,-000
-002,-000
-002,-000
-002,-000
-002,-000
-002,-000
-002,-000
-002,-000
-002,-000
-002,-000
-002,-000
-002,-000
-002,-003
-002,-002
-002,-002
-002,-002
-002,-002
-002,-002
-002,-002
-002,-002
-002,-002
-002,-002
-002,-002
-002,-002
-002,-002
-002,-002
-002,-002
-003,-002
-003,-002
-003,-002
-003,-002
-003,-002
-003,-002
-003,-002
-003,-002
-003,-002
-003,-005
-003,-005
-003,-005
-003,-005
-003,-005
-003,-005
-003,-005
-003,-005
-003,-005
-003,-005
-003,-005
-003,-005
-003,-005
-003,-005
-003,-005
-003,-005
-003,-005
-003,-005
-003,-005
-003,-005
-003,-005
-003,-005
-003,-005
-003,-005
-003,-005
-003,-005
-003,-005
-003,-005
-003,-005
-003,-005
-003,-005
-003,-005
-003,-005
-003,-005
-003,-005
-003,-005
-003,-005
-003,-005
-003,-005
-003,-005
-003,-005
-003,-005
-003,-005
-003,-005
-003,-005
-003,-005
-003,-005
-003,-005
-003,-005
-003,-005
-003,-005
-003,-005
-004,-005
-004,-005
-004,-005
-004,-005
-004,-005
-004,-005
-004,-005
-004,-005
-004,-005
-004,-005
-004,-005
-004,-005
-004,-005
-004,-005
-004,-005
-004,-005
-004,-005
-004,-005
-004,-005
-004,-005
-004,-005
-004,-005
-004,-005
-004,-005
-004,-005
-004,-005
-004,-005
-004,-005
-004,-005
-004,-005
-004,-005
-004,-005
-004,-005
-004,-005
-004,-005
-004,-005
-004,-005
-004,-005
-004,-005
-004,-005
-005,-005
-005,-005
-005,-005
-005,-008
-005,-007
-005,-007
-005,-007
-005,-007
-005,-007
-005,-007
-005,-007
-005,-007
-005,-007
-005,-007
-005,-007
-005,-007
-005,-007
-005,-007
-005,-007
-005,-007
-005,-007
-005,-007
-005,-007
-005,-007
-005,-007
-005,-007
-005,-007
-005,-007
-005,-006
-005,-006
-005,-006
-005,-006
-005,-006
-005,-006
-005,-006
-005,-006
-005,-006
-005,-006
-005,-006
-005,-006
-005,-006
-005,-006
-005,-006
-005,-006
-005,-006
-005,-006
-005,-006
-005,-006
-005,-006
-005,-006
-005,-005
-005,-005
-005,-005
-005,-005
-005,-005
-005,-005
-005,-005
-005,-005
-005,-005
-005,-005
-005,-005
-005,-004
-005,-004
-005,-004
-005,-004
-005,-004
-005,-004
-005,-004
-005,-004
-005,-004
-005,-004
-005,-003
-005,-003
-005,-003
-005,-003
-005,-003
-005,-003
-005,-003
-005,-003
-005,-003
-005,-003
-005,-003
-005,-003
-005,-003
-005,-003
-005,-002
-005,-002
-005,-002
-005,-002
-005,-002
-005,-002
-005,-002
-005,-002
-005,-002
-005,-002
-005,-002
-005,-002
-005,-002
-005,-002
-005,-002
-005,-002
-005,-002
-005,-002
-005,-002
-005,-002
-005,-002
-005,-002
-005,-002
-005,-002
-005,-002
-005,-002
-005,-002
-005,-002
-005,-002
-005,-002
-005,-002
-005,-002
-005,-002
-005,-002
-005,-002
-005,-002
-005,-002
-005,-002
-005,-002
-005,-002
-005,-002
-005,-005
-005,-005
-005,-005
-005,-005
-005,-005
-005,-005
-005,-005
-005,-005
-005,-005
-005,-005
-005,-005
-005,-005
-005,-005
-005,-005
-005,-005
-005,-005
-005,-005
-005,-005
-005,-005
-006,-005
-006,-005
-006,-005
-006,-005
-006,-008
-006,-008
-006,-007
-006,-007
-006,-007
-006,-007
-006,-007
-006,-007
-006,-007
-006,-007
-006,-007
-006,-007
-006,-007
-006,-007
-006,-007
-006,-007
-006,-007
-006,-007
-006,-007
-006,-007
-006,-007
-006,-007
-006,-007
-006,-007
-006,-007
-006,-007
-006,-007
-006,-007
-006,-007
-006,-007
-006,-007
-006,-007
-006,-007
-006,-007
-006,-007
-006,-007
-006,-007
-006,-007
-006,-007
-006,-007
-006,-007
-006,-007
-006,-007
-006,-007
-006,-007
-006,-007
-006,-007
-006,-007
-006,-007
-006,-007
-006,-007
-006,-007
-006,-007
-006,-007
-006,-007
-006,-007
-006,-007
-006,-007
-006,-007
-006,-007
-006,-007
-006,-007
-006,-007
-006,-007
-006,-007
-006,-007
-006,-007
-006,-010
-006,-010
-006,-009
-006,-009
-006,-009
-006,-009
-006,-009
-006,-009
-006,-009
-006,-009
-006,-009
-006,-009
-006,-009
-006,-009
-006,-009
-006,-009
-006,-009
-006,-009
-006,-009
-006,-009
-006,-012
-006,-012
-006,-012
-006,-012
-006,-012
-006,-012
-006,-012
-006,-012
-006,-012
-006,-012
-006,-012
-006,-012
-006,-012
-006,-012
-006,-012
-006,-012
-006,-012
-006,-012
-006,-012
-006,-012
-006,-012
-006,-012
-006,-011
-006,-011
-006,-011
-006,-011
-006,-011
-006,-011
-006,-011
-006,-011
-006,-011
-006,-011
-006,-010
-006,-010
-006,-010
-006,-010
-006,-010
-006,-010
-006,-009
-006,-009
-006,-009
-006,-009
-006,-009
-006,-009
-006,-009
-006,-009
-006,-009
-006,-009
-006,-008
-006,-008
-006,-008
-006,-008
-006,-008
-006,-008
-006,-008
-006,-008
-006,-008
-006,-008
-006,-007
-006,-007
-006,-007
-006,-007
-006,-007
-006,-007
-006,-007
-006,-007
-006,-007
-006,-007
-006,-007
-006,-006
-006,-006
-006,-006
-006,-006
-006,-006
-006,-006
-006,-006
-006,-006
-006,-006
-006,-006
-006,-005
-006,-005
-006,-005
-006,-005
-006,-005
-006,-005
-006,-005
-006,-005
-006,-005
-006,-005
-006,-005
-006,-005
-006,-005
-006,-005
-006,-005
-006,-005
-006,-005
-006,-005
-006,-005
-006,-005
-006,-005
-006,-005
-006,-005
-006,-005
-006,-005
-006,-005
-006,-005
-006,-005
-006,-005
-006,-005
-006,-005
-006,-005
-006,-005
-006,-005
-006,-005
-006,-005
-007,-005
-007,-004
-007,-004
-007,-004
-007,-004
-007,-004
-007,-004
-007,-004
-007,-004
-007,-004
-007,-003
-007,-003
-007,-003
-007,-003
-007,-003
-008,-003
-008,-003
-008,-003
-008,-003
-008,-003
-008,-002
-008,-002
-008,-002
-008,-002
-008,-002
-008,-002
-008,-002
-008,-002
-008,-002
-008,-002
-008,-002
-008,-002
-008,-002
-008,-002
-008,-001
-008,-001
-008,-001
-008,-001
-008,-001
-008,-001
-008,-001
-008,-001
-008,-001
-008,-001
-008,-001
-008,-001
-008,-001
-008,-001
-008,-001
-009,-001
-009,-001
-009,-001
-009,-001
-009,-001
-009,-001
-009,-001
-009,-001
-009,-001
-009,-001
-010,-001
-010,-001
-010,-001
-010,-001
-010,-001
-010,-001
-010,-001
-010,-001
-010,-001
-010,-001
-010,-004
-010,-003
-010,-003
-010,-003
-010,-003
-010,-003
-010,-003
-010,-003
-010,-003
-010,-003
-010,-003
-010,-003
-010,-003
-010,-003
-010,-003
-010,-006
-010,-006
-010,-006
-010,-006
-010,-006
-010,-006
-010,-006
-010,-006
-010,-006
-010,-006
-010,-006
-010,-006
-010,-006
-010,-006
-010,-006
-010,-006
-010,-006
-010,-006
-010,-009
-010,-009
-010,-009
-010,-009
-010,-009
-010,-009
-010,-009
-010,-009
-010,-009
-010,-009
-010,-009
-010,-009
-010,-009
-010,-009
-010,-009
-010,-009
-010,-009
-010,-009
-010,-009
-010,-009
-010,-009
-010,-009
-010,-009
-010,-009
-010,-009
-010,-009
-010,-009
-010,-009
-010,-009
-010,-009
-010,-009
-010,-009
-010,-008
-010,-008
-010,-008
-010,-008
-010,-008
-010,-008
-010,-008
-010,-008
-010,-008
-010,-008
-010,-007
-010,-007
-010,-007
-010,-007
-010,-007
-010,-007
-010,-007
-010,-007
-010,-007
-010,-007
-010,-007
-010,-007
-010,-007
-010,-007
-010,-007
-010,-007
-010,-007
-010,-007
-010,-007
-010,-007
-010,-007
-010,-007
-010,-007
-010,-007
-010,-007
-010,-007
-010,-007
-010,-007
-010,-007
-010,-007
-010,-007
-010,-007
-010,-007
-010,-006
-010,-006
-010,-006
-010,-006
-010,-006
-010,-006
-010,-006
-010,-006
-010,-006
-010,-006
-010,-006
-010,-006
-010,-006
-010,-006
-010,-006
-010,-006
-010,-006
-010,-006
-010,-006
-010,-006
-010,-006
-010,-006
-010,-006
-010,-006
-010,-006
-010,-006
-010,-006
-010,-006
-010,-006
-010,-006
-010,-006
-010,-006
-010,-006
-010,-006
-010,-006
-010,-006
-010,-006
-010,-006
-010,-006
-010,-006
-010,-006
-010,-006
-010,-006
-010,-006
-010,-006
-010,-006
-010,-006
-010,-006
-010,-006
-010,-006
-010,-006
-010,-006
-010,-006
-010,-006
-010,-006
-010,-006
-010,-006
-010,-006
-010,-006
-010,-006
-010,-006
-010,-006
-010,-006
-010,-006
-010,-006
-010,-006
-010,-006
-010,-006
-010,-006
-010,-006
-010,-006
-010,-006
-010,-006
-010,-006
-010,-006
-010,-006
-010,-006
-010,-006
-010,-006
-010,-006
-010,-006
-010,-006
-010,-006
-010,-006
-010,-006
-010,-009
-010,-008
-010,-008
-010,-008
-010,-008
-010,-008
-010,-008
-010,-008
-010,-008
-010,-008
-010,-008
-010,-008
-007,-008
-008,-008
-008,-008
-008,-008
-008,-008
-008,-008
-008,-008
-008,-008
-008,-008
-008,-008
-008,-008
-008,-008
-008,-008
-008,-008
-008,-008
-008,-008
-008,-008
-008,-008
-008,-008
-008,-008
-008,-008
-008,-008
-008,-008
-008,-008
-008,-008
-008,-008
-008,-008
-008,-008
-008,-008
-008,-008
-008,-008
-008,-008
-008,-007
-008,-007
-008,-007
-008,-007
-008,-007
-008,-007
-008,-007
-008,-007
-008,-007
-008,-007
-008,-007
-008,-007
-008,-007
-008,-007
-008,-007
-008,-007
-008,-007
-008,-007
-008,-007
-008,-007
-008,-007
-008,-007
-008,-007
-008,-007
-008,-007
-008,-007
-008,-007
-008,-007
-008,-007
-009,-007
-009,-007
-009,-007
-009,-007
-009,-007
-009,-007
-009,-007
-009,-007
-009,-007
-009,-007
-009,-007
-009,-007
-009,-007
-009,-007
-009,-007
-009,-007
-009,-007
-009,-007
-009,-007
-009,-007
-009,-007
-009,-007
-009,-007
-009,-007
-009,-007
-009,-007
-009,-007
-009,-007
-009,-007
-009,-007
-009,-007
-009,-007
-009,-007
-009,-007
-009,-007
-009,-007
-009,-007
-009,-007
-009,-007
-009,-007
-009,-007
-009,-007
-009,-007
-009,-007
-009,-007
-009,-007
-009,-007
-009,-007
-009,-007
-009,-007
-009,-007
-009,-007
-009,-007
-009,-007
-009,-007
-009,-007
-009,-007
-009,-007
-009,-007
-009,-007
-009,-007
-009,-007
-009,-007
-009,-007
-009,-007
-009,-007
-009,-007
-009,-007
-009,-007
-009,-007
-009,-007
-009,-007
-009,-007
-009,-007
-009,-007
-009,-007
-009,-007
-009,-007
-009,-007
-009,-007
-010,-007
-010,-007
-010,-007
-010,-007
-010,-007
-010,-007
-010,-007
-010,-007
-010,-007
-010,-007
-010,-007
-010,-007
-010,-007
-010,-007
-010,-007
-010,-007
-010,-007
-010,-007
-010,-007
-010,-007
-010,-007
-010,-007
-010,-007
-010,-007
-010,-007
-010,-007
-010,-007
-010,-007
-010,-007
-010,-007
-010,-007
-010,-007
-010,-007
-010,-007
-010,-007
-010,-007
-010,-007
-010,-007
-010,-007
-010,-007
-010,-007
-010,-007
-010,-007
-010,-007
-010,-007
-010,-007
-010,-007
-010,-006
-010,-006
-010,-006
-010,-006
-010,-006
-010,-006
-010,-006
-010,-006
-010,-005
-010,-005
-010,-005
-010,-005
-010,-005
-010,-005
-010,-005
-010,-004
-010,-004
-010,-004
-010,-004
-010,-004
-010,-004
-010,-003
-010,-003
-010,-003
-010,-003
-010,-003
-010,-003
-010,-003
-010,-002
-010,-002
-010,-002
-010,-001
-010,-001
-010,-001
-010,-001
-010,-001
-010,-000
-010,-000
-010,-000
-010,-000
-010,-000
-010,-000
-010,-000
-010,-000
-010,-001
-010,-001
-010,-001
-010,-001
-010,-001
-010,-001
-010,-001
-010,-001
-010,-001
-010,-002
-010,-002
-010,-002
-010,-002
-010,-002
-010,-003
-010,-003
-010,-003
-010,-003
-010,-003
-010,-003
-010,-003
-010,-003
-010,-003
-010,-003
-010,-003
-010,-003
-010,-003
-010,-003
-010,-003
-010,-003
-010,-003
-010,-003
-010,-003
-010,-003
-010,-003
-010,-003
-010,-003
-010,-003
-010,-003
-010,-003
-010,-003
-010,-003
-010,-003
-010,-003
-010,-003
-010,-003
-011,-003
-011,-003
-011,-003
-011,-003
-011,-003
-011,-003
-011,-003
-011,-003
-011,-003
-011,-003
-011,-003
-011,-003
-011,-003
-011,-003
-011,-003
-011,-003
-011,-003
-011,-003
-011,-003
-011,-003
-012,-003
-012,-003
-012,-003
-012,-003
-012,-003
-012,-003
-012,-003
-012,-003
-012,-003
-012,-003
-012,-003
-012,-003
-012,-003
-012,-003
-012,-003
-012,-003
-012,-003
-012,-003
-012,-003
-012,-003
-013,-003
-013,-003
-013,-003
-013,-003
-013,-003
-013,-003
-013,-003
-013,-003
-013,-003
-013,-003
-013,-003
-013,-004
-013,-004
-013,-004
-013,-004
-013,-004
-013,-004
-013,-004
-013,-004
-013,-004
-013,-004
-013,-004
-013,-004
-013,-004
-013,-004
-013,-004
-013,-004
-013,-004
-013,-004
-013,-004
-013,-004
-013,-004
-013,-004
-013,-004
-013,-004
-013,-004
-013,-004
-013,-004
-013,-004
-013,-004
-013,-004
-013,-004
-013,-004
-013,-004
-013,-004
-013,-004
-013,-004
-013,-004
-013,-001
-013,-001
-013,-001
-013,-001
-013,-001
-013,-001
-013,-001
-013,-001
-013,-001
-013,-001
-013,-001
-013,-001
-013,-001
-013,-001
-013,-001
-013,-001
-013,-002
-013,-002
-013,-002
-013,-002
-013,-002
-013,-002
-013,-002
-013,-002
-013,-002
-013,-002
-013,-002
-013,-002
-013,-002
-013,-002
-013,-002
-013,-002
-013,-002
-013,-003
-013,-003
-013,-003
-013,-003
-013,-003
-013,-004
-013,-004
-013,-004
-013,-004
-013,-005
-013,-005
-013,-005
-013,-005
-013,-005
-013,-005
-013,-006
-013,-006
-013,-006
-013,-006
-013,-006
-010,-006
-010,-006
-010,-006
-010,-006
-010,-007
-010,-007
-010,-007
-010,-007
-010,-007
-010,-007
-010,-007
-010,-007
-010,-007
-010,-007
-010,-007
-010,-007
-010,-007
-010,-007
-010,-007
-010,-007
-010,-007
-010,-007
-010,-007
-010,-007
-010,-007
-010,-007
-010,-007
-010,-007
-010,-007
-010,-007
-010,-007
-010,-007
-010,-007
-010,-007
-010,-007
-010,-007
-010,-007
-010,-007
-010,-007
-010,-007
-010,-007
-010,-007
-010,-007
-010,-007
-010,-007
-010,-004
-010,-004
-010,-004
-010,-004
-010,-004
-010,-004
-010,-004
-010,-004
-010,-004
-010,-004
-010,-004
-010,-004
-010,-004
-010,-004
-010,-004
-010,-004
-010,-004
-010,-004
-010,-004
-010,-004
-010,-004
-010,-004
-010,-004
-010,-004
-010,-004
-010,-004
-010,-004
-010,-004
-010,-004
-010,-004
-010,-004
-010,-004
-010,-004
-010,-004
-010,-004
-010,-004
-010,-004
-010,-004
-010,-004
-010,-004
-010,-004
-010,-004
-010,-004
-010,-004
-010,-004
-010,-004
-010,-004
-010,-004
-010,-004
-010,-004
-010,-004
-010,-001
-010,-002
-010,-002
-010,-002
-007,-002
-007,-002
-007,-002
-007,-002
-007,-002
-007,-002
-007,-002
-007,-002
-007,-002
-007,-002
-007,-002
-007,-002
-007,-002
-007,-002
-007,-002
-007,-002
-007,-002
-007,-002
-007,-002
-007,-002
-007,-002
-007,-002
-007,-002
-007,-002
-007,-002
-007,-002
-007,-001
-007,-001
-007,-001
-007,-001
-007,-001
-007,-001
-007,-001
-007,-001
-007,-001
-007,-001
-007,-001
-007,-001
-007,-001
-004,-001
-004,-001
-004,-001
-004,-001
-004,-001
-004,-001
-004,-001
-004,-001
-004,-001
-004,-001
-004,-001
-004,-001
-004,-001
-004,-001
-004,-001
-004,-001
-004,-001
-004,-001
-004,-001
-004,-001
-004,-001
-004,-001
-004,-001
-004,-001
-004,-001
-004,-001
-004,-001
-004,-001
-004,-001
-004,-001
-004,-001
-004,-001
-004,-001
-004,-001
-004,-001
-004,-001
-004,-001
-004,-001
-004,-001
-004,-001
-004,-001
-004,-001
-004,-001
-004,-001
-004,-001
-004,-001
-004,-001
-004,-001
-004,-001
-004,-001
-004,-001
-004,-001
-004,-001
-004,-001
-004,-001
-004,-001
-004,-001
-004,-001
-004,-001
-004,-001
-004,-001
-004,-001
-004,-001
-004,-001
-004,-001
-004,-001
-004,-001
-004,-001
-004,-001
-004,-004
-004,-004
-004,-004
-004,-004
-004,-004
-004,-004
-004,-004
-004,-004
-004,-004
-004,-004
-004,-004
-004,-004
-004,-004
-004,-004
-004,-004
-004,-004
-004,-004
-004,-004
-004,-004
-004,-004
-004,-004
-004,-004
-004,-004
-004,-004
-004,-004
-004,-004
-004,-004
-004,-004
-004,-004
-004,-004
-004,-004
-004,-004
-004,-004
-004,-004
-004,-004
-004,-004
-004,-004
-004,-004
-004,-004
-004,-004
-004,-004
-004,-007
-004,-007
-004,-007
-004,-007
-004,-007
-004,-007
-004,-007
-004,-007
-004,-007
-004,-007
-004,-007
-004,-007
-004,-007
-004,-007
-004,-007
-004,-007
-004,-007
-004,-010
-004,-010
-004,-010
-005,-010
-005,-010
-005,-010
-005,-010
-005,-010
-005,-010
-005,-010
-005,-010
-005,-010
-005,-010
-005,-010
-005,-010
-005,-010
-005,-010
-005,-010
-005,-010
-005,-010
-006,-010
-006,-010
-006,-010
-006,-010
-006,-010
-006,-010
-006,-010
-006,-010
-006,-010
-006,-010
-006,-010
-006,-010
-006,-010
-006,-013
-006,-013
-006,-013
-006,-013
-006,-013
-006,-013
-007,-013
-007,-013
-007,-013
-007,-013
-007,-013
-007,-013
-007,-013
-007,-013
-007,-013
-007,-013
-007,-013
-007,-013
-007,-013
-007,-013
-007,-013
-007,-013
-007,-013
-008,-013
-008,-013
-008,-013
-008,-013
-008,-013
-008,-013
-008,-013
-008,-013
-008,-013
-008,-013
-008,-013
-008,-013
-008,-013
-008,-013
-008,-013
-009,-013
-009,-013
-009,-013
-009,-016
-009,-016
-009,-016
-009,-016
-009,-016
-009,-016
-009,-016
-009,-016
-009,-016
-009,-016
-009,-016
-009,-016
-010,-016
-010,-016
-010,-016
-010,-016
-010,-016
-010,-016
-010,-016
-010,-016
-010,-016
-010,-016
-010,-016
-010,-016
-010,-016
-010,-016
-010,-016
-010,-016
-011,-016
-011,-016
-011,-016
-011,-016
-011,-016
-011,-016
-011,-016
-011,-016
-011,-016
-011,+019
-011,-018
-011,-018
-011,-018
-011,-018
-011,-018
-011,-018
-011,-018
-011,-018
-011,-018
-011,-018
-011,-018
-011,-018
-011,-018
-011,-018
-011,-018
-011,-018
-011,-018
-011,-018
-011,-018
-011,-018
-011,-018
-011,-018
-012,-018
-012,-018
-012,-018
-012,-018
-012,-018
-012,-018
-012,-018
-012,-018
-012,-018
-012,-018
-012,-018
-012,-018
-012,-018
-012,-018
-012,-018
-012,-018
-012,-018
-012,-018
-012,-018
-012,-018
-013,-018
-013,-018
-013,-018
-013,-018
-013,-017
-013,-017
-013,-017
-013,-017
-013,-017
-013,-017
-014,-017
-014,-017
-014,-017
-014,-017
-014,-017
-014,-017
-014,-016
-014,-016
-014,-016
-014,-016
-014,-016
-014,-016
-014,-016
-014,-015
-014,-015
-014,-015
-014,-015
-014,-015
-014,-015
-014,-015
-014,-015
-014,-014
-014,-014
-014,-014
-014,-014
-014,-014
-014,-014
-014,-014
-014,-014
-014,-014
-015,-014
-015,-014
-015,-014
-015,-014
-015,-014
-015,-014
-015,-014
-015,-014
-015,-014
-015,-014
-015,-013
-015,-013
-015,-013
-015,-013
-015,-013
-015,-013
-015,-012
-015,-012
-015,-012
-015,-012
-015,-011
-015,-011
-015,-011
-015,-011
-015,-011
-015,-011
-015,-011
-015,-011
-015,-011
-015,-011
-015,-011
-015,-011
-015,-011
-015,-011
-015,-010
-015,-010
-015,-010
-015,-010
-015,-010
-015,-010
-015,-010
-015,-010
-015,-010
-015,-010
-015,-010
-015,-010
-015,-010
-015,-009
-015,-009
-015,-009
-015,-009
-015,-009
-015,-009
-015,-008
-015,-008
-015,-008
-015,-008
-015,-007
-015,-007
-015,-007
-015,-007
-015,-007
-015,-007
-015,-007
-015,-007
-015,-007
-015,-007
-015,-006
-015,-006
-015,-006
-015,-006
-015,-006
-015,-006
-015,-006
-015,-006
-015,-006
-015,-006
-015,-005
-015,-005
-015,-005
-015,-005
-015,-005
-015,-005
-015,-005
-015,-005
-015,-005
-015,-005
-015,-004
-015,-004
-015,-004
-015,-004
-015,-004
-015,-004
-015,-004
-015,-003
-015,-003
-015,-003
-015,-003
-015,-003
-015,-003
-015,-003
-015,-003
-015,-003
-015,-003
-015,-003
-015,-003
-015,-003
-015,-003
-015,-003
-015,-003
-015,-003
-015,-003
-015,-003
-015,-003
-015,-003
-015,-003
-015,-003
-015,-003
-015,-003
-015,-003
-015,-002
-015,-002
-015,-002
-015,-002
-015,-002
-015,-002
-015,-002
-015,-001
-015,-001
-015,-001
-015,-001
-015,-001
-015,-001
-015,-001
-015,-001
-015,-001
-015,-001
-015,-000
-015,-000
-015,-000
-015,-000
-015,-000
-015,-000
-015,-000
-015,-000
-015,-000
-015,-000
-015,-001
-012,-001
-013,-001
-013,-001
-013,-001
-013,-001
-013,-001
-013,-001
-013,-001
-013,-001
-013,-001
-013,-001
-013,-001
-013,-001
-013,-001
-013,-001
-013,-001
-013,-001
-013,-001
-013,-001
-013,-001
-013,-001
-013,-001
-013,-001
-013,-001
-013,-001
-013,-001
-013,-001
-013,-001
-013,-001
-013,-001
-013,-001
-013,-001
-013,-001
-013,-001
-013,-002
-013,-002
-013,-002
-013,-002
-013,-002
-013,-002
-013,-002
-013,-002
-013,-002
-013,-002
-013,-002
-013,-002
-013,-002
-013,-005
-013,-005
-013,-005
-013,-005
-013,-005
-013,-005
-013,-005
-013,-005
-013,-005
-013,-005
-013,-005
-013,-005
-013,-005
-013,-005
-013,-005
-013,-005
-013,-005
-013,-005
-013,-005
-010,-005
-011,-005
-011,-005
-011,-005
-011,-005
-011,-005
-011,-005
-011,-005
-011,-005
-011,-005
-011,-004
-011,-004
-011,-004
-011,-004
-011,-004
-011,-004
-008,-003
-008,-003
-009,-003
-009,-003
-009,-003
-009,-003
-009,-003
-009,-002
-009,-002
-009,-002
-009,-002
-009,-002
-009,-002
-009,-002
-009,-002
-009,-002
-009,-002
-009,-002
-009,-001
-006,-001
-006,-001
-006,-001
-006,-001
-006,-001
-006,-001
-006,-001
-006,-001
-006,-001
-006,-000
-006,-000
-006,-000
-006,-000
-006,-000
-006,-000
-006,-000
-006,-000
-006,-000
-006,-000
-006,-001
-006,-001
-006,-001
-006,-001
-006,-001
-006,-001
-006,-001
-006,-001
-006,-001
-006,-001
-006,-001
-006,-001
-006,-001
-006,-001
-006,-001
-006,-001
-003,-002
-004,-002
-004,-002
-004,-002
-004,-002
-004,-002
-004,-002
-004,-002
-004,-002
-004,-002
-004,-003
-004,-003
-004,-003
-004,-003
-004,-003
-004,-003
-004,-003
-004,-003
-004,-003
-004,-003
-004,-003
-004,-003
-004,-003
-004,-004
-004,-004
-004,-004
-004,-004
-004,-004
-004,-004
-004,-004
-004,-004
-004,-004
-004,-004
-004,-005
-004,-005
-004,-005
-004,-005
-004,-005
-004,-005
-004,-005
-004,-005
-004,-005
-004,-005
-004,-005
-004,-005
-004,-005
-004,-005
-004,-005
-004,-005
-004,-005
-004,-005
-004,-005
-004,-005
-004,-005
-004,-005
-004,-005
-004,-005
-004,-005
-004,-005
-004,-005
-004,-005
-004,-005
-004,-005
-004,-005
-004,-005
-004,-005
-004,-005
-004,-005
-004,-005
-004,-005
-004,-005
-004,-002
-004,-002
-004,-002
-004,-002
-004,-002
-004,-002
-004,-002
-004,-002
-004,-002
-004,-002
-005,-002
-005,-002
-005,-002
-005,-002
-005,-002
-005,-002
-005,-002
-005,-002
-005,-002
-005,-002
-005,-002
-005,-001
-005,-000
-005,-000
-005,-000
-005,-000
-005,-000
-005,-000
-005,-000
-005,-000
-005,-000
-005,-000
-005,-000
-005,-000
-005,-000
-005,-000
-005,-000
-005,-000
-005,-000
-005,-000
-005,-000
-005,-000
-005,-001
-005,-001
-005,-001
-005,-001
-005,-001
-005,-001
-005,-001
-005,-001
-005,-001
-005,-001
-005,-001
-005,-001
-005,-001
-005,-001
-005,-001
-005,-001
-005,-001
-005,-001
-005,-001
-006,-001
-006,-001
-006,-001
-006,-001
-006,-001
-006,-001
-006,-001
-006,-001
-006,-001
-006,-001
-006,-001
-006,-001
-006,-001
-006,-001
-006,-001
-006,-001
-006,-001
-006,-001
-006,-001
-006,-001
-006,-001
-006,-001
-006,-001
-006,-001
-006,-001
-006,-001
-006,-001
-006,-001
-006,-001
-006,-001
-006,-001
-006,-001
-006,-001
-006,-002
-006,-002
-006,-002
-006,-002
-006,-002
-006,-002
-006,-002
-006,-002
-006,-002
-006,-002
-006,-002
-007,-002
-007,-002
-007,-002
-007,-002
-007,-002
-007,-002
-007,-002
-007,-002
-007,-002
-007,-002
-007,-002
-007,-002
-007,-002
-007,-002
-007,-002
-007,-002
-007,-002
-007,-002
-007,-002
-007,-002
-007,-002
-007,-002
-007,-002
-007,-002
-007,-002
-007,-002
-007,-002
-007,-002
-007,-002
-007,-002
-007,-002
-007,-002
-007,-002
-007,-002
-007,-002
-007,-002
-007,-002
-007,-002
-007,-002
-007,-002
-007,-002
-007,-002
-007,-002
-007,-002
-007,-002
-007,-002
-007,-002
-007,-002
-007,-002
-007,-002
-007,-002
-007,-002
-007,-002
-007,-002
-007,-002
-007,-002
-007,-002
-007,-002
-007,-002
-007,-002
-007,-002
-007,-002
-007,-002
-007,-002
-007,-002
-007,-002
-007,-002
-007,-002
-007,-002
-007,-002
-007,-002
-007,-002
-007,-002
-007,-002
-007,-002
-007,-002
-007,-002
-007,-002
-007,-002
-007,-002
-007,-002
-007,-002
-007,-002
-007,-002
-007,-002
-007,-002
-007,-002
-007,-002
-007,-002
-007,-002
-007,-002
-007,-002
-007,-002
-007,-002
-007,-002
-007,-002
-007,-002
-007,-002
-007,-002
-007,-002
-007,-002
-007,-002
-007,-002
-007,-002
-007,-002
-007,-002
-007,-002
-007,-002
-007,-002
-007,-002
-007,-002
-007,-002
-008,-002
-008,-002
-008,-002
-008,-002
-008,-002
-008,-002
-008,-002
-008,-002
-008,-002
-008,-002
-008,-002
-008,-002
-008,-002
-008,-002
-008,-002
-008,-002
-008,-002
-008,-002
-008,-002
-008,-002
-008,-002
-008,-002
-008,-002
-008,-002
-008,-002
-008,-002
-008,-002
-008,-002
-008,-002
-008,-002
-008,-002
-008,-002
-008,-002
-008,-002
-008,-002
-008,-002
-008,-002
-008,-002
-008,-002
-008,-002
-008,-002
-008,-002
-008,-002
-008,-002
-008,-002
-008,-002
-008,-002
-008,-002
-008,-002
-008,-002
-008,-002
-008,-002
-008,-002
-008,-002
-008,-002
-008,-002
-008,-002
-008,-002
-008,-002
-008,-002
-008,-002
-008,-002
-008,-002
-008,-002
-008,-002
-008,-002
-008,-002
-008,-002
-008,-002
-008,-002
-008,-002
-008,-002
-008,-002
-008,-002
-008,-002
-008,-002
-008,-002
-008,-002
-008,-002
-008,-002
-008,-002
-008,-002
-008,-002
-008,-002
-008,-002
-008,-005
-008,-005
-008,-005
-008,-005
-008,-005
-008,-005
-008,-005
-008,-005
-008,-005
-008,-005
-008,-005
-008,-005
-008,-005
-008,-005
-008,-005
-008,-005
-008,-005
-008,-005
-008,-005
-008,-005
-008,-005
-008,-005
-008,-005
-008,-005
-008,-005
-008,-005
-008,-005
-008,-005
-008,-005
-008,-005
-008,-005
-008,-005
-008,-005
-008,-005
-008,-005
-008,-005
-008,-005
-008,-005
-008,-005
-008,-005
-008,-005
-008,-005
-008,-005
-008,-005
-008,-005
-008,-005
-008,-005
-008,-005
-008,-005
-008,-005
-008,-005
-008,-005
-008,-005
-008,-005
-008,-005
-008,-005
-008,-005
-008,-005
-008,-005
-008,-005
-008,-005
-008,-005
-008,-005
-008,-005
-008,-005
-008,-005
-008,-005
-008,-005
-008,-005
-008,-005
-008,-005
-008,-005
-008,-005
-008,-005
-008,-005
-008,-005
-008,-005
-008,-005
-008,-005
-008,-005
-008,-005
-008,-005
-008,-005
-008,-005
-008,-005
-008,-005
-008,-005
-008,-005
-008,-005
-008,-005
-008,-005
-008,-005
-008,-004
-008,-004
-008,-004
-008,-004
-008,-004
-008,-004
-008,-004
-008,-004
-008,-004
-008,-004
-008,-004
-008,-003
-008,-003
-008,-003
-008,-003
-008,-003
-008,-003
-008,-003
-008,-003
-008,-003
-008,-003
-008,-003
-008,-003
-008,-003
-008,-003
-008,-002
-008,-002
-008,-002
-008,-002
-008,-002
-008,-002
-008,-002
-008,-002
-008,-002
-008,-002
-008,-002
-008,-002
-008,-002
-008,-002
-008,-002
-008,-002
-008,-002
-008,-002
-008,-002
-008,-002
-008,-002
-008,-002
-008,-002
-008,-002
-008,-002
-008,-002
-008,-002
-008,-002
-008,-002
-008,-002
-008,-002
-008,-002
-008,-002
-008,-002
-008,-002
-008,-002
-008,-002
-008,-002
-008,-002
-008,-002
-008,-001
-008,-001
-008,-001
-008,-001
-008,-001
-008,-001
-008,-001
-008,-001
-008,-001
-008,-001
-008,-001
-008,-001
-008,-001
-008,-001
-008,-001
-008,-001
-008,-001
-008,-001
-008,-001
-008,-001
-008,-001
-008,-001
-008,-001
-008,-001
-008,-001
-008,-000
-008,-000
-008,-000
-008,-000
-008,-000
-008,-000
-008,-000
-008,-000
-008,-000
-008,-000
-008,-000
-008,-000
-008,-000
-008,-000
-008,-000
-008,-001
-008,-001
-008,-001
-008,-001
-005,-001
-005,-001
-005,-001
-005,-001
-005,-001
-005,-001
-005,-001
-005,-001
-005,-001
-005,-001
-005,-001
-005,-001
-005,-001
-005,-001
-005,-001
-005,-001
-005,-001
-005,-001
-006,-001
-006,-001
-006,-001
-006,-001
-006,-001
-006,-001
-006,-001
-006,-001
-006,-001
-006,-001
-006,-001
-006,-001
-006,-001
-006,-001
-006,-001
-006,-001
-006,-001
-006,-001
-006,-002
-006,-002
-006,-002
-006,-002
-006,-002
-006,-002
-006,-002
-006,-002
-006,-002
-006,-002
-006,-002
-006,-002
-006,-002
-006,-002
-006,-002
-006,-002
-006,-002
-006,-002
-006,-002
-006,-002
-006,-002
-006,-002
-006,-002
-006,-002
-006,-002
-006,-002
-006,-002
-006,-002
-006,-002
-006,-002
-006,-002
-006,-002
-006,-002
-006,-002
-006,-002
-006,-002
-006,-002
-006,-002
-006,-002
-006,-002
-006,-002
-006,-002
-006,-002
-006,-002
-006,-002
-006,-002
-006,-003
-006,-003
-006,-003
-006,-003
-003,-003
-003,-003
-003,-003
-003,-003
-003,-003
-003,-003
-003,-003
-003,-003
-003,-003
-003,-003
-003,-003
-003,-003
-003,-003
-003,-003
-003,-003
-003,-003
-003,-003
-003,-003
-003,-003
-003,-003
-003,-003
-003,-003
-003,-003
-003,-003
-003,-003
-003,-003
-003,-003
-003,-003
-003,-003
-003,-003
-003,-003
-003,-003
-003,-003
-003,-003
-003,-003
-003,-003
-003,-003
-003,-003
-003,-003
-003,-003
-003,-003
-003,-003
-003,-003
-003,-003
-003,-003
-003,-003
-003,-003
-003,-003
-003,-003
-003,-003
-003,-003
-003,-003
-003,-003
-003,-003
-003,-003
-003,-003
-003,-003
-003,-003
-003,-003
-003,-003
-003,-003
-003,-003
-003,-003
-003,-003
-003,-003
-003,-003
-003,-003
-003,-003
-003,-003
-003,-003
-003,-004
-003,-004
-003,-004
-003,-004
-003,-004
-003,-004
-003,-004
-003,-004
-003,-004
-003,-004
-003,-004
-003,-004
-003,-004
-003,-004
-003,-004
-003,-004
-003,-005
-003,-005
-003,-005
-003,-005
-003,-005
-003,-005
-003,-005
-003,-005
-003,-005
-003,-005
-003,-005
-003,-005
-003,-005
-003,-005
-003,-006
-003,-006
-003,-006
-003,-006
-003,-006
-003,-006
-003,-006
-003,-006
-003,-006
-003,-006
-003,-006
-003,-006
-003,-006
-003,-006
-003,-006
-003,-006
-003,-006
-003,-007
-003,-007
-004,-007
-004,-007
-004,-007
-004,-007
-004,-007
-004,-007
-004,-007
-004,-007
-004,-007
-004,-007
-004,-007
-004,-007
-004,-007
-004,-007
-004,-007
-004,-007
-004,-007
-004,-007
-004,-007
-004,-007
-004,-007
-004,-007
-004,-007
-005,-007
-005,-007
-005,-007
-005,-007
-005,-007
-005,-007
-005,-007
-005,-007
-005,-007
-005,-007
-006,-007
-006,-007
-006,-007
-006,-007
-006,-007
-006,-007
-006,-007
-006,-007
-006,-007
-006,-007
-006,-007
-006,-007
-006,-007
-006,-007
-006,-007
-006,-007
-006,-007
-006,-007
-006,-007
-006,-007
-006,-007
-006,-007
-006,-007
-006,-007
-006,-007
-006,-007
-006,-007
-006,-007
-006,-007
-006,-007
-006,-007
-006,-007
-006,-007
-006,-007
-006,-007
-006,-007
-006,-007
-006,-007
-007,-007
-007,-007
-007,-007
-007,-007
-007,-007
-007,-007
-007,-007
-007,-007
-007,-007
-007,-007
-007,-007
-007,-007
-007,-004
-007,-005
-007,-005
-007,-005
-007,-005
-007,-005
-007,-005
-007,-005
-007,-005
-007,-005
-007,-005
-007,-005
-007,-005
-007,-005
-007,-005
-007,-005
-007,-005
-007,-005
-007,-005
-007,-005
-007,-005
-007,-005
-007,-005
-007,-005
-007,-005
-007,-005
-007,-005
-007,-005
-007,-005
-007,-005
-007,-005
-007,-005
-007,-005
-007,-005
-007,-005
-007,-005
-007,-005
-007,-005
-007,-006
-007,-006
-007,-006
-007,-006
-007,-006
-007,-006
-007,-006
-007,-006
-007,-006
-007,-006
-007,-006
-007,-006
-007,-006
-007,-006
-007,-006
-007,-006
-007,-006
-007,-006
-007,-006
-007,-006
-007,-006
-007,-006
-007,-006
-007,-006
-007,-006
-007,-006
-007,-006
-007,-006
-007,-006
-007,-006
-007,-006
-007,-006
-007,-006
-007,-006
-007,-006
-007,-006
-007,-006
-007,-006
-007,-006
-007,-006
-007,-006
-008,-006
-008,-006
-008,-003
-008,-003
-008,-003
-008,-003
-008,-003
-008,-003
-008,-003
-008,-003
-008,-003
-008,-003
-008,-003
-008,-003
-008,-003
-008,-003
-008,-003
-008,-003
-008,-003
-008,-003
-008,-003
-008,-003
-008,-003
-008,-003
-008,-003
-008,-003
-008,-003
-008,-003
-008,-003
-008,-003
-008,-003
-008,-003
-008,-003
-008,-003
-008,-003
-008,-003
-008,-003
-008,-003
-008,-003
-008,-003
-008,-003
-008,-003
-008,-003
-008,-003
-008,-003
-008,-003
-008,-003
-008,-003
-008,-003
-008,-003
-009,-003
-009,-003
-009,-003
-009,-003
-009,-003
-009,-003
-009,-003
-009,-003
-009,-003
-009,-003
-009,-003
-009,-003
-009,-003
-009,-003
-009,-000
-009,-000
-009,-000
-009,-000
-009,-000
-009,-000
-009,-000
-009,-000
-009,-000
-009,-000
-009,-000
-009,-000
-009,-000
-009,-000
-009,-000
-009,-000
-009,-000
-009,-000
-009,-000
-009,-000
-009,-000
-009,-000
-009,-000
-009,-000
-009,-000
-009,-000
-009,-000
-009,-000
-009,-000
-009,-000
-009,-000
-009,-000
-009,-000
-009,-000
-009,-000
-009,-000
-009,-000
-009,-000
-009,-000
-009,-000
-009,-000
-009,-000
-009,-000
-009,-000
-009,-000
-009,-000
-009,-000
-009,-000
-009,-000
-009,-000
-009,-000
-009,-000
-009,-000
-009,-000
-009,-000
-009,-000
-009,-000
-009,-000
-009,-000
-009,-000
-009,-000
-009,-000
-009,-001
-009,-001
-009,-001
-009,-001
-009,-001
-009,-001
-009,-001
-009,-001
-009,-001
-009,-001
-009,-001
-009,-001
-009,-001
-009,-001
-009,-001
-009,-001
-009,-001
-009,-001
-009,-001
-009,-001
-009,-001
-009,-001
-009,-001
-009,-001
-009,-001
-009,-001
-009,-001
-009,-001
-009,-001
-009,-001
-009,-001
-009,-001
-009,-001
-009,-001
-009,-001
-009,-001
-009,-001
-009,-001
-009,-001
-009,-001
-009,-001
-009,-001
-009,-001
-009,-001
-009,-002
-009,-002
-009,-002
-009,-002
-009,-002
-009,-002
-009,-002
-009,-002
-009,-002
-009,-002
-009,-002
-009,-002
-009,-002
-009,-002
-009,-002
-009,-001
-009,-001
-009,-001
-009,-001
-009,-001
-009,-001
-009,-001
-009,-001
-009,-001
-009,-001
-009,-001
-009,-000
-009,-000
-009,-000
-009,-000
-006,-000
-006,-000
-006,-000
-006,-000
-006,-000
-006,-000
-006,-000
-006,-000
-006,-000
-006,-000
-006,-000
-006,-000
-006,-000
-006,-000
-006,-000
-006,-000
-006,-000
-006,-000
-006,-000
-006,-000
-006,-000
-006,-000
-006,-000
-006,-000
-006,-000
-006,-000
-006,-000
-006,-000
-006,-000
-006,-000
-006,-000
-006,-000
-006,-000
-006,-000
-006,-000
-006,-000
-006,-000
-006,-000
-006,-000
-006,-000
-006,-000
-006,-000
-006,-000
-006,-000
-006,-000
-006,-000
-006,-000
-006,-000
-006,-000
-006,-000
-006,-000
-006,-000
-006,-000
-006,-000
-006,-000
-006,-000
-006,-000
-006,-000
-006,-000
-006,-000
-006,-000
-006,-000
-006,-000
-006,-000
-006,-000
-006,-000
-006,-000
-006,-000
-006,-000
-006,-000
-006,-000
-006,-000
-006,-000
-006,-000
-006,-000
-006,-000
-006,-000
-006,-000
-006,-000
-006,-000
-006,-000
-006,-000
-006,-000
-006,-000
-006,-000
-006,-000
-006,-000
-006,-000
-006,-000
-006,-000
-006,-000
-006,-000
-006,-000
-006,-000
-006,-000
-006,-000
-006,-000
-006,-000
-006,-000
-006,-000
-006,-000
-006,-000
-006,-000
-006,-000
-006,-000
-006,-000
-006,-000
-006,-000
-006,-000
-006,-000
-006,-000
-006,-000
-006,-000
-006,-000
-006,-000
-006,-000
-006,-000
-006,-000
-006,-000
-006,-000
-006,-000
-006,-000
-006,-000
-006,-000
-006,-000
-006,-000
-006,-000
-006,-000
-006,-000
-006,-001
-006,-001
-006,-001
-006,-001
-006,-001
-006,-001
-006,-001
-006,-001
-006,-001
-006,-001
-006,-001
-006,-001
-006,-001
-006,-001
-006,-001
-006,-001
-006,-002
-006,-002
-006,-002
-006,-002
COP Area(S): 000112
COP Area(R): 000195