+000,-000
+000,-002
+000,-001
+000,-001
+000,-001
+000,-001
+000,-001
+000,-001
+000,-001
+000,-001
+000,-001
+000,-001
+000,-001
+000,-002
+000,-002
+000,-001
+000,-001
+000,-001
+002,-001
+002,-001
+002,-001
+002,-001
+002,-001
+002,-001
+002,-001
+002,-001
+002,-001
+002,-001
+004,-001
+004,-001
+004,-001
+004,-001
+004,-001
+004,-001
+004,-001
+004,-001
+004,-001
+004,-001
+004,-001
+006,-000
+006,-001
+008,-002
+008,-002
+008,-002
+008,-002
+008,-002
+010,-002
+010,-002
+010,-002
+010,-002
+010,-002
+010,-002
+010,-002
+010,-002
+010,-002
+010,-002
+010,-002
+010,-002
+012,-002
+012,-002
+012,-002
+012,-002
+012,-002
+012,-001
+012,-001
+012,-001
+012,-001
+012,-001
+010,-001
+010,-004
+010,-004
+010,-004
+010,-004
+008,-004
+008,-004
+008,-004
+008,-004
+008,-004
+008,-004
+008,-004
+008,-004
+008,-004
+008,-004
+008,-004
+006,-004
+006,-004
+006,-004
+006,-004
+006,-004
+006,-004
+004,-004
+004,-004
+004,-004
+004,-004
+004,-004
+004,-004
+004,-004
+004,-004
+002,-004
+002,-004
+002,-004
+002,-004
+002,-004
+002,-007
+002,-007
+002,-007
+002,-007
+000,-007
+000,-007
+000,-007
+000,-007
+000,-007
+000,-010
-001,-010
-001,-010
-002,-010
-002,-010
-003,-010
-003,-010
-004,-010
-005,-013
-005,-013
-005,-013
-006,-013
-007,-013
-007,-013
-008,-013
-008,-013
-008,-013
-009,-013
-010,-012
-010,-012
-010,-012
-011,-011
-011,-011
-012,-011
-012,-010
-012,-010
-012,-009
-013,-009
-013,-009
-013,-009
-013,-008
-013,-008
-013,-008
-013,-008
-013,-008
-013,-008
-013,-008
-013,-008
-013,-008
-013,-008
-013,-008
-013,-008
-013,-011
-010,-010
-010,-010
-010,-010
-010,-010
-010,-010
-010,-010
-010,-010
-010,-010
-010,-010
-010,-010
-010,-010
-010,-010
-010,-010
-010,-010
-010,-010
-010,-010
-010,-010
-010,-010
-010,-010
-010,-010
-010,-010
-010,-010
-010,-009
-010,-009
-010,-008
-010,-008
-010,-008
-010,-007
-007,-007
-007,-007
-007,-006
-007,-006
-007,-006
-007,-006
-007,-006
-007,-006
-004,-006
-004,-006
-004,-006
-004,-006
-004,-006
-004,-006
-004,-006
-001,-006
-001,-006
-001,-006
-001,-006
-001,-006
-001,-006
-001,-006
-001,-006
-001,-006
-001,-006
+001,-006
+001,-006
+001,-009
+001,-008
+001,-008
+001,-008
+001,-008
+001,-008
+001,-008
+001,-008
+001,-008
+001,-008
+001,-008
+001,-008
+001,-008
+001,-008
+001,-008
+001,-008
+001,-008
+001,-008
+000,-008
+000,-008
+000,-008
+000,-008
+000,-008
-001,-008
-001,-008
-001,-008
-001,-008
-001,-008
-001,-007
-001,-007
-002,-007
-002,-007
-002,-007
-002,-007
-002,-007
-002,-007
-003,-007
-003,-007
-003,-007
-003,-007
-003,-007
-003,-007
-003,-007
-003,-007
-003,-007
-003,-007
-003,-007
-003,-007
-003,-007
-003,-007
-003,-007
-003,-007
-003,-007
-003,-007
-003,-007
-003,-007
-003,-007
-003,-007
-003,-007
-003,-007
-003,-007
-003,-007
-003,-007
-003,-007
-003,-007
-003,-006
-003,-006
-003,-006
-003,-006
-003,-005
-003,-005
-003,-005
-003,-005
-003,-005
-003,-004
-003,-004
-003,-004
-003,-004
+000,-003
+000,-003
+000,-003
+000,-003
+000,-003
+000,-003
+000,-002
+000,-002
+000,-002
+000,-002
+000,-002
+000,-002
+000,-002
+000,-001
+000,-001
+000,-001
+000,-000
+000,-000
+000,-000
+000,-000
+000,-000
+000,-000
+000,-000
+000,-001
+000,-001
+000,-001
+000,-001
+000,-001
+000,-001
+000,-001
+000,-001
+000,-001
+000,-001
+000,-001
+000,-001
+000,-001
+000,-001
+000,-002
+000,-002
+000,-002
+000,-002
+000,-002
+000,-002
+000,-002
+000,-002
+000,-002
+000,-002
+000,-002
+000,-002
+000,-002
+000,-002
-001,-002
-001,-002
-001,-002
-001,-002
-001,-002
-001,-002
-002,-002
-002,-002
-002,-002
-002,-002
-003,-002
-003,-003
-003,-003
-003,-003
-003,-003
-003,-003
-003,-004
-003,-004
-004,-004
-004,-004
-004,-004
-004,-004
-004,-005
-004,-005
-004,-005
-004,-005
-004,-005
-004,-005
-004,-005
-004,-005
-004,-005
-004,-005
-004,-005
-004,-005
-004,-005
-004,-005
-004,-005
-004,-005
-004,-005
-004,-006
-004,-006
-004,-006
-004,-006
-004,-006
-004,-006
-004,-006
-004,-006
-004,-006
-004,-006
-004,-007
-004,-007
-004,-007
-004,-007
-004,-007
-004,-007
-004,-007
-004,-008
-004,-008
-004,-008
-004,-008
-004,-008
-005,-008
-005,-009
-005,-009
-005,-009
-005,-009
-005,-009
-005,-009
-005,-009
-005,-009
-005,-009
-005,-009
-005,-009
-005,-009
-005,-009
-005,-009
-005,-009
-005,-009
-005,-009
-005,-009
-005,-009
-005,-009
-002,-009
-002,-009
-002,-009
-002,-006
-002,-006
-002,-006
-002,-006
-002,-006
-002,-006
-002,-006
-002,-006
-002,-006
-002,-006
-002,-006
-002,-006
-002,-006
-002,-006
-002,-006
-002,-006
-002,-006
-002,-006
-002,-006
-002,-006
-002,-006
-002,-006
-002,-006
-002,-006
-002,-006
-002,-006
-002,-006
-002,-006
-002,-007
-002,-007
-002,-007
-002,-007
-002,-007
-002,-007
-002,-007
-002,-007
-002,-007
-002,-007
-002,-007
-002,-007
+000,-007
+000,-007
+000,-007
+000,-007
+000,-007
+000,-007
+000,-007
+000,-007
+000,-007
+000,-007
+000,-007
+000,-007
+003,-007
+003,-007
+003,-008
+003,-008
+003,-008
+003,-008
+003,-008
+003,-008
+005,-009
+005,-009
+005,-009
+005,-009
+005,-009
+005,-009
+005,-009
+005,-010
+005,-010
+005,-010
+005,-010
+005,-010
+005,-010
+005,-010
+005,-010
+005,-010
+005,-010
+005,-010
+005,-010
+003,-010
+003,-010
+003,-010
+003,-010
+003,-010
+003,-010
+003,-010
+003,-010
+003,-010
+003,-010
+003,-010
+001,-010
+001,-010
+001,-010
+001,-010
+001,-010
+001,-010
+001,-010
+003,-010
+003,-010
+003,-010
+003,-010
+003,-010
+003,-010
+003,-010
+003,-010
+003,-010
+003,-010
+003,-010
+001,-010
+001,-010
+001,-010
+001,-011
+001,-011
+001,-011
+001,-011
+001,-011
+001,-011
+001,-012
+001,-012
+000,-012
+000,-012
-001,-012
-002,-012
-002,-009
-002,-009
-002,-009
-002,-009
-002,-009
-002,-009
-002,-009
-002,-009
-002,-009
-002,-009
-002,-009
-002,-009
-002,-009
-002,-009
-002,-009
-002,-009
-002,-006
-002,-006
-002,-006
-002,-006
-002,-006
-002,-006
-002,-006
-002,-006
-002,-006
-002,-006
-002,-006
-002,-006
-002,-006
-002,-006
-002,-006
-002,-007
-002,-007
-002,-007
-002,-007
-002,-007
-002,-007
-002,-007
+000,-007
+000,-007
+000,-008
+002,-008
+002,-008
+002,-008
+002,-008
+002,-008
+002,-008
+002,-008
+002,-008
+004,-008
+004,-008
+004,-008
+004,-008
+004,-008
+004,-008
+004,-008
+004,-005
+004,-005
+006,-005
+006,-005
+006,-005
+006,-005
+006,-005
+006,-005
+006,-005
+006,-005
+006,-005
+006,-005
+008,-005
+008,-005
+008,-005
+008,-005
+008,-005
+008,-005
+008,-005
+008,-005
+008,-005
+008,-005
+008,-005
+008,-005
+008,-005
+008,-005
+008,-005
+008,-005
+008,-005
+008,-005
+006,-005
+006,-005
+006,-005
+006,-005
+006,-005
+004,-002
+004,-002
+004,-002
+004,-002
+004,-002
+004,-002
+004,-002
+004,-002
+004,-002
+004,-002
+004,-002
+004,-002
+004,-002
+004,-002
+004,-002
+004,-002
+004,-002
+004,-002
+004,-002
+004,-002
+004,-002
+004,-002
+004,-002
+004,-002
+004,-002
+004,-002
+004,-002
+004,-003
+006,-003
+006,-003
+006,-004
+006,-004
+006,-004
+006,-004
+006,-004
+006,-004
+006,-004
+006,-004
+006,-004
+006,-004
+006,-004
+006,-004
+006,-004
+006,-004
+006,-004
+006,-004
+006,-004
+006,-004
+006,-004
+006,-004
+004,-004
+004,-004
+004,-004
+004,-004
+004,-004
+004,-004
+004,-004
+004,-004
+004,-004
+004,-004
+004,-004
+006,-005
+006,-005
+006,-005
+006,-005
+006,-005
+006,-005
+006,-005
+006,-005
+006,-005
+006,-005
+006,-005
+006,-005
+006,-005
+006,-005
+006,-002
+006,-002
+006,-002
+004,-002
+004,-002
+004,-002
+004,-002
+004,-001
+004,-001
+004,-001
+004,-001
+004,-001
+004,-001
+004,-001
+004,-001
+004,-001
+004,-001
+004,-001
+004,-001
+006,-001
+006,-001
+006,-001
+006,-001
+006,-001
+006,-001
+006,-001
+006,-001
+006,-001
+006,-001
+006,-001
+006,-001
+006,-004
+008,-003
+008,-003
+008,-003
+008,-003
+008,-003
+008,-003
+008,-003
+008,-003
+008,-003
+008,-003
+008,-003
+008,-003
+008,-003
+008,-003
+008,-003
+008,-003
+008,-003
+008,-003
+008,-003
+008,-003
+008,-003
+008,-003
+008,-006
+008,-006
+008,-006
+008,-006
+008,-006
+008,-006
+008,-006
+008,-006
+010,-006
+010,-006
+010,-009
+010,-009
+012,-009
+012,-009
+012,-009
+012,-009
+012,-009
+012,-009
+012,-009
+012,-009
+012,-009
+012,-009
+012,-009
+012,-009
+012,-009
+009,-009
+009,-009
+009,-009
+007,-009
+007,-009
+007,-009
+007,-009
+007,-009
+007,-009
+007,-009
+007,-009
+007,-009
+007,-009
+007,-009
+007,-009
+007,-009
+007,-009
+007,-009
+007,-009
+007,-009
+007,-009
+007,-009
+007,-009
+007,-009
+007,-009
+007,-009
+007,-008
+007,-008
+007,-008
+007,-007
+007,-007
+007,-007
+007,-007
+007,-007
+007,-007
+007,-007
+007,-007
+007,-007
+007,-007
+007,-007
+007,-007
+007,-007
+007,-007
+007,-007
+007,-007
+007,-007
+007,-007
+007,-007
+007,-007
+007,-007
+007,-007
+007,-007
+007,-007
+007,-007
+007,-010
+009,-010
+009,-010
+011,-010
+011,-010
+011,-010
+011,-010
+011,-013
+011,-013
+011,-013
+011,-013
+011,-013
+011,-013
+011,-013
+011,-013
+011,-013
+011,-013
+011,-013
+011,-013
+011,-013
+011,-013
+011,-013
+011,-013
+011,-013
+011,-013
+011,-013
+011,-013
+011,-013
+011,-013
+011,-013
+009,-013
+009,-013
+009,-012
+009,-012
+009,-012
+009,-012
+007,-011
+007,-011
+007,-011
+007,-011
+007,-011
+007,-011
+007,-011
+007,-011
+007,-011
+007,-011
+007,-011
+007,-011
+007,-011
+007,-011
+007,-011
+007,-011
+005,-011
+005,-011
+005,-011
+005,-011
+005,-011
+005,-011
+005,-011
+005,-011
+005,-011
+005,-011
+005,-010
+003,-010
+003,-010
+003,-010
+003,-010
+003,-010
+003,-010
+003,-010
+003,-010
+003,-010
+003,-010
+003,-010
+001,-010
+001,-010
+001,-010
+001,-010
+001,-010
+001,-010
+001,-010
+001,-010
+001,-010
+001,-010
+000,-010
+000,-010
+000,-010
+000,-010
+000,-010
+000,-010
+000,-010
+000,-010
+000,-010
+000,-010
+000,-010
+000,-010
+000,-010
-001,-010
-001,-010
-001,-010
-001,-010
-001,-010
-001,-010
-001,-010
-001,-010
-001,-010
-001,-009
-001,-009
-001,-009
-001,-009
-001,-009
-001,-009
-001,-009
-001,-009
-002,-009
-002,-009
-002,-009
-002,-009
-002,-009
-002,-008
-002,-008
-002,-008
-002,-008
-002,-008
-002,-008
-003,-008
-003,-008
-003,-008
-003,-008
-003,-008
-003,-008
-003,-008
-003,-008
-003,-008
-003,-008
-003,-008
-003,-008
-004,-011
-004,-011
-004,-011
-004,-011
-004,-011
-004,-010
-004,-010
-004,-010
-004,-010
-004,-010
-004,-010
-004,-010
-004,-010
-004,-010
-004,-010
-004,-010
-004,-010
-004,-010
-004,-010
-004,-010
-004,-010
-004,-010
-004,-010
-004,-010
-004,-010
-004,-010
-004,-010
-004,-010
-004,-010
-004,-010
-004,-010
-004,-010
-004,-010
-004,-010
-004,-010
-004,-010
-004,-010
-004,-010
-001,-010
-001,-010
-001,-010
-001,-010
-001,-010
-001,-010
-001,-010
-001,-010
-001,-010
-001,-010
-001,-010
-001,-010
-001,-010
-001,-010
-001,-010
-001,-010
-001,-010
-001,-010
-001,-010
-001,-010
-001,-009
-001,-009
-001,-009
-001,-009
-001,-009
-001,-009
-001,-009
-001,-009
-001,-009
-001,-009
-001,-009
-001,-009
-001,-009
-001,-009
-001,-009
-001,-009
-001,-009
-001,-009
-001,-009
-001,-009
-001,-009
-001,-009
-001,-009
-001,-009
-001,-009
-001,-009
-001,-009
-001,-009
-002,-009
-002,-009
-002,-009
-002,-009
-002,-009
-003,-009
-003,-009
-003,-009
-003,-009
-003,-009
-003,-009
-003,-009
-003,-009
-003,-009
-004,-009
-004,-009
-004,-009
-004,-009
-004,-009
-004,-009
-004,-009
-004,-009
-004,-009
-004,-009
-005,-009
-005,-009
-005,-009
-005,-009
-005,-009
-005,-009
-005,-009
-006,-009
-006,-009
-006,-009
-006,-009
-006,-009
-006,-009
-006,-009
-006,-009
-006,-009
-006,-009
-007,-012
-007,-012
-007,-012
-007,-012
-007,-012
-007,-012
-007,-012
-007,-012
-007,-012
-007,-012
-007,-012
-007,-012
-007,-012
-007,-012
-007,-012
-007,-012
-007,-012
-007,-012
-007,-012
-007,-012
-007,-012
-007,-012
-007,-012
-007,-012
-007,-012
-007,-012
-007,-012
-007,-012
-007,-012
-007,-012
-007,-012
-007,-012
-007,-012
-007,-012
-007,-012
-007,-015
-007,-015
-007,-015
-007,-015
-007,-015
-007,-015
-007,-015
-007,-015
-008,-015
-008,-015
-008,-015
-008,-015
-008,-015
-008,-015
-008,-015
-008,-015
-008,-015
-008,-015
-008,-015
-008,-018
-008,-018
-009,-018
-009,-018
-009,-018
-009,-018
-009,-018
-009,-018
-009,-018
-009,-018
-009,-018
-009,-018
-010,-018
-010,-018
-010,-018
-010,-018
-010,-018
-010,-018
-010,-018
-010,-018
-010,-018
-010,-017
-010,-017
-010,-017
-010,-017
-010,-017
-010,-017
-010,-017
-010,-017
-010,-017
-010,-017
-010,-016
-010,-016
-010,-016
-010,-016
-010,-016
-010,-016
-010,-016
-010,-016
-011,-016
-011,-016
-011,-016
-011,-016
-011,-016
-011,-016
-011,-016
-011,-016
-011,-016
-011,-016
-011,-016
-011,-016
-011,-016
-011,-016
-011,-016
-011,-016
-011,-016
-011,-016
-011,-016
-011,-016
-011,-016
-011,-016
-011,-016
-011,-016
-011,-016
-011,-016
-011,-016
-011,-016
-008,-016
-008,-016
-008,-016
-008,-016
-008,-016
-008,-016
-008,-016
-008,-016
-008,-016
-008,-016
-008,-015
-008,-015
-008,-015
-008,-015
-008,-015
-008,-014
-008,-014
-008,-014
-008,-014
-008,-014
-008,-013
-008,-013
-008,-013
-008,-013
-008,-013
-008,-013
-008,-013
-008,-013
-008,-013
-008,-013
-008,-013
-008,-013
-008,-013
-008,-013
-008,-013
-008,-013
-008,-013
-005,-013
-005,-013
-005,-013
-005,-013
-005,-013
-005,-013
-005,-013
-005,-013
-005,-013
-005,-013
-005,-013
-005,-013
-005,-013
-005,-012
-005,-012
-005,-012
-005,-012
-005,-012
-005,-012
-005,-012
-005,-012
-005,-011
-005,-011
-002,-011
-002,-010
-002,-010
-002,-010
-002,-010
-002,-009
-002,-009
-002,-009
-002,-008
-002,-008
-002,-008
-002,-008
-002,-008
-002,-007
+000,-007
+000,-007
+000,-007
+000,-006
+000,-006
+000,-006
+000,-006
+000,-006
+000,-006
+000,-005
+000,-005
+000,-005
+000,-005
+002,-005
+002,-005
+002,-005
+002,-005
+002,-005
+002,-005
+002,-005
+002,-005
+002,-005
+002,-005
+002,-005
+002,-005
+002,-005
+002,-005
+002,-005
+002,-005
+002,-005
+002,-005
+002,-005
+002,-005
+002,-004
+002,-004
+002,-004
+002,-004
+000,-004
+000,-004
+000,-004
+000,-004
+000,-004
+000,-004
+000,-003
+000,-003
+000,-003
+000,-003
+000,-003
-001,-003
-001,-003
-001,-003
-001,-003
-001,-003
-001,-003
-001,-003
-001,-003
-001,-003
-001,-003
-002,-003
-002,-003
-002,-002
-002,-002
-002,-002
-002,-002
-003,-002
-003,-002
-004,-002
-004,-002
-004,-002
-004,-002
-005,-002
-005,-002
-005,-002
-005,-002
-006,-002
-006,-002
-006,-002
-007,-002
-007,-002
-007,-002
-007,-002
-007,-002
-007,-002
-007,-002
-007,-002
-008,-002
-008,-002
-008,-001
-008,-001
-008,-001
-008,-001
-008,-001
-008,-001
-008,-001
-008,-001
-008,-001
-008,-001
-008,-001
-008,-001
-008,-001
-008,-001
-008,-001
-008,-001
-008,-000
-008,-000
-008,-000
-008,-000
-008,-000
-008,-000
-008,-000
-008,-000
-008,-000
-008,-000
-008,-000
-008,-000
-008,-000
-008,-000
-008,-000
-008,-000
-008,-000
-008,-001
-008,-001
-008,-001
-008,-001
-008,-001
-008,-001
-008,-001
-008,-001
-008,-001
-008,-001
-009,-001
-009,-001
-009,-001
-009,-001
-009,-001
-009,-001
-009,-001
-009,-001
-009,-002
-009,-002
-009,-002
-009,-002
-009,-002
-009,-002
-009,-002
-009,-002
-009,-002
-009,-002
-009,-002
-009,-002
-009,-002
-009,-002
-009,-002
-009,-002
-010,-002
-010,-002
-010,-002
-010,-002
-011,-002
-011,-002
-011,-002
-011,-002
-011,-002
-011,-002
-011,-002
-011,-002
-011,-002
-012,-002
-012,-002
-012,-002
-012,-002
-012,-002
-012,-002
-012,-002
-012,-002
-012,-002
-012,-002
-012,-002
-012,-002
-012,-002
-012,-002
-012,-002
-012,-002
-012,-002
-012,-002
-012,-002
-012,-002
-012,-002
-009,-002
-009,-003
-009,-003
-009,-003
-009,-003
-009,-003
-009,-003
-009,-003
-009,-004
-009,-004
-009,-004
-009,-004
-009,-004
-009,-004
-009,-004
-009,-004
-009,-004
-009,-004
-009,-005
-009,-005
-009,-005
-009,-005
-009,-005
-009,-005
-009,-005
-009,-006
-009,-006
-009,-006
-006,-006
-006,-007
-006,-007
-006,-007
-006,-007
-006,-007
-006,-007
-006,-008
-006,-008
-006,-008
-006,-008
-006,-008
-006,-008
-006,-008
-006,-009
-006,-009
-006,-009
-006,-009
-006,-009
-006,-009
-006,-009
-006,-009
-006,-009
-006,-009
-006,-009
-006,-009
-006,-009
-006,-009
-006,-009
-006,-009
-006,-009
-006,-009
-003,-009
-003,-009
-003,-009
-003,-009
-003,-009
-003,-009
-003,-009
-003,-009
-003,-009
-003,-009
-003,-006
-003,-006
-003,-007
-003,-007
-003,-007
-003,-007
-003,-007
-003,-007
-003,-007
-003,-007
-003,-007
-003,-007
-003,-007
-003,-007
-003,-007
-003,-007
-003,-007
-003,-007
-003,-007
-003,-007
-003,-007
-003,-007
-003,-007
-003,-007
-003,-007
-003,-007
-003,-007
-003,-007
-003,-007
-003,-007
-004,-007
-004,-007
-004,-007
-004,-004
-004,-004
-004,-004
-004,-004
-004,-004
-004,-004
-005,-004
-005,-004
-005,-004
-005,-004
-006,-004
-006,-004
-006,-004
-006,-004
-007,-001
-007,-001
-007,-001
-008,-001
-008,-001
-008,-001
-008,-001
-008,-001
-008,-001
-009,-001
-009,-001
-009,-001
-009,-001
-009,-001
-009,-002
-009,-002
-009,-002
-010,-002
-010,-002
-010,-002
-010,-002
-010,-002
-010,-002
-010,-002
-010,-002
-010,-002
-010,-002
-010,-002
-010,-002
-010,-002
-010,-002
-010,-002
-010,-002
-010,-005
-010,-004
-010,-004
-010,-004
-010,-004
-010,-004
-010,-004
-010,-004
-011,-004
-011,-004
-011,-004
-011,-004
-011,-004
-011,-004
-011,-004
-011,-004
-011,-004
-011,-004
-011,-004
-011,-004
-011,-004
-011,-004
-011,-004
-011,-004
-011,-004
-011,-004
-011,-004
-011,-004
-011,-004
-011,-004
-011,-004
-011,-004
-011,-004
-011,-004
-011,-004
-011,-004
-011,-004
-011,-004
-011,-004
-011,-004
-011,-004
-011,-004
-011,-004
-011,-004
-011,-004
-011,-004
-011,-004
-011,-004
-011,-004
-011,-004
-011,-004
-011,-004
-011,-004
-011,-004
-011,-004
-011,-004
-011,-004
-011,-004
-011,-003
-011,-003
-011,-003
-011,-003
-011,-003
-011,-003
-011,-003
-011,-003
-011,-003
-011,-003
-011,-003
-011,-003
-011,-003
-011,-003
-011,-003
-011,-003
-011,-003
-011,-003
-011,-003
-011,-003
-008,-003
-008,-003
-008,-003
-008,-003
-008,-003
-008,-003
-008,-003
-008,-003
-008,-003
-008,-003
-005,-003
-005,-003
-005,-003
-005,-003
-005,-003
-005,-003
-005,-003
-005,-003
-005,-003
-005,-003
-005,-003
-005,-003
-005,-003
-005,-003
-005,-003
-005,-003
-005,-003
-005,-003
-005,-003
-002,-003
-002,-003
-002,-003
-002,-003
-002,-003
-002,-002
-002,-002
-002,-002
-002,-002
-002,-002
-002,-002
+000,-002
+000,-002
+000,-002
+000,-002
+000,-002
+000,-002
+000,-002
+000,-002
+000,-002
+000,-002
+000,-002
+000,-002
+000,-002
+000,-002
+000,-002
+000,-005
+000,-005
+000,-005
+000,-005
+000,-005
+000,-005
+000,-005
+000,-005
+000,-005
+000,-005
+000,-005
+000,-005
+000,-005
+000,-005
+000,-005
+000,-005
+000,-005
+000,-005
+000,-005
+000,-005
+000,-005
+000,-005
+000,-005
+000,-005
+000,-005
+000,-005
+000,-005
+000,-005
+000,-005
+000,-005
+000,-005
+000,-005
+000,-005
+000,-005
+000,-005
+000,-005
+000,-005
+000,-005
+000,-005
+000,-005
+000,-005
+000,-008
+000,-007
+000,-007
+000,-007
+000,-007
+000,-007
+000,-007
+000,-007
+000,-007
+000,-007
+000,-007
+000,-007
+000,-007
+000,-007
+000,-007
+000,-007
+000,-007
+000,-007
+000,-007
+000,-007
+000,-007
+000,-007
+000,-007
+000,-007
+000,-007
+000,-007
+000,-007
+000,-007
+000,-007
+000,-007
+000,-007
+000,-007
+000,-007
+000,-007
+000,-007
+000,-007
+000,-007
+000,-007
+000,-007
+000,-007
+000,-007
+000,-007
+000,-007
+000,-007
+000,-007
+000,-007
+000,-007
+000,-007
+000,-007
+000,-007
+000,-007
+000,-007
+000,-007
+000,-007
+000,-007
+000,-007
+000,-007
+000,-007
+000,-007
+000,-007
+000,-007
+000,-007
+000,-007
+000,-007
+000,-007
+000,-007
+000,-007
+000,-007
+000,-007
+000,-007
+000,-007
+000,-007
+000,-007
+000,-007
+000,-007
-001,-006
-001,-006
-001,-006
-001,-006
-001,-006
-002,-006
-002,-006
-002,-006
-002,-006
-002,-005
-002,-005
-002,-005
-002,-005
-002,-005
-003,-005
-003,-005
-003,-005
-003,-005
-003,-005
-003,-005
-003,-005
-003,-005
-004,-005
-004,-005
-004,-005
-004,-005
-004,-005
-004,-005
-004,-005
-005,-005
-005,-005
-005,-005
-005,-005
-005,-005
-005,-005
-005,-005
-005,-005
-005,-005
-005,-005
-005,-005
-005,-005
-005,-005
-006,-005
-006,-004
-006,-004
-006,-004
-006,-004
-006,-004
-007,-004
-007,-004
-007,-003
-007,-003
-007,-003
-007,-003
-007,-003
-007,-003
-007,-003
-007,-003
-008,-003
-008,-003
-008,-003
-008,-003
-008,-003
-008,-002
-008,-002
-008,-002
-008,-002
-008,-002
-008,-002
-008,-002
-008,-002
-008,-002
-008,-002
-008,-002
-008,-002
-008,-002
-008,-001
-008,-001
-008,-001
-008,-001
-008,-001
-008,-001
-008,-001
-008,-001
-008,-001
-008,-001
-008,-001
-008,-000
-008,-000
-008,-000
-008,-000
-008,-000
-008,-000
-008,-000
-008,-000
-008,-000
-008,-000
-008,-000
-008,-000
-008,-000
-008,-000
-008,-000
-008,-000
-008,-000
-008,-000
-008,-000
-008,-000
-008,-000
-008,-000
-008,-000
-008,-000
-008,-000
-008,-000
-008,-000
-008,-000
-008,-000
-008,-000
-008,-000
-008,-000
-008,-000
-008,-000
-008,-000
-008,-000
-008,-000
-008,-000
-008,-000
-008,-000
-008,-000
-008,-000
-008,-000
-005,-000
-006,-000
-006,-000
-006,-000
-006,-000
-006,-000
-006,-000
-006,-000
-006,-000
-006,-000
-006,-000
-006,-000
-006,-000
-006,-000
-006,-000
-006,-000
-006,-000
-006,-000
-006,-000
-006,-000
-006,-000
-006,-000
-006,-000
-006,-000
-006,-000
-006,-000
-006,-000
-006,-000
-006,-000
-006,-000
-006,-000
-006,-000
-006,-000
-006,-000
-006,-000
-006,-000
-006,-000
-006,-000
-006,-000
-006,-000
-006,-000
-006,-000
-006,-000
-006,-000
-006,-000
-006,-000
-006,-000
-006,-000
-006,-000
-006,-000
-006,-000
-006,-000
-006,-000
-006,-000
-006,-000
-006,-000
-006,-000
-006,-000
-006,-000
-006,-000
-006,-000
-006,-000
-006,-000
-006,-000
-006,-000
-006,-000
-006,-000
-006,-000
-006,-000
-006,-000
-006,-000
-006,-000
-006,-000
-006,-000
-006,-000
-006,-000
-006,-000
-006,-000
-006,-000
-006,-000
-006,-000
-006,-000
-006,-000
-006,-000
-006,-000
-006,-000
-006,-000
-006,-000
-006,-000
-006,-000
-006,-000
-006,-000
-006,-000
-006,-000
-006,-000
-006,-000
-006,-000
-006,-000
-006,-000
-006,-000
-006,-000
-006,-000
-006,-000
-006,-000
-006,-000
-006,-000
-006,-000
-006,-000
-006,-000
-006,-000
-006,-000
-007,-000
-007,-000
-007,-000
-007,-000
-007,-000
-007,-000
-007,-003
-007,-003
-007,-003
-007,-003
-007,-003
-007,-003
-007,-003
-007,-003
-008,-003
-008,-003
-008,-003
-008,-003
-008,-003
-008,-003
-008,-003
-008,-003
-008,-003
-009,-003
-009,-003
-009,-003
-009,-003
-009,-003
-009,-003
-009,-003
-010,-003
-010,-003
-010,-003
-010,-003
-010,-003
-010,-003
-010,-003
-010,-003
-010,-003
-010,-003
-010,-003
-010,-003
-010,-003
-010,-003
-010,-003
-010,-003
-010,-003
-010,-003
-010,-003
-010,-003
-010,-003
-010,-003
-010,-003
-010,-003
-010,-003
-010,-003
-010,-003
-010,-003
-010,-003
-010,-003
-010,-003
-010,-003
-010,-003
-010,-003
-010,-003
-010,-003
-010,-003
-010,-003
-010,-003
-010,-003
-010,-003
-010,-003
-010,-003
-011,-003
-011,-003
-011,-003
-011,-003
-011,-003
-011,-003
-011,-003
-011,-003
-011,-003
-011,-003
-011,-003
-011,-003
-011,-003
-011,-003
-011,-003
-011,-006
-011,-006
-011,-006
-011,-006
-011,-006
-011,-006
-011,-006
-011,-006
-011,-006
-011,-006
-011,-006
-011,-006
-011,-006
-012,-006
-012,-006
-012,-006
-012,-006
-012,-006
-012,-006
-012,-006
-012,-006
-012,-006
-012,-006
-012,-006
-012,-006
-013,-006
-013,-006
-013,-006
-013,-006
-013,-006
-013,-006
-013,-006
-013,-006
-013,-006
-013,-006
-013,-006
-013,-006
-013,-006
-013,-006
-013,-006
-013,-005
-013,-005
-013,-005
-013,-005
-013,-004
-013,-004
-013,-004
-013,-004
-013,-004
-013,-004
-013,-004
-013,-004
-013,-004
-013,-004
-013,-004
-013,-004
-013,-004
-013,-004
-013,-004
-013,-004
-013,-004
-013,-004
-013,-004
-013,-004
-013,-004
-013,-004
-013,-004
-013,-004
-013,-004
-013,-004
-013,-004
-013,-004
-013,-004
-013,-004
-013,-004
-013,-004
-013,-004
-013,-004
-013,-004
-013,-004
-013,-004
-013,-004
-013,-004
-013,-004
-013,-004
-013,-004
-013,-004
-013,-004
-013,-004
-013,-004
-013,-004
-013,-004
-013,-004
-013,-004
-013,-004
-013,-004
-013,-004
-013,-004
-013,-004
-013,-004
-013,-004
-013,-004
-013,-004
-013,-004
-013,-004
-013,-004
-013,-004
-013,-004
-013,-004
-013,-004
-013,-004
-013,-004
-013,-004
-013,-004
-013,-004
-013,-004
-013,-007
-013,-006
-013,-006
-013,-006
-013,-006
-013,-006
-013,-006
-013,-006
-013,-006
-013,-006
-013,-006
-013,-006
-013,-006
-013,-006
-013,-006
-013,-006
-013,-006
-013,-006
-013,-005
-013,-005
-013,-005
-013,-005
-013,-005
-013,-005
-013,-005
-013,-004
-013,-004
-013,-004
-013,-004
-013,-004
-013,-004
-013,-004
-013,-004
-013,-004
-013,-004
-013,-004
-013,-004
-013,-004
-013,-003
-013,-003
-013,-003
-013,-003
-013,-003
-013,-003
-013,-003
-013,-003
-013,-003
-013,-003
-013,-003
-013,-003
-013,-003
-013,-003
-013,-003
-013,-003
-013,-003
-013,-003
-013,-003
-013,-003
-013,-003
-013,-003
-013,-003
-013,-003
-013,-003
-013,-003
-013,-003
-013,-003
-013,-006
-013,-005
-013,-005
-013,-005
-013,-005
-013,-005
-013,-005
-013,-005
-013,-005
-013,-004
-013,-004
-013,-004
-013,-004
-013,-004
-013,-004
-013,-004
-013,-004
-013,-004
-013,-004
-013,-004
-013,-004
-013,-004
-013,-003
-013,-003
-013,-003
-013,-003
-013,-003
-013,-003
-013,-003
-013,-003
-013,-003
-013,-003
-013,-003
-013,-003
-013,-003
-013,-003
-013,-003
-013,-003
-013,-003
-013,-003
-013,-003
-013,-003
-013,-003
-013,-003
-013,-003
-013,-003
-013,-003
-013,-003
-013,-003
-013,-003
-013,-003
-013,-003
-013,-002
-013,-002
-013,-002
-013,-002
-013,-002
-013,-002
-013,-002
-013,-002
-013,-002
-013,-002
-013,-002
-013,-002
-013,-002
-013,-002
-010,-002
-010,-002
-010,-002
-010,-002
-010,-002
-010,-002
-010,-002
-010,-002
-010,-002
-010,-002
-010,-002
-010,-002
-010,-002
-010,-002
-010,-002
-010,-002
-010,-002
-010,-002
-010,-002
-010,-002
-010,-002
-010,-002
-010,-002
-010,-002
-010,-002
-010,-002
-010,-002
-010,-002
-010,-002
-010,-002
-010,-002
-010,-002
-010,-002
-010,-002
-010,-002
-010,-002
-010,-002
-010,-002
-010,-002
-010,-002
-010,-002
-010,-002
-010,-002
-010,-002
-010,-002
-010,-002
-010,-002
-010,-002
-010,-002
-007,-002
-007,-002
-007,-002
-007,-002
-007,-002
-007,-002
-007,-002
-007,-002
-007,-002
-007,-002
-007,-002
-007,-002
-007,-002
-007,-002
-007,-002
-007,-002
-007,-002
-007,-002
-007,-002
-007,-002
-007,-002
-007,-002
-007,-002
-007,-002
-007,-002
-007,-002
-007,-002
-007,-002
-007,-002
-007,-002
-007,-002
-007,-002
-007,-002
-007,-002
-007,-002
-007,-002
-007,-002
-007,-002
-007,-002
-007,-002
-007,-002
-007,-002
-007,-002
-007,-002
-007,-002
-007,-002
-007,-002
-004,-002
-004,-002
-004,-002
-004,-002
-004,-002
-004,-002
-004,-002
-004,-002
-004,-002
-004,-002
-004,-002
-004,-002
-004,-002
-004,-002
-004,-002
-004,-002
-004,-002
-004,-002
-004,-002
-004,-002
-004,-002
-004,-002
-004,-002
-004,-002
-004,-002
-004,-002
-004,-002
-004,-002
-004,-002
-004,-002
-004,-002
-004,-002
-004,-002
-004,-002
-004,-002
-004,-002
-004,-002
-004,-002
-004,-002
-004,-002
-004,-002
-004,-002
-001,-002
-001,-002
-001,-002
-002,-002
-002,-002
-002,-002
-002,-002
-002,-002
-002,-002
-002,-002
-002,-002
-002,-001
-002,-001
-002,-001
-002,-001
-002,-001
-002,-001
-002,-001
-002,-001
-002,-001
-002,-001
-002,-001
-002,-001
-002,-001
-002,-001
-002,-001
-002,-001
-002,-001
-002,-000
-002,-000
-002,-000
-002,-000
-002,-000
-002,-000
-002,-000
-002,-000
-002,-000
-002,-000
-002,-000
-002,-000
-002,-000
+000,-000
+000,-000
+000,-000
+000,-000
+000,-000
+000,-000
+000,-000
+000,-000
+000,-000
+000,-000
+000,-000
+000,-000
+000,-000
+000,-000
+000,-000
+000,-000
+000,-000
+000,-000
+000,-000
+000,-000
+000,-000
+000,-000
+000,-000
+000,-000
+000,-000
+000,-000
+000,-000
+000,-000
+000,-000
+000,-000
+000,-001
+000,-001
+000,-001
+000,-001
+000,-001
+000,-001
+000,-001
+000,-001
+000,-001
+000,-001
+000,-001
+000,-001
+000,-001
+000,-001
+000,-001
+000,-001
+000,-001
+000,-001
+000,-001
+000,-001
+000,-001
+000,-001
+000,-001
+000,-001
+000,-001
+000,-001
+000,-001
+000,-001
+000,-001
+000,-001
+000,-001
+000,-001
+000,-001
+000,-001
+000,-001
+000,-001
+000,-001
+000,-001
+000,-001
+000,-001
+000,-001
+000,-001
+000,-001
+000,-001
+000,-001
-001,-001
-001,-001
-001,-001
-001,-001
-001,-001
-001,-001
-001,-001
-001,-001
-001,-001
-001,-001
-001,-001
-001,-001
-001,-001
-001,-001
-002,-001
-002,-001
-002,-001
-002,-001
-002,-001
-002,-001
-002,-001
-002,-001
-002,-002
-003,-002
-003,-002
-003,-002
-003,-002
-003,-002
-003,-002
-004,-002
-004,-002
-004,-002
-004,-002
-004,-002
-004,-002
-004,-002
-004,-002
-004,-002
-005,-002
-005,-002
-005,-002
-005,-002
-005,-002
-005,-002
-005,-002
-005,-002
-005,-002
-005,-002
-005,-002
-005,-002
-005,-002
-005,-002
-005,-002
-005,-002
-005,-001
-005,-000
-005,-000
-005,-000
-005,-000
-005,-000
-005,-000
-005,-000
-005,-000
-005,-000
-005,-000
-005,-000
-005,-000
-005,-000
-005,-000
-005,-000
-005,-000
-005,-000
-005,-000
-005,-000
-005,-000
-005,-000
-005,-000
-005,-000
-005,-000
-005,-000
-005,-000
-005,-000
-005,-000
-005,-000
-005,-000
-005,-000
-005,-000
-005,-000
-005,-000
-005,-000
-005,-000
-005,-000
-005,-000
-005,-000
-005,-000
-005,-000
-005,-000
-005,-000
-005,-003
-005,-003
-005,-003
-005,-003
-005,-003
-005,-003
-005,-003
-005,-003
-005,-003
-005,-003
-005,-003
-005,-003
-005,-003
-005,-003
-005,-003
-005,-003
-005,-003
-005,-003
-005,-003
-005,-003
-005,-003
-005,-003
-005,-003
-005,-003
-005,-003
-005,-003
-005,-003
-005,-003
-005,-003
-005,-003
-005,-002
-005,-002
-005,-002
-005,-002
-005,-002
-005,-002
-005,-002
-005,-002
-005,-002
-005,-002
-005,-002
-005,-002
-005,-002
-005,-002
-005,-002
-005,-002
-005,-002
-005,-002
-005,-002
-005,-002
-005,-002
-005,-002
-005,-002
-005,-002
-005,-002
-005,-002
-005,-002
-005,-002
-005,-002
-005,-002
-005,-002
-005,-002
-005,-002
-005,-002
-006,-001
-006,-001
-006,-001
-006,-001
-006,-001
-006,-001
-006,-001
-006,-001
-006,-001
-006,-001
-006,-001
-006,-001
-006,-001
-006,-001
-006,-001
-006,-001
-006,-001
-006,-001
-007,-001
-007,-001
-007,-001
-007,-001
-007,-001
-007,-001
-007,-001
-007,-001
-007,-001
-008,-001
-008,-001
-008,-001
-008,-001
-008,-001
-008,-001
-008,-001
-008,-001
-009,-001
-009,-001
-009,-001
-009,-001
-009,-001
-009,-001
-009,-001
-009,-001
-009,-001
-009,-001
-009,-001
-009,-001
-009,-001
-009,-001
-009,-001
-009,-001
-009,-001
-009,-001
-009,-001
-009,-001
-009,-001
-010,-001
-010,-001
-010,-001
-010,-001
-010,-001
-010,-001
-010,-001
-011,-001
-011,-001
-011,-001
-011,-001
-011,-001
-012,-001
-012,-001
-012,-001
-012,-001
-013,-001
-013,-001
-013,-001
-013,-004
-013,-003
-013,-003
-014,-003
-014,-003
-014,-003
-014,-003
-014,-003
-014,-003
-014,-003
-014,-003
-014,-003
-014,-003
-014,-003
-014,-003
-014,-003
-014,-003
-014,-003
-014,-003
-014,-003
-014,-003
-014,-003
-014,-002
-014,-002
-014,-002
-014,-002
-014,-002
-014,-002
-014,-002
-014,-002
-014,-002
-014,-002
-014,-002
-014,-002
-014,-002
-014,-002
-015,-002
-015,-002
-015,-002
-015,-002
-015,-002
-015,-002
-015,-002
-015,-002
-015,-002
-015,-002
-016,-002
-016,-002
-016,-002
-016,-002
-016,-002
-016,-002
-016,-002
-016,-002
-016,-002
-016,-002
-016,-002
-016,-002
-016,-002
-016,-002
-016,-002
-016,-002
-016,-002
-016,-002
-016,-002
-016,-002
-016,-002
-016,-002
-016,-002
-016,-002
-016,-002
-016,-002
-016,-002
-016,-002
-016,-002
-016,-002
-016,-002
-016,-002
-016,-002
-016,-002
-016,-005
-016,-005
-016,-004
-016,-004
-016,-004
-016,-004
-016,-004
-016,-004
-016,-004
-016,-004
-016,-004
-016,-004
-016,-004
-016,-004
-016,-004
-016,-004
-016,-007
-016,-007
-016,-007
-016,-007
-016,-007
-016,-007
-016,-007
-016,-007
-016,-007
-016,-007
-016,-007
-016,-007
-016,-007
-016,-007
-016,-010
-016,-010
-016,-010
-016,-010
-016,-010
-013,-010
-014,-010
-014,-010
-014,-010
-014,-010
-014,-010
-014,-010
-014,-010
-014,-010
-014,-010
-014,-010
-014,-010
-014,-010
-014,-010
-014,-010
-014,-010
-014,-010
-011,-010
-011,-010
-011,-010
-011,-010
-011,-010
-011,-010
-011,-010
-011,-010
-011,-010
-011,-010
-011,-010
-011,-010
-011,-010
-011,-010
-011,-010
-008,-010
-008,-010
-008,-010
-008,-010
-008,-010
-008,-010
-008,-010
-008,-010
-008,-010
-008,-010
-008,-010
-008,-010
-008,-010
-008,-010
-008,-010
-008,-010
-008,-010
-008,-010
-008,-010
-005,-010
-005,-010
-005,-010
-005,-010
-005,-010
-005,-010
-005,-010
-005,-010
-005,-010
-005,-010
-005,-010
-005,-013
-002,-013
-002,-012
-002,-012
-002,-012
-002,-012
-002,-012
-002,-012
-002,-012
-002,-012
-002,-012
+000,-012
+000,-012
+000,-012
+000,-012
+000,-012
+000,-012
+000,-012
+000,-012
+000,-012
+000,-012
+002,-012
+002,-012
+002,-012
+002,-012
+002,-012
+002,-012
+002,-012
+002,-012
+002,-012
+002,-012
+002,-012
+002,-012
+002,-012
+002,-012
+002,-012
+004,-012
+004,-012
+004,-012
+004,-011
+004,-011
+004,-011
+004,-011
+004,-011
+004,-011
+004,-011
+004,-010
+004,-010
+004,-010
+004,-010
+004,-010
+006,-010
+006,-009
+006,-009
+006,-009
+006,-009
+006,-009
+006,-009
+006,-009
+006,-008
+006,-008
+006,-008
+006,-008
+006,-008
+006,-008
+006,-008
+006,-008
+006,-008
+006,-007
+006,-007
+006,-007
+006,-007
+006,-007
+006,-007
+006,-007
+006,-006
+006,-006
+006,-006
+006,-006
+006,-006
+006,-006
+006,-006
+006,-006
+006,-006
+006,-005
+006,-005
+006,-005
+006,-005
+006,-004
+006,-004
+006,-004
+006,-004
+006,-004
+006,-004
+006,-004
+006,-004
+004,-004
+004,-004
+004,-004
+004,-004
+004,-004
+004,-004
+004,-003
+004,-003
+004,-003
+004,-003
+004,-003
+002,-003
+002,-003
+002,-003
+002,-003
+002,-003
+002,-003
+002,-003
+002,-003
+002,-003
+000,-003
+000,-003
+000,-003
+000,-003
+000,-003
+000,-003
+000,-003
+000,-003
+000,-002
+000,-002
+000,-002
+000,-002
+000,-002
+000,-002
+000,-002
+000,-001
+000,-001
+000,-001
+000,-001
+000,-001
-001,-001
-001,-001
-001,-001
-001,-001
-001,-001
-001,-000
-002,-000
-002,-000
-002,-000
-002,-000
-003,-000
-003,-000
-003,-000
-003,-000
-003,-000
-003,-000
-003,-000
-004,-000
-004,-000
-004,-001
-004,-001
-004,-001
-004,-001
-004,-001
-004,-001
-004,-001
-004,-001
-004,-001
-004,-001
-004,-001
-004,-001
-004,-001
-004,-001
-004,-001
-004,-001
-004,-002
-004,-002
-004,-002
-004,-002
-004,-002
-004,-002
-004,-002
-004,-003
-004,-003
-004,-003
-004,-003
-004,-003
-004,-003
-004,-003
-004,-003
-004,-003
-004,-003
-004,-004
-004,-004
-004,-004
-004,-004
-004,-004
-004,-004
-004,-004
-004,-004
-004,-004
-004,-004
-004,-004
-004,-004
-004,-004
-004,-004
-004,-004
-004,-004
-004,-004
-004,-004
-004,-004
-004,-004
-004,-004
-004,-004
-004,-004
-004,-004
-004,-004
-004,-004
-004,-004
-004,-004
-004,-004
-004,-004
-004,-004
-004,-004
-004,-004
-004,-004
-004,-004
-004,-004
-004,-004
-004,-004
-004,-004
-004,-004
-004,-004
-004,-004
-004,-004
-004,-004
-004,-004
-004,-004
-004,-001
-004,-002
-004,-002
-004,-002
-004,-002
-004,-002
-004,-002
-004,-002
-004,-002
-004,-002
-001,-002
-001,-002
-001,-001
-001,-001
-001,-001
-001,-001
-001,-001
-001,-001
-001,-001
-001,-001
-001,-001
-001,-001
-001,-001
-001,-001
+001,-001
+001,-001
+001,-001
+001,-001
+001,-001
+001,-001
+001,-001
+001,-001
+001,-001
+001,-001
+001,-001
+001,-001
+001,-001
+001,-001
+001,-001
+001,-001
+001,-001
+001,-001
+001,-001
+001,-001
+001,-001
+001,-000
+001,-000
+001,-000
+001,-000
+001,-000
+001,-000
+001,-000
+001,-000
+001,-000
+003,-000
+003,-000
+003,-000
+003,-000
+003,-000
+003,-000
+003,-000
+003,-000
+003,-000
+003,-000
+003,-000
+003,-000
+003,-000
+003,-000
+003,-000
+003,-000
+003,-000
+005,-000
+005,-000
+005,-000
+005,-000
+005,-001
+005,-001
+005,-001
+007,-002
+007,-002
+007,-003
+007,-003
+007,-003
+007,-003
+007,-003
+007,-003
+007,-003
+007,-003
+007,-003
+007,-003
+007,-003
+007,-003
+007,-003
+007,-003
+007,-004
+007,-004
+007,-004
+007,-004
+007,-004
+007,-004
+007,-004
+007,-004
+007,-004
+007,-004
+007,-004
+007,-004
+007,-004
+007,-004
+007,-004
+007,-001
+005,-001
+005,-001
+005,-001
+005,-001
+005,-001
+005,-001
+005,-001
+005,-001
+005,-001
+005,-001
+005,-001
+005,-001
+005,-001
+005,-001
+005,-001
+005,-001
+003,-001
+003,-001
+003,-001
+003,-001
+003,-001
+003,-001
+003,-001
+003,-001
+003,-001
+003,-001
+001,-001
+001,-001
+001,-001
+001,-001
+001,-001
+001,-001
+001,-001
+001,-001
+001,-001
+001,-001
+001,-001
+001,-001
+001,-001
+001,-001
+001,-001
+001,-001
+001,-001
+001,-001
+001,-001
+001,-001
+000,-001
+000,-001
+000,-001
+000,-002
+000,-001
-001,-001
-001,-001
-001,-001
-001,-001
-002,-001
-002,-001
-002,-001
-002,-001
-003,-001
-003,-001
-004,-001
-004,-001
-005,-001
-005,-001
-005,-001
-006,-001
-006,-001
-006,-001
-007,-001
-007,-001
-007,-001
-007,-001
-008,-001
-008,-001
-008,-001
-009,-001
-009,-000
-009,-000
-010,-000
-010,-000
-010,-000
-010,-000
-010,-000
-010,-000
-010,-000
-011,-000
-011,-000
-011,-000
-011,-000
-012,-000
-012,-000
-012,-000
-012,-000
-012,-000
-013,-000
-013,-000
-013,-000
-013,-000
-013,-000
-014,-000
-014,-000
-014,-000
-014,-000
-014,-000
-014,-000
-014,-000
-014,-000
-014,-000
-014,-000
-014,-000
-014,-000
-014,-000
-014,-000
-014,-000
-014,-000
-014,-000
-014,-000
-014,-000
-014,-000
-014,-000
-014,-000
-014,-000
-014,-000
-014,-000
-014,-000
-014,-000
-014,-000
-011,-000
-012,-000
-012,-000
-012,-000
-012,-000
-012,-000
-012,-000
-012,-000
-012,-000
-012,-000
-012,-000
-012,-000
-012,-000
-012,-000
-012,-000
-012,-000
-012,-000
-012,-000
-012,-000
-012,-000
-012,-000
-012,-000
-012,-000
-012,-000
-012,-000
-009,-000
-009,-000
-009,-000
-009,-000
-009,-000
-009,-000
-009,-000
-009,-000
-009,-000
-009,-000
-009,-000
-009,-000
-009,-000
-009,-000
-006,-000
-006,-000
-006,-000
-006,-000
-006,-000
-006,-000
-006,-000
-006,-000
-003,-000
-003,-000
-003,-000
-003,-001
-003,-001
-003,-001
-003,-001
-003,-001
-003,-001
-003,-002
-003,-002
-003,-002
-003,-002
-003,-002
-003,-002
-003,-002
-003,-002
-003,-002
-003,-002
-003,-002
-003,-002
-003,-002
+000,-002
+000,-002
+000,-002
+000,-002
+000,-002
+000,-002
+000,-002
+000,-002
+000,-002
+000,-002
+000,-002
+000,-002
+000,-002
+000,-002
+000,-002
+000,-002
+000,-002
+002,-002
+002,-002
+002,-002
+002,-002
+002,-002
+004,-003
+004,-004
+006,-004
+006,-004
+006,-004
+006,-005
+006,-005
+006,-005
+006,-005
+006,-005
+006,-005
+006,-005
+006,-005
+006,-005
+006,-005
+006,-006
+006,-006
+006,-006
+006,-006
+006,-006
+006,-006
+006,-006
+006,-006
+006,-006
+006,-006
+006,-006
+006,-006
+006,-006
+006,-006
+006,-006
+006,-006
+006,-006
+006,-006
+006,-006
+006,-006
+006,-006
+006,-006
+006,-006
+006,-006
+006,-006
+006,-006
+006,-006
+006,-006
+006,-006
+006,-006
+004,-006
+004,-006
+004,-006
+004,-003
+004,-004
+002,-004
+002,-004
+002,-004
+002,-004
+002,-004
+002,-004
+002,-004
+004,-005
+004,-005
+004,-005
+004,-005
+004,-005
+004,-005
+004,-005
+004,-005
+004,-005
+004,-005
+004,-005
+004,-005
+004,-005
+004,-005
+004,-005
+004,-005
+004,-005
+004,-005
+004,-005
+004,-005
+004,-002
+004,-003
+004,-003
+004,-003
+004,-003
+004,-003
+004,-003
+004,-003
+004,-003
+002,-003
+002,-003
+002,-003
+002,-003
+002,-003
+002,-003
+002,-003
+002,-003
+002,-003
+002,-003
+002,-003
+002,-003
+002,-003
+002,-003
+002,-003
+002,-003
+002,-003
+002,-003
+002,-003
+002,-003
+002,-003
+002,-003
+002,-004
+002,-004
+000,-004
+000,-004
+000,-004
+000,-004
+000,-004
+000,-004
+000,-004
+000,-005
+000,-005
+000,-005
+000,-005
+000,-005
+000,-005
+000,-005
+000,-005
+000,-005
+000,-005
+000,-005
+000,-005
+000,-005
+000,-005
+000,-005
+000,-005
+000,-005
+000,-005
+000,-005
+000,-005
+000,-005
+000,-005
+000,-005
+000,-005
+000,-005
+000,-005
+002,-005
+002,-005
+002,-005
+002,-005
+004,-005
+004,-005
+004,-006
+004,-006
+004,-006
+004,-006
+004,-006
+004,-006
+004,-006
+004,-006
+004,-006
+006,-006
+006,-006
+006,-006
+006,-007
+006,-007
+006,-007
+006,-007
+006,-007
+006,-007
+006,-007
+006,-007
+006,-007
+006,-007
+006,-007
+006,-007
+006,-007
+006,-007
+006,-007
+006,-007
+006,-007
+006,-007
+006,-007
+006,-007
+006,-007
+006,-007
+006,-007
+006,-007
+006,-007
+006,-007
+006,-007
+006,-007
+006,-007
+006,-007
+006,-007
+006,-007
+006,-007
+006,-007
+006,-007
+006,-007
+006,-007
+006,-007
+006,-007
+006,-007
+006,-007
+006,-007
+006,-007
+006,-007
+006,-007
+006,-007
+006,-007
+006,-007
+006,-007
+006,-007
+003,-004
+003,-004
+003,-004
+003,-004
+003,-004
+003,-004
+001,-004
+001,-004
+001,-004
+001,-004
+001,-004
+001,-004
+001,-004
+001,-004
+001,-004
+001,-004
+001,-004
+001,-004
+001,-004
+001,-001
+001,-002
+001,-002
+001,-002
+001,-002
+001,-002
+001,-002
+001,-002
+001,-002
+001,-002
+001,-002
+001,-002
+000,-002
+000,-002
+000,-002
+000,-002
-001,-002
-001,-002
-001,-002
-002,-002
-002,-002
-002,-002
-002,-002
-003,-002
-003,-002
-003,-002
-004,-002
-004,-002
-004,-002
-004,-002
-005,-002
-005,-002
-005,-002
-005,-002
-005,-002
-005,-002
-006,-002
-006,-002
-006,-002
-006,-002
-006,-002
-007,-002
-007,-002
-007,-002
-007,-002
-007,-002
-007,-002
-008,-002
-008,-002
-008,-002
-009,-002
-009,-002
-009,-002
-009,-002
-010,-002
-010,-002
-010,-002
-010,-002
-011,-002
-011,-002
-011,-002
-011,-002
-012,-002
-012,-001
-012,-001
-012,-001
-012,-001
-013,-001
-013,-001
-013,-001
COP Area(S): 000112
COP Area(R): 000181