-000,+000
-001,+001
-002,+001
-003,+001
-003,+001
-003,+001
-003,+001
-003,+001
-003,+001
-003,+001
-003,+003
-003,+003
-003,+003
-003,+003
-003,+003
-003,+003
-003,+003
-003,+003
-003,+003
-003,+003
-003,+003
-003,+003
-003,+003
-003,+003
-003,+003
-003,+003
-003,+003
-003,+003
-003,+003
-003,+003
-003,+003
-003,+003
-003,+003
-003,+003
-003,+003
-003,+003
-003,+003
-003,+003
-003,+003
-003,+003
-003,+003
-003,+003
-003,+005
-003,+005
-000,+005
-000,+005
-000,+005
-000,+005
-000,+005
-000,+005
-000,+007
-000,+007
-000,+007
-000,+007
-000,+007
-000,+007
-000,+007
-000,+007
-000,+007
-000,+007
-000,+007
-003,+007
-003,+007
-003,+007
-003,+007
-003,+007
-003,+007
-003,+007
-003,+007
-003,+007
-003,+007
-003,+007
-003,+007
-003,+007
-003,+005
-003,+005
-003,+005
-003,+005
-003,+005
-003,+005
-003,+005
-003,+005
-003,+005
-003,+005
-003,+005
-003,+005
-003,+005
-003,+005
-006,+005
-006,+005
-006,+003
-006,+003
-006,+003
-006,+003
-006,+003
-006,+003
-006,+003
-006,+003
-006,+003
-006,+003
-006,+003
-006,+003
-006,+003
-006,+003
-006,+003
-006,+003
-006,+003
-006,+003
-006,+003
-006,+003
-006,+003
-006,+003
-006,+003
-006,+003
-006,+003
-006,+003
-006,+003
-006,+003
-006,+003
-006,+003
-006,+003
-006,+003
-006,+003
-006,+003
-006,+003
+009,+003
+009,+003
+009,+003
+009,+003
+009,+003
+009,+003
+009,+003
+009,+003
+009,+003
+009,+003
+009,+003
+009,+003
+009,+003
+009,+003
+009,+003
+011,+003
+011,+003
+011,+003
+011,+003
+014,+005
+014,+005
+014,+005
+014,+005
+014,+005
+017,+002
+017,+002
+020,+000
+020,+000
+020,+000
+020,+000
+020,+002
+022,+002
+022,+002
+022,+002
+022,+002
+022,+002
+022,+002
+022,+002
+024,+004
+024,+004
+024,+004
+024,+004
+024,+004
+024,+004
+026,+004
+026,+004
+026,+004
+026,+004
+026,+006
+026,+006
+026,+006
+026,+006
+028,+006
+028,+007
+028,+007
+028,+007
+028,+007
+028,-008
+028,-008
+028,-008
+028,-009
+028,-009
+028,-009
+030,-010
+030,-010
+030,-010
+030,-011
+030,-012
+028,-013
+028,-013
+028,-014
+028,-014
+028,-015
+028,-015
+028,-016
+028,-016
+028,-016
+028,-017
+028,-017
+028,-017
+028,-017
+028,-018
+028,-018
+026,-018
+026,-018
+026,-018
+026,-019
+026,-019
+026,-019
+026,-019
+026,-019
+024,-020
+024,-020
+024,-021
+024,-021
+024,-021
+022,-022
+022,-022
+022,-022
+022,-022
+022,-022
+022,-022
+022,-022
+022,-022
+022,-022
+022,-022
+022,-023
+022,-023
+022,-023
+022,-023
+022,-023
+022,-023
+022,-023
+022,-023
+024,-023
+024,-023
+024,-023
+024,-023
+024,-023
+024,-020
+024,-021
+024,-021
+026,-021
+026,-021
+026,-021
+026,-021
+026,-021
+026,-021
+026,-021
+026,-021
+026,-021
+026,-021
+026,-021
+026,-021
+026,-021
+026,-021
+026,-021
+026,-021
+026,-021
+026,-021
+026,-021
+026,-021
+026,-021
+026,-021
+026,-018
+026,-018
+026,-018
+026,-018
+026,-018
+026,-018
+026,-018
+026,-018
+026,-018
+026,-018
+026,-018
+026,-018
+026,-018
+026,-015
+026,-015
+026,-015
+026,-015
+024,-015
+024,-015
+024,-015
+024,-015
+024,-015
+024,-015
+024,-015
+024,-015
+022,-015
+022,-015
+022,-015
+022,-012
+022,-012
+022,-012
+022,-012
+022,-012
+022,-012
+020,-012
+020,-012
+020,-012
+020,-012
+020,-012
+020,-012
+020,-012
+020,-012
+020,-012
+020,-012
+020,-012
+020,-012
+020,-012
+020,-012
+020,-012
+020,-012
+020,-012
+020,-012
+020,-012
+020,-012
+020,-012
+020,-012
+020,-012
+020,-012
+020,-012
+020,-012
+020,-012
+020,-012
+020,-012
+020,-012
+020,-012
+020,-012
+020,-012
+020,-012
+020,-012
+020,-012
+020,-012
+020,-012
+020,-012
+020,-012
+020,-012
+020,-012
+020,-012
+020,-012
+020,-012
+020,-012
+020,-012
+020,-012
+020,-012
+020,-013
+020,-013
+020,-013
+020,-013
+020,-013
+020,-013
+020,-013
+020,-013
+020,-013
+020,-013
+020,-013
+020,-013
+020,-013
+020,-013
+020,-013
+020,-013
+020,-014
+020,-014
+020,-014
+020,-014
+020,-014
+020,-014
+020,-015
+020,-015
+020,-015
+020,-015
+020,-016
+018,-017
+018,-017
+018,-018
+018,-018
+018,-018
+018,-018
+018,-018
+016,-018
+016,-018
+016,-018
+016,-018
+016,-018
+016,-018
+016,-018
+016,-018
+016,-018
+016,-018
+016,-018
+016,-018
+016,-018
+016,-018
+016,-018
+016,-018
+016,-018
+016,-018
+016,-018
+016,-018
+016,-018
+016,-018
+016,-018
+016,-018
+016,-018
+016,-018
+016,-018
+016,-018
+016,-018
+016,-018
+016,-018
+016,-018
+016,-018
+016,-018
+016,-018
+016,-018
+016,-018
+016,-018
+018,-018
+018,-015
+020,-015
+020,-015
+020,-015
+020,-015
+020,-015
+020,-015
+020,-015
+022,-015
+022,-015
+022,-015
+022,-015
+022,-015
+022,-015
+022,-012
+022,-012
+024,-012
+024,-012
+024,-012
+024,-012
+024,-012
+024,-012
+024,-012
+024,-012
+024,-012
+024,-012
+024,-012
+024,-012
+026,-009
+026,-009
+026,-009
+026,-009
+026,-009
+026,-009
+026,-009
+026,-009
+026,-009
+026,-009
+026,-009
+026,-009
+026,-009
+026,-009
+026,-009
+026,-009
+026,-009
+026,-009
+026,-009
+024,-009
+024,-009
+024,-009
+024,-009
+024,-009
+024,-009
+024,-010
+024,-010
+024,-010
+024,-010
+024,-010
+024,-010
+024,-010
+024,-010
+024,-010
+024,-010
+024,-010
+024,-010
+022,-010
+022,-010
+022,-010
+022,-010
+022,-010
+022,-010
+022,-010
+022,-010
+022,-010
+022,-010
+022,-010
+022,-010
+022,-010
+022,-010
+022,-010
+022,-010
+022,-010
+022,-010
+022,-010
+020,-010
+020,-010
+020,-010
+020,-010
+020,-010
+020,-010
+020,-010
+020,-010
+020,-010
+020,-011
+020,-011
+020,-011
+020,-011
+020,-011
+020,-011
+020,-011
+020,-011
+020,-011
+020,-011
+020,-011
+020,-011
+020,-011
+020,-011
+020,-011
+020,-011
+020,-011
+020,-011
+020,-011
+020,-011
+020,-011
+020,-011
+020,-011
+020,-011
+020,-011
+020,-011
+020,-011
+020,-011
+020,-011
+020,-011
+020,-011
+020,-011
+022,-011
+022,-011
+022,-011
+022,-011
+022,-011
+022,-011
+022,-011
+022,-011
+022,-011
+022,-011
+022,-011
+022,-011
+022,-011
+022,-008
+022,-008
+022,-008
+024,-008
+024,-008
+024,-008
+026,+006
+026,+006
+026,+006
+026,+006
+026,+006
+026,+006
+026,+006
+026,+006
+026,+006
+026,+006
+026,+006
+026,+006
+026,+006
+026,+006
+026,+006
+026,+006
+026,+006
+026,+006
+026,+006
+026,+006
+026,+006
+026,+006
+026,+006
+026,+006
+026,+004
+026,+004
+026,+004
+026,+004
+026,+004
+026,+004
+026,+004
+026,+004
+026,+004
+026,+004
+026,+004
+026,+004
+026,+004
+026,+004
+026,+004
+026,+004
+026,+004
+026,+004
+026,+004
+024,+004
+024,+004
+024,+004
+024,+004
+024,+004
+024,+004
+024,+004
+024,+004
+024,+004
+024,+004
+024,+004
+024,+004
+024,+004
+024,+004
+024,+004
+024,+004
+024,+004
+024,+004
+024,+004
+024,+004
+024,+004
+024,+004
+024,+004
+024,+004
+024,+004
+024,+004
+024,+004
+024,+004
+024,+004
+024,+004
+024,+004
+024,+004
+024,+004
+024,+004
+024,+004
+024,+004
+024,+004
+024,+004
+024,+004
+024,+004
+024,+004
+024,+004
+024,+004
+024,+004
+024,+004
+024,+004
+024,+004
+024,+004
+024,+004
+024,+004
+024,+004
+024,+004
+024,+004
+024,+004
+024,+004
+024,+004
+022,+006
+022,+006
+022,+006
+022,+006
+022,+006
+022,+006
+022,+006
+022,+006
+022,+006
+022,+006
+022,+006
+022,+006
+022,+006
+022,+006
+022,+006
+022,+006
+022,+006
+022,+006
+022,+006
+022,+006
+022,+006
+022,+006
+022,+007
+022,+007
+022,+007
+022,+007
+022,+007
+022,+007
+022,+007
+022,+007
+022,+007
+022,-008
+022,-008
+022,-008
+022,-008
+022,-008
+022,-008
+022,-008
+022,-008
+022,-008
+022,-008
+022,-008
+024,-008
+024,-008
+024,-008
+024,+006
+024,+006
+024,+006
+024,+006
+024,+006
+026,+006
+026,+006
+026,+006
+026,+006
+026,+006
+026,+006
+026,+006
+026,+006
+026,+006
+026,+006
+026,+006
+026,+006
+026,+006
+026,+006
+026,+006
+026,+006
+026,+006
+026,+006
+026,+006
+026,+006
+026,+006
+024,+006
+024,+006
+024,+007
+024,+007
+024,+007
+024,+007
+022,+007
+022,+007
+022,+007
+022,-008
+022,-008
+022,-008
+022,-008
+022,-008
+022,-008
+022,-008
+022,-009
+020,-009
+020,-009
+020,-009
+020,-009
+020,-009
+020,-009
+020,-009
+018,-009
+018,-009
+018,-009
+018,-009
+018,-009
+018,-009
+018,-009
+018,-009
+018,-009
+018,-009
+018,-009
+018,-009
+018,-009
+018,-009
+018,-010
+018,-010
+018,-010
+018,-010
+018,-010
+018,-010
+018,-010
+018,-010
+018,-011
+018,-011
+018,-011
+018,-011
+018,-011
+018,-011
+018,-012
+018,-012
+018,-012
+018,-012
+018,-012
+018,-012
+018,-012
+018,-013
+018,-013
+018,-013
+018,-014
+018,-014
+020,-014
+020,-014
+020,-015
+020,-015
+020,-015
+020,-016
+020,-016
+020,-016
+020,-017
+020,-017
+020,-017
+020,-017
+020,-017
+020,-019
+020,-019
+020,-020
+020,-020
+020,-020
+020,-020
+020,-021
+020,-021
+020,-021
+020,-021
+020,-021
+020,-021
+020,-022
+020,-022
+020,-022
+020,-022
+022,-022
+022,-022
+022,-022
+022,-023
+022,-023
+022,-023
+022,-023
+022,-023
+022,-023
+022,-023
+022,-023
+022,-023
+022,-023
+022,-024
+022,-024
+022,-024
+022,-024
+022,-024
+022,-024
+022,-024
+022,-024
+022,-024
+022,-024
+022,-024
+022,-024
+022,-024
+022,-024
+022,-024
+022,-024
+022,-024
+022,-025
+022,-025
+022,-025
+022,-025
+022,-025
+022,-025
+022,-025
+022,-025
+022,-025
+020,-025
+020,-025
+020,-025
+020,-025
+020,-025
+020,-025
+020,-025
+020,-025
+020,-025
+020,-025
+020,-025
+020,-025
+020,-025
+020,-025
+020,-025
+018,-025
+018,-025
+018,-025
+018,-025
+018,-025
+018,-025
+018,-025
+016,-025
+016,-025
+016,-025
+016,-025
+016,-025
+016,-025
+016,-025
+016,-025
+016,-025
+016,-025
+016,-025
+016,-025
+016,-025
+016,-025
+016,-025
+016,-025
+016,-025
+016,-025
+016,-025
+016,-025
+016,-025
+016,-025
+016,-026
+016,-026
+016,-026
+016,-026
+016,-026
+016,-026
+016,-026
+016,-026
+016,-026
+016,-026
+016,-026
+016,-026
+016,-026
+016,-026
+016,-026
+016,-026
+016,-026
+016,-026
+016,-026
+016,-026
+016,-026
+016,-026
+016,-026
+016,-026
+016,-026
+016,-026
+016,-026
+016,-026
+016,-026
+016,-026
+016,-026
+016,-026
+016,-026
+018,-026
+018,-026
+018,-026
+018,-026
+018,-026
+018,-026
+018,-026
+018,-026
+018,-026
+018,-026
+018,-026
+018,-026
+018,-026
+018,-026
+018,-026
+018,-026
+018,-026
+018,-026
+018,-026
+018,-026
+018,-026
+018,-026
+018,-026
+018,-026
+018,-026
+018,-026
+018,-026
+018,-026
+018,-026
+018,-026
+018,-026
+018,-026
+018,-026
+018,-026
+018,-026
+018,-026
+018,-026
+018,-026
+018,-026
+018,-026
+016,-026
+016,-026
+016,-026
+016,-026
+016,-026
+016,-026
+016,-026
+016,-026
+016,-026
+016,-026
+016,-026
+014,-026
+014,-026
+014,-026
+014,-026
+014,-026
+014,-026
+014,-026
+014,-026
+014,-026
+014,-026
+014,-026
+014,-026
+014,-026
+014,-026
+014,-026
+014,-026
+014,-026
+014,-026
+014,-026
+014,-026
+014,-026
+014,-026
+014,-026
+014,-026
+014,-026
+014,-026
+014,-026
+014,-026
+014,-026
+014,-026
+014,-026
+014,-026
+014,-026
+014,-026
+014,-026
+014,-023
+014,-024
+014,-024
+014,-024
+016,-024
+016,-024
+016,-024
+016,-024
+016,-024
+016,-024
+016,-024
+016,-024
+016,-024
+016,-024
+018,-024
+018,-024
+018,-024
+018,-024
+018,-024
+018,-021
+018,-021
+018,-021
+018,-021
+018,-021
+018,-021
+018,-021
+018,-021
+018,-021
+018,-021
+018,-021
+018,-021
+018,-021
+018,-021
+018,-021
+018,-021
+018,-021
+018,-021
+018,-021
+018,-021
+018,-021
+018,-021
+018,-021
+018,-021
+018,-021
+018,-021
+018,-021
+018,-021
+018,-021
+016,-021
+016,-018
+016,-018
+016,-018
+016,-018
+016,-018
+016,-018
+016,-018
+016,-018
+016,-018
+016,-018
+016,-018
+016,-018
+016,-018
+016,-018
+014,-018
+014,-018
+014,-018
+014,-018
+014,-018
+014,-018
+014,-018
+014,-018
+014,-018
+014,-018
+014,-018
+014,-018
+014,-018
+014,-015
+014,-015
+014,-015
+014,-015
+014,-015
+016,-015
+016,-015
+016,-015
+016,-012
+016,-012
+016,-012
+016,-012
+016,-012
+016,-012
+016,-012
+016,-012
+016,-012
+016,-012
+018,-012
+018,-012
+018,-012
+018,-012
+018,-012
+018,-012
+018,-012
+018,-009
+018,-009
+018,-009
+018,-009
+018,-009
+018,-009
+018,-009
+018,-009
+018,-009
+018,-009
+018,-009
+018,-009
+018,-009
+018,-009
+018,-009
+018,-009
+018,-009
+018,-009
+018,-009
+018,-009
+018,-009
+018,-009
+018,-009
+018,-009
+018,-009
+018,-009
+018,-009
+020,-009
+020,-009
+020,-009
+020,-009
+020,-009
+020,-009
+020,-009
+020,-009
+020,-009
+020,-009
+020,-009
+020,-009
+020,-009
+020,-009
+020,-009
+020,-009
+020,-009
+020,+007
+020,+007
+020,+007
+020,+007
+020,+007
+020,+007
+020,+007
+020,+007
+020,+007
+020,+007
+020,+007
+022,+007
+022,+005
+022,+005
+022,+005
+024,+005
+024,+005
+024,+005
+024,+005
+024,+005
+024,+005
+024,+005
+024,+005
+024,+005
+024,+005
+024,+005
+024,+005
+024,+005
+024,+005
+024,+005
+024,+005
+024,+005
+024,+005
+024,+005
+024,+005
+024,+005
+024,+005
+024,+005
+024,+005
+024,+005
+024,+005
+024,+003
+024,+003
+024,+003
+024,+003
+024,+003
+024,+003
+024,+003
+024,+003
+024,+003
+024,+003
+024,+003
+024,+003
+024,+003
+024,+003
+024,+003
+024,+003
+024,+003
+024,+003
+024,+003
+024,+003
+024,+003
+024,+003
+024,+003
+024,+003
+024,+003
+022,+003
+022,+003
+022,+003
+022,+003
+022,+003
+022,+003
+022,+003
+020,+005
+020,+005
+020,+005
+020,+005
+020,+005
+020,+005
+018,+005
+018,+005
+018,+005
+018,+005
+018,+005
+018,+005
+018,+005
+018,+005
+018,+005
+018,+005
+018,+005
+018,+005
+018,+005
+018,+005
+018,+005
+018,+005
+018,+005
+018,+005
+018,+005
+018,+005
+018,+005
+018,+005
+018,+005
+018,+005
+018,+005
+018,+005
+018,+005
+018,+005
+018,+005
+018,+005
+018,+005
+018,+005
+018,+005
+018,+005
+018,+005
+018,+005
+018,+005
+018,+005
+020,+005
+020,+003
+020,+003
+020,+003
+020,+003
+020,+003
+020,+003
+020,+003
+022,+003
+022,+003
+022,+003
+022,+003
+022,+003
+022,+003
+022,+003
+022,+003
+022,+003
+022,+003
+022,+003
+022,+003
+022,+003
+022,+003
+022,+003
+022,+003
+022,+003
+022,+003
+022,+003
+022,+003
+022,+003
+022,+003
+022,+003
+022,+001
+022,+001
+022,+001
+022,+001
+022,+001
+022,+001
+022,+001
+022,+001
+022,+001
+022,+001
+022,+001
+022,+001
+022,+001
+022,+001
+022,+001
+022,+001
+022,+001
+022,+001
+022,+001
+022,+001
+022,+001
+022,+001
+022,+001
+022,+001
+022,+001
+022,+001
+022,+001
+022,+001
+022,+001
+022,+001
+022,+001
+024,+001
+024,+001
+024,+001
+024,+001
+024,+003
+024,+003
+024,+003
+024,+003
+024,+003
+024,+003
+024,+003
+024,+003
+024,+003
+026,+003
+026,+003
+026,+003
+026,+003
+026,+003
+026,+003
+026,+003
+026,+003
+026,+003
+026,+003
+026,+003
+026,+003
+026,+003
+026,+003
+026,+005
+026,+005
+026,+005
+026,+005
+026,+005
+026,+005
+026,+005
+028,+005
+028,+005
+028,+005
+028,+005
+028,+005
+028,+005
+028,+005
+028,+005
+028,+005
+028,+005
+028,+007
+028,+007
+028,+007
+028,+007
+028,+007
+028,+007
+028,+007
+028,+007
+028,+007
+028,+007
+028,+007
+028,+007
+028,+007
+028,+007
+028,+007
+028,+007
+028,+007
+028,+007
+028,+007
+028,+007
+028,+007
+028,+007
+028,+007
+028,-008
+028,-008
+028,-008
+028,-008
+028,-008
+028,-008
+028,-008
+028,-008
+028,-008
+028,-008
+028,-008
+028,-008
+028,-008
+028,-009
+028,-009
+028,-009
+028,-010
+026,-010
+026,-010
+026,-010
+026,-010
+026,-010
+026,-010
+026,-010
+026,-010
+026,-010
+026,-011
+026,-011
+026,-011
+024,-011
+024,-011
+024,-011
+024,-011
+024,-011
+024,-011
+024,-011
+024,-011
+024,-011
+022,-011
+022,-011
+022,-011
+022,-011
+022,-011
+022,-011
+022,-011
+022,-011
+022,-011
+022,-011
+022,-011
+022,-011
+022,-011
+020,-011
+020,-011
+020,-011
+020,-012
+020,-012
+020,-012
+020,-012
+020,-012
+020,-012
+020,-012
+020,-012
+020,-012
+020,-012
+020,-012
+020,-012
+020,-012
+020,-012
+020,-012
+020,-012
+020,-012
+020,-012
+020,-013
+020,-013
+020,-013
+020,-013
+020,-013
+020,-013
+020,-013
+020,-013
+020,-014
+020,-014
+020,-014
+020,-014
+020,-014
+020,-014
+020,-014
+020,-014
+020,-014
+020,-014
+020,-014
+020,-014
+020,-014
+020,-014
+020,-014
+020,-014
+020,-014
+020,-014
+020,-014
+020,-014
+020,-015
+020,-015
+020,-015
+020,-015
+020,-015
+018,-015
+018,-015
+018,-016
+018,-016
+018,-016
+018,-016
+018,-017
+018,-017
+018,-017
+016,-017
+016,-017
+016,-017
+016,-018
+016,-018
+016,-018
+016,-018
+016,-018
+016,-018
+016,-018
+016,-018
+016,-018
+016,-018
+016,-018
+016,-018
+016,-018
+016,-019
+016,-019
+016,-019
+016,-019
+016,-019
+016,-019
+016,-019
+016,-019
+016,-019
+016,-019
+016,-019
+016,-019
+016,-019
+016,-020
+016,-020
+016,-020
+016,-020
+016,-020
+016,-020
+016,-020
+016,-020
+016,-020
+016,-020
+016,-020
+016,-020
+018,-020
+018,-020
+018,-021
+018,-021
+018,-021
+018,-021
+018,-021
+018,-021
+018,-021
+018,-021
+018,-021
+018,-021
+018,-021
+018,-021
+018,-021
+020,-022
+020,-022
+020,-022
+020,-022
+020,-022
+020,-022
+022,-019
+022,-019
+022,-019
+022,-019
+022,-019
+022,-019
+022,-019
+022,-019
+022,-019
+022,-019
+022,-019
+022,-019
+022,-019
+022,-016
+022,-016
+022,-016
+022,-016
+022,-016
+022,-016
+022,-016
+022,-016
+022,-016
+022,-016
+022,-016
+022,-016
+022,-016
+020,-013
+020,-013
+020,-013
+020,-013
+020,-013
+020,-013
+020,-013
+020,-013
+020,-013
+018,-013
+018,-013
+018,-013
+018,-013
+018,-013
+018,-013
+018,-013
+016,-013
+016,-013
+016,-013
+016,-013
+014,-013
+014,-013
+014,-013
+014,-013
+014,-013
+014,-013
+012,-013
+012,-013
+012,-013
+012,-013
+012,-014
+012,-014
+012,-014
+012,-014
+012,-014
+012,-014
+012,-014
+012,-014
+012,-014
+012,-014
+012,-014
+012,-014
+012,-014
+012,-014
+012,-014
+012,-014
+012,-014
+012,-014
+012,-014
+012,-014
+014,-014
+014,-014
+014,-014
+014,-014
+014,-014
+014,-014
+014,-014
+016,-011
+016,-012
+016,-012
+016,-012
+016,-012
+016,-012
+016,-012
+016,-012
+016,-012
+016,-012
+016,-012
+016,-012
+016,-012
+016,-012
+016,-012
+016,-012
+016,-012
+016,-012
+016,-012
+016,-012
+016,-012
+018,-012
+018,-012
+018,-012
+018,-012
+018,-012
+018,-012
+018,-012
+018,-012
+018,-012
+018,-012
+018,-012
+018,-012
+018,-012
+018,-012
+018,-012
+018,-012
+018,-012
+018,-012
+018,-012
+018,-012
+018,-012
+018,-012
+018,-012
+018,-012
+018,-012
+018,-012
+018,-012
+018,-012
+016,-012
+016,-012
+016,-012
+016,-012
+016,-012
+016,-012
+016,-012
+016,-012
+016,-012
+016,-012
+016,-012
+016,-012
+016,-012
+016,-012
+016,-012
+016,-012
+016,-012
+016,-012
+016,-012
+016,-012
+016,-012
+016,-009
+016,-009
+016,-009
+016,-009
+016,-009
+016,-009
+016,-009
+016,-009
+016,-009
+016,-009
+016,-009
+016,-009
+016,-009
+016,-009
+018,-009
+018,-009
+018,-009
+018,-009
+018,-009
+018,-009
+018,-009
+018,-009
+018,-009
+018,-009
+020,-009
+020,-009
+020,-009
+020,-009
+020,-009
+020,-009
+020,-009
+020,-009
+020,-009
+020,-009
+020,-009
+020,-009
+020,-009
+020,-009
+020,-009
+020,-009
+020,-009
+020,-009
+020,-009
+020,-009
+020,-009
+020,-009
+020,-009
+020,-009
+020,-009
+020,-009
+020,-009
+020,-009
+020,-009
+020,-009
+020,-009
+020,-009
+020,-009
+020,-009
+020,-009
+020,-009
+020,-009
+020,-009
+020,-009
+020,-009
+020,-009
+020,-009
+020,-009
+020,-009
+020,-009
+020,-009
+020,-009
+020,-009
+020,-009
+018,-009
+018,-009
+018,-009
+018,-009
+018,-009
+018,-009
+018,-009
+018,-009
+018,-009
+018,-009
+018,-009
+018,-009
+018,-009
+018,-009
+018,-009
+018,-010
+018,-010
+018,-010
+018,-010
+018,-010
+018,-010
+018,-010
+018,-010
+018,-010
+018,-010
+018,-010
+018,-010
+018,-010
+018,-010
+018,-010
+018,-010
+018,-010
+018,-010
+018,-010
+018,-010
+018,-010
+018,-010
+018,-010
+018,-010
+018,-010
+018,-010
+018,-010
+018,-010
+018,-010
+018,-010
+018,-010
+018,-010
+018,-010
+018,-010
+018,-010
+018,-010
+018,-010
+018,-010
+018,-010
+018,-010
+018,-010
+018,-010
+018,-010
+018,-010
+018,-010
+018,-010
+018,-010
+018,-010
+018,-010
+018,-010
+018,-010
+018,-010
+018,-010
+018,-010
+018,-010
+018,-010
+018,-010
+018,-010
+018,-010
+018,-010
+018,-010
+018,-010
+018,-010
+018,-010
+018,-010
+018,-010
+018,-010
+018,-010
+018,-010
+018,-010
+018,-010
+018,-010
+018,-010
+018,-010
+018,-010
+018,-010
+018,-010
+018,-010
+018,-010
+018,-010
+018,-010
+018,-010
+018,-010
+018,-010
+018,-010
+018,-010
+018,-010
+018,-010
+018,-010
+018,-010
+018,-010
+018,-010
+018,-010
+018,-010
+020,-010
+020,-010
+020,-010
+020,-010
+020,-010
+020,-010
+020,-010
+020,-010
+020,-010
+020,-010
+020,-010
+020,-010
+020,-010
+020,-010
+018,-010
+018,-010
+018,-010
+018,-010
+018,-010
+018,-010
+018,-010
+018,-010
+018,-010
+018,-010
+018,-010
+018,-010
+018,-010
+018,-010
+018,-010
+018,-010
+018,-010
+018,-010
+018,-010
+018,-010
+016,-010
+016,-010
+016,-010
+016,+007
+016,-008
+016,-008
+016,-008
+016,-008
+016,-008
+016,-008
+016,-008
+016,-008
+016,-008
+016,-008
+016,-008
+016,-008
+016,-008
+016,-008
+016,-008
+016,-008
+016,-008
+016,-008
+016,-008
+016,-008
+016,-008
+016,-008
+016,-008
+016,-008
+016,-008
+016,-008
+016,-008
+016,-008
+016,-008
+016,-008
+016,-008
+016,-008
+016,-008
+016,-008
+016,-008
+016,-008
+016,-008
+016,-008
+016,-008
+016,-008
+016,-008
+016,-008
+016,-008
+016,-008
+016,-008
+016,-008
+016,-008
+016,-008
+016,-008
+016,-008
+016,-008
+016,-008
+016,-008
+016,-008
+016,-008
+016,-008
+016,-008
+016,-008
+016,-008
+016,-008
+016,-008
+016,-008
+016,-008
+016,-008
+016,-008
+016,-008
+016,-008
+016,-008
+016,-008
+016,-008
+016,-008
+016,-008
+016,-008
+016,-008
+016,-008
+016,-008
+016,-008
+016,-008
+016,-008
+016,-008
+016,-008
+016,-008
+016,-008
+016,-008
+014,-008
+014,-008
+014,-008
+014,-008
+014,-008
+014,+006
+014,+006
+012,+006
+012,+006
+010,+004
+010,+004
+010,+004
+010,+002
+010,+002
+010,+002
+010,+002
+010,+002
+010,+002
+010,+002
+010,+002
+010,+002
+010,+002
+010,+002
+010,+002
+010,+002
+009,+002
+009,+002
+009,+002
+009,+002
+009,+002
+009,+002
+009,+002
+009,+002
+009,+002
+009,+002
+009,+002
+009,+002
+009,+002
+009,+002
+009,+002
+009,+002
+009,+002
+009,+002
+009,+002
+009,+002
+009,+002
+009,+002
+009,+002
+009,+002
+009,+000
+009,+000
+009,+000
+009,+000
+009,+000
+009,+000
+009,+000
+009,+000
+009,+000
+009,+000
+009,+000
+011,+000
+011,+000
+011,+000
+011,+000
+011,+000
+011,+000
+011,+000
+011,+000
+011,+002
+013,+002
+013,+002
+013,+004
+013,+004
+015,+004
+015,+004
+015,+004
+015,+004
+015,+004
+015,+004
+015,+004
+015,+004
+015,+006
+015,+006
+015,+006
+015,+006
+015,+006
+015,+006
+015,+006
+015,+006
+015,+006
+015,+006
+015,+006
+015,+006
+015,+006
+015,+006
+015,+006
+015,+006
+015,+006
+015,+006
+015,+006
+015,+006
+015,+006
+015,+006
+015,+006
+015,+006
+015,+006
+015,+006
+015,+006
+015,+006
+015,+006
+015,+006
+015,+006
+015,+006
+015,+006
+015,+006
+015,+006
+015,+006
+015,+006
+015,+006
+015,+006
+015,+006
+015,+006
+015,+006
+015,+006
+015,+006
+015,+006
+015,+006
+015,+006
+015,+006
+015,+006
+015,+006
+015,+006
+015,+007
+015,+007
+015,+007
+015,+007
+015,+007
+015,+007
+015,+007
+015,+007
+015,+007
+015,+007
+015,+007
+015,+007
+015,+007
+015,+007
+015,+007
+015,+007
+015,+007
+015,+007
+015,+007
+015,+007
+015,+007
+015,+007
+015,+007
+015,+007
+015,+007
+015,+007
+015,+007
+015,-008
+015,-008
+015,-008
+013,-008
+013,-008
+013,-008
+013,-008
+013,-009
+013,-009
+011,-010
+011,-011
+011,-011
+009,-011
+009,-011
+009,-011
+009,-011
+009,-011
+009,-011
+009,-011
+009,-011
+009,-011
+009,-011
-008,-011
-008,-011
-008,-011
-007,-011
-007,-011
-007,-011
-007,-011
-007,-012
-007,-012
-007,-012
-007,-012
-007,-012
-007,-012
-007,-013
-007,-013
-007,-013
-007,-013
-007,-013
-007,-013
-007,-013
-007,-013
-007,-013
-007,-013
-007,-013
-007,-013
-007,-013
-007,-013
-007,-013
-007,-013
-007,-013
-007,-013
-007,-013
-007,-013
-007,-013
-007,-013
-007,-013
-007,-013
-007,-013
-007,-013
-007,-013
-007,-013
-007,-013
-007,-013
-007,-013
-007,-013
-007,-013
-007,-013
-007,-013
-007,-013
-007,-013
-007,-013
+009,-013
+009,-014
+009,-014
+009,-014
+009,-014
+009,-014
+009,-014
+009,-014
+009,-014
+009,-014
+009,-014
+009,-014
+009,-014
+009,-014
+009,-014
+009,-014
+009,-014
+009,-014
+009,-014
+009,-014
+009,-014
+009,-014
-008,-014
-008,-014
-008,-014
-008,-014
-008,-014
-008,-014
-008,-014
-008,-014
-008,-014
-007,-015
-007,-015
-007,-015
-007,-015
-007,-015
-007,-015
-007,-015
-006,-015
-006,-015
-006,-015
-006,-016
-006,-016
-006,-016
-006,-016
-006,-016
-005,-017
-005,-017
-005,-017
-005,-017
-005,-017
-005,-017
-005,-017
-005,-017
-005,-017
-005,-017
-005,-017
-005,-018
-005,-018
-005,-018
-005,-018
-005,-018
-005,-018
-005,-018
-005,-018
-005,-018
-005,-018
-005,-018
-005,-018
-005,-018
-005,-018
-005,-018
-005,-018
-005,-018
-005,-018
-005,-018
-005,-018
-005,-018
-005,-019
-005,-019
-005,-019
-005,-019
-005,-019
-005,-019
-005,-019
-005,-019
-005,-019
-005,-019
-005,-019
-005,-019
-005,-019
-005,-019
-005,-019
-005,-019
-005,-019
-005,-019
-005,-019
-005,-019
-005,-019
-005,-019
-005,-019
-005,-019
-005,-020
-005,-020
-005,-020
-008,-020
-008,-020
-008,-020
-008,-020
-008,-020
-008,-020
-008,-020
-008,-020
-008,-020
-008,-020
-008,-020
-008,-020
-008,-020
+010,-020
+010,-020
+010,-020
+010,-020
+010,-020
+010,-020
+010,-020
+012,-020
+012,-020
+012,-020
+012,-020
+012,-020
+014,-020
+014,-021
+014,-021
+014,-021
+014,-021
+016,-021
+016,-021
+016,-021
+016,-021
+016,-021
+016,-022
+016,-022
+016,-022
+016,-022
+018,-022
+018,-022
+018,-022
+018,-022
+018,-023
+018,-023
+018,-023
+018,-023
+020,-023
+020,-023
+020,-023
+020,-023
+020,-024
+020,-024
+020,-024
+020,-024
+022,-024
+022,-024
+022,-025
+022,-025
+022,-025
+022,-025
+022,-025
+022,-025
+022,-025
+022,-025
+022,-025
+024,-026
+024,-026
+024,-026
+024,-026
+024,-026
+024,-026
+024,-026
+024,-026
+024,-026
+024,-026
+024,-027
+024,-027
+024,-027
+024,-027
+024,-027
+024,-027
+024,-027
+024,-027
+024,-027
+024,-027
+024,-027
+024,-027
+024,-027
+024,-027
+024,-028
+024,-028
+024,-028
+024,-028
+024,-028
+024,-028
+024,-028
+022,-028
+022,-028
+022,-028
+022,-028
+022,-028
+022,-028
+022,-028
+022,-028
+022,-028
+022,-028
+020,-028
+020,-028
+020,-028
+020,-028
+020,-028
+018,-028
+018,-028
+018,-028
+018,-028
+018,-028
+018,-028
+018,-028
+018,-028
+016,-028
+016,-028
+016,-028
+016,-028
+016,-028
+016,-028
+016,-028
+016,-028
+016,-028
+016,-028
+016,-028
+016,-028
+016,-028
+016,-028
+016,-028
+016,-028
+016,-028
+016,-028
+016,-028
+016,-028
+016,-028
+016,-028
+014,-028
+014,-028
+014,-028
+014,-028
+014,-028
+014,-028
+014,-028
+014,-028
+014,-028
+014,-028
+014,-025
+014,-026
+014,-026
+014,-026
+012,-026
+012,-026
+012,-026
+012,-026
+012,-026
+012,-026
+012,-026
+012,-026
+012,-026
+012,-026
+012,-026
+012,-026
+012,-026
+012,-026
+012,-026
+012,-023
+012,-023
+012,-023
+012,-023
+012,-023
+012,-023
+012,-023
+012,-023
+012,-023
+012,-023
+012,-023
+012,-023
+012,-023
+012,-023
+012,-023
+012,-023
+010,-023
+010,-023
+010,-023
+010,-023
+010,-023
+010,-023
+010,-023
+010,-023
+010,-023
+010,-023
+010,-023
+010,-023
+010,-023
+010,-023
+010,-023
+010,-023
+010,-023
+010,-023
+010,-023
+009,-023
+009,-023
+009,-023
+009,-023
+009,-023
+009,-023
+009,-023
+009,-023
+009,-023
+009,-023
+009,-023
+009,-023
+009,-023
+009,-023
+009,-024
+009,-024
+009,-024
+009,-024
+009,-024
+009,-024
+009,-024
+009,-024
-008,-024
-008,-024
-008,-024
-008,-024
-008,-024
-008,-024
-008,-024
-008,-024
-008,-024
-008,-024
-008,-024
-008,-024
-008,-024
-008,-024
-008,-024
-008,-024
-008,-024
-008,-024
-008,-024
-008,-024
-008,-024
-008,-024
-008,-024
-008,-024
-008,-024
-008,-024
-008,-025
-008,-025
-008,-025
-008,-025
-008,-025
-008,-025
-008,-025
-008,-025
-008,-025
-008,-025
-008,-025
-008,-025
-008,-025
-008,-025
-008,-025
-008,-025
-008,-025
-008,-025
-008,-025
-008,-025
-008,-025
-008,-025
-008,-025
-008,-025
-008,-025
-008,-022
-008,-022
-008,-022
-008,-022
-008,-023
+010,-023
+010,-023
+010,-023
+010,-023
+010,-023
+010,-023
+010,-023
+010,-023
+010,-023
+010,-023
+010,-023
+010,-023
+010,-023
+010,-023
+010,-023
+010,-023
+010,-023
+010,-023
+010,-023
+010,-023
+010,-023
+010,-023
+010,-023
+010,-023
+010,-020
+010,-020
+010,-020
+010,-020
+010,-020
+010,-020
+012,-020
+012,-020
+012,-020
+012,-020
+012,-020
+012,-020
+012,-020
+012,-020
+012,-020
+012,-020
+012,-020
+012,-020
+012,-020
+012,-020
+012,-020
+012,-020
+012,-020
+012,-020
+012,-020
+012,-020
+012,-020
+012,-020
+012,-020
+012,-020
+012,-020
+012,-020
+010,-020
+010,-020
+010,-020
+010,-020
+010,-020
+010,-020
+010,-020
+010,-020
+010,-020
+010,-020
+010,-020
+010,-020
+010,-020
+010,-020
+010,-020
+010,-020
+010,-020
+010,-020
+010,-020
+010,-020
+010,-020
+010,-020
+010,-020
+010,-020
+010,-020
+010,-020
+010,-020
+010,-020
+010,-020
+010,-020
+010,-020
+010,-020
+010,-020
+010,-020
+010,-020
+010,-020
+010,-020
+010,-020
+010,-020
+010,-020
+010,-020
+010,-020
+010,-020
+010,-020
+010,-020
+010,-020
+010,-020
+010,-020
+010,-020
+010,-020
+010,-020
+010,-020
+010,-020
+010,-020
+010,-020
+010,-020
+010,-020
+010,-020
+010,-020
+010,-020
+010,-020
+010,-020
+010,-020
+010,-020
+010,-020
+010,-020
+010,-020
+010,-020
+010,-020
+010,-020
+010,-020
+010,-020
+010,-020
+010,-020
+010,-020
+010,-020
+010,-017
+010,-017
+010,-017
+010,-017
+012,-017
+012,-017
+012,-017
+012,-017
+012,-017
+012,-017
+012,-017
+012,-017
+012,-017
+012,-017
+012,-017
+012,-017
+012,-017
+012,-017
+012,-017
+012,-017
+012,-017
+012,-017
+012,-017
+012,-017
+012,-017
+012,-017
+012,-017
+012,-017
+012,-017
+012,-017
+012,-017
+012,-017
+012,-017
+012,-017
+012,-017
+012,-017
+012,-017
+012,-017
+012,-017
+012,-017
+012,-017
+012,-017
+012,-017
+012,-014
+012,-015
+012,-015
+012,-015
+012,-015
+012,-015
+012,-015
+012,-015
+012,-015
+012,-015
+012,-015
+012,-015
+012,-015
+012,-015
+012,-015
+012,-015
+012,-015
+012,-015
+012,-015
+012,-015
+012,-015
+012,-015
+012,-015
+012,-015
+012,-015
+012,-015
+012,-015
+012,-015
+012,-015
+010,-015
+010,-015
+010,-015
+010,-015
+010,-015
+010,-015
+010,-015
+010,-015
+010,-015
+010,-015
+010,-015
+010,-015
+010,-015
+010,-015
+010,-015
+010,-015
+010,-015
+010,-015
+010,-015
+010,-015
+010,-015
+010,-015
+010,-015
+010,-015
+010,-015
+010,-015
+010,-015
+010,-015
+010,-015
+010,-015
+010,-015
+010,-015
+010,-015
+010,-015
+010,-015
+010,-015
+010,-015
+010,-015
+010,-015
+010,-015
+010,-015
+010,-015
+010,-015
+010,-015
+010,-015
+012,-015
+012,-015
+012,-015
+012,-015
+012,-015
+012,-015
+012,-015
+012,-015
+012,-015
+012,-015
+012,-015
+012,-015
+012,-015
+012,-015
+012,-015
+012,-015
+012,-015
+012,-015
+012,-015
+014,-015
+014,-015
+014,-015
+014,-012
+016,-012
+016,-012
+016,-012
+016,-012
+016,-012
+016,-012
+016,-012
+016,-012
+016,-012
+016,-012
+016,-012
+016,-012
+016,-012
+016,-012
+016,-012
+016,-012
+016,-012
+016,-012
+016,-012
+016,-012
+016,-012
+016,-012
+016,-012
+016,-012
+016,-012
+016,-012
+016,-012
+016,-012
+016,-012
+016,-012
+016,-012
+016,-012
+016,-012
+016,-012
+016,-012
+016,-012
+016,-009
+016,-009
+016,-009
+016,-009
+016,-009
+016,-009
+016,-009
+016,-009
+016,-009
+016,-009
+016,-009
+016,-009
+014,-009
+014,-009
+014,-009
+014,-009
+014,-009
+014,-009
+014,-009
+014,-009
+014,-009
+014,-009
+014,-009
+014,-009
+014,-009
+014,-009
+014,-009
+014,+007
+014,+007
+014,+007
+014,+007
+014,+007
+014,+007
+014,+007
+014,+007
+014,+007
+014,+007
+014,+005
+016,+005
+016,+005
+016,+005
+016,+005
+016,+005
+016,+005
+016,+005
+016,+005
+016,+005
+016,+005
+016,+005
+016,+005
+016,+003
+016,+003
+016,+003
+016,+003
+016,+001
+016,+001
+016,+001
+014,+001
+014,+002
+014,+002
+014,+002
+014,+004
+014,+004
+014,+004
+014,+004
+016,+004
+016,+004
+016,+004
+016,+004
+016,+004
+016,+004
+016,+006
+016,+006
+016,+006
+016,+006
+016,+006
+016,+006
+016,+006
+016,+006
+016,+006
+016,+006
+016,+006
+016,+006
+016,+006
+016,+006
+016,+006
+016,+006
+016,+006
+016,+006
+016,+006
+016,+006
+016,+006
+016,+006
+016,+008
+016,+008
+016,+008
+014,+008
+014,+008
+014,+008
+014,+008
+014,+008
+014,+008
+012,+010
+012,+010
+012,+010
+012,+010
+012,+010
+012,+010
+010,+010
+010,+010
+010,+012
+010,+012
+010,+012
+010,+012
+010,+012
+010,+014
+010,+014
+009,+014
+009,+014
+009,+014
+009,+014
+009,+014
+009,+014
+009,+016
+009,+016
+009,+016
+009,+016
+009,+016
+009,+016
+009,+016
+009,+016
+009,+016
+009,+016
+009,+016
+009,+016
+009,+016
+009,+016
+009,+016
+009,+016
+009,+016
+009,+016
+009,+016
+009,+016
+009,+016
+009,+016
+009,+016
+009,+016
+009,+016
+009,+016
+011,+016
+011,+016
+011,+016
+011,+016
+011,+016
+011,+014
+011,+014
+011,+014
+011,+014
+013,+014
+013,+014
+013,+014
+013,+014
+013,+014
+013,+014
+013,+014
+013,+014
+013,+014
+013,+014
+015,+014
+015,+014
+015,+014
+015,+014
+015,+014
+015,+014
+015,+014
+015,+014
+015,+014
+015,+014
+015,+014
+017,+014
+017,+014
+017,+014
+017,+014
+017,+014
+017,+014
+017,+014
+017,+014
+017,+014
+017,+014
+017,+014
+017,+014
+017,+014
+017,+014
+017,+014
+017,+014
+017,+016
+017,+016
+017,+016
+019,+016
+019,+016
+019,+016
+019,+016
+019,+016
+019,+016
+019,+016
+019,+016
+019,+016
+019,+016
+019,+016
+021,+016
+021,+016
+021,+016
+021,+016
+021,+016
+021,+016
+021,+016
+021,+016
+021,+016
+021,+016
+021,+016
+021,+016
+021,+016
+021,+016
+021,+016
+021,+016
+021,+016
+021,+016
+021,+016
+021,+016
+021,+016
+021,+014
+021,+014
+021,+014
+021,+014
+021,+014
+021,+014
+021,+014
+021,+014
+021,+012
+021,+012
+021,+012
+021,+012
+021,+012
+021,+012
+021,+010
+021,+010
+021,+010
+021,+010
+021,+010
+021,+010
+021,+007
+021,+007
+023,+004
+023,+004
+023,+004
+023,+002
+023,+002
+023,+002
+023,+002
+023,+002
+023,+002
+023,+002
+023,+002
+023,+002
+023,+002
+023,+002
+023,+002
+023,+002
+023,+002
+023,+002
+021,+002
+021,+002
+021,+002
+021,+002
+019,+002
+021,+002
+019,+002
+019,+002
+019,+002
+017,+004
+017,+004
+017,+004
+017,+004
+017,+004
+017,+004
+017,+004
+017,+004
+017,+004
+017,+004
+017,+004
+017,+004
+017,+004
+017,+004
+017,+004
+017,+004
+017,+004
+017,+004
+017,+004
+017,+004
+017,+004
+017,+004
+017,+002
+017,+002
+017,+002
+017,+002
+017,+003
+017,+003
+017,+001
+017,+003
+017,+003
+017,+003
+017,+003
+017,+003
+017,+003
+017,+003
+017,+003
+017,+003
+017,+003
+017,+005
+017,+005
+017,+005
+017,+005
+017,+005
+017,+005
+017,+005
+017,+005
+017,+005
+017,+005
+017,+005
+015,+005
+015,+005
+015,+005
+015,+005
+015,+005
+015,+005
+015,+005
+015,+005
+015,+005
+015,+005
+015,+005
+015,+005
+015,+005
+015,+005
+015,+005
+013,+005
+013,+005
+013,+005
+011,+005
+013,+005
+011,+005
+011,+005
+009,+003
+009,+003
+009,+003
+009,+003
+009,+003
+009,+003
+009,+003
+009,+003
+009,+003
+009,+003
+009,+003
+009,+003
+009,+003
+009,+003
+009,+003
+009,+003
+009,+003
-008,+003
-008,+003
-008,+003
-008,+003
-008,+003
-008,+003
-008,+003
-008,+003
-007,+005
-007,+005
-007,+005
-007,+005
-006,+005
-006,+005
-006,+007
-006,+007
-006,+007
-006,-008
-006,-008
-006,-008
+009,-010
+009,-011
+009,-011
+009,-011
+009,-011
+009,-011
+009,-011
+009,-011
+009,-011
+009,-011
+009,-012
+009,-012
+009,-012
+009,-012
+009,-012
+009,-012
+009,-012
+009,-012
+009,-013
+009,-013
+009,-013
+009,-014
+009,-014
+009,-014
+009,-014
+009,-014
+009,-014
+009,-015
+009,-015
+009,-015
+009,-015
+009,-016
+009,-016
+009,-016
+009,-016
+009,-016
+009,-016
+009,-016
+009,-016
+009,-016
+009,-016
+009,-017
+009,-017
+009,-017
+009,-017
+009,-017
+009,-017
+009,-017
+009,-017
+009,-017
+009,-018
+009,-018
+009,-018
-008,-018
-008,-018
-008,-018
-008,-018
-008,-018
-008,-019
-007,-019
-007,-019
-007,-019
-007,-019
-007,-020
-007,-020
-007,-020
-007,-020
-007,-020
-007,-020
-006,-020
-006,-021
-006,-021
-006,-021
-006,-021
-006,-021
-005,-021
-005,-021
-005,-021
-005,-022
-005,-022
-005,-022
-005,-022
-004,-022
-004,-022
-004,-022
-004,-022
-004,-022
-004,-023
-004,-023
-004,-023
-004,-024
-004,-024
-003,-024
-003,-024
-003,-024
-003,-024
-003,-025
-003,-025
-003,-025
-003,-026
-003,-026
-003,-027
-002,-027
-002,-027
-002,-027
-002,-027
-002,-027
-002,-028
-002,-028
-002,-028
-002,-028
-002,-029
-002,-029
-002,-029
-002,-029
-005,-029
-005,-030
-005,-030
-005,-030
-005,-030
-005,-030
-005,-030
-005,-030
-005,-031
-005,-031
-005,-031
-005,-031
-005,-031
-005,-031
-005,-031
-005,-031
-005,-031
-005,-031
-005,-031
-005,-031
-005,-031
-005,-031
-005,-031
-005,-031
-005,-031
-005,-031
-005,-031
-005,-031
-005,-031
-005,-031
-005,-031
-005,-031
-005,-031
-005,-031
-005,-031
-005,-031
-005,-031
-005,-031
-005,-031
-005,-031
-005,-031
-005,-031
-005,-031
-005,-031
-005,-031
-005,-031
-005,-031
-005,-031
-005,-031
-005,-031
-004,-031
-004,-031
-004,-031
-004,-028
-004,-028
-004,-028
-004,-028
-004,-028
-004,-028
-004,-028
-003,-028
-003,-028
-003,-028
-003,-028
-003,-028
-003,-028
-003,-028
-003,-025
-003,-025
-003,-025
-003,-025
-003,-025
-003,-025
-003,-025
-003,-025
-003,-025
-003,-025
-003,-025
-003,-025
-003,-025
-003,-025
-003,-025
-003,-025
-006,-025
-006,-022
-006,-022
-006,-022
-006,-022
-006,-022
-006,-022
-006,-022
-006,-022
-006,-022
-006,-022
-006,-022
+009,-022
+009,-022
+009,-019
+009,-019
+009,-019
+009,-019
+009,-019
+009,-019
+009,-019
+009,-019
+009,-019
+009,-019
+009,-019
+009,-019
+011,-019
+011,-019
+011,-016
+011,-016
+011,-016
+011,-016
+011,-016
+011,-016
+011,-016
+011,-016
+011,-016
+011,-016
+011,-016
+011,-016
+011,-016
+011,-016
+011,-016
+011,-016
+009,-016
+009,-016
+009,-016
+009,-016
+009,-016
+009,-016
+009,-016
+009,-016
+009,-016
+009,-016
+009,-016
+009,-016
+009,-016
+009,-016
+009,-016
+009,-016
+009,-016
+009,-016
-008,-016
-008,-016
-008,-016
-008,-016
-008,-016
-007,-016
-007,-016
-007,-016
-007,-016
-007,-016
-006,-016
-006,-016
-006,-016
-006,-016
-005,-016
-005,-016
-004,-013
-004,-013
-004,-013
-004,-013
-004,-013
-004,-013
-004,-013
-004,-014
-004,-014
-004,-014
-004,-014
-004,-014
-004,-014
-004,-014
-004,-014
-004,-014
-004,-014
-004,-014
-007,-014
-006,-014
-005,-011
-005,-012
-005,-012
-005,-012
-005,-012
-005,-012
-005,-012
-005,-012
-005,-012
-005,-012
-005,-012
-005,-012
-005,-012
-005,-012
-005,-012
-005,-012
-005,-012
-005,-012
-005,-012
-005,-012
-005,-012
-005,-012
-005,-012
-005,-012
-005,-012
-005,-012
-005,-009
-005,-010
-005,-010
-004,-010
-004,-010
-004,-011
-004,-011
-003,-008
-003,-009
-003,-009
-003,-009
-003,-009
-003,-009
-003,-009
-003,-009
-003,-009
-003,-009
-003,-009
-003,-009
-003,-009
-003,-009
-003,-009
-003,-009
-003,-009
-003,-009
-003,-009
-003,-009
-003,-009
-003,-009
-003,-009
-003,-009
-003,-009
-003,-009
-003,-009
-003,-009
-003,-009
-003,-009
-003,-009
-003,-009
-003,-009
-003,-009
-003,-009
-003,-009
-003,-009
-003,-009
-003,-009
-003,-009
-003,-009
-003,-009
-003,-009
-003,-009
-003,-009
-003,-009
-003,-009
-003,-009
-003,-009
-003,-009
-003,-009
-003,-009
-003,-009
-003,-009
-003,-009
-007,-009
-005,-009
-005,-009
-005,-009
-005,-009
-005,-009
-005,-009
-005,-009
-005,-009
-005,-009
-005,-009
-005,-009
-005,-009
-005,-009
-005,-009
+009,-011
+009,-011
-008,-011
-008,-011
-008,-011
-008,-011
-008,-011
-008,-011
-008,-011
-008,-011
-008,-011
-008,-011
-008,-011
-008,-011
-008,-011
-008,-011
-008,-012
-008,-012
-008,-012
-008,-012
-008,-012
-007,-012
-007,-012
-007,-012
-006,-012
-006,-012
-006,-012
-006,-012
-006,-012
-006,-012
-005,-012
-005,-012
-005,-012
-005,-012
-005,-012
-005,-012
-004,-012
-004,-012
-004,-012
-004,-012
-004,-012
-004,-012
-004,-012
-003,-012
-003,-013
-003,-013
-003,-013
-003,-013
-003,-013
-003,-013
-002,-013
-002,-013
-002,-013
-001,-013
-001,-013
-001,-013
-001,-013
-001,-013
-001,-013
-001,-013
-000,-013
-000,-013
-000,-013
-000,-013
-000,-013
-000,-013
-000,-010
-000,-011
-000,-011
-000,-011
-000,-011
-000,-011
-000,-011
-000,-011
-001,-011
-001,-011
-001,-011
-001,-011
-001,-011
-001,-011
-001,-011
-001,-011
-001,-011
-001,-011
-001,-011
-001,-011
-001,-011
-001,-011
-001,-011
-001,-011
-001,-011
-001,-011
-001,-011
-001,-011
-001,-011
-001,-011
-001,-012
-002,-012
-002,-012
-002,-012
-002,-012
-002,-012
-002,-012
-002,-012
-002,-012
-002,-013
-003,-013
-003,-013
-003,-013
-003,-013
-003,-013
-003,-014
-003,-014
-004,-014
-004,-014
-004,-015
-004,-015
-004,-015
-004,-015
-004,-015
-005,-015
-005,-016
-005,-016
-005,-016
-005,-016
-005,-017
-005,-017
-005,-017
-005,-019
-005,-019
-005,-019
-005,-019
-005,-020
-005,-020
-005,-020
-005,-020
-005,-020
-005,-020
-005,-020
-005,-020
-006,-020
-006,-020
-006,-020
-006,-020
-006,-020
-006,-020
-006,-020
-006,-020
-006,-020
-006,-020
-006,-020
-003,-020
-003,-020
-003,-020
-003,-020
-003,-020
-003,-020
-003,-020
-003,-020
-003,-020
-003,-020
-003,-020
-003,-020
-003,-020
-003,-020
-003,-020
-003,-020
-003,-020
-003,-020
-003,-020
-003,-020
-003,-020
-003,-020
-003,-020
-003,-020
-003,-017
-003,-017
-003,-017
-003,-017
-003,-017
-003,-017
-003,-017
-003,-017
-003,-017
-003,-017
-003,-017
-003,-017
-003,-017
-003,-017
-003,-017
-003,-017
-003,-017
-003,-017
-003,-017
-003,-017
-003,-017
-003,-017
-003,-017
-003,-017
-003,-017
-003,-017
-003,-017
-003,-017
-003,-017
-003,-017
-003,-017
-003,-017
-003,-014
-003,-015
-004,-015
-004,-015
-004,-015
-004,-015
-004,-015
-004,-015
-004,-015
-004,-015
-004,-015
-004,-015
-004,-015
-004,-015
-004,-015
-004,-015
-004,-015
-004,-015
-004,-015
COP Area(S): 000789
COP Area(R): 001245