+000,+000
+000,+000
+000,+000
+000,+000
+002,+000
+002,+000
+002,+000
+002,+000
+002,+000
+002,+000
+002,+000
+002,+000
+002,+000
+002,+000
+004,+000
+004,+002
+004,+002
+004,+002
+004,+002
+004,+002
+004,+002
+004,+002
+004,+002
+006,+002
+006,+002
+006,+002
+006,+002
+006,+004
+006,+004
+006,+004
+006,+004
+006,+004
+006,+004
+006,+004
+006,+004
+006,+004
+006,+004
+006,+004
+006,+004
+006,+004
+006,+004
+006,+004
+006,+004
+006,+006
+006,+006
+006,+006
+006,+006
+006,+006
+006,+006
+006,+006
+006,+006
+006,+006
+006,+006
+006,+006
+006,+006
+006,+006
+006,+006
+006,+006
+006,+006
+006,+006
+006,+006
+006,+006
+006,+006
+006,+006
+006,+008
+006,+008
+006,+008
+006,+008
+006,+008
+006,+008
+006,+008
+006,+008
+006,+008
+006,+008
+006,+008
+006,+008
+006,+008
+006,+008
+006,+008
+006,+008
+006,+008
+006,+008
+006,+008
+006,+008
+006,+008
+006,+008
+006,+008
+006,+008
+006,+008
+006,+008
+006,+008
+006,+008
+006,+008
+004,+008
+004,+008
+004,+008
+004,+008
+004,+008
+004,+008
+004,+008
+004,+008
+004,+008
+004,+008
+004,+008
+004,+008
+004,+008
+004,+008
+004,+008
+004,+008
+004,+008
+004,+008
+004,+010
+004,+010
+004,+010
+004,+010
+004,+010
+004,+010
+004,+010
+004,+010
+004,+010
+004,+010
+004,+010
+004,+010
+004,+010
+004,+010
+004,+010
+004,+010
+004,+010
+004,+010
+004,+010
+004,+010
+004,+010
+004,+010
+004,+010
+004,+010
+004,+010
+004,+010
+004,+010
+004,+010
+004,+010
+006,+010
+006,+010
+006,+010
+006,+010
+006,+012
+006,+012
+006,+012
+006,+012
+006,+012
+006,+012
+006,+012
+006,+012
+006,+012
+006,+012
+006,+012
+006,+012
+006,+012
+006,+012
+006,+012
+006,+012
+006,+012
+006,+012
+006,+012
+006,+012
+006,+014
+006,+014
+006,+014
+006,+014
+004,+014
+004,+014
+004,+014
+004,+014
+004,+014
+004,+014
+004,+014
+004,+014
+004,+014
+004,+014
+004,+014
+004,+014
+004,+014
+004,+014
+004,+014
+004,+014
+004,+014
+004,+014
+004,+014
+002,+014
+002,+014
+002,+014
+002,+014
+002,+014
+002,+014
+002,+014
+002,+014
+002,+014
+002,+014
+002,+014
+002,+014
+002,+014
+002,+014
+002,+014
+002,+014
+002,+014
+002,+014
+002,+014
+002,+014
+002,+014
+002,+014
+002,+014
+002,+014
+002,+014
+002,+014
+002,+014
+002,+014
+002,+014
+002,+014
+002,+014
+002,+014
+002,+014
+002,+014
+002,+016
+002,+016
+002,+016
+002,+016
+002,+016
+002,+016
+002,+016
+002,+016
+002,+016
+002,+016
+002,+016
+002,+016
+002,+016
+002,+016
+002,+016
+002,+016
+002,+016
+002,+016
+002,+016
+002,+016
+002,+016
+002,+016
+002,+016
+002,+016
+002,+016
+002,+016
+002,+016
+002,+016
+002,+016
+002,+016
+002,+016
+002,+016
+002,+016
+004,+016
+004,+016
+004,+016
+004,+016
+004,+016
+004,+016
+004,+016
+004,+016
+004,+016
+004,+016
+004,+016
+004,+016
+004,+016
+004,+016
+004,+016
+004,+016
+004,+016
+004,+016
+004,+016
+004,+016
+004,+016
+004,+016
+004,+016
+004,+016
+004,+016
+004,+016
+004,+016
+004,+016
+004,+016
+004,+016
+004,+016
+004,+016
+004,+016
+004,+016
+004,+016
+004,+016
+004,+016
+004,+016
+004,+016
+004,+016
+006,+016
+006,+016
+006,+016
+006,+016
+006,+016
+006,+016
+006,+016
+006,+016
+006,+016
+006,+014
+006,+014
+006,+014
+006,+014
+006,+014
+006,+014
+006,+014
+006,+014
+006,+014
+006,+014
+006,+014
+006,+014
+006,+014
+006,+014
+006,+014
+006,+014
+006,+014
+006,+014
+006,+014
+006,+014
+006,+014
+006,+014
+006,+014
+006,+014
+006,+014
+006,+014
+006,+014
+006,+014
+006,+014
+006,+014
+006,+014
+008,+014
+008,+014
+008,+014
+008,+014
+008,+014
+008,+014
+008,+014
+008,+014
+008,+014
+008,+014
+010,+014
+010,+014
+010,+012
+010,+012
+010,+012
+010,+012
+010,+012
+012,+012
+012,+012
+012,+012
+012,+012
+014,+010
+014,+010
+014,+010
+016,+010
+016,+008
+016,+008
+018,+008
+018,+008
+018,+006
+018,+006
+019,+006
+019,+004
-020,+004
-021,+004
-021,+004
-021,+004
-022,+004
-022,+004
-023,+004
-023,+004
-024,+004
-024,+004
-024,+004
-024,+004
-024,+004
-024,+004
-025,+004
-025,+004
-025,+004
-025,+004
-026,+004
-026,+004
-026,+004
-026,+004
-027,+004
-027,+004
-027,+004
-027,+004
-027,+004
-027,+004
-028,+006
-028,+006
-028,+006
-028,+006
-028,+006
-028,+006
-028,+008
-028,+008
-028,+008
-028,+008
-028,+008
-028,+008
-028,+008
-028,+008
-028,+010
-028,+010
-028,+010
-025,+010
-025,+010
-025,+010
-025,+012
-025,+012
-025,+012
-025,+012
-025,+012
-025,+012
-025,+012
-022,+012
-022,+012
-022,+012
-022,+014
-022,+014
-022,+014
-022,+014
-022,+014
+019,+014
+019,+014
+019,+014
+019,+014
+019,+014
+019,+014
+019,+012
+019,+012
+019,+012
+019,+012
+017,+012
+017,+012
+017,+012
+017,+012
+017,+012
+017,+012
+017,+012
+017,+012
+017,+010
+015,+010
+015,+010
+015,+010
+015,+010
+015,+008
+013,+008
+013,+008
+013,+008
+013,+008
+013,+008
+013,+006
+013,+006
+013,+006
+013,+006
+013,+004
+013,+004
+013,+004
+013,+002
+013,+002
+013,+002
+013,+002
+013,+002
+013,+002
+013,+000
+013,+000
+013,+000
+013,-001
+013,-001
+015,-002
+015,-002
+015,-003
+015,-003
+015,-003
+015,-004
+015,-004
+015,-004
+015,-005
+015,-006
+015,-006
+015,-006
+015,-007
+015,-007
+015,-007
+015,-008
+015,-008
+015,-008
+015,-008
+015,-009
+015,-009
+015,-009
+015,-009
+015,-009
+015,-009
+015,-009
+013,-009
+013,-010
+013,-010
+013,-010
+013,-010
+013,-010
+013,-010
+013,-010
+013,-010
+013,-011
+013,-011
+013,-011
+013,-011
+013,-012
+013,-012
+013,-012
+013,-012
+013,-012
+013,-012
+013,-012
+013,-013
+011,-013
+011,-013
+011,-014
+011,-014
+011,-014
+011,-014
+009,-014
+009,-014
+009,-014
+007,-014
+007,-014
+007,-014
+007,-015
+005,-015
+005,-015
+005,-016
+005,-016
+003,-016
+003,-016
+003,-017
+001,-017
+001,-017
+001,-017
+001,-018
+001,-018
+001,-018
+001,-019
+003,-019
+003,-019
+003,-019
+003,-019
+003,-020
+003,-020
+003,-020
+005,-020
+005,-021
+005,-021
+005,-021
+005,-021
+007,-021
+007,-021
+007,-021
+007,-021
+007,-021
+007,-021
+007,-021
+007,-021
+007,-021
+007,-021
+007,-021
+009,-021
+009,-021
+009,-021
+009,-021
+009,-021
+009,-021
+009,-021
+009,-021
+009,-021
+009,-021
+009,-018
+009,-018
+009,-018
+009,-018
+009,-018
+009,-018
+009,-018
+009,-018
+009,-018
+009,-018
+009,-018
+009,-018
+009,-018
+009,-018
+009,-018
+009,-015
+009,-015
+009,-015
+009,-015
+009,-015
+007,-015
+007,-015
+007,-015
+007,-015
+007,-015
+007,-015
+007,-015
+007,-015
+007,-015
+007,-015
+007,-012
+007,-012
+007,-012
+007,-012
+007,-012
+007,-012
+007,-012
+007,-012
+007,-012
+007,-012
+007,-012
+007,-012
+009,-012
+009,-012
+009,-012
+009,-012
+009,-012
+009,-012
+011,-012
+011,-012
+011,-012
+011,-012
+011,-012
+011,-012
+011,-009
+013,-009
+013,-009
+013,-009
+013,-009
+013,-009
+015,-009
+015,-009
+015,-009
+015,-009
+015,-009
+017,-009
+017,-009
+017,-006
+017,-007
+019,-007
+019,-007
+019,-007
+019,-007
+019,-007
+019,-007
+021,-007
+021,-007
+021,-004
+021,-004
+021,-004
+021,-004
+021,-004
+023,-004
+023,-004
+023,-001
+023,-001
+023,-001
+023,-001
+023,-001
+023,-001
+023,-001
+023,-001
+023,-001
+025,-001
+025,+001
+025,+001
+025,+001
+025,+001
+025,+001
+025,+001
+025,+001
+025,+001
+025,+001
+025,+001
+025,+001
+025,+001
+025,+001
+025,+001
+025,+001
+025,+001
+025,+001
+025,+001
+025,+001
+025,+001
+025,+001
+025,+001
+025,+001
+025,+001
+025,+001
+025,+001
+025,+001
+025,+003
+025,+003
+025,+003
+025,+003
+025,+003
+027,+003
+027,+003
+027,+005
+027,+005
+027,+005
+027,+005
+027,+005
+027,+005
+027,+005
+027,+005
+027,+005
+027,+007
+027,+007
+027,+007
+027,+007
+027,+007
+027,+007
+027,+007
+027,+007
+027,+007
+027,+007
+027,+007
+027,+007
+027,+007
+027,+007
+027,+007
+027,+007
+027,+007
+027,+007
+027,+007
+027,+007
+027,+007
+027,+007
+027,+007
+027,+007
+027,+007
+027,+007
+025,+007
+025,+007
+025,+007
+025,+007
+025,+007
+023,+007
+023,+007
+023,+007
+021,+007
+021,+007
+021,+007
+021,+007
+021,+007
+019,+007
+019,+007
+017,+007
+017,+007
+017,+007
+017,+007
+015,+007
+015,+007
+015,+009
+013,+009
+013,+009
+011,+009
+011,+009
+011,+009
+009,+009
+009,+009
+009,+009
+009,+009
+007,+009
+007,+011
+007,+011
+005,+011
+005,+011
+005,+011
+003,+011
+003,+011
+003,+011
+003,+013
+003,+013
+001,+013
+001,+013
+001,+013
+001,+013
+001,+013
+001,+013
+001,+015
+001,+015
+001,+015
+001,+015
+001,+015
+001,+015
+001,+015
+001,+015
+001,+015
+001,+015
+001,+015
+001,+015
+001,+015
+001,+015
+001,+015
+001,+015
+001,+015
+001,+015
+001,+015
+001,+015
+001,+015
+001,+015
+001,+015
+001,+015
+001,+015
+003,+015
+003,+015
+003,+015
+003,+015
+003,+015
+003,+015
+003,+015
+003,+015
+003,+015
+003,+015
+003,+015
+003,+015
+003,+015
+003,+015
+003,+015
+003,+015
+003,+015
+003,+015
+003,+015
+003,+015
+003,+015
+003,+015
+003,+015
+003,+015
+003,+015
+003,+015
+003,+015
+003,+015
+003,+015
+003,+015
+003,+015
+003,+015
+003,+015
+003,+015
+003,+015
+003,+015
+003,+015
+003,+015
+003,+015
+003,+015
+003,+015
+003,+015
+003,+015
+003,+015
+003,+015
+003,+015
+003,+015
+003,+015
+003,+015
+003,+017
+003,+017
+003,+017
+003,+017
+003,+017
+005,+017
+005,+017
+005,+017
+005,+017
+005,+017
+005,+017
+005,+017
+005,+017
+005,+017
+005,+017
+005,+017
+005,+017
+005,+017
+005,+017
+003,+017
+003,+017
+003,+017
+003,+017
+003,+017
+003,+017
+003,+017
+003,+017
+003,+017
+003,+017
+001,+017
+001,+017
+001,+017
+001,+017
+001,+017
+001,+017
+001,+017
+001,+017
+001,+017
+001,+017
+001,+017
+001,+017
+001,+017
+001,+017
+001,+017
+003,+017
+003,+017
+003,+017
+003,+017
+003,+017
+003,+017
+003,+017
+003,+017
+003,+017
+003,+017
+005,+017
+005,+017
+005,+017
+005,+017
+005,+017
+005,+017
+005,+017
+005,+017
+005,+017
+005,+017
+007,+017
+007,+015
+007,+015
+007,+015
+007,+015
+007,+015
+007,+015
+007,+015
+007,+015
+007,+015
+007,+015
+009,+015
+009,+015
+009,+015
+009,+015
+009,+015
+009,+015
+009,+015
+009,+013
+009,+013
+009,+013
+009,+013
+009,+013
+011,+013
+011,+013
+011,+013
+011,+013
+011,+013
+011,+013
+011,+013
+011,+011
+011,+011
+011,+011
+011,+011
+011,+011
+011,+011
+011,+011
+011,+011
+011,+011
+011,+009
+011,+009
+011,+009
+011,+009
+011,+009
+011,+009
+011,+009
+011,+007
+011,+007
+011,+007
+011,+007
+013,+007
+013,+007
+013,+007
+013,+007
+013,+007
+013,+007
+013,+007
+013,+005
+013,+005
+013,+005
+013,+005
+011,+005
+011,+005
+011,+005
+011,+005
+011,+005
+011,+003
+011,+003
+011,+003
+009,+003
+009,+003
+009,+003
+009,+003
+009,+003
+009,+001
+009,+001
+009,+001
+009,+001
+009,+001
+007,+001
+007,+001
+007,+001
+007,+001
+007,+001
+007,+001
+005,+001
+005,+001
+005,+001
+005,+001
+005,+001
+005,+001
+005,+001
+005,+001
+005,+000
+005,+000
+003,+000
+003,+000
+003,+000
+003,+000
+003,+000
+003,+000
+003,+000
+003,+000
+003,-001
+003,-001
+003,-001
+003,-001
+003,-001
+003,-001
+003,-001
+003,-001
+003,-001
+003,-001
+003,-002
+003,-002
+003,-002
+003,-002
+003,-002
+003,-002
+003,-002
+003,-002
+003,-002
+003,-002
+003,-002
+003,-002
+003,-002
+003,-002
+003,-002
+003,-003
+003,-003
+003,-003
+005,-003
+005,-003
+005,-003
+005,-003
+005,-003
+005,-003
+005,-003
+005,-003
+005,-003
+005,-003
+005,-003
+005,-003
+005,-003
+005,-003
+005,-003
+005,-003
+005,-003
+005,-003
+005,-003
+007,-003
+007,-003
+007,-003
+007,-003
+007,-003
+007,-003
+007,-003
+009,-003
+009,-003
+009,-003
+009,-003
+009,-003
+009,-003
+009,-003
+009,-004
+009,-004
+009,-004
+009,-004
+009,-004
+009,-004
+011,-004
+011,-004
+011,-004
+011,-004
+011,-004
+011,-004
+011,-004
+011,-004
+011,-004
+011,-004
+011,-005
+011,-005
+011,-005
+011,-005
+013,-005
+013,-005
+013,-005
+013,-005
+013,-005
+013,-005
+013,-005
+013,-005
+013,-005
+013,-005
+015,-005
+015,-005
+015,-005
+015,-005
+015,-005
+015,-005
+015,-005
+015,-005
+015,-005
+015,-005
+015,-005
+015,-006
+015,-006
+015,-006
+015,-006
+015,-006
+015,-006
+015,-006
+015,-006
+015,-006
+015,-006
+015,-006
+015,-006
+015,-006
+015,-006
+015,-006
+015,-006
+015,-006
+015,-006
+015,-006
+015,-006
+015,-006
+015,-006
+015,-007
+015,-007
+015,-007
+015,-007
+015,-007
+015,-007
+015,-007
+015,-007
+015,-007
+015,-007
+015,-007
+015,-007
+015,-007
+015,-007
+015,-007
+015,-007
+015,-007
+015,-007
+015,-007
+015,-007
+015,-007
+015,-007
+015,-007
+015,-007
+015,-007
+015,-007
+015,-007
+015,-007
+015,-007
+015,-007
+015,-007
+015,-007
+015,-007
+015,-007
+015,-007
+015,-007
+015,-008
+015,-008
+015,-008
+017,-008
+017,-008
+017,-008
+017,-008
+017,-008
+017,-008
+017,-008
+017,-008
+017,-008
+017,-008
+017,-008
+019,-008
+019,-008
+019,-008
+019,-009
+019,-009
+019,-009
+019,-009
+019,-009
+019,-009
+019,-009
+019,-009
+019,-009
+019,-009
+019,-009
+019,-009
+019,-009
+019,-009
+019,-009
+019,-009
+019,-009
+019,-009
+019,-009
+019,-009
+019,-009
+019,-009
+019,-009
+019,-009
+019,-009
+019,-009
+019,-009
+019,-009
+019,-009
+017,-009
+017,-009
+017,-009
+017,-009
+017,-009
+017,-009
+017,-009
+017,-009
+017,-009
+017,-009
+017,-009
+017,-009
+017,-009
+017,-009
+017,-009
+017,-009
+017,-009
+017,-009
+017,-009
+017,-009
+017,-009
+017,-009
+017,-009
+017,-009
+017,-009
+017,-009
+017,-009
+015,-009
+015,-009
+015,-009
+015,-009
+015,-009
+015,-009
+015,-009
+015,-009
+015,-009
+015,-009
+015,-009
+015,-009
+015,-009
+015,-009
+015,-009
+015,-009
+015,-009
+015,-009
+015,-009
+015,-009
+015,-009
+015,-009
+015,-009
+015,-009
+015,-010
+015,-010
+015,-010
+015,-010
+015,-010
+015,-010
+015,-010
+015,-010
+015,-010
+015,-010
+015,-011
+015,-011
+013,-011
+013,-011
+013,-011
+013,-011
+013,-011
+013,-011
+013,-011
+013,-011
+013,-012
+013,-012
+013,-012
+013,-012
+013,-012
+013,-012
+013,-012
+013,-012
+013,-012
+013,-012
+013,-012
+013,-012
+013,-012
+013,-012
+013,-012
+013,-012
+013,-012
+013,-013
+013,-013
+013,-013
+013,-013
+013,-013
+013,-013
+013,-013
+013,-014
+013,-014
+013,-014
+013,-014
+013,-014
+013,-014
+013,-014
+013,-014
+013,-014
+013,-014
+013,-014
+013,-014
+013,-014
+013,-014
+013,-014
+013,-014
+013,-014
+013,-014
+011,-014
+011,-014
+011,-014
+011,-014
+011,-014
+011,-014
+011,-014
+011,-014
+011,-014
+011,-014
+011,-011
+011,-011
+011,-011
+011,-011
+011,-011
+011,-011
+011,-011
+011,-011
+011,-011
+011,-011
+011,-011
+011,-011
+011,-011
+011,-011
+011,-011
+011,-011
+011,-011
+011,-011
+011,-011
+011,-011
+011,-011
+011,-011
+011,-011
+011,-011
+011,-011
+011,-011
+011,-011
+011,-011
+011,-011
+011,-011
+011,-011
+011,-011
+011,-011
+011,-011
+011,-011
+011,-011
+011,-011
+011,-008
+011,-009
+011,-009
+011,-009
+011,-009
+011,-009
+011,-009
+011,-009
+011,-009
+011,-009
+011,-009
+011,-009
+011,-009
+011,-006
+011,-006
+011,-007
+011,-007
+011,-007
+011,-007
+011,-007
+011,-007
+011,-007
+011,-007
+011,-007
+011,-007
+011,-007
+011,-007
+011,-007
+011,-007
+011,-007
+011,-007
+011,-007
+011,-007
+011,-007
+011,-007
+011,-007
+011,-007
+011,-007
+011,-007
+011,-007
+011,-007
+011,-007
+011,-007
+011,-007
+011,-007
+011,-007
+011,-007
+011,-007
+011,-007
+011,-007
+011,-007
+011,-007
+011,-007
+011,-007
+011,-007
+011,-007
+011,-007
+011,-007
+011,-007
+011,-007
+011,-007
+011,-007
+011,-007
+009,-007
+009,-007
+009,-007
+009,-007
+009,-007
+009,-007
+009,-007
+009,-004
+009,-005
+009,-005
+009,-005
+009,-005
+009,-005
+009,-005
+009,-005
+009,-005
+009,-005
+009,-005
+007,-005
+007,-005
+007,-005
+007,-005
+007,-005
+007,-005
+007,-005
+007,-005
+007,-005
+007,-005
+007,-005
+007,-005
+007,-005
+007,-005
+007,-005
+007,-005
+007,-005
+007,-005
+007,-005
+007,-005
+007,-005
+007,-005
+007,-002
+007,-002
+007,-003
+007,-003
+007,-003
+007,-003
+007,-003
+007,-003
+007,-003
+007,-003
+007,-003
+007,-003
+007,-003
+007,-003
+007,-003
+007,-003
+007,-003
+007,-003
+007,-003
+007,-003
+007,-003
+007,-003
+007,-003
+007,-003
+007,-003
+007,-003
+007,-003
+007,-003
+007,-003
+007,-004
+007,-004
+007,-004
+007,-004
+005,-004
+005,-004
+005,-004
+005,-004
+005,-004
+005,-004
+005,-004
+005,-004
+005,-004
+005,-004
+005,-004
+005,-004
+005,-004
+005,-004
+005,-004
+005,-004
+005,-004
+005,-004
+005,-004
+005,-004
+005,-004
+005,-004
+005,-004
+005,-004
+005,-004
+005,-004
+005,-004
+005,-004
+005,-004
+005,-004
+005,-004
+005,-004
+005,-005
+005,-005
+005,-005
+005,-005
+005,-005
+005,-005
+005,-005
+005,-005
+005,-005
+005,-005
+005,-005
+005,-005
+005,-005
+005,-005
+005,-005
+005,-005
+005,-005
+005,-005
+005,-005
+005,-005
+005,-005
+005,-005
+005,-005
+005,-005
+005,-005
+005,-005
+005,-005
+005,-005
+005,-005
+005,-005
+005,-005
+005,-005
+005,-005
+005,-005
+005,-005
+005,-005
+005,-005
+005,-005
+005,-005
+005,-005
+005,-005
+005,-005
+005,-005
+005,-005
+005,-005
+005,-005
+005,-005
+005,-005
+005,-005
+005,-005
+005,-005
+005,-005
+005,-005
+005,-005
+005,-005
+005,-005
+005,-005
+005,-005
+005,-005
+005,-005
+005,-005
+005,-005
+003,-002
+003,-003
+003,-003
+003,-003
+003,-003
+003,-003
+003,-003
+003,-003
+003,-003
+003,-003
+003,-003
+003,-003
+003,-003
+003,-003
+003,-003
+003,-003
+003,-003
+003,-003
+003,-003
+003,-003
+003,-003
+003,-003
+003,-003
+003,-003
+003,-003
+003,-004
+003,-004
+003,-004
+003,-004
+003,-004
+001,-004
+001,-005
+001,-005
+001,-005
+001,-005
+001,-005
+001,-005
+001,-005
+001,-005
+001,-005
+001,-005
+001,-005
+001,-005
+001,-005
+001,-005
+001,-006
+001,-006
+001,-006
+001,-006
+001,-006
+001,-006
+001,-006
+001,-007
+001,-007
+001,-007
+001,-007
+001,-007
+001,-007
+001,-007
+001,-008
+001,-008
+001,-008
+001,-009
+001,-009
+001,-009
+001,-009
+001,-009
+001,-009
+001,-009
+001,-009
+001,-009
+001,-009
+001,-010
+001,-010
+001,-010
+001,-010
+001,-010
+001,-010
+001,-010
+001,-011
+001,-011
+001,-011
+001,-011
+001,-011
+001,-011
+001,-011
+001,-011
+001,-011
+001,-011
+001,-011
+001,-011
+001,-012
+001,-012
+001,-012
+001,-012
+001,-012
+001,-012
+001,-012
+001,-012
+001,-012
+001,-012
+001,-013
+001,-013
+001,-013
+001,-013
+001,-013
+001,-013
+001,-013
+001,-014
+001,-014
+001,-014
+001,-014
+001,-014
+001,-014
+001,-015
+001,-015
+001,-015
+001,-015
+001,-015
+001,-015
+001,-015
+001,-015
+001,-015
+001,-015
+001,-015
+001,-015
+001,-015
+001,-015
+001,-015
+001,-015
+001,-016
+001,-016
+001,-016
+001,-016
+001,-016
+001,-016
+001,-016
+001,-016
+001,-016
+001,-016
+001,-016
+001,-016
+001,-016
+001,-016
+001,-016
+001,-017
+001,-017
+001,-017
+001,-017
+001,-017
+001,-017
+001,-017
+001,-017
+001,-017
+001,-017
+001,-017
+001,-017
+001,-017
+001,-017
+001,-017
+001,-017
+001,-017
+001,-017
+001,-017
+003,-018
+003,-018
+003,-018
+003,-018
+003,-018
+003,-018
+003,-018
+003,-018
+003,-018
+003,-018
+005,-018
+005,-018
+005,-018
+005,-018
+005,-018
+005,-018
+007,-018
+007,-018
+007,-018
+007,-018
+007,-018
+007,-018
+007,-018
+007,-018
+007,-018
+007,-018
+007,-018
+007,-018
+007,-018
+007,-018
+007,-018
+007,-018
+007,-018
+007,-018
+007,-018
+007,-018
+007,-018
+007,-018
+007,-018
+007,-018
+007,-018
+007,-018
+007,-018
+007,-018
+007,-018
+007,-018
+007,-018
+007,-018
+007,-018
+007,-018
+007,-018
+007,-018
+007,-018
+007,-018
+007,-018
+007,-018
+007,-018
+007,-018
+007,-018
+007,-018
+007,-018
+007,-018
+007,-018
+007,-018
+007,-018
+007,-018
+007,-018
+007,-018
+007,-018
+007,-018
+007,-018
+007,-018
+007,-018
+007,-018
+007,-018
+007,-018
+007,-018
+007,-015
+007,-015
+007,-015
+007,-015
+007,-015
+007,-015
+007,-015
+007,-015
+007,-015
+009,-015
+009,-015
+009,-015
+009,-015
+009,-015
+009,-015
+009,-015
+009,-015
+009,-015
+009,-015
+009,-015
+009,-015
+009,-015
+009,-012
+009,-012
+009,-012
+009,-012
+009,-012
+009,-012
+011,-012
+011,-012
+011,-012
+011,-012
+011,-012
+011,-012
+011,-012
+011,-012
+011,-012
+011,-012
+011,-012
+011,-012
+013,-012
+013,-012
+013,-012
+013,-012
+013,-012
+013,-012
+013,-012
+013,-012
+013,-012
+013,-012
+013,-012
+013,-012
+013,-012
+013,-012
+013,-012
+013,-012
+013,-012
+013,-012
+013,-009
+013,-010
+013,-010
+013,-010
+013,-010
+013,-010
+013,-010
+013,-010
+013,-010
+013,-010
+013,-010
+013,-010
+013,-010
+013,-010
+013,-010
+013,-010
+013,-010
+013,-010
+013,-010
+013,-010
+013,-010
+013,-010
+013,-010
+013,-010
+013,-010
+013,-010
+013,-010
+013,-010
+013,-010
+013,-010
+013,-010
+013,-010
+013,-010
+013,-010
+013,-010
+013,-010
+013,-010
+013,-010
+013,-010
+013,-010
+013,-010
+013,-010
+013,-010
+013,-007
+013,-007
+013,-007
+013,-007
+013,-007
+013,-007
+013,-007
+013,-007
+013,-007
+013,-007
+013,-007
+013,-007
+013,-007
+013,-007
+013,-007
+013,-007
+013,-007
+013,-007
+013,-007
+013,-007
+013,-007
+013,-007
+013,-007
+013,-007
+011,-007
+011,-007
+011,-007
+011,-007
+011,-007
+011,-007
+011,-007
+011,-007
+011,-007
+011,-007
+011,-007
+011,-007
+011,-007
+011,-007
+011,-007
+011,-007
+011,-007
+011,-004
+011,-004
+011,-005
+011,-005
+011,-005
+011,-005
+011,-005
+011,-005
+011,-005
+011,-005
+011,-005
+011,-005
+011,-005
+011,-005
+011,-005
+011,-005
+011,-005
+011,-005
+011,-002
+011,-003
+011,-003
+011,-003
+011,-003
+011,-003
+011,-003
+011,-003
+011,-003
+011,-003
+011,-003
+009,-003
+009,-003
+009,-003
+009,+000
+009,+000
+009,+000
+009,+000
+009,+000
+009,+000
+009,+000
+009,+000
+009,+000
+009,+000
+009,+000
+009,+000
+009,+000
+009,+000
+009,+000
+009,+000
+009,+000
+009,+000
+009,+002
+009,+002
+009,+002
+009,+002
+009,+002
+009,+002
+009,+002
+009,+002
+009,+002
+009,+002
+009,+002
+009,+002
+009,+002
+009,+002
+009,+002
+009,+002
+009,+002
+009,+002
+009,+002
+009,+002
+009,+002
+009,+002
+009,+002
+009,+002
+009,+002
+009,+002
+009,+002
+007,+002
+007,+002
+007,+002
+007,+002
+007,+002
+007,+002
+007,+002
+007,+002
+007,+002
+007,+002
+007,+002
+007,+002
+007,+002
+007,+002
+007,+002
+007,+002
+007,+002
+007,+002
+007,+002
+007,+002
+007,+002
+007,+002
+007,+002
+007,+004
+007,+004
+007,+004
+007,+004
+007,+004
+007,+004
+007,+004
+005,+004
+005,+004
+005,+004
+005,+004
+005,+004
+005,+004
+005,+004
+005,+004
+005,+004
+005,+004
+005,+004
+005,+004
+005,+004
+005,+004
+005,+004
+005,+004
+005,+004
+005,+004
+005,+004
+005,+004
+005,+004
+003,+004
+003,+004
+003,+006
+003,+006
+003,+006
+003,+006
+003,+006
+003,+006
+003,+006
+003,+006
+003,+006
+003,+006
+003,+006
+003,+006
+003,+006
+001,+006
+001,+006
+001,+006
+001,+006
+001,+006
+001,+006
+001,+006
+001,+006
+001,+006
+001,+006
+001,+006
+001,+006
+001,+006
+001,+006
+001,+006
+001,+006
+001,+008
+001,+008
+001,+008
+001,+008
+001,+008
+001,+008
+001,+008
+001,+008
+001,+008
+001,+008
+001,+008
+001,+008
+001,+008
+001,+008
+001,+008
+001,+008
+001,+008
+001,+008
+001,+008
+001,+008
+001,+010
+001,+010
+001,+010
+001,+010
+001,+010
+001,+010
+001,+010
+001,+010
+003,+010
+003,+010
+003,+010
+003,+010
+003,+010
+003,+010
+003,+010
+003,+010
+003,+010
+003,+010
+005,+010
+005,+010
+005,+010
+005,+010
+005,+010
+005,+010
+005,+010
+005,+010
+005,+010
+005,+010
+005,+010
+005,+010
+005,+010
+005,+010
+005,+010
+005,+010
+005,+010
+005,+010
+005,+010
+005,+010
+005,+010
+005,+010
+005,+010
+005,+010
+005,+010
+005,+010
+005,+010
+005,+010
+005,+010
+005,+010
+005,+010
+005,+010
+005,+010
+007,+010
+007,+010
+007,+010
+007,+010
+007,+010
+007,+010
+007,+010
+007,+010
+007,+010
+007,+010
+007,+010
+007,+010
+007,+010
+007,+010
+007,+010
+007,+010
+007,+010
+007,+010
+007,+010
+007,+010
+007,+010
+007,+010
+007,+010
+007,+010
+007,+010
+007,+010
+005,+010
+005,+010
+005,+010
+005,+010
+005,+010
+005,+010
+005,+010
+005,+010
+005,+010
+005,+010
+005,+010
+005,+010
+005,+010
+005,+010
+005,+010
+005,+010
+005,+010
+005,+010
+005,+010
+005,+010
+005,+010
+005,+010
+003,+010
+003,+010
+003,+010
+003,+010
+003,+010
+003,+010
+003,+010
+003,+010
+003,+010
+003,+010
+003,+010
+003,+010
+003,+010
+003,+010
+003,+010
+003,+010
+003,+010
+003,+010
+003,+010
+003,+010
+003,+010
+003,+010
+003,+010
+003,+010
+003,+010
+003,+010
+001,+010
+001,+010
+001,+010
+001,+010
+001,+010
+001,+010
+001,+010
+001,+010
+001,+010
+001,+010
+001,+012
+001,+012
+001,+012
+001,+012
+001,+012
+001,+012
+001,+012
+001,+012
+001,+012
+001,+012
+001,+012
+001,+012
+001,+012
+001,+012
+001,+012
+001,+012
+001,+012
+001,+012
+001,+012
+001,+012
+001,+012
+001,+012
+003,+012
+003,+012
+003,+012
+003,+012
+003,+012
+003,+012
+003,+012
+003,+012
+003,+012
+003,+012
+003,+012
+003,+012
+003,+012
+003,+012
+003,+012
+003,+012
+003,+010
+003,+010
+003,+010
+003,+010
+003,+010
+003,+010
+003,+010
+005,+010
+005,+010
+005,+010
+005,+010
+005,+010
+005,+010
+005,+010
+005,+010
+005,+010
+005,+010
+005,+008
+005,+008
+005,+008
+005,+008
+005,+008
+005,+008
+005,+008
+005,+008
+005,+008
+005,+008
+005,+008
+005,+008
+005,+008
+005,+008
+005,+008
+005,+008
+005,+008
+005,+008
+005,+008
+005,+008
+005,+008
+005,+008
+005,+008
+005,+008
+005,+008
+005,+008
+005,+008
+005,+008
+005,+008
+005,+008
+005,+008
+005,+008
+005,+008
+005,+008
+005,+008
+005,+008
+005,+008
+005,+008
+005,+008
+005,+008
+005,+008
+005,+008
+005,+008
+005,+008
+005,+008
+005,+008
+005,+008
+005,+008
+005,+008
+005,+008
+005,+008
+003,+008
+003,+008
+003,+006
+003,+006
+003,+006
+003,+006
+003,+006
+003,+006
+003,+006
+003,+006
+003,+006
+003,+006
+003,+006
+003,+006
+003,+006
+003,+006
+003,+004
+003,+004
+003,+004
+003,+004
+003,+004
+003,+004
+003,+004
+003,+004
+003,+004
+003,+004
+003,+002
+003,+002
+003,+002
+003,+002
+003,+002
+003,+002
+003,+002
+003,+002
+003,+002
+003,+002
+003,+002
+003,+002
+003,+002
+003,+002
+003,+002
+003,+002
+003,+002
+003,+002
+003,+002
+003,+002
+003,+002
+003,+002
+003,+002
+003,+002
+003,+002
+003,+002
+003,+002
+003,+002
+003,+002
+003,+000
+003,+000
+003,+000
+003,+000
+003,+000
+003,+000
+003,+000
+003,+000
+003,+000
+003,+000
+003,+000
+003,+000
+003,+000
+003,+000
+003,+000
+003,+000
+003,+000
+003,+000
+003,+000
+003,+000
+003,+000
+003,+000
+003,+000
+003,-001
+003,-001
+003,-001
+003,-001
+003,-001
+003,-001
+003,-001
+003,-002
+003,-002
+003,-002
+003,-002
+003,-002
+003,-002
+003,-002
+003,-003
+003,-003
+003,-003
+003,-003
+003,-003
+003,-003
+003,-003
+003,-003
+003,-003
+003,-003
+003,-004
+003,-004
+003,-004
+003,-004
+003,-004
+001,-004
+001,-004
+001,-004
+001,-004
+001,-004
+001,-004
+001,-004
+001,-004
+001,-004
+001,-004
+001,-004
+001,-004
+001,-004
+001,-004
+001,-004
+001,-004
+001,-004
+001,-004
+001,-004
+001,-004
+001,-004
+001,-004
+001,-004
+001,-004
+001,-004
+001,-004
+001,-004
+001,-004
+001,-004
+001,-004
+001,-004
+001,-004
+001,-004
+001,-004
+001,-004
+001,-004
+001,-004
+001,-004
+001,-004
+001,-004
+001,-004
+001,-004
+001,-004
+001,-004
+001,-004
+001,-004
+001,-004
+001,-004
+001,-004
+001,-004
+001,-004
+001,-004
+001,-004
+001,-004
+001,-004
+001,-005
+001,-005
+001,-005
+001,-005
+001,-005
+001,-005
+001,-005
+001,-005
+001,-005
+001,-005
+001,-005
+001,-005
+001,-005
+001,-005
+001,-005
+001,-005
+001,-005
+001,-005
+001,-005
+001,-005
+001,-005
+001,-005
+001,-005
+001,-005
+001,-005
+001,-005
+001,-005
+001,-005
+001,-005
+001,-005
+001,-005
+001,-005
+001,-005
+001,-005
+001,-005
+001,-005
+001,-005
+001,-006
+001,-006
+001,-006
+001,-006
+001,-006
+001,-006
+001,-006
+001,-007
+001,-007
+001,-007
+001,-007
+001,-007
+001,-007
+001,-007
+001,-007
+001,-008
+001,-008
+001,-008
+001,-008
+001,-008
+001,-008
+001,-008
+001,-008
+001,-008
+001,-008
+001,-008
+001,-008
+001,-008
+001,-008
+001,-008
+001,-008
+001,-008
+001,-008
+001,-008
+001,-008
+001,-008
+001,-008
+001,-008
+001,-008
+001,-008
+001,-009
+001,-009
+001,-009
+001,-009
+001,-009
+001,-009
+001,-009
+001,-009
+001,-009
+001,-009
+001,-009
+001,-009
+001,-009
+001,-009
+001,-009
+001,-009
+001,-009
+001,-009
+001,-009
+001,-009
+001,-009
+001,-009
+001,-009
+001,-010
+001,-010
+001,-010
+001,-010
+001,-010
+001,-010
+001,-010
+001,-010
+001,-010
+001,-010
+001,-011
+001,-011
+001,-011
+001,-011
+001,-011
+001,-011
+001,-011
+001,-011
+001,-011
+001,-011
+001,-011
+001,-011
+001,-011
+001,-012
+001,-012
+001,-012
+001,-012
+001,-012
+001,-012
+001,-012
+001,-012
+001,-012
+001,-012
+001,-012
+001,-012
+001,-012
+001,-012
+001,-012
+001,-012
+001,-013
+001,-013
+001,-013
+001,-013
+001,-013
+001,-013
+001,-013
+001,-013
+001,-013
+001,-013
+001,-013
+001,-014
+001,-014
+001,-014
+001,-014
+001,-014
+001,-014
+001,-014
+001,-014
+001,-014
+001,-014
+001,-014
+001,-014
+001,-014
+001,-014
+001,-014
+001,-014
+001,-014
+001,-014
+001,-014
+001,-014
+001,-014
+001,-014
+001,-014
+001,-014
+001,-014
+001,-014
+001,-014
+001,-014
+001,-015
+001,-015
+001,-015
+001,-015
+001,-015
+001,-015
+001,-015
+001,-015
+001,-015
+001,-015
+001,-015
+001,-015
+001,-016
+001,-016
+001,-016
+003,-017
+003,-017
+003,-017
+003,-017
+003,-017
+003,-017
+003,-017
+003,-017
+003,-017
+003,-017
+003,-017
+003,-017
+003,-017
+003,-017
+003,-017
+003,-017
+003,-017
+003,-017
+003,-017
+003,-017
+003,-017
+005,-017
+005,-017
+005,-017
+005,-017
+005,-017
+005,-017
+005,-017
+005,-017
+005,-017
+005,-017
+005,-017
+005,-017
+005,-017
+005,-017
+005,-017
+005,-017
+005,-017
+005,-017
+005,-017
+005,-017
+007,-017
+007,-017
+007,-017
+007,-017
+007,-017
+007,-017
+007,-017
+007,-017
+007,-017
+007,-017
+007,-017
+007,-017
+007,-017
+007,-017
+007,-014
+007,-014
+007,-014
+007,-014
+009,-014
+009,-014
+009,-014
+009,-014
+009,-014
+009,-014
+009,-014
+009,-014
+009,-014
+009,-014
+009,-014
+011,-015
+011,-015
+011,-015
+011,-015
+011,-015
+011,-015
+011,-015
+011,-016
+011,-016
+011,-016
+011,-016
+011,-016
+011,-016
+011,-016
+011,-016
+011,-016
+013,-016
+013,-016
+013,-016
+013,-016
+013,-016
+013,-016
+013,-016
+013,-016
+013,-016
+013,-016
+013,-016
+013,-016
+013,-016
+013,-016
+013,-016
+013,-017
+013,-017
+013,-017
+013,-017
+013,-017
+013,-017
+013,-017
+013,-017
+013,-017
+013,-017
+013,-017
+013,-017
+013,-017
+013,-017
+013,-017
+013,-017
+013,-017
+013,-017
+013,-017
+013,-017
+013,-017
+013,-017
+013,-017
+013,-017
+013,-017
+013,-017
+013,-017
+013,-017
+013,-017
+013,-017
+013,-017
+013,-017
+013,-017
+013,-017
+013,-017
+013,-017
+013,-017
+013,-017
+013,-017
+013,-017
+013,-017
+013,-017
+013,-017
+013,-017
+013,-017
+013,-017
+013,-017
+013,-017
+013,-017
+013,-017
+013,-017
+013,-017
+013,-017
+013,-017
+013,-017
+013,-017
+013,-017
+013,-017
+013,-017
+013,-017
+013,-017
+013,-017
+013,-017
+013,-017
+013,-017
+013,-017
+013,-017
+015,-017
+015,-017
+015,-017
+015,-017
+015,-017
+015,-017
+015,-017
+015,-017
+015,-017
+015,-017
+015,-017
+015,-017
+015,-017
+017,-018
+017,-018
+017,-018
+017,-018
+017,-018
+017,-018
+017,-018
+019,-018
+019,-018
+019,-018
+019,-018
+019,-018
+019,-018
+021,-018
+021,-018
+021,-018
+021,-018
+021,-018
+021,-018
+021,-018
+021,-018
+021,-018
+021,-018
+021,-018
+021,-018
+021,-018
+021,-015
+021,-015
+021,-015
+021,-015
+021,-015
+021,-015
+021,-015
+021,-015
+021,-015
+021,-015
+021,-015
+021,-015
+019,-015
+019,-015
+019,-015
+019,-015
+019,-015
+019,-015
+019,-015
+019,-015
+019,-015
+019,-015
+017,-012
+017,-012
+017,-012
+017,-012
+017,-012
+017,-012
+017,-012
+017,-012
+017,-012
+017,-012
+017,-012
+017,-012
+017,-012
+015,-012
+015,-012
+015,-012
+015,-009
+015,-009
+015,-009
+015,-009
+013,-009
+013,-009
+013,-009
+013,-009
+013,-009
+013,-009
+013,-009
+013,-009
+013,-009
+013,-009
+011,-009
+011,-009
+011,-009
+011,-009
+011,-009
+011,-009
+011,-009
+011,-009
+011,-009
+011,-009
+011,-009
+011,-009
+011,-009
+011,-006
+011,-006
+011,-007
+011,-007
+011,-007
+011,-007
+011,-007
+011,-007
+011,-007
+011,-007
+011,-007
+011,-007
+011,-007
+011,-007
+011,-007
+011,-007
+009,-007
+009,-007
+009,-007
+009,-007
+009,-007
+009,-007
+009,-007
+009,-007
+009,-007
+009,-007
+009,-007
+009,-007
+009,-007
+011,-007
+011,-007
+011,-007
+011,-007
+011,-007
+011,-007
+011,-007
+011,-007
+011,-007
+011,-007
+011,-007
+011,-007
+011,-007
+011,-007
+011,-007
+011,-007
+011,-007
+011,-007
+011,-007
+013,-007
+013,-007
+013,-007
+013,-004
+013,-005
+013,-005
+013,-005
+013,-005
+015,-005
+015,-005
+015,-005
+015,-005
+015,-005
+015,-005
+015,-005
+015,-005
+015,-005
+015,-005
+017,-005
+017,-005
+017,-005
+017,-005
+017,-005
+017,-005
+017,-005
+017,-005
+017,-005
+017,-005
+017,-005
+017,-005
+017,-005
+017,-005
+017,-005
+017,-005
+017,-005
+017,-005
+017,-005
+017,-002
+017,-003
+017,-003
+017,-003
+017,-003
+017,-003
+017,-003
+017,-003
+017,-003
+017,-003
+017,-003
+017,-003
+017,-003
+017,-003
+017,-003
+019,-003
+019,-003
+019,-003
+019,-003
+019,-003
+019,-003
+019,-003
+019,-003
+019,-003
+019,-003
+019,+000
+019,+000
+019,+000
+019,+000
+019,+000
+019,+000
+019,+000
+019,+000
+019,+000
+019,+000
+019,+000
+019,+000
+019,+000
+019,+000
+019,+000
+019,+000
+019,+000
+019,+000
+017,+000
+017,+000
+017,+000
+017,+002
+017,+002
+017,+002
+017,+002
+017,+002
+017,+002
+017,+002
+017,+002
+017,+002
+017,+002
+017,+002
+017,+002
+017,+002
+017,+002
+017,+002
+017,+002
+017,+002
+017,+002
+017,+002
+017,+002
+017,+002
+017,+002
+017,+004
+015,+004
+015,+004
+015,+004
+015,+004
+015,+004
+015,+004
+015,+004
+015,+004
+015,+004
+015,+004
+015,+004
+015,+004
+015,+004
+015,+004
+015,+004
+015,+004
+013,+004
+013,+004
+013,+004
+013,+004
+013,+004
+013,+004
+013,+004
+013,+004
+013,+004
+013,+004
+011,+004
+011,+004
+011,+004
+011,+004
+011,+006
+011,+006
+011,+006
+011,+006
+009,+006
+009,+006
+009,+006
+009,+006
+009,+006
+009,+006
+009,+006
+009,+006
+009,+006
+009,+006
+009,+006
+009,+006
+009,+006
+009,+006
+009,+008
+009,+008
+007,+008
+007,+008
+007,+008
+007,+008
+007,+008
+007,+008
+007,+008
+007,+008
+007,+008
+007,+008
+007,+008
+007,+008
+007,+008
+007,+008
+007,+008
+007,+008
+007,+008
+007,+008
+007,+008
+007,+008
+007,+008
+007,+008
+007,+008
+007,+008
+007,+008
+007,+008
+007,+008
+007,+008
+007,+008
+007,+008
+005,+008
+005,+008
+005,+008
+005,+008
+005,+008
+005,+008
+005,+010
+005,+010
+005,+010
+005,+010
+005,+010
+005,+010
+005,+010
+005,+010
+005,+010
+005,+010
+005,+010
+005,+010
+005,+010
+005,+010
+005,+012
+007,+012
+007,+012
+007,+012
+007,+012
+007,+012
+007,+012
+007,+012
+007,+012
+007,+012
+007,+012
+007,+014
+007,+014
+007,+014
+007,+014
+007,+014
+007,+014
+007,+014
+007,+014
+007,+014
+007,+016
+007,+016
+007,+016
+007,+016
+007,+016
+007,+016
+007,+016
+007,+016
+007,+016
+007,+016
+007,+018
+007,+018
+007,+018
+007,+018
+007,+018
+007,+018
+009,+018
+009,+018
+009,+018
+009,+018
+009,+018
+009,+018
+009,+018
+009,+020
+009,+020
+009,+020
+009,+020
+009,+020
+009,+020
+009,+020
+009,+020
+007,+020
+007,+020
+007,+020
+007,+020
+007,+020
+007,+020
+007,+020
+007,+020
+007,+020
+007,+020
+007,+020
+007,+020
+007,+020
+007,+020
+007,+020
+007,+020
+007,+020
+007,+020
+007,+020
+007,+020
+007,+020
+007,+020
+005,+020
+005,+020
+005,+020
+005,+020
+005,+020
+005,+020
+005,+020
+005,+020
+005,+020
+005,+020
+005,+020
+005,+020
+005,+020
+005,+020
+005,+020
+005,+020
+005,+020
+005,+020
+005,+020
+005,+020
+005,+020
+005,+020
+005,+020
+005,+020
+005,+020
+005,+020
+005,+020
+005,+020
+005,+020
+005,+018
+005,+018
+005,+018
+005,+018
+003,+018
+003,+018
+003,+018
+003,+018
+003,+018
+003,+018
+003,+018
+003,+018
+003,+018
+003,+018
+003,+018
+003,+018
+003,+018
+003,+018
+003,+018
+003,+018
+003,+018
+003,+018
+003,+018
+003,+018
+003,+018
+003,+018
+003,+018
+003,+018
+003,+018
+003,+018
+003,+018
+003,+018
+003,+018
+003,+018
+003,+018
+003,+018
+003,+018
+003,+018
+001,+018
+001,+018
+001,+018
+001,+018
+001,+018
+001,+018
+001,+018
+001,+018
+001,+018
+001,+018
+001,+018
+001,+018
+001,+018
+001,+018
+001,+018
+001,+018
+001,+018
+001,+018
+001,+018
+001,+018
+001,+018
+001,+018
+001,+018
+001,+018
+001,+018
+001,+018
+001,+018
+001,+018
+001,+018
+001,+018
+001,+018
+001,+018
+001,+018
+001,+018
+001,+018
+001,+018
+001,+018
+001,+018
+001,+018
+003,+018
+003,+018
+003,+018
+003,+018
+003,+018
+003,+018
+003,+018
+003,+018
+005,+018
+005,+018
+005,+018
+005,+018
+005,+018
+005,+018
+005,+018
+005,+018
+005,+018
+007,+018
+007,+018
+007,+018
+007,+018
+007,+018
+007,+018
+007,+018
+007,+018
+007,+018
+007,+018
+007,+018
+007,+018
+007,+018
+007,+018
+007,+018
+007,+018
+007,+018
+007,+018
+007,+018
+007,+018
+009,+018
+009,+018
+009,+018
+009,+018
+009,+018
+009,+018
+009,+018
+011,+018
+011,+018
+011,+018
+011,+018
+011,+018
+011,+018
+011,+018
+011,+018
+011,+018
+011,+018
+011,+018
+011,+018
+011,+018
+011,+018
+011,+018
+011,+018
+011,+018
+011,+018
+011,+018
+011,+018
+011,+018
+011,+018
+011,+018
+011,+018
+011,+018
+011,+018
+011,+018
+011,+018
+011,+018
+011,+018
+011,+018
+011,+018
+011,+018
+011,+018
+011,+018
+011,+018
+011,+018
+013,+018
+013,+018
+013,+018
+013,+018
+013,+018
+013,+018
+013,+018
+013,+018
+013,+018
+013,+018
+013,+018
+013,+018
+013,+018
+013,+018
+013,+018
+013,+018
+013,+018
+013,+018
+013,+018
+013,+018
+013,+018
+013,+018
+013,+018
+013,+018
+013,+018
+013,+018
+013,+018
+011,+018
+011,+018
+011,+018
+011,+018
+011,+018
+011,+018
+011,+018
+011,+018
+011,+018
+011,+018
+011,+018
+011,+018
+011,+018
+011,+018
+011,+018
+011,+018
+011,+018
+011,+018
+009,+018
+009,+018
+009,+018
+009,+018
+009,+018
+009,+018
+009,+018
+009,+018
+009,+018
+009,+018
+009,+018
+009,+018
+009,+018
+009,+018
+007,+018
+007,+018
+007,+018
+007,+018
+007,+018
+007,+018
+007,+018
+007,+018
+007,+020
+007,+020
+007,+020
+007,+020
+007,+020
+007,+020
+007,+020
+007,+020
+007,+020
+005,+020
+005,+020
+005,+020
+005,+020
+005,+020
+005,+020
+005,+020
+005,+022
+005,+022
+003,+022
+003,+022
+003,+022
+003,+022
+003,+022
+003,+022
+003,+022
+003,+022
+003,+022
+003,+022
+003,+022
+001,+022
+001,+022
+001,+022
+001,+022
+001,+022
+001,+022
+001,+022
+001,+022
+001,+022
+001,+022
+001,+022
+001,+024
+001,+024
+001,+024
+001,+024
+001,+024
+001,+024
+001,+024
+001,+024
+001,+024
+001,+024
+001,+024
+001,+022
+001,+022
+001,+022
+001,+022
+001,+022
+001,+022
+001,+022
+001,+022
+001,+022
+001,+022
+001,+022
+001,+022
+001,+022
+001,+022
+001,+022
+001,+022
+001,+022
+001,+022
+001,+022
+001,+022
+001,+022
+001,+022
+001,+020
+001,+020
+001,+020
+001,+020
+001,+020
+001,+020
+001,+020
+001,+020
+001,+020
+001,+020
+001,+020
+001,+020
+001,+020
+001,+020
+001,+020
+001,+020
+001,+020
+001,+018
+001,+018
+001,+018
+001,+018
+001,+018
+001,+018
+001,+018
+001,+018
+001,+018
+001,+016
+001,+016
+001,+016
+001,+016
+001,+016
+001,+016
+001,+014
+001,+014
+001,+014
+001,+014
+001,+014
+001,+014
+001,+014
+001,+014
+001,+012
+001,+012
+001,+012
+001,+012
+001,+012
+001,+012
+001,+012
+001,+012
+001,+012
+001,+012
+001,+012
+001,+012
+001,+010
+001,+010
+001,+010
+001,+010
+001,+010
+001,+010
+001,+010
+001,+010
+001,+010
+001,+010
+003,+010
+003,+010
+003,+010
+003,+010
+003,+010
+003,+010
+003,+008
+003,+008
+003,+008
+003,+008
+003,+008
+003,+008
+003,+008
+005,+008
+005,+008
+005,+008
+005,+008
+005,+008
+005,+008
+005,+006
+005,+006
+005,+006
+005,+006
+005,+006
+005,+006
+005,+006
+005,+006
+005,+006
+005,+006
+005,+006
+007,+006
+007,+006
+007,+006
+007,+006
+007,+006
+007,+006
+007,+006
+007,+006
+007,+006
+009,+004
+009,+004
+009,+004
+009,+004
+009,+004
+009,+004
+009,+004
+011,+004
+011,+004
+011,+002
+011,+002
+011,+002
+011,+002
+011,+002
+011,+002
+011,+002
+011,+002
+011,+002
+013,+000
+013,+000
+013,+000
+013,+000
+013,+000
+013,+000
+013,+000
+013,+000
+013,+000
+013,+000
+013,+000
+015,+000
+015,+000
+015,-001
+015,-001
+015,-001
+015,-001
+015,-001
+015,-001
+017,-001
+017,-001
+017,-001
+017,-001
+017,-001
+017,-001
+017,-001
+019,-001
+019,-001
+019,-001
+019,-001
+019,-001
+019,-001
+019,-001
+019,-001
+019,-001
+019,-001
+021,-001
+021,-001
+021,-001
+021,-001
+021,-001
+021,-001
+021,-001
+021,-001
+021,-001
+021,-001
+021,-001
+021,-001
+021,-001
+021,-001
+021,-001
+021,-001
+021,-001
+021,-001
+021,+001
+021,+001
+021,+001
+021,+001
+021,+001
+021,+001
+021,+001
+021,+001
+021,+001
+021,+001
+021,+001
+021,+001
+021,+001
+021,+001
+021,+001
+021,+001
+021,+001
+021,+001
+023,+003
+023,+003
+023,+003
+023,+003
+023,+003
+023,+003
+023,+003
+023,+003
+023,+003
+023,+003
+023,+003
+023,+003
+023,+003
+023,+003
+023,+003
+023,+005
+023,+005
+023,+005
+023,+005
+023,+005
+023,+005
+023,+005
+023,+005
+023,+007
+023,+007
+023,+007
+023,+007
+023,+007
+023,+007
+023,+007
+023,+007
+023,+009
+023,+009
+023,+009
+023,+009
+023,+009
+023,+009
+023,+009
+023,+009
+023,+011
+023,+011
+023,+011
+023,+011
+023,+011
+025,+011
+025,+011
+025,+011
+025,+011
+025,+011
+025,+013
+025,+013
+025,+013
+025,+013
+025,+013
+025,+013
+025,+013
+025,+013
+025,+013
+027,+013
+027,+013
+027,+013
+027,+015
+027,+015
+029,+017
+029,+017
+029,+017
+029,+017
+029,+017
+031,+017
+031,+017
+031,+017
+031,+017
+031,+017
+031,+017
+033,+017
+033,+017
+033,+017
+033,+017
+033,+017
+033,+017
+033,+017
+033,+017
+033,+017
+033,+017
+033,+017
+033,+017
+033,+017
+033,+017
+033,+017
+033,+017
+033,+017
+033,+017
+033,+017
COP Area(S): 000353
COP Area(R): 000560