+000,+000
+000,+000
+000,+003
+000,+003
+000,+003
+000,+003
+000,+003
+000,+003
+000,+003
+000,+003
+000,+003
+000,+003
+002,+003
+002,+003
+002,+003
+002,+003
+002,+003
+002,+003
+002,+003
+002,+003
+002,+003
+002,+003
+002,+003
+002,+003
+002,+005
+002,+005
+002,+005
+002,+005
+002,+005
+002,+005
+002,+005
+002,+005
+002,+005
+002,+005
+004,+007
+004,+007
+004,+007
+004,+007
+004,+007
+004,+007
+004,+007
+004,+007
+004,+007
+006,+009
+006,+009
+006,+009
+006,+009
+006,+009
+006,+011
+006,+011
+008,+011
+008,+011
+008,+011
+008,+011
+008,+011
+008,+011
+008,+011
+008,+011
+008,+011
+008,+011
+008,+011
+008,+011
+008,+011
+008,+011
+008,+011
+008,+011
+008,+011
+008,+011
+008,+011
+008,+011
+008,+011
+008,+011
+006,+011
+006,+011
+006,+011
+006,+011
+006,+011
+006,+011
+006,+011
+006,+011
+006,+011
+006,+011
+006,+011
+006,+011
+006,+011
+006,+011
+006,+011
+006,+011
+006,+011
+006,+011
+006,+011
+006,+011
+004,+009
+004,+009
+004,+009
+004,+009
+004,+009
+004,+009
+004,+009
+002,+009
+002,+009
+002,+009
+002,+009
+002,+007
+002,+007
+002,+007
+002,+007
+002,+007
+002,+007
+000,+007
+000,+007
+000,+007
+000,+007
+000,+007
+000,+007
+000,+007
+000,+007
+000,+007
+000,+007
+000,+007
+000,+007
+000,+007
+000,+007
+000,+005
+000,+005
+000,+005
+000,+005
+000,+005
+000,+005
+002,+005
+002,+005
+002,+005
+002,+005
+002,+005
+002,+005
+002,+005
+002,+005
+002,+005
+002,+005
+002,+005
+002,+005
+002,+005
+002,+005
+002,+007
+002,+007
+002,+007
+002,+007
+002,+007
+002,+007
+002,+007
+002,+007
+002,+007
+002,+007
+002,+007
+002,+007
+002,+007
+002,+007
+002,+007
+002,+009
+002,+009
+002,+009
+002,+009
+002,+009
+002,+009
+002,+009
+002,+009
+002,+009
+002,+009
+002,+009
+002,+009
+002,+009
+002,+009
+002,+009
+002,+009
+002,+009
+002,+009
+002,+009
+002,+009
+002,+009
+002,+009
+002,+009
+002,+009
+002,+009
+002,+009
+002,+009
+002,+009
+002,+009
+002,+011
+002,+011
+002,+011
+002,+011
+002,+011
+002,+011
+002,+011
+002,+011
+002,+011
+002,+011
+002,+011
+002,+011
+002,+011
+002,+011
+002,+013
+002,+013
+002,+013
+002,+013
+002,+013
+002,+013
+002,+013
+002,+013
+002,+013
+002,+013
+002,+013
+002,+013
+002,+013
+002,+013
+002,+013
+002,+013
+002,+013
+002,+013
+002,+013
+002,+013
+002,+013
+002,+013
+002,+013
+002,+013
+002,+013
+002,+013
+002,+013
+002,+013
+002,+013
+002,+013
+002,+013
+002,+013
+002,+013
+002,+013
+002,+013
+002,+013
+002,+013
+002,+013
+002,+013
+002,+013
+002,+013
+002,+013
+002,+013
+002,+013
+002,+013
+002,+013
+002,+013
+002,+013
+000,+013
+000,+013
+000,+013
+000,+013
+000,+013
+000,+013
+000,+013
+000,+013
+000,+013
+000,+013
+000,+013
+000,+013
+000,+013
+000,+011
+000,+011
+000,+011
+000,+011
+000,+011
+002,+011
+002,+011
+002,+011
+002,+011
+002,+011
+002,+011
+002,+011
+002,+011
+002,+011
+002,+011
+002,+011
+002,+009
+002,+009
+004,+009
+004,+009
+004,+009
+004,+009
+004,+009
+004,+009
+004,+009
+004,+009
+004,+009
+004,+009
+004,+009
+004,+009
+004,+009
+004,+009
+004,+009
+004,+009
+004,+007
+004,+007
+004,+007
+004,+007
+004,+007
+004,+007
+004,+007
+004,+007
+004,+007
+004,+007
+004,+007
+004,+007
+004,+007
+004,+007
+004,+007
+004,+007
+004,+007
+004,+007
+004,+007
+004,+007
+004,+007
+004,+007
+004,+007
+004,+007
+004,+007
+004,+007
+004,+007
+004,+007
+004,+007
+004,+007
+004,+007
+004,+007
+004,+007
+004,+007
+004,+007
+004,+007
+004,+007
+004,+007
+004,+007
+004,+007
+004,+007
+004,+007
+004,+007
+004,+007
+004,+007
+004,+007
+004,+007
+004,+007
+004,+007
+004,+007
+004,+007
+004,+007
+004,+007
+004,+007
+004,+007
+004,+007
+004,+007
+004,+007
+004,+007
+004,+007
+004,+007
+004,+007
+004,+007
+004,+007
+004,+007
+004,+007
+004,+007
+004,+007
+004,+007
+004,+007
+004,+007
+004,+007
+004,+007
+004,+007
+004,+007
+004,+007
+004,+007
+004,+007
+004,+007
+004,+007
+004,+007
+004,+007
+004,+007
+004,+007
+004,+007
+004,+007
+004,+007
+002,+007
+002,+007
+002,+007
+002,+007
+002,+007
+002,+007
+002,+007
+002,+009
+002,+009
+002,+009
+002,+009
+002,+009
+002,+009
+002,+009
+002,+009
+002,+009
+002,+009
+002,+009
+002,+009
+002,+009
+002,+009
+002,+009
+002,+009
+002,+009
+002,+009
+002,+009
+002,+009
+002,+009
+004,+009
+004,+009
+004,+009
+004,+011
+004,+011
+004,+011
+004,+011
+004,+011
+004,+011
+004,+011
+004,+011
+004,+011
+004,+011
+004,+011
+004,+011
+004,+011
+004,+011
+004,+011
+004,+011
+004,+011
+004,+011
+004,+011
+004,+011
+004,+011
+004,+011
+004,+011
+004,+011
+004,+011
+004,+011
+004,+011
+004,+011
+004,+011
+004,+011
+004,+011
+004,+011
+004,+011
+004,+011
+004,+011
+004,+011
+004,+011
+004,+011
+004,+011
+004,+013
+004,+013
+004,+013
+004,+013
+004,+013
+004,+013
+004,+013
+004,+013
+004,+013
+004,+013
+004,+013
+004,+013
+004,+013
+004,+013
+004,+013
+004,+013
+004,+013
+004,+013
+004,+013
+004,+013
+004,+013
+004,+013
+004,+013
+004,+013
+004,+013
+004,+013
+004,+013
+004,+013
+004,+015
+004,+015
+004,+015
+004,+015
+004,+015
+004,+015
+004,+015
+004,+015
+004,+015
+004,+015
+004,+015
+004,+015
+004,+015
+004,+015
+004,+015
+004,+015
+004,+015
+004,+015
+004,+015
+004,+015
+004,+015
+004,+015
+004,+015
+004,+015
+004,+015
+004,+015
+004,+015
+004,+015
+004,+015
+004,+015
+004,+015
+004,+015
+004,+015
+004,+015
+004,+015
+004,+015
+004,+015
+004,+015
+004,+015
+004,+015
+004,+015
+004,+015
+004,+015
+004,+015
+004,+015
+004,+015
+006,+015
+006,+015
+006,+015
+006,+015
+006,+015
+006,+015
+006,+015
+006,+015
+006,+015
+006,+015
+008,+015
+008,+015
+008,+015
+008,+015
+008,+015
+008,+015
+008,+015
+008,+015
+008,+015
+008,+015
+008,+015
+008,+015
+008,+015
+008,+013
+008,+013
+008,+013
+008,+013
+008,+013
+008,+013
+008,+013
+010,+013
+010,+013
+010,+013
+010,+013
+010,+013
+010,+013
+010,+013
+010,+013
+010,+013
+010,+013
+010,+013
+010,+013
+010,+013
+010,+013
+010,+013
+010,+013
+010,+013
+012,+013
+012,+013
+012,+013
+012,+015
+012,+015
+012,+015
+012,+015
+012,+015
+012,+015
+012,+015
+012,+015
+012,+015
+012,+015
+014,+015
+014,+015
+014,+015
+014,+015
+014,+015
+014,+015
+014,+015
+014,+015
+014,+015
+014,+015
+014,+015
+014,+015
+014,+015
+014,+015
+014,+015
+014,+015
+014,+015
+014,+015
+014,+015
+014,+015
+014,+015
+014,+015
+014,+015
+012,+015
+012,+015
+012,+015
+012,+015
+012,+015
+012,+015
+012,+015
+012,+015
+012,+015
+012,+015
+012,+015
+012,+015
+012,+015
+012,+015
+012,+015
+012,+015
+012,+015
+012,+015
+012,+015
+012,+015
+012,+015
+012,+015
+012,+015
+012,+015
+012,+015
+012,+015
+012,+015
+012,+015
+012,+015
+012,+015
+012,+015
+012,+015
+012,+013
+012,+013
+012,+013
+012,+013
+012,+013
+012,+013
+012,+013
+012,+013
+012,+013
+012,+013
+012,+013
+012,+013
+012,+013
+012,+013
+012,+013
+012,+013
+012,+013
+012,+013
+012,+013
+012,+013
+012,+013
+012,+013
+012,+013
+012,+013
+012,+013
+014,+013
+014,+013
+014,+013
+014,+013
+014,+013
+014,+013
+014,+013
+014,+013
+014,+013
+014,+013
+014,+013
+014,+013
+014,+013
+014,+013
+014,+013
+014,+013
+014,+013
+014,+013
+014,+013
+014,+013
+014,+013
+014,+013
+014,+013
+014,+013
+014,+013
+014,+013
+014,+013
+014,+013
+014,+013
+014,+011
+014,+011
+014,+011
+014,+011
+014,+011
+014,+011
+014,+011
+014,+011
+014,+011
+014,+011
+014,+011
+014,+011
+014,+011
+014,+011
+014,+011
+014,+011
+014,+011
+014,+011
+014,+011
+014,+011
+014,+011
+014,+011
+014,+013
+014,+013
+014,+013
+014,+013
+014,+013
+014,+013
+014,+013
+014,+013
+014,+013
+014,+013
+014,+013
+014,+013
+014,+013
+014,+013
+014,+013
+014,+013
+014,+013
+014,+013
+014,+013
+014,+013
+014,+013
+014,+013
+014,+013
+014,+013
+014,+013
+014,+013
+016,+013
+016,+013
+016,+013
+016,+013
+016,+013
+016,+013
+016,+013
+016,+013
+016,+013
+016,+013
+018,+013
+018,+013
+018,+013
+018,+013
+018,+013
+018,+013
+018,+013
+018,+013
+018,+013
+018,+013
+018,+013
+018,+013
+020,+011
+020,+011
+020,+011
+020,+011
+020,+011
+020,+011
+020,+011
+020,+011
+020,+011
+020,+011
+020,+011
+020,+011
+020,+011
+020,+011
+020,+011
+020,+011
+020,+011
+022,+011
+022,+011
+022,+011
+022,+009
+022,+009
+022,+009
+022,+009
+022,+009
+022,+009
+022,+009
+022,+009
+022,+009
+022,+009
+020,+009
+020,+009
+020,+009
+020,+009
+020,+009
+020,+009
+018,+009
+018,+009
+018,+009
+018,+009
+018,+009
+018,+009
+018,+009
+016,+009
+016,+009
+016,+009
+016,+009
+016,+009
+016,+009
+016,+009
+014,+009
+014,+009
+014,+009
+014,+009
+014,+009
+014,+009
+014,+009
+014,+009
+014,+009
+012,+009
+012,+009
+012,+009
+012,+009
+012,+009
+012,+009
+012,+009
+012,+009
+012,+009
+010,+009
+010,+009
+010,+009
+010,+009
+010,+009
+010,+009
+010,+009
+010,+009
+010,+011
+010,+011
+010,+011
+010,+011
+010,+011
+010,+011
+010,+011
+010,+011
+010,+011
+010,+011
+010,+011
+010,+011
+012,+011
+012,+011
+012,+011
+012,+011
+012,+011
+012,+011
+012,+011
+012,+011
+014,+011
+014,+011
+014,+011
+014,+011
+014,+011
+016,+011
+016,+011
+016,+011
+016,+013
+018,+013
+018,+013
+018,+013
+018,+013
+018,+013
+018,+013
+020,+013
+020,+013
+020,+013
+020,+013
+020,+013
+020,+013
+020,+013
+020,+013
+022,+013
+022,+013
+022,+013
+022,+013
+022,+013
+022,+013
+022,+013
+022,+013
+022,+013
+022,+013
+022,+013
+022,+013
+022,+013
+022,+013
+022,+013
+022,+013
+022,+013
+022,+013
+022,+013
+022,+013
+022,+013
+022,+013
+020,+015
+020,+015
+020,+015
+020,+015
+020,+015
+020,+015
+020,+015
+020,+015
+020,+015
+020,+015
+020,+017
+020,+017
+020,+017
+018,+017
+018,+017
+018,+017
+018,+017
+016,-018
+016,-018
+016,-018
+016,-018
+014,-019
+014,-019
+014,-020
+014,-020
+012,-020
+012,-021
+012,-022
+010,-022
+010,-022
+010,-023
+010,-024
+008,-024
+008,-025
+008,-025
+006,-026
+006,-027
+006,-027
+006,-028
+006,-028
+004,-029
+004,-029
+004,-029
+004,-029
+004,-030
+004,-030
+002,-030
+002,-030
+002,-030
+002,-030
+002,-030
+002,-030
+002,-030
+002,-030
+002,-030
+002,-030
+002,-030
+002,-030
+000,-030
+000,-030
+000,-030
+000,-030
+000,-030
+000,-030
+000,-030
+000,-030
+000,-030
+000,-030
+000,-030
+000,-030
+000,-030
+000,-030
+000,-030
+002,-030
+002,-030
+002,-030
+002,-030
+002,-030
+002,-030
+002,-027
+004,-027
+004,-027
+004,-027
+004,-027
+006,-027
+006,-027
+006,-027
+006,-027
+008,-027
+008,-027
+008,-027
+008,-027
+010,-024
+010,-024
+010,-024
+010,-024
+010,-024
+012,-024
+012,-024
+012,-024
+012,-024
+012,-021
+014,-021
+014,-021
+014,-021
+014,-021
+014,-021
+014,-021
+014,-021
+016,-018
+016,-018
+016,-018
+016,-018
+016,-018
+016,-018
+016,+016
+016,+016
+016,+016
+016,+016
+016,+016
+018,+014
+018,+014
+018,+014
+018,+014
+018,+014
+018,+014
+018,+014
+018,+014
+018,+012
+018,+012
+018,+012
+018,+012
+018,+012
+018,+012
+018,+012
+016,+012
+016,+012
+016,+012
+016,+010
+016,+010
+016,+010
+016,+010
+014,+010
+014,+010
+014,+010
+014,+010
+014,+010
+014,+010
+014,+010
+014,+008
+014,+008
+014,+008
+014,+008
+014,+008
+012,+008
+012,+008
+012,+008
+012,+008
+012,+008
+012,+006
+012,+006
+012,+006
+012,+006
+012,+006
+012,+006
+012,+006
+012,+006
+012,+006
+012,+006
+012,+006
+012,+006
+012,+006
+010,+006
+010,+006
+010,+006
+010,+006
+010,+006
+010,+006
+010,+006
+010,+006
+010,+006
+010,+006
+010,+006
+010,+006
+010,+006
+010,+006
+010,+006
+010,+006
+010,+006
+010,+006
+010,+006
+010,+006
+010,+006
+010,+006
+010,+006
+010,+006
+010,+006
+010,+006
+010,+006
+010,+006
+010,+006
+012,+006
+012,+006
+012,+006
+012,+006
+012,+006
+014,+006
+014,+006
+014,+006
+014,+004
+014,+004
+016,+004
+016,+004
+016,+004
+016,+004
+016,+004
+016,+004
+016,+004
+016,+004
+018,+004
+018,+004
+018,+004
+018,+004
+018,+004
+018,+004
+018,+004
+018,+002
+018,+002
+018,+002
+018,+002
+018,+002
+018,+002
+018,+002
+018,+002
+018,+002
+018,+002
+018,+002
+018,+002
+018,+002
+018,+002
+018,+002
+018,+002
+018,+002
+018,+002
+018,+002
+018,+002
+018,+002
+018,+002
+018,+002
+018,+004
+018,+004
+018,+004
+018,+004
+018,+004
+018,+004
+016,+004
+016,+004
+016,+004
+016,+004
+016,+004
+016,+004
+014,+004
+014,+004
+014,+004
+014,+004
+014,+004
+014,+004
+014,+004
+012,+004
+012,+004
+012,+004
+012,+002
+012,+002
+012,+002
+012,+002
+012,+002
+012,+002
+012,+002
+010,+002
+010,+002
+010,+002
+010,+002
+010,+002
+010,+002
+010,+002
+010,+002
+010,+002
+010,+002
+010,+000
+010,+000
+010,+000
+010,+000
+010,+000
+010,+000
+010,+000
+008,+000
+008,+000
+008,+000
+008,+000
+008,+000
+008,+000
+008,+000
+008,+000
+008,+000
+008,+000
+006,+000
+006,+000
+006,+002
+006,+002
+006,+002
+006,+002
+006,+002
+006,+002
+006,+002
+004,+002
+004,+002
+004,+002
+004,+002
+004,+002
+004,+002
+004,+002
+004,+002
+004,+002
+004,+002
+004,+002
+002,+002
+002,+002
+002,+002
+002,+002
+002,+002
+002,+002
+002,+002
+002,+002
+002,+002
+002,+002
+002,+002
+000,+002
+000,+002
+000,+002
+000,+002
+000,+002
+000,+002
+000,+002
+000,+002
+000,+002
+000,+002
+000,+002
+000,+002
+000,+002
+002,+002
+002,+002
+002,+002
+002,+002
+002,+002
+002,+002
+002,+002
+002,+002
+002,+002
+002,+002
+002,+002
+004,+002
+004,+002
+004,+002
+004,+002
+004,+002
+004,+002
+004,+002
+004,+002
+004,+002
+004,+002
+004,+002
+004,+002
+004,+002
+004,+002
+004,+002
+004,+002
+004,+002
+006,+002
+006,+002
+006,+002
+006,+002
+006,+002
+006,+002
+006,+002
+006,+002
+006,+002
+008,+002
+008,+002
+008,+002
+008,+002
+008,+002
+008,+002
+010,+002
+010,+002
+010,+002
+010,+002
+012,+002
+012,+002
+012,+002
+012,+002
+012,+002
+014,+002
+014,+002
+014,+002
+014,+002
+014,+002
+014,+002
+014,+002
+014,+002
+014,+002
+014,+002
+014,+002
+014,+002
+014,+002
+014,+002
+014,+002
+014,+002
+014,+002
+014,+002
+014,+002
+014,+002
+014,+002
+014,+002
+014,+002
+014,+002
+014,+002
+014,+002
+014,+002
+014,+002
+014,+002
+014,+002
+014,+002
+014,+002
+014,+004
+014,+004
+014,+004
+014,+004
+014,+004
+014,+004
+014,+004
+014,+004
+014,+004
+014,+004
+014,+004
+014,+004
+014,+004
+014,+004
+014,+004
+014,+004
+014,+004
+014,+004
+014,+004
+014,+004
+014,+004
+012,+004
+012,+004
+012,+004
+012,+004
+012,+004
+012,+004
+012,+004
+012,+004
+012,+004
+012,+004
+012,+004
+010,+004
+010,+004
+010,+004
+010,+004
+010,+004
+010,+004
+010,+004
+010,+004
+010,+004
+010,+004
+010,+004
+010,+002
+010,+002
+010,+002
+010,+002
+010,+002
+010,+002
+010,+002
+010,+002
+010,+002
+010,+002
+010,+002
+010,+002
+010,+002
+010,+002
+010,+002
+010,+002
+010,+002
+010,+002
+010,+002
+010,+002
+010,+002
+010,+002
+010,+002
+010,+002
+010,+002
+010,+002
+010,+002
+010,+002
+010,+002
+010,+002
+010,+002
+010,+002
+010,+002
+010,+002
+010,+002
+010,+002
+010,+002
+010,+002
+010,+002
+010,+002
+010,+000
+010,+000
+010,+000
+010,+000
+010,+000
+010,+000
+010,+000
+010,+000
+010,+000
+010,+000
+010,+000
+012,+000
+012,+000
+012,+000
+012,+000
+012,+002
+012,+002
+012,+002
+012,+002
+014,+002
+014,+002
+014,+002
+014,+002
+014,+002
+014,+002
+014,+004
+014,+004
+016,+004
+016,+004
+016,+004
+016,+004
+016,+004
+016,+004
+016,+004
+016,+004
+016,+004
+016,+004
+016,+004
+016,+004
+016,+004
+016,+004
+016,+004
+016,+004
+016,+004
+016,+004
+016,+004
+016,+004
+016,+002
+016,+002
+016,+002
+016,+002
+016,+002
+016,+002
+016,+002
+016,+002
+016,+002
+016,+002
+016,+002
+016,+002
+016,+002
+016,+002
+016,+000
+016,+000
+016,+000
+016,+000
+016,+000
+016,+000
+016,+000
+016,+000
+016,+000
+016,+000
+016,+000
+014,+000
+014,+000
+014,+000
+014,+000
+014,+000
+014,+000
+014,+000
+014,+000
+014,+002
+014,+002
+014,+002
+014,+002
+014,+002
+014,+002
+014,+002
+014,+002
+014,+002
+014,+002
+014,+002
+014,+002
+014,+002
+014,+002
+014,+002
+014,+002
+014,+002
+014,+002
+014,+002
+014,+002
+014,+002
+014,+002
+012,+002
+012,+002
+012,+002
+012,+002
+012,+002
+012,+002
+012,+002
+010,+002
+010,+002
+010,+004
+010,+004
+010,+004
+010,+004
+008,+004
+008,+004
+008,+004
+008,+004
+008,+004
+008,+004
+008,+004
+008,+004
+008,+004
+008,+004
+008,+004
+008,+004
+008,+004
+008,+004
+006,+004
+006,+004
+006,+004
+006,+004
+006,+004
+006,+004
+006,+004
+006,+004
+006,+004
+006,+004
+004,+004
+004,+004
+004,+004
+004,+004
+004,+004
+004,+004
+004,+004
+004,+004
+004,+004
+004,+004
+002,+004
+002,+004
+002,+004
+002,+004
+002,+004
+002,+004
+002,+004
+002,+004
+002,+004
+002,+004
+002,+004
+002,+004
+002,+004
+002,+004
+002,+004
+004,+004
+004,+004
+004,+004
+004,+004
+004,+004
+004,+004
+004,+004
+004,+004
+004,+004
+004,+004
+004,+004
+004,+004
+006,+004
+006,+004
+006,+004
+006,+004
+006,+004
+006,+004
+006,+004
+008,+004
+008,+004
+008,+004
+008,+004
+010,+004
+010,+004
+010,+004
+010,+004
+010,+004
+012,+004
+012,+004
+012,+004
+014,+004
+014,+004
+014,+004
+014,+004
+014,+004
+016,+004
+016,+004
+016,+004
+018,+004
+018,+004
+018,+004
+018,+004
+020,+006
+020,+006
+020,+006
+020,+006
+020,+006
+020,+006
+020,+006
+022,+006
+022,+006
+022,+006
+022,+006
+022,+006
+022,+006
+022,+006
+022,+006
+022,+006
+022,+006
+022,+006
+022,+006
+022,+006
+024,+006
+024,+006
+024,+006
+024,+006
+024,+006
+024,+006
+024,+006
+024,+006
+024,+006
+024,+006
+024,+006
+024,+006
+024,+006
+024,+006
+024,+006
+024,+006
+024,+006
+024,+006
+022,+006
+022,+006
+022,+006
+022,+006
+022,+006
+022,+006
+022,+006
+022,+006
+022,+006
+022,+006
+022,+006
+022,+006
+022,+006
+020,+006
+020,+006
+020,+006
+020,+006
+020,+006
+020,+006
+020,+006
+020,+006
+020,+006
+020,+006
+020,+006
+020,+006
+020,+006
+020,+006
+020,+006
+020,+006
+020,+006
+020,+006
+020,+006
+020,+006
+020,+006
+020,+004
+020,+004
+020,+004
+020,+004
+020,+004
+020,+004
+020,+004
+020,+004
+020,+004
+020,+004
+020,+004
+020,+004
+020,+004
+020,+004
+020,+004
+020,+004
+020,+004
+020,+004
+020,+004
+020,+004
+020,+004
+020,+004
+020,+004
+020,+004
+020,+004
+020,+004
+020,+002
+020,+002
+020,+002
+020,+002
+020,+002
+020,+002
+020,+002
+020,+002
+020,+002
+020,+002
+020,+002
+020,+002
+020,+002
+020,+002
+020,+000
+020,+000
+020,+000
+020,+000
+020,+000
+020,+000
+020,+000
+020,+000
+020,+000
+020,+000
+020,+000
+020,+000
+020,+000
+020,+002
+020,+002
+020,+002
+018,+002
+018,+002
+018,+002
+018,+002
+018,+002
+018,+002
+018,+002
+018,+002
+018,+002
+018,+002
+018,+002
+018,+002
+018,+002
+018,+002
+018,+002
+018,+002
+018,+002
+018,+002
+018,+002
+018,+002
+018,+002
+018,+002
+018,+004
+018,+004
+018,+004
+018,+004
+018,+004
+018,+004
+018,+004
+018,+004
+018,+004
+018,+004
+018,+004
+018,+004
+018,+004
+018,+004
+018,+004
+018,+004
+018,+004
+018,+004
+018,+004
+018,+004
+018,+004
+018,+004
+018,+004
+018,+004
+018,+004
+018,+004
+018,+004
+018,+004
+018,+004
+018,+004
+018,+004
+018,+004
+018,+006
+018,+006
+018,+006
+018,+006
+018,+006
+018,+006
+016,+006
+016,+006
+016,+006
+016,+006
+016,+006
+016,+006
+016,+006
+016,+006
+016,+006
+016,+006
+016,+006
+016,+006
+016,+006
+016,+006
+016,+006
+016,+006
+016,+006
+014,+006
+014,+006
+014,+006
+014,+006
+014,+006
+014,+006
+014,+006
+014,+006
+014,+006
+014,+006
+014,+006
+014,+006
+014,+006
+014,+006
+014,+006
+014,+006
+014,+006
+014,+006
+014,+006
+014,+006
+014,+006
+014,+006
+014,+006
+014,+006
+014,+006
+014,+006
+014,+006
+014,+006
+014,+006
+014,+006
+014,+006
+014,+006
+014,+006
+014,+006
+014,+006
+014,+006
+014,+006
+014,+006
+014,+006
+014,+006
+014,+006
+014,+006
+014,+006
+014,+006
+014,+006
+014,+006
+014,+008
+014,+008
+014,+008
+014,+008
+014,+008
+014,+008
+014,+008
+014,+008
+014,+008
+014,+008
+014,+008
+012,+008
+012,+008
+012,+008
+012,+008
+012,+008
+012,+008
+012,+008
+012,+008
+012,+008
+012,+008
+012,+008
+012,+008
+012,+008
+012,+008
+012,+008
+012,+008
+012,+010
+012,+010
+012,+010
+012,+010
+012,+010
+012,+010
+012,+010
+012,+010
+012,+010
+012,+010
+012,+010
+012,+010
+012,+010
+012,+010
+012,+010
+012,+010
+012,+010
+012,+010
+012,+010
+012,+010
+012,+010
+012,+010
+012,+010
+012,+010
+012,+010
+012,+010
+012,+010
+012,+010
+012,+008
+012,+008
+012,+008
+012,+008
+012,+008
+012,+008
+012,+008
+012,+008
+012,+008
+012,+008
+012,+008
+012,+008
+012,+008
+012,+008
+012,+008
+012,+008
+012,+008
+012,+008
+012,+008
+012,+008
+012,+008
+012,+008
+012,+008
+012,+008
+012,+008
+012,+008
+012,+008
+012,+008
+014,+008
+014,+008
+014,+008
+014,+006
+014,+006
+014,+006
+014,+006
+014,+006
+014,+006
+014,+006
+014,+006
+014,+006
+014,+006
+014,+006
+014,+006
+014,+006
+016,+006
+016,+006
+016,+006
+016,+006
+016,+006
+016,+006
+016,+006
+016,+006
+016,+006
+016,+006
+018,+004
+018,+004
+018,+004
+018,+004
+018,+004
+018,+004
+018,+004
+018,+004
+018,+004
+018,+004
+018,+004
+018,+004
+018,+004
+018,+004
+018,+004
+018,+004
+018,+004
+018,+004
+018,+004
+018,+004
+018,+004
+018,+004
+018,+004
+018,+004
+018,+004
+018,+004
+018,+004
+020,+004
+020,+004
+020,+004
+020,+004
+020,+004
+020,+004
+020,+004
+020,+004
+020,+004
+020,+004
+020,+004
+020,+004
+020,+004
+020,+004
+020,+004
+020,+004
+020,+004
+020,+004
+020,+004
+020,+004
+020,+004
+020,+004
+020,+004
+020,+004
+020,+004
+020,+004
+020,+004
+020,+004
+020,+004
+020,+004
+020,+002
+020,+002
+020,+002
+020,+002
+020,+002
+020,+002
+020,+002
+020,+002
+020,+002
+020,+002
+020,+002
+020,+002
+020,+002
+020,+002
+020,+002
+020,+002
+020,+002
+020,+002
+020,+002
+020,+002
+020,+002
+020,+002
+020,+002
+020,+002
+020,+002
+020,+002
+020,+002
+020,+000
+020,+000
+020,+000
+020,+000
+020,+000
+020,+000
+020,+000
+020,+000
+020,+000
+020,+000
+020,+000
+020,+000
+020,+000
+020,+000
+020,+000
+020,+000
+020,+000
+020,+000
+020,+000
+020,+000
+020,+000
+020,+000
+020,+000
+020,+000
+020,+000
+020,+000
+022,+000
+022,+000
+022,+000
+022,+000
+022,+000
+022,+000
+022,+000
+022,+000
+022,+000
+022,+000
+022,+000
+022,+000
+022,+000
+022,+000
+022,+000
+022,+000
+022,+000
+022,+000
+022,+000
+022,+000
+022,+000
+022,+000
+022,+000
+022,+000
+022,+000
+022,+000
+022,+000
+022,+000
+022,+000
+022,+000
+022,+000
+022,+000
+022,+000
+022,+000
+022,+000
+022,+000
+022,+000
+022,+000
+022,+000
+022,+000
+022,+000
+022,+000
+020,+000
+020,+000
+020,+000
+020,+000
+020,+000
+020,+000
+020,+000
+020,+000
+020,+000
+020,+000
+020,+000
+020,+000
+020,+000
+020,+000
+020,+000
+020,+000
+020,+000
+020,+000
+020,+000
+020,+000
+020,+000
+020,+000
+020,+000
+020,+000
+020,+000
+020,+000
+020,+000
+020,+000
+020,+000
+020,+000
+020,+000
+020,+000
+020,+000
+020,+000
+020,+000
+020,+000
+020,+000
+020,+000
+020,+000
+020,+000
+020,+000
+020,+000
+020,+000
+020,+000
+020,+000
+020,+000
+020,+000
+020,+000
+020,+000
+020,+000
+020,+000
+020,+000
+020,+000
+020,+000
+020,+000
+020,+000
+020,+000
+020,+000
+020,+000
+020,+000
+020,+000
+020,+000
+020,+000
+020,+000
+020,+000
+020,+000
+020,+000
+020,+000
+022,+000
+022,+000
+022,+000
+022,+000
+022,+000
+022,+000
+022,+000
+022,+000
+022,+000
+022,+000
+022,+000
+022,+000
+022,+000
+022,+002
+022,+002
+022,+002
+022,+002
+022,+002
+022,+002
+022,+002
+022,+002
+024,+002
+024,+002
+024,+002
+024,+002
+024,+002
+024,+002
+024,+002
+024,+002
+024,+002
+026,+002
+026,+002
+026,+002
+026,+002
+026,+002
+026,+002
+026,+002
+026,+002
+026,+002
+026,+002
+028,+002
+028,+002
+028,+002
+028,+002
+028,+002
+028,+002
+028,+002
+028,+002
+028,+002
+028,+002
+028,+002
+028,+002
+028,+002
+028,+002
+028,+002
+028,+000
+030,+000
+030,+000
+030,+000
+030,+000
+030,+000
+030,+000
+030,+000
+030,+000
+030,+000
+030,+000
+030,+000
+030,+000
+030,+000
+030,+000
+030,+000
+030,+000
+030,+000
+030,+000
+030,+000
+030,+000
+030,+000
+030,+000
+030,+000
+030,+000
+030,+000
+030,+000
+030,+000
+030,+000
+030,+000
+030,+000
+030,+000
+030,+000
+030,+000
+030,+000
+030,+000
+030,+000
+030,+000
+030,+000
+030,+000
+030,+000
+030,+000
+030,+000
+030,+000
+030,+000
+030,+000
+030,+000
+030,+000
+030,+000
+030,+002
+030,+002
+030,+002
+030,+002
+030,+002
+030,+002
+030,+002
+030,+002
+030,+002
+030,+002
+030,+002
+030,+002
+030,+002
+030,+002
+030,+002
+030,+002
+030,+002
+030,+002
+030,+002
+030,+002
+030,+002
+030,+002
+030,+002
+030,+002
+030,+002
+030,+002
+030,+002
+030,+002
+030,+002
+030,+002
+030,+002
+030,+002
+030,+002
+030,+002
+030,+002
+030,+002
+030,+004
+030,+004
+030,+004
+030,+004
+030,+004
+030,+004
+030,+004
+030,+004
+030,+004
+030,+004
+030,+004
+030,+004
+030,+004
+030,+004
+032,+004
+032,+004
+032,+004
+032,+004
+032,+004
+032,+004
+032,+004
+032,+004
+032,+004
+032,+004
+032,+004
+032,+004
+032,+004
+032,+004
+032,+004
+032,+004
+032,+004
+032,+004
+032,+004
+032,+004
+032,+004
+032,+004
+032,+004
+032,+004
+032,+004
+032,+004
+032,+004
+032,+004
+032,+004
+032,+004
+032,+004
+032,+004
+032,+004
+032,+004
+032,+004
+032,+004
+032,+004
+032,+004
+032,+004
+032,+004
+032,+004
+032,+004
+032,+004
+032,+004
+032,+004
+032,+004
+032,+004
+032,+004
+032,+004
+032,+004
+032,+004
+032,+004
+032,+004
+032,+004
+032,+002
+032,+002
+032,+002
+032,+002
+032,+002
+032,+002
+032,+002
+032,+002
+032,+002
+032,+002
+032,+002
+032,+002
+032,+002
+032,+002
+032,+002
+032,+002
+032,+002
+032,+002
+032,+002
+032,+002
+032,+002
+032,+002
+032,+002
+032,+002
+032,+002
+032,+002
+032,+002
+032,+002
+032,+002
+032,+002
+032,+002
+032,+002
+032,+002
+032,+002
+030,+002
+030,+002
+030,+002
+030,+002
+030,+002
+030,+002
+030,+002
+030,+002
+030,+002
+030,+002
+030,+002
+030,+002
+030,+002
+030,+002
+030,+002
+030,+002
+030,+002
+030,+002
+030,+002
+030,+002
+030,+002
+030,+002
+030,+002
+030,+002
+030,+002
+030,+002
+030,+002
+030,+002
+030,+002
+030,+002
+030,+002
+030,+002
+030,+002
+030,+002
+030,+002
+030,+002
+030,+002
+030,+002
+030,+002
+030,+002
+030,+002
+030,+002
+030,+002
+030,+002
+030,+002
+030,+002
+030,+002
+030,+002
+030,+002
+030,+002
+030,+002
+030,+002
+030,+002
+030,+002
+030,+002
+030,+002
+030,+002
+030,+002
+030,+002
+028,+002
+028,+002
+028,+002
+028,+002
+028,+002
+028,+002
+028,+002
+028,+002
+028,+002
+028,+002
+028,+002
+028,+002
+028,+002
+028,+002
+026,+002
+026,+002
+026,+002
+026,+002
+026,+002
+026,+004
+026,+004
+026,+004
+026,+004
+026,+004
+026,+004
+026,+004
+026,+004
+026,+004
+026,+004
+026,+004
+026,+004
+026,+004
+024,+004
+024,+004
+024,+004
+024,+004
+024,+004
+024,+004
+024,+004
+024,+004
+024,+004
+024,+004
+024,+004
+024,+004
+024,+004
+024,+004
+024,+004
+024,+004
+024,+004
+024,+004
+024,+004
+024,+004
+024,+004
+022,+004
+022,+004
+022,+004
+022,+004
+022,+004
+022,+004
+022,+004
+022,+004
+022,+004
+022,+004
+022,+004
+022,+004
+022,+004
+022,+004
+022,+004
+022,+004
+022,+004
+022,+004
+022,+004
+022,+004
+022,+004
+022,+004
+022,+004
+022,+004
+022,+004
+022,+004
+022,+004
+022,+004
+022,+004
+022,+004
+022,+004
+022,+004
+022,+004
+022,+004
+022,+004
+022,+004
+022,+004
+022,+004
+022,+004
+022,+004
+022,+004
+022,+004
+022,+004
+022,+004
+022,+004
+022,+004
+022,+004
+020,+004
+020,+004
+020,+004
+020,+004
+020,+004
+020,+004
+020,+004
+020,+004
+020,+002
+020,+002
+020,+002
+020,+002
+020,+002
+020,+002
+020,+002
+020,+002
+020,+002
+020,+002
+022,+000
+022,+000
+022,+000
+022,+000
+022,+000
+022,+000
+022,+000
+022,+000
+022,+000
+022,+000
+022,+000
+022,+000
+022,+000
+022,+000
+022,+002
+022,+002
+022,+002
+022,+002
+022,+002
+022,+002
+022,+002
+022,+002
+022,+002
+022,+002
+022,+002
+022,+002
+022,+002
+022,+002
+022,+002
+022,+002
+022,+002
+022,+002
+022,+002
+022,+002
+022,+002
+022,+002
+022,+002
+022,+002
+022,+002
+020,+002
+020,+002
+020,+002
+020,+002
+020,+002
+020,+002
+020,+002
+020,+002
+020,+002
+020,+002
+020,+002
+020,+002
+020,+002
+018,+002
+018,+002
+018,+002
+018,+002
+018,+002
+018,+002
+018,+002
+018,+002
+018,+002
+018,+002
+018,+002
+018,+002
+018,+002
+016,+004
+016,+004
+016,+004
+016,+004
+016,+004
+016,+004
+016,+004
+016,+004
+016,+004
+016,+004
+016,+004
+016,+004
+016,+004
+016,+006
+016,+006
+016,+006
+016,+006
+014,+006
+014,+006
+014,+006
+014,+006
+014,+006
+014,+006
+014,+006
+014,+006
+014,+006
+014,+006
+014,+008
+014,+008
+014,+008
+014,+008
+014,+008
+014,+008
+014,+008
+014,+008
+014,+008
+014,+008
+012,+008
+012,+008
+012,+008
+012,+008
+012,+008
+012,+008
+012,+008
+012,+008
+012,+008
+012,+008
+012,+008
+012,+008
+012,+008
+012,+008
+012,+008
+012,+008
+012,+008
+012,+008
+012,+008
+012,+008
+012,+008
+012,+008
+012,+008
+012,+010
+012,+010
+012,+010
+012,+010
+012,+010
+012,+010
+012,+010
+010,+010
+010,+010
+010,+010
+010,+010
+010,+010
+010,+010
+010,+010
+010,+010
+010,+010
+010,+010
+010,+010
+010,+010
+010,+010
+010,+010
+010,+012
+010,+012
+010,+012
+010,+012
+010,+012
+010,+012
+010,+012
+010,+012
+010,+012
+010,+014
+010,+014
+010,+014
+010,+014
+010,+014
+010,+014
+010,+016
+010,+016
+010,+016
+010,+016
+010,+016
+010,+016
+010,+016
+010,+018
+010,+018
+010,+018
+010,+018
+010,+018
+010,+018
+010,+018
+010,+018
+010,+018
+010,+018
+010,+018
+010,+018
+010,+018
+010,+018
+010,+018
+010,+018
+010,+018
+010,+020
+010,+020
+010,+020
+010,+020
+010,+020
+010,+020
+010,+020
+010,+020
+010,+020
+012,+020
+012,+020
+012,+020
+012,+020
+012,+020
+012,+020
+012,+020
+012,+020
+012,+020
+012,+020
+012,+020
+012,+020
+012,+020
+012,+020
+012,+020
+012,+020
+012,+020
+012,+020
+012,+020
+012,+020
+012,+020
+012,+020
+012,+020
+012,+020
+012,+020
+012,+020
+012,+018
+012,+018
+012,+018
+012,+018
+012,+018
+012,+018
+012,+018
+012,+018
+012,+018
+012,+018
+012,+018
+012,+018
+012,+018
+012,+018
+012,+018
+010,+018
+010,+018
+010,+018
+010,+018
+010,+018
+010,+018
+010,+018
+010,+018
+010,+018
+010,+018
+010,+018
+010,+018
+010,+018
+010,+018
+010,+018
+010,+018
+010,+018
+010,+018
+010,+018
+010,+018
+010,+018
+010,+018
+010,+018
+010,+018
+010,+018
+010,+018
+010,+018
+008,+018
+008,+018
+008,+018
+008,+018
+008,+018
+008,+018
+008,+018
+008,+018
+008,+018
+008,+018
+008,+018
+008,+018
+008,+018
+008,+018
+008,+018
+008,+018
+008,+016
+008,+016
+008,+016
+008,+016
+008,+016
+008,+016
+008,+016
+008,+016
+008,+016
+008,+016
+008,+016
+008,+016
+008,+016
+008,+016
+008,+016
+008,+016
+008,+014
+008,+014
+008,+014
+008,+014
+008,+014
+008,+014
+008,+014
+008,+014
+008,+014
+008,+014
+008,+014
+008,+014
+008,+014
+008,+012
+008,+012
+008,+012
+008,+012
+008,+012
+008,+012
+008,+012
+008,+012
+008,+012
+008,+012
+010,+010
+010,+010
+010,+010
+010,+010
+010,+010
+010,+010
+010,+010
+010,+010
+010,+010
+010,+010
+010,+010
+012,+010
+012,+010
+012,+010
+012,+008
+012,+008
+012,+008
+014,+008
+014,+008
+014,+008
+014,+008
+014,+008
+014,+008
+016,+008
+016,+006
+016,+006
+016,+006
+016,+006
+016,+006
+016,+006
+018,+006
+018,+004
+018,+004
+020,+004
+020,+004
+020,+004
+020,+004
+022,+004
+022,+004
+022,+004
+022,+004
+022,+004
+022,+004
+022,+004
+022,+004
+022,+004
+022,+004
+024,+004
+024,+004
+024,+004
+024,+004
+024,+004
+024,+004
+024,+004
+024,+004
+024,+004
+024,+004
+024,+004
+024,+004
+024,+004
+024,+004
+024,+004
+024,+004
+024,+004
+024,+004
+024,+004
+024,+004
+024,+004
+024,+004
+024,+004
+024,+004
+024,+004
+024,+004
+024,+004
+024,+004
+024,+004
+024,+004
+024,+004
+024,+004
+024,+004
+024,+004
+024,+004
+024,+004
+024,+004
+022,+004
+022,+004
+022,+004
+022,+004
+022,+004
+022,+004
+022,+004
+022,+004
+022,+004
+022,+004
+022,+004
+022,+004
+022,+004
+022,+004
+022,+004
+022,+004
+022,+004
+022,+004
+022,+004
+022,+004
+020,+004
+020,+004
+020,+004
+020,+004
+020,+004
+020,+004
+020,+004
+020,+004
+020,+004
+020,+004
+020,+004
+020,+004
+020,+004
+020,+004
+020,+004
+020,+004
+020,+004
+020,+004
+020,+004
+020,+004
+020,+004
+020,+004
+020,+004
+020,+004
+020,+004
+020,+004
+020,+004
+020,+004
+020,+004
+020,+004
+020,+004
+020,+004
+020,+004
+020,+004
+020,+004
+020,+004
+020,+004
+020,+004
+020,+004
+020,+004
+020,+004
+020,+004
+020,+004
+020,+004
+020,+004
+020,+004
+020,+004
+020,+004
+018,+004
+018,+004
+018,+004
+018,+004
+018,+004
+018,+004
+018,+004
+018,+004
+018,+004
+018,+004
+018,+004
+018,+004
+018,+004
+018,+004
+018,+004
+018,+004
+018,+004
+018,+004
+018,+004
+018,+004
+018,+004
+018,+004
+018,+002
+018,+002
+018,+002
+018,+002
+018,+002
+016,+002
+016,+002
+016,+002
+016,+002
+016,+002
+016,+002
+016,+002
+016,+002
+016,+002
+016,+002
+016,+004
+016,+004
+016,+004
+016,+004
+016,+004
+016,+004
+016,+004
+016,+004
+016,+004
+016,+004
+016,+004
+016,+004
+016,+004
+016,+004
+016,+004
+016,+004
+016,+004
+016,+004
+016,+004
+016,+004
+016,+004
+016,+004
+016,+004
+016,+004
+016,+004
+016,+004
+016,+004
+016,+004
+016,+004
+016,+004
+016,+004
+016,+004
+016,+004
+016,+004
+016,+004
+016,+004
+016,+004
+016,+004
+016,+004
+016,+004
+016,+004
+016,+004
+016,+004
+016,+004
+016,+004
+016,+004
+016,+004
+016,+004
+016,+004
+016,+004
+016,+004
+016,+004
+016,+004
+016,+004
+016,+004
+016,+004
+016,+004
+016,+004
+016,+004
+016,+004
+016,+004
+016,+004
+016,+004
+016,+004
+016,+004
+016,+004
+016,+004
+016,+004
+016,+004
+016,+004
+016,+004
+016,+004
+016,+004
+016,+006
+016,+006
+016,+006
+016,+006
+016,+006
+016,+006
+016,+006
+016,+006
+016,+006
+016,+006
+016,+006
+016,+006
+016,+006
+016,+006
+016,+006
+016,+006
+016,+006
+016,+006
+016,+006
+016,+006
+016,+006
+016,+006
+016,+006
+016,+006
+016,+006
+016,+006
+016,+006
+016,+006
+016,+006
+016,+006
+016,+006
+016,+006
+016,+006
+016,+006
+016,+006
+016,+006
+016,+006
+016,+008
+016,+008
+016,+008
+016,+008
+016,+008
+016,+008
+016,+008
+016,+008
+016,+008
+016,+008
+016,+008
+016,+008
+016,+008
+016,+008
+016,+008
+016,+008
+016,+008
+016,+008
+016,+008
+016,+008
+016,+008
+016,+008
+016,+008
+016,+008
+016,+008
+016,+008
+016,+008
+016,+008
+016,+008
+016,+008
+016,+008
+016,+008
+016,+008
+016,+008
+016,+008
+016,+008
+016,+008
+016,+008
+016,+008
+016,+008
+016,+008
+016,+008
+016,+008
+016,+008
+016,+008
+016,+008
+016,+008
+016,+008
+016,+008
+016,+008
+016,+008
+016,+008
+016,+008
+016,+008
+016,+008
+016,+008
+016,+008
+016,+008
+016,+008
+016,+008
+016,+008
+016,+008
+016,+008
+016,+008
+016,+008
+016,+008
+016,+008
+016,+008
+016,+008
+016,+008
+016,+008
+016,+008
+016,+008
+018,+008
+018,+008
+018,+008
+018,+008
+018,+008
+018,+008
+018,+008
+018,+008
+018,+008
+018,+008
+018,+010
+018,+010
+020,+010
+020,+010
+020,+010
+020,+010
+020,+010
+020,+010
+020,+010
+020,+010
+020,+010
+020,+010
+020,+010
+020,+010
+020,+010
+020,+010
+020,+010
+020,+010
+020,+010
+020,+010
+020,+010
+020,+010
+020,+010
+020,+010
+020,+010
+020,+010
+020,+010
+020,+010
+020,+010
+020,+010
+020,+010
+020,+010
+020,+010
+020,+010
+020,+010
+020,+010
+020,+010
+020,+010
+020,+010
+020,+010
+020,+010
+020,+010
+020,+010
+020,+010
+020,+010
+020,+010
+020,+010
+020,+010
+020,+010
+020,+010
+020,+010
+020,+010
+020,+010
+020,+010
+020,+010
+020,+010
+020,+010
+020,+010
+020,+010
+020,+010
+020,+010
+020,+010
+020,+010
+020,+010
+020,+010
+020,+010
+020,+010
+020,+010
+020,+010
+020,+010
+020,+010
+020,+010
+020,+010
+020,+010
+020,+010
+020,+010
+020,+010
+020,+010
+020,+010
+020,+010
+020,+010
+020,+010
+020,+010
+020,+010
+020,+010
+022,+010
+022,+010
+022,+010
+022,+010
+022,+010
+022,+010
+022,+010
+022,+008
+022,+008
+022,+008
+022,+008
+022,+008
+022,+008
+022,+008
+022,+008
+022,+008
+022,+008
+022,+008
+022,+008
+022,+008
+022,+008
+024,+008
+024,+008
+024,+008
+024,+008
+024,+008
+024,+008
+024,+008
+024,+008
+024,+008
+024,+008
+024,+008
+024,+008
+024,+008
+024,+008
+024,+008
+024,+008
+024,+008
+024,+008
+024,+008
+024,+008
+024,+008
+024,+008
+024,+008
+024,+008
+024,+008
+024,+008
+024,+008
+024,+008
+024,+008
+024,+008
+024,+008
+024,+008
+024,+008
+024,+008
+024,+008
+024,+008
+024,+008
+024,+008
+024,+008
+026,+008
+026,+008
+026,+008
+026,+008
+026,+008
+026,+008
+026,+008
+026,+008
+026,+008
+026,+008
+026,+008
+026,+006
+026,+006
+026,+006
+026,+006
+026,+006
+026,+006
+026,+006
+026,+006
+026,+006
+026,+006
+026,+006
+026,+006
+026,+006
+026,+006
+026,+006
+026,+006
+026,+006
+026,+006
+026,+006
+026,+006
+026,+006
+026,+006
+026,+006
+026,+006
+026,+006
+026,+006
+026,+006
+026,+006
+026,+006
+026,+006
+026,+006
+026,+006
+026,+006
+026,+006
+026,+006
+026,+006
+026,+006
+026,+006
+026,+006
+026,+006
+026,+006
+026,+006
+026,+006
+026,+006
+026,+006
+026,+004
+026,+004
+026,+004
+026,+004
+026,+004
+026,+004
+026,+004
+026,+004
+026,+004
+026,+004
+026,+004
+026,+004
+026,+004
+026,+004
+026,+004
+026,+004
+026,+004
+026,+004
+026,+004
+026,+004
+026,+004
+026,+002
+026,+002
+026,+002
+026,+002
+026,+002
+026,+002
+026,+002
+026,+002
+026,+002
+026,+002
+026,+002
+026,+002
+026,+002
+026,+002
+026,+002
+028,+002
+028,+002
+028,+002
+028,+002
+028,+002
+028,+002
+028,+002
+028,+002
+028,+002
+028,+000
+028,+000
+028,+000
+028,+000
+028,+000
+028,+000
+028,+000
+028,+000
+028,+000
+028,+000
+028,+000
+028,+000
+028,+000
+028,+000
+028,+000
+028,+002
+028,+002
+028,+002
+028,+002
+028,+002
+028,+002
+028,+002
+028,+002
+028,+002
+028,+002
+028,+002
+028,+002
+028,+002
+028,+002
+028,+002
+028,+002
+028,+002
+028,+002
+028,+002
+028,+002
+028,+002
+028,+002
+028,+002
+028,+002
+028,+002
+028,+002
+026,+002
+026,+002
+026,+002
+026,+002
+026,+002
+026,+002
+026,+002
+026,+002
+026,+002
+026,+002
+026,+002
+026,+002
+026,+002
+026,+002
+026,+002
+026,+002
+026,+002
+026,+002
+026,+002
+026,+002
+024,+002
+024,+002
+024,+002
+024,+002
+024,+002
+024,+002
+024,+002
+024,+002
+024,+002
+024,+002
+024,+002
+024,+002
+024,+002
+024,+002
+024,+002
+024,+002
+022,+002
+022,+002
+022,+002
+022,+002
+022,+002
+022,+002
+022,+002
+022,+002
+022,+002
+022,+002
+022,+002
+022,+002
+022,+002
+022,+002
+022,+000
+022,+000
+022,+000
+022,+000
+022,+000
+022,+000
+020,+000
+020,+000
+020,+000
+020,+000
+020,+000
+020,+000
+020,+000
+020,+000
+020,+000
+020,+000
+020,+000
+020,+000
+020,+000
+020,+000
+020,+000
+020,+000
+020,+000
+020,+000
+020,+000
+020,+000
+020,+000
+020,+000
+020,+000
+020,+000
+020,+000
+020,+000
+020,+000
+020,+000
+020,+000
+020,+000
+020,+000
+020,+000
+020,+000
+020,+000
+020,+000
+020,+000
+020,+000
+020,+000
+020,+000
+020,+000
+020,+000
+020,+000
+020,+000
+020,+000
+020,+000
+022,+000
+022,+000
+022,+000
+022,+000
+022,+000
+022,+000
+022,+000
+022,+000
+022,+000
+022,+000
+022,+000
+022,+000
+022,+000
+022,+000
+022,+000
+022,+000
+022,+000
+022,+000
+022,+000
+022,+000
+022,+000
+022,+000
+022,+000
+022,+000
+022,+000
+022,+000
+022,+000
+022,+000
+022,+000
+022,+000
+022,+000
+022,+000
+022,+000
+022,+000
+022,+000
+022,+000
+022,+000
+022,+000
+022,+000
+022,+000
+022,+000
+022,+000
+022,+000
+022,+000
+022,+000
+022,+000
+022,+000
+022,+000
+022,+000
+022,+000
+022,+000
+022,+000
+022,+000
+022,+000
+022,+000
+022,+000
+022,+000
+022,+000
+022,+000
+022,+000
+022,+000
+022,+000
+022,+000
+022,+000
+022,+000
+022,+000
+022,+000
+022,+000
+022,+000
+022,+000
+022,+000
+022,+000
+022,+000
+022,+000
+022,+000
+022,+000
+022,+000
+022,+000
+022,+000
+022,+000
+022,+000
+022,+000
+022,+000
+022,+000
+022,+000
+022,+002
+022,+002
+022,+002
+022,+002
+022,+002
+022,+002
+022,+002
+022,+002
+022,+002
+022,+002
+022,+002
+022,+002
+022,+002
+022,+002
+022,+002
+022,+002
+022,+002
+022,+002
+022,+002
+022,+002
+022,+002
+022,+002
+022,+002
+022,+002
+022,+002
+022,+002
+022,+002
+022,+002
+022,+002
+022,+002
+022,+002
+022,+002
+022,+002
+022,+002
+022,+002
+022,+002
+022,+002
+022,+002
+022,+002
+022,+002
+022,+002
+022,+002
+022,+002
+022,+002
+022,+002
+022,+002
+022,+002
+022,+002
+022,+002
+022,+002
+022,+002
+022,+002
+022,+002
+022,+002
+022,+002
+022,+002
+022,+002
+020,+002
+020,+002
+020,+002
+020,+004
+020,+004
+020,+004
+020,+004
+020,+004
+020,+004
+020,+004
+018,+004
+018,+004
+018,+004
+018,+004
+018,+004
+018,+004
+018,+004
+018,+004
+018,+004
+018,+004
+018,+004
+018,+004
+018,+004
+018,+004
+018,+004
+018,+004
+018,+004
+018,+004
+018,+004
+018,+004
+018,+004
+018,+004
+018,+004
+018,+004
+018,+004
+018,+004
+018,+004
+018,+004
+018,+004
+018,+004
+018,+004
+018,+004
+018,+004
+018,+004
+018,+004
+018,+004
+018,+004
+018,+002
+018,+002
+018,+002
+018,+002
+018,+002
+018,+002
+018,+002
+018,+002
+018,+002
+018,+002
+018,+002
+018,+002
+018,+002
+018,+002
+018,+002
+018,+002
+018,+002
+018,+002
+020,+002
+020,+002
+020,+002
+020,+002
+020,+002
+020,+002
+020,+002
+020,+002
+020,+002
+020,+002
+020,+002
+020,+002
+020,+002
+020,+002
+020,+002
+018,+002
+018,+002
+018,+002
+018,+002
+018,+002
+018,+002
+018,+002
+018,+002
+018,+002
+018,+002
+018,+002
+018,+002
+018,+002
+018,+002
+018,+002
+018,+002
+018,+002
+018,+002
+018,+002
+018,+002
+016,+002
+016,+002
+016,+002
+016,+000
+016,+000
+016,+000
+016,+000
+016,+000
+016,+000
+016,+000
+016,+000
+016,+000
+016,+000
+016,+000
+016,+000
+016,+000
+016,+000
+016,+000
+016,+000
+016,+000
+016,+000
+016,+000
+016,+000
+016,+000
+016,+000
+016,+000
+016,+000
+016,+000
+016,+000
+016,+000
+014,+000
+014,+000
+014,+000
+014,+000
+014,+000
+014,+000
+014,+000
+014,+000
+014,+000
+014,+000
+014,+000
+014,+000
COP Area(S): 000408
COP Area(R): 000902