+000,-000
+000,-000
+000,-000
+000,-000
+000,-000
+000,-000
+000,-000
+000,-000
+000,-000
+000,-000
+000,-003
+000,-003
+000,-003
+000,-003
+000,-003
+000,-003
+000,-003
+000,-003
+000,-003
+000,-003
+000,-003
+000,-003
+000,-003
+000,-003
+000,-003
+000,-003
+000,-003
+000,-003
+002,-003
+002,-003
+002,-002
+002,-002
+002,-002
+002,-001
+002,-001
+002,-001
+002,-001
+002,-001
+002,-001
+002,-000
+002,-000
+002,-000
+002,-000
+002,-000
+002,-000
+002,-001
+002,-001
+002,-001
+002,-001
+002,-001
+002,-001
+002,-001
+002,-002
+002,-002
+002,-002
+002,-002
+002,-002
+002,-002
+004,-002
+004,-003
+004,-003
+004,-003
+004,-003
+004,-003
+002,-003
+002,-003
+002,-003
+002,-003
+002,-003
+000,-003
+000,-003
+000,-003
+000,-003
+002,-003
+002,-003
+002,-003
+004,-003
+004,-003
+004,-003
+004,-003
+006,-003
+006,-003
+006,-003
+008,-003
+008,-003
+008,-003
+008,-003
+008,-003
+010,-003
+010,-003
+010,-003
+012,-004
+012,-004
+014,-004
+014,-004
+014,-004
+014,-004
+014,-004
+016,-004
+016,-004
+016,-004
+016,-004
+016,-004
+018,-004
+018,-004
+018,-004
+018,-004
+018,-004
+018,-004
+018,-004
+018,-004
+018,-004
+018,-004
+018,-004
+018,-004
+018,-004
+018,-004
+018,-004
+018,-004
+018,-004
+018,-004
+018,-004
+018,-004
+018,-004
+018,-004
+018,-004
+018,-004
+018,-004
+018,-004
+018,-004
+018,-004
+016,-004
+016,-004
+016,-004
+016,-004
+016,-004
+016,-004
+016,-004
+016,-004
+016,-001
+016,-001
+016,-001
+016,-001
+016,-001
+016,-001
+016,-001
+016,-001
+016,-001
+014,-001
+014,-001
+014,-001
+014,-001
+014,-001
+014,-001
+014,-001
+014,-001
+014,-001
+014,-001
+014,-001
+012,-001
+012,-001
+012,-001
+012,-001
+012,-001
+012,-001
+012,-001
+012,-001
+010,-001
+010,-001
+010,-001
+008,-001
+008,-002
+008,-002
+008,-002
+008,-002
+006,-002
+006,-002
+006,-002
+006,-002
+004,-005
+004,-005
+004,-005
+004,-005
+004,-005
+002,-005
+002,-005
+002,-005
+002,-005
+002,-005
+000,-005
+000,-005
+000,-005
+000,-004
+000,-004
+000,-004
+000,-003
+000,-003
+000,-003
+000,-002
+000,-002
+000,-002
+002,-002
+002,-002
+002,-002
+002,-002
+002,-001
+002,-001
+002,-001
+002,-001
+002,-001
+002,-001
+002,-001
+004,-001
+004,-001
+004,-000
+004,-000
+004,-000
+004,-000
+004,-000
+004,-000
+006,-000
+006,-000
+006,-000
+006,-000
+006,-000
+006,-000
+006,-000
+006,-000
+006,-000
+006,-000
+006,-000
+006,-000
+006,-000
+006,-000
+006,-000
+006,-000
+006,-000
+006,-000
+006,-000
+006,-000
+006,-000
+006,-001
+006,-001
+006,-001
+004,-001
+004,-001
+004,-001
+004,-001
+004,-001
+004,-002
+004,-002
+004,-002
+004,-002
+004,-002
+004,-002
+004,-002
+004,-002
+004,-002
+004,-002
+004,-002
+004,-002
+004,-002
+004,-002
+004,-001
+004,-001
+004,-001
+004,-001
+004,-001
+004,-001
+004,-001
+004,-001
+004,-001
+004,-001
+004,-001
+004,-001
+006,-001
+006,-001
+006,-001
+006,-001
+006,-001
+006,-000
+006,-000
+006,-000
+006,-000
+006,-001
+006,-001
+006,-001
+006,-002
+006,-002
+004,-002
+004,-002
+004,-003
+004,-003
+004,-003
+004,-003
+004,-004
+004,-004
+002,-004
+002,-004
+002,-004
+002,-004
+002,-004
+002,-004
+000,-004
+000,-005
+000,-005
+000,-005
+000,-005
+000,-006
+000,-006
+000,-006
+000,-007
+000,-007
+002,-007
+002,-007
+002,-007
+002,-007
+002,-008
+002,-008
+002,-008
+002,-008
+002,-008
+002,-009
+002,-009
+002,-009
+002,-009
+002,-009
+002,-009
+002,-009
+002,-009
+002,-009
+002,-009
+002,-009
+002,-009
+002,-009
+002,-009
+002,-009
+002,-009
+002,-009
+002,-009
+002,-009
+002,-009
+002,-009
+002,-009
+002,-009
+004,-009
+004,-009
+004,-009
+004,-009
+004,-009
+004,-009
+004,-009
+004,-009
+004,-009
+004,-009
+004,-009
+004,-009
+004,-009
+004,-009
+004,-009
+004,-009
+004,-009
+004,-009
+004,-009
+006,-009
+006,-009
+006,-009
+006,-009
+006,-009
+006,-009
+006,-009
+006,-006
+006,-006
+006,-006
+006,-006
+006,-006
+006,-006
+006,-006
+004,-006
+004,-006
+004,-006
+004,-006
+004,-006
+004,-006
+004,-006
+004,-006
+004,-006
+004,-006
+004,-006
+004,-006
+004,-006
+004,-006
+004,-006
+004,-006
+004,-006
+004,-006
+004,-006
+004,-006
+004,-006
+004,-006
+004,-006
+004,-006
+004,-006
+004,-006
+004,-006
+004,-006
+004,-006
+004,-006
+004,-006
+004,-006
+004,-006
+004,-006
+002,-007
+002,-007
+002,-007
+002,-007
+002,-008
+002,-008
+002,-008
+000,-008
+000,-008
+000,-008
+000,-008
+000,-008
+002,-008
+002,-008
+002,-008
+002,-008
+002,-008
+002,-008
+002,-008
+002,-009
+002,-009
+002,-009
+002,-009
+002,-009
+004,-009
+004,-009
+004,-009
+004,-009
+004,-009
+004,-009
+004,-010
+004,-010
+004,-010
+004,-010
+004,-010
+004,-010
+004,-010
+004,-010
+004,-010
+004,-011
+004,-011
+004,-011
+004,-011
+004,-012
+004,-012
+004,-012
+004,-012
+004,-012
+004,-012
+004,-012
+004,-012
+004,-012
+004,-012
+004,-013
+004,-013
+004,-013
+004,-013
+004,-013
+004,-013
+004,-013
+004,-013
+004,-013
+002,-013
+002,-013
+002,-013
+002,-013
+002,-013
+002,-014
+002,-014
+002,-014
+002,-014
+002,-014
+002,-015
+002,-015
+002,-015
+002,-015
+002,-015
+002,-015
+002,-015
+002,-015
+002,-015
+000,-015
+000,-015
+000,-015
+000,-015
+000,-015
+000,-015
+000,-015
+000,-015
+000,-015
+000,-016
+000,-016
+002,-016
+002,-016
+002,-016
+002,-016
+002,-016
+002,-016
+004,-016
+004,-016
+004,-016
+004,-016
+004,-016
+004,-017
+004,-017
+004,-017
+004,-017
+006,-017
+006,-017
+006,-017
+006,-017
+006,-017
+006,-017
+008,-017
+008,-017
+008,-017
+008,-017
+008,-017
+008,-017
+008,-017
+008,-017
+008,-017
+008,-017
+010,-017
+010,-017
+010,-017
+010,-017
+010,-017
+010,-014
+010,-014
+010,-014
+010,-014
+010,-014
+010,-014
+010,-014
+010,-014
+010,-014
+010,-014
+010,-011
+010,-011
+010,-012
+010,-012
+010,-012
+010,-012
+010,-012
+010,-012
+010,-012
+010,-012
+010,-012
+010,-009
+010,-010
+010,-010
+010,-010
+010,-010
+010,-010
+010,-010
+010,-010
+010,-010
+010,-010
+010,-010
+010,-010
+010,-007
+010,-007
+010,-007
+010,-007
+010,-007
+010,-007
+010,-007
+010,-007
+010,-007
+010,-007
+010,-007
+010,-007
+008,-007
+008,-007
+008,-007
+008,-007
+008,-007
+008,-004
+008,-005
+008,-005
+008,-005
+008,-005
+008,-005
+008,-005
+008,-005
+008,-005
+008,-005
+008,-005
+008,-005
+008,-005
+008,-005
+008,-005
+008,-005
+008,-005
+008,-005
+008,-005
+008,-005
+008,-005
+008,-005
+008,-005
+008,-006
+008,-006
+008,-006
+008,-006
+008,-006
+008,-006
+008,-006
+008,-006
+008,-006
+008,-006
+008,-006
+006,-006
+006,-006
+006,-006
+006,-006
+006,-006
+006,-006
+006,-006
+006,-006
+006,-006
+004,-006
+004,-006
+004,-006
+004,-006
+004,-006
+004,-006
+004,-006
+002,-006
+002,-006
+002,-006
+002,-006
+002,-006
+000,-006
+000,-006
+000,-006
+000,-006
+000,-006
+000,-006
+000,-006
+000,-006
+000,-006
+002,-006
+002,-006
+002,-006
+002,-006
+002,-006
+004,-006
+004,-006
+004,-006
+004,-006
+004,-003
+004,-003
+006,-003
+006,-003
+006,-003
+006,-003
+006,-003
+006,-003
+006,-003
+006,-003
+006,-003
+006,-003
+006,-003
+006,-003
+006,-000
+006,-001
+006,-001
+006,-001
+006,-001
+006,-001
+006,-001
+006,-001
+006,-001
+006,-001
+006,-001
+006,-001
+006,-001
+006,-001
+006,-001
+006,-001
+006,-001
+006,-001
+006,-001
+006,-001
+006,-001
+006,-001
+006,-001
+006,-001
+006,-001
+006,-001
+006,-001
+006,-001
+006,-001
+006,-001
+006,-001
+006,-001
+006,-001
+004,-001
+004,-001
+004,-001
+004,-001
+004,-001
+004,-001
+004,-001
+004,-001
+004,-001
+004,-001
+004,-001
+004,-001
+004,-001
+002,-001
+002,-001
+002,-001
+002,-001
+002,-001
+002,-001
+002,-001
+002,-001
+004,-001
+004,-001
+004,-001
+004,-001
+004,-001
+004,-001
+004,-001
+004,-001
+004,-001
+004,-001
+004,-001
+004,-001
+004,-001
+004,-001
+004,-001
+004,-001
+004,-001
+004,-001
+004,-001
+004,-002
+004,-002
+004,-001
+004,-001
+004,-001
+004,-001
+004,-001
+004,-001
+004,-001
+002,-001
+002,-001
+002,-001
+002,-001
+002,-001
+002,-001
+002,-001
+002,-001
+002,-001
+002,-001
+002,-001
+002,-001
+002,-001
+002,-001
+002,-001
+002,-001
+002,-001
+002,-001
+002,-001
+002,-001
+002,-001
+002,-001
+002,-001
+002,-001
+002,-001
+002,-001
+002,-001
+002,-001
+002,-004
+002,-004
+002,-004
+000,-004
+000,-004
+000,-004
+000,-004
+000,-004
+000,-004
+000,-004
+000,-004
+000,-004
+000,-004
+000,-004
+000,-004
+000,-004
+000,-004
+000,-004
+000,-004
+000,-004
+000,-004
+000,-004
+000,-003
+000,-003
+000,-003
+000,-002
+000,-002
+002,-002
+002,-002
+002,-002
+002,-002
+002,-001
+002,-001
+002,-001
+002,-001
+002,-000
+002,-000
+002,-000
+002,-000
+002,-000
+002,-000
+002,-000
+002,-000
+002,-000
+002,-000
+002,-000
+002,-000
+002,-000
+002,-000
+002,-000
+002,-000
+002,-000
+002,-000
+002,-000
+002,-000
+002,-000
+002,-000
+002,-000
+002,-000
+002,-000
+002,-000
+002,-000
+002,-000
+002,-000
+002,-000
+002,-000
+002,-000
+002,-000
+002,-000
+002,-000
+002,-000
+002,-000
+002,-000
+002,-000
+002,-000
+002,-000
+002,-000
+002,-003
+002,-003
+002,-003
+002,-003
+002,-003
+002,-003
+002,-003
+002,-003
+002,-003
+002,-003
+002,-003
+002,-003
+002,-003
+002,-003
+002,-003
+002,-003
+002,-003
+002,-003
+002,-003
+002,-003
+002,-003
+002,-003
+002,-003
+002,-003
+002,-003
+002,-003
+002,-003
+002,-003
+002,-003
+002,-003
+002,-003
+002,-003
+002,-003
+002,-003
+002,-003
+002,-003
+002,-003
+002,-003
+002,-003
+000,-003
+000,-002
+000,-002
+000,-002
+000,-002
+000,-002
+002,-001
+002,-001
+002,-001
+002,-001
+002,-001
+002,-000
+002,-000
+002,-000
+002,-000
+002,-000
+002,-000
+002,-000
+002,-000
+002,-000
+002,-000
+002,-000
+002,-000
+002,-000
+002,-000
+002,-000
+002,-000
+002,-000
+002,-000
+002,-000
+002,-000
+002,-000
+002,-000
+002,-000
+002,-000
+002,-001
+002,-001
+000,-001
+000,-001
+000,-001
+000,-001
+000,-001
+000,-001
+000,-001
+000,-001
+000,-001
+000,-001
+000,-001
+000,-001
+000,-001
+000,-001
+000,-001
+000,-001
+000,-001
+000,-001
+000,-001
+000,-001
+000,-001
+000,-001
+000,-001
+000,-001
+000,-001
+000,-001
+000,-001
+002,-001
+002,-001
+002,-001
+002,-001
+002,-001
+002,-002
+002,-002
+002,-002
+002,-002
+002,-002
+002,-002
+002,-002
+002,-002
+002,-002
+002,-002
+002,-003
+002,-003
+002,-003
+002,-003
+002,-003
+002,-003
+002,-003
+002,-003
+002,-003
+002,-003
+002,-003
+002,-003
+002,-003
+002,-003
+002,-003
+002,-003
+002,-003
+002,-003
+002,-003
+002,-003
+002,-003
+002,-003
+002,-003
+002,-003
+002,-003
+002,-003
+002,-003
+002,-003
+002,-000
+002,-000
+002,-000
+002,-000
+002,-000
+002,-000
+002,-000
+002,-000
+002,-000
+002,-000
+002,-000
+002,-000
+002,-000
+002,-000
+002,-000
+002,-000
+002,-000
+002,-000
+002,-000
+002,-000
+002,-000
+002,-000
+002,-000
+002,-000
+002,-000
+002,-000
+002,-000
+002,-000
+002,-000
+002,-000
+002,-001
+002,-001
+002,-001
+002,-001
+002,-001
+002,-001
+002,-001
+002,-001
+002,-001
+002,-001
+002,-001
+002,-001
+002,-001
+002,-001
+004,-001
+004,-001
+004,-001
+004,-001
+004,-001
+004,-001
+004,-001
+004,-001
+004,-001
+004,-001
+004,-001
+004,-001
+004,-001
+004,-001
+004,-001
+004,-001
+004,-001
+004,-001
+004,-001
+004,-001
+004,-001
+004,-001
+004,-001
+004,-001
+004,-001
+004,-001
+004,-001
+004,-001
+004,-001
+004,-001
+004,-001
+004,-001
+004,-001
+004,-001
+004,-001
+004,-001
+004,-001
+004,-001
+004,-001
+004,-001
+004,-001
+004,-001
+004,-001
+004,-001
+004,-001
+004,-001
+004,-002
+004,-002
+004,-002
+004,-002
+004,-002
+004,-002
+004,-002
+004,-002
+004,-002
+004,-002
+004,-005
+004,-005
+004,-005
+004,-005
+004,-005
+004,-005
+004,-005
+004,-005
+004,-005
+004,-005
+004,-005
+004,-005
+004,-004
+004,-004
+004,-004
+004,-004
+004,-004
+004,-004
+004,-004
+004,-004
+004,-004
+004,-004
+004,-004
+004,-004
+004,-004
+004,-004
+004,-003
+004,-003
+004,-003
+004,-003
+004,-003
+004,-003
+004,-003
+004,-003
+004,-003
+004,-003
+004,-003
+004,-003
+004,-003
+004,-003
+004,-003
+004,-003
+004,-003
+004,-003
+004,-003
+004,-003
+004,-003
+004,-003
+004,-003
+004,-003
+004,-003
+004,-003
+004,-003
+004,-003
+004,-003
+004,-003
+004,-003
+002,-003
+002,-003
+002,-003
+002,-003
+002,-003
+002,-003
+002,-003
+002,-003
+000,-003
+000,-002
+000,-002
+000,-002
+000,-002
+000,-002
+000,-002
+000,-002
+000,-002
+000,-002
+000,-002
+000,-002
+000,-002
+000,-002
+000,-002
+000,-002
+000,-002
+000,-002
+000,-002
+000,-002
+000,-002
+002,-002
+002,-002
+002,-002
+002,-002
+002,-002
+002,-002
+002,-002
+002,-002
+002,-002
+002,-002
+002,-002
+002,-002
+002,-002
+002,-002
+002,-002
+002,-002
+002,-002
+002,-002
+002,-002
+002,-002
+002,-002
+002,-002
+002,-002
+002,-002
+002,-002
+002,-002
+002,-002
+002,-002
+002,-002
+002,-002
+002,-002
+002,-002
+002,-002
+002,-002
+002,-002
+002,-002
+002,-002
+002,-002
+002,-005
+002,-004
+002,-004
+002,-004
+002,-004
+004,-004
+004,-004
+004,-004
+004,-004
+004,-004
+004,-007
+004,-007
+004,-007
+004,-007
+004,-007
+004,-007
+004,-007
+004,-007
+004,-007
+004,-010
+004,-010
+004,-009
+004,-009
+004,-009
+004,-009
+004,-009
+004,-009
+004,-009
+004,-009
+006,-009
+006,-009
+006,-009
+006,-009
+006,-009
+006,-009
+006,-009
+006,-009
+006,-009
+006,-009
+006,-008
+006,-008
+006,-008
+006,-007
+006,-007
+006,-007
+006,-007
+006,-007
+006,-007
+004,-007
+004,-007
+004,-007
+004,-006
+004,-006
+004,-006
+004,-006
+004,-006
+004,-006
+004,-006
+004,-006
+004,-006
+004,-006
+004,-006
+004,-006
+004,-006
+004,-005
+004,-005
+004,-005
+004,-005
+004,-005
+004,-005
+004,-005
+004,-005
+004,-005
+004,-005
+004,-005
+004,-004
+002,-004
+002,-004
+002,-004
+002,-004
+002,-004
+002,-004
+002,-004
+002,-004
+002,-004
+002,-004
+002,-004
+002,-004
+002,-004
+002,-004
+002,-004
+002,-004
+002,-004
+002,-004
+002,-004
+002,-004
+002,-004
+002,-004
+002,-004
+002,-004
+002,-004
+002,-004
+002,-004
+002,-004
+002,-004
+002,-004
+002,-004
+002,-004
+002,-004
+002,-004
+002,-004
+002,-004
+002,-004
+002,-004
+002,-004
+002,-004
+002,-004
+002,-004
+002,-004
+002,-004
+002,-004
+002,-004
+002,-004
+002,-004
+002,-004
+002,-004
+002,-004
+002,-004
+002,-004
+002,-004
+002,-004
+002,-004
+002,-004
+002,-004
+002,-004
+002,-004
+002,-004
+002,-004
+002,-004
+002,-004
+002,-004
+002,-004
+002,-004
+002,-004
+002,-004
+002,-004
+002,-004
+002,-004
+002,-004
+002,-004
+002,-004
+002,-003
+002,-003
+002,-003
+002,-003
+002,-003
+002,-003
+002,-003
+002,-003
+002,-003
+002,-003
+002,-003
+002,-003
+002,-003
+002,-003
+002,-003
+002,-003
+002,-003
+002,-003
+002,-003
+002,-003
+002,-003
+002,-003
+002,-003
+002,-003
+002,-003
+002,-003
+002,-003
+002,-003
+002,-003
+002,-003
+002,-003
+002,-003
+002,-003
+002,-003
+002,-003
+002,-003
+002,-003
+002,-003
+002,-003
+002,-003
+002,-003
+002,-003
+002,-006
+002,-006
+002,-006
+002,-006
+002,-006
+002,-006
+002,-006
+002,-006
+002,-005
+002,-005
+002,-005
+002,-005
+002,-005
+002,-005
+000,-005
+000,-005
+000,-005
+000,-005
+000,-005
+000,-005
+000,-005
+000,-005
+000,-005
+000,-005
+000,-005
+000,-005
+002,-005
+002,-005
+002,-005
+002,-005
+002,-005
+002,-005
+002,-005
+002,-005
+002,-005
+002,-005
+002,-005
+002,-005
+002,-005
+002,-005
+002,-005
+002,-005
+002,-005
+002,-005
+002,-005
+002,-005
+002,-005
+002,-005
+002,-005
+002,-005
+002,-005
+002,-005
+002,-005
+002,-005
+002,-005
+002,-005
+002,-005
+002,-005
+002,-005
+002,-005
+002,-005
+002,-005
+002,-005
+002,-005
+002,-005
+002,-005
+002,-005
+002,-005
+002,-005
+002,-005
+002,-005
+002,-005
+002,-005
+002,-005
+002,-005
+002,-005
+002,-005
+002,-005
+000,-005
+000,-004
+000,-004
+000,-004
+000,-004
+000,-004
+000,-004
+000,-004
+000,-004
+000,-004
+000,-004
+000,-004
+000,-004
+000,-004
+000,-004
+000,-004
+000,-004
+002,-004
+002,-004
+002,-004
+002,-004
+002,-004
+002,-004
+002,-004
+002,-004
+002,-004
+002,-004
+002,-004
+002,-004
+002,-004
+002,-004
+002,-004
+002,-004
+002,-004
+002,-004
+002,-004
+002,-004
+002,-004
+002,-004
+002,-004
+002,-003
+002,-003
+002,-003
+002,-003
+002,-003
+002,-003
+002,-003
+002,-003
+002,-003
+002,-003
+002,-002
+002,-002
+002,-002
+002,-002
+002,-002
+002,-002
+002,-002
+002,-002
+002,-002
+002,-002
+002,-002
+002,-002
+002,-002
+002,-001
+002,-001
+002,-001
+002,-001
+002,-001
+002,-001
+002,-001
+002,-000
+002,-000
+002,-000
+002,-000
+002,-000
+002,-000
+002,-000
+002,-000
+002,-000
+002,-000
+002,-000
+002,-000
+002,-000
+002,-000
+002,-000
+002,-000
+002,-000
+002,-000
+002,-000
+002,-000
+002,-000
+002,-000
+002,-000
+002,-000
+002,-000
+002,-000
+002,-000
+002,-000
+002,-000
+002,-000
+002,-000
+002,-000
+002,-000
+002,-000
+002,-000
+002,-000
+002,-000
+002,-000
+002,-000
+002,-000
+002,-000
+002,-000
+002,-000
+002,-000
+002,-000
+002,-000
+002,-000
+002,-000
+002,-000
+002,-000
+002,-000
+002,-000
+002,-000
+002,-000
+002,-000
+002,-000
+002,-000
+002,-000
+002,-000
+002,-000
+002,-000
+002,-000
+002,-000
+002,-000
+002,-000
+002,-000
+002,-000
+002,-000
+002,-000
+002,-000
+002,-000
+002,-000
+002,-000
+002,-000
+002,-000
+002,-000
+002,-000
+002,-000
+002,-000
+002,-000
+002,-000
+002,-000
+002,-000
+002,-000
+002,-000
+002,-000
+002,-000
+002,-000
+002,-000
+002,-000
+002,-001
+002,-001
+002,-001
+002,-001
+004,-001
+004,-001
+004,-001
+004,-002
+004,-002
+004,-002
+004,-002
+004,-002
+004,-002
+004,-002
+004,-002
+004,-002
+004,-002
+004,-002
+004,-002
+004,-002
+004,-002
+004,-002
+004,-002
+004,-002
+004,-002
+004,-002
+004,-002
+004,-002
+004,-002
+004,-002
+004,-002
+004,-002
+004,-002
+004,-002
+006,-002
+006,-002
+006,-002
+006,-002
+006,-002
+006,-002
+006,-002
+006,-002
+006,-002
+006,-002
+006,-002
+006,-002
+006,-002
+006,-002
+006,-002
+006,-002
+006,-002
+006,-002
+006,-002
+006,-002
+006,-002
+006,-002
+006,-002
+006,-002
+006,-002
+006,-002
+006,-002
+006,-002
+006,-002
+006,-002
+006,-002
+008,-002
+008,-002
+008,-002
+008,-002
+008,-002
+008,-002
+008,-002
+008,-002
+008,-002
+008,-002
+008,-002
+008,-001
+008,-001
+008,-001
+008,-001
+008,-001
+008,-001
+008,-001
+010,-001
+010,-001
+010,-001
+010,-001
+010,-001
+010,-001
+010,-001
+010,-001
+010,-001
+010,-001
+010,-001
+010,-001
+010,-001
+010,-001
+010,-001
+010,-001
+010,-001
+010,-001
+010,-001
+010,-001
+010,-001
+010,-001
+010,-004
+010,-003
+010,-003
+010,-003
+010,-003
+010,-003
+010,-003
+010,-003
+010,-003
+010,-003
+010,-003
+010,-003
+010,-003
+010,-003
+010,-003
+010,-003
+010,-002
+010,-002
+010,-002
+010,-002
+010,-002
+010,-002
+010,-002
+010,-002
+008,-002
+008,-002
+008,-002
+008,-002
+008,-002
+008,-002
+008,-002
+008,-002
+008,-002
+008,-002
+008,-005
+008,-004
+008,-004
+006,-004
+006,-004
+006,-004
+006,-004
+006,-004
+006,-004
+006,-004
+006,-004
+006,-004
+006,-004
+006,-004
+006,-004
+006,-004
+006,-004
+006,-007
+006,-006
+006,-006
+006,-006
+006,-006
+006,-006
+006,-006
+006,-006
+006,-006
+006,-009
+006,-009
+006,-009
+006,-009
+006,-009
+006,-009
+006,-009
+006,-009
+006,-009
+006,-009
+006,-009
+006,-009
+006,-009
+006,-009
+006,-009
+008,-009
+008,-009
+008,-009
+008,-009
+008,-009
+008,-009
+008,-009
+008,-009
+008,-009
+008,-009
+008,-009
+008,-009
+008,-009
+008,-009
+008,-009
+008,-009
+008,-009
+008,-009
+008,-009
+008,-009
+008,-009
+008,-009
+008,-009
+008,-009
+008,-009
+008,-009
+008,-009
+008,-009
+008,-009
+008,-009
+008,-009
+008,-009
+008,-009
+008,-009
+008,-009
+008,-009
+008,-009
+008,-009
+008,-009
+008,-009
+008,-009
+008,-009
+006,-009
+006,-009
+006,-009
+006,-009
+006,-009
+006,-009
+006,-009
+006,-009
+006,-009
+006,-009
+006,-009
+006,-009
+006,-009
+006,-009
+006,-009
+006,-009
+006,-009
+006,-009
+006,-009
+006,-012
+006,-012
+006,-011
+006,-011
+006,-011
+006,-011
+006,-011
+006,-011
+004,-011
+004,-011
+004,-011
+004,-011
+004,-011
+004,-011
+004,-011
+004,-011
+004,-011
+004,-011
+004,-011
+004,-011
+004,-011
+004,-011
+004,-011
+004,-011
+004,-011
+004,-011
+004,-011
+004,-011
+004,-011
+004,-011
+004,-011
+004,-011
+004,-011
+004,-011
+004,-011
+004,-011
+004,-011
+004,-011
+004,-011
+004,-011
+004,-011
+004,-011
+004,-011
+004,-011
+004,-011
+004,-011
+004,-011
+004,-011
+004,-011
+006,-011
+006,-011
+006,-011
+006,-011
+006,-011
+006,-011
+006,-011
+006,-011
+006,-011
+006,-011
+006,-011
+006,-011
+006,-011
+006,-011
+006,-011
+006,-011
+006,-011
+006,-011
+006,-011
+006,-011
+006,-011
+006,-011
+006,-011
+006,-011
+006,-011
+006,-011
+006,-011
+006,-011
+006,-011
+006,-011
+006,-011
+006,-011
+006,-011
+006,-011
+006,-011
+006,-011
+006,-011
+006,-011
+006,-011
+006,-011
+006,-011
+006,-011
+006,-011
+006,-011
+006,-011
+006,-011
+006,-011
+006,-011
+006,-011
+006,-011
+006,-011
+006,-011
+006,-011
+006,-011
+006,-011
+006,-011
+004,-011
+004,-011
+004,-011
+004,-011
+004,-011
+004,-011
+004,-011
+004,-011
+004,-011
+004,-011
+004,-011
+004,-011
+004,-011
+004,-011
+004,-011
+004,-011
+004,-011
+004,-011
+004,-011
+004,-011
+004,-011
+004,-011
+004,-011
+004,-011
+004,-011
+004,-011
+004,-011
+004,-011
+004,-011
+004,-011
+004,-011
+004,-011
+004,-011
+004,-011
+004,-011
+004,-011
+004,-011
+004,-011
+004,-011
+004,-011
+004,-011
+004,-011
+004,-011
+004,-011
+004,-011
+004,-011
+004,-011
+004,-011
+004,-011
+004,-011
+004,-011
+004,-011
+004,-011
+004,-014
+004,-014
+004,-014
+004,-014
+004,-014
+006,-014
+006,-014
+006,-014
+006,-014
+006,-014
+006,-014
+006,-014
+006,-014
+006,-014
+006,-014
+006,-014
+006,-014
+006,-014
+006,-014
+006,-014
+006,-014
+006,-014
+006,-013
+006,-013
+006,-013
+006,-012
+006,-012
+006,-012
+006,-011
+006,-011
+006,-010
+006,-010
+006,-010
+006,-010
+006,-010
+006,-009
+006,-009
+006,-009
+006,-009
+006,-009
+006,-009
+006,-009
+006,-009
+006,-009
+006,-009
+006,-009
+006,-009
+006,-009
+006,-009
+006,-009
+006,-009
+006,-009
+006,-009
+006,-009
+008,-009
+008,-009
+008,-009
+008,-009
+008,-009
+008,-009
+008,-009
+008,-009
+008,-009
+008,-009
+008,-009
+008,-009
+008,-009
+008,-009
+008,-009
+008,-009
+008,-009
+008,-008
+008,-008
+008,-008
+008,-008
+008,-008
+008,-008
+008,-008
+008,-008
+008,-008
+008,-008
+008,-008
+008,-008
+008,-008
+008,-008
+008,-008
+008,-008
+008,-008
+008,-008
+008,-008
+008,-008
+008,-008
+008,-008
+008,-007
+008,-007
+008,-007
+008,-007
+008,-007
+008,-006
+008,-006
+008,-006
+008,-006
+008,-006
+008,-006
+008,-006
+008,-006
+008,-006
+008,-006
+008,-006
+008,-006
+008,-006
+008,-006
+010,-006
+010,-006
+010,-006
+010,-005
+010,-005
+010,-005
+010,-005
+010,-005
+010,-005
+010,-005
+010,-005
+010,-005
+010,-005
+010,-005
+010,-005
+010,-005
+010,-005
+010,-005
+010,-005
+010,-005
+010,-004
+010,-004
+010,-004
+010,-004
+010,-004
+010,-004
+010,-004
+010,-004
+010,-004
+010,-004
+010,-004
+010,-004
+008,-004
+008,-004
+008,-004
+008,-004
+008,-004
+008,-004
+008,-004
+008,-004
+008,-004
+008,-004
+008,-004
+008,-003
+008,-003
+008,-003
+008,-003
+008,-003
+008,-003
+008,-003
+008,-003
+008,-003
+008,-003
+008,-003
+008,-003
+008,-003
+008,-003
+008,-003
+008,-003
+008,-003
+008,-003
+008,-003
+008,-003
+008,-002
+008,-002
+008,-002
+008,-002
+008,-002
+008,-002
+008,-002
+008,-002
+006,-002
+006,-002
+006,-002
+006,-002
+006,-002
+006,-002
+006,-002
+006,-002
+006,-002
+006,-002
+006,-002
+006,-002
+006,-001
+006,-001
+006,-001
+006,-001
+006,-001
+006,-001
+006,-001
+006,-001
+006,-000
+006,-000
+006,-001
+006,-001
+006,-001
+006,-001
+006,-001
+004,-001
+004,-001
+004,-001
+004,-001
+004,-001
+004,-001
+004,-001
+004,-001
+004,-001
+004,-001
+004,-001
+004,-001
+006,-001
+006,-001
+006,-001
+006,-001
+006,-001
+006,-001
+006,-001
+006,-001
+006,-002
+006,-002
+008,-002
+008,-002
+008,-002
+008,-002
+008,-002
+008,-002
+008,-002
+008,-002
+008,-002
+008,-002
+008,-002
+008,-002
+008,-001
+008,-001
+008,-001
+008,-001
+008,-001
+008,-001
+008,-001
+008,-001
+008,-001
+008,-001
+008,-001
+008,-001
+008,-001
+008,-001
+008,-001
+008,-001
+008,-001
+008,-001
+008,-001
+008,-001
+008,-001
+008,-001
+008,-001
+008,-001
+008,-001
+008,-001
+008,-001
+008,-001
+008,-001
+008,-001
+008,-001
+008,-001
+008,-001
+008,-001
+008,-001
+008,-001
+008,-001
+008,-001
+008,-001
+008,-001
+008,-001
+008,-001
+008,-001
+008,-001
+008,-001
+008,-001
+008,-001
+008,-001
+008,-001
+008,-001
+008,-001
+008,-001
+008,-001
+008,-001
+008,-001
+008,-001
+008,-001
+008,-001
+008,-000
+008,-000
+008,-000
+008,-000
+008,-000
+008,-000
+008,-000
+008,-000
+008,-000
+008,-000
+008,-000
+008,-000
+008,-000
+008,-000
+008,-000
+008,-000
+008,-000
+008,-000
+008,-000
+008,-000
+008,-000
+008,-000
+008,-000
+008,-000
+008,-000
+008,-000
+008,-000
+008,-000
+008,-000
+008,-000
+008,-000
+008,-000
+008,-000
+008,-000
+008,-000
+008,-000
+008,-000
+008,-000
+008,-000
+008,-000
+008,-000
+008,-000
+008,-000
+008,-000
+008,-000
+008,-000
+008,-000
+008,-000
+008,-000
+008,-000
+008,-000
+008,-000
+008,-000
+008,-000
+008,-000
+008,-000
+008,-000
+008,-000
+008,-000
+008,-000
+008,-000
+008,-000
+008,-000
+008,-000
+008,-000
+006,-000
+006,-000
+006,-000
+006,-000
+006,-000
+006,-000
+006,-000
+006,-000
+006,-000
+006,-000
+006,-000
+006,-001
+006,-001
+006,-001
+006,-001
+004,-002
+004,-002
+004,-002
+004,-002
+004,-002
+004,-002
+004,-002
+004,-002
+002,-002
+002,-002
+002,-002
+002,-002
+002,-002
+002,-003
+002,-003
+002,-003
+002,-003
+002,-003
+002,-003
+000,-003
+000,-004
+000,-004
+000,-004
+000,-004
+000,-004
+000,-004
+000,-004
+000,-004
+000,-004
+000,-004
+000,-004
+000,-004
+000,-004
+000,-004
+000,-004
+002,-004
+002,-004
+002,-004
+002,-004
+002,-004
+002,-004
+002,-004
+002,-004
+002,-004
+002,-004
+002,-004
+002,-004
+002,-004
+002,-004
+002,-004
+002,-004
+002,-001
+002,-001
+002,-001
+002,-001
+002,-001
+002,-001
+002,-001
+002,-001
+002,-001
+002,-001
+002,-001
+002,-001
+002,-001
+002,-001
+002,-001
+002,-001
+002,-001
+002,-001
+002,-001
+002,-001
+002,-001
+002,-002
+002,-002
+002,-002
+002,-002
+002,-002
+002,-002
+002,-002
+002,-002
+002,-002
+002,-002
+002,-002
+002,-002
+002,-002
+002,-002
+002,-002
+002,-002
+002,-002
+002,-002
+002,-002
+002,-002
+002,-001
+002,-001
+002,-001
+002,-001
+002,-001
+002,-001
+002,-001
+002,-001
+002,-001
+002,-001
+002,-001
+002,-000
+000,-000
+000,-000
+000,-000
+000,-000
+000,-000
+000,-000
+000,-000
+000,-000
+000,-000
+000,-000
+000,-000
+000,-000
+000,-000
+000,-000
+000,-000
+000,-000
+000,-001
+000,-001
+000,-001
+000,-001
+000,-001
+000,-001
+000,-001
+000,-001
+000,-001
+000,-001
+000,-001
+000,-001
+002,-001
+002,-001
+002,-001
+002,-001
+002,-001
+002,-001
+002,-001
+002,-001
+002,-001
+002,-001
+002,-001
+002,-001
+002,-001
+002,-001
+002,-001
+002,-001
+002,-001
+002,-001
+002,-002
+002,-002
+002,-002
+002,-002
+002,-002
+002,-002
+002,-002
+002,-002
+002,-002
+002,-002
+002,-002
+002,-002
+002,-002
+002,-002
+002,-002
+002,-002
+002,-002
+002,-002
+002,-002
+002,-002
+002,-002
+004,-002
+004,-002
+004,-002
+004,-002
+004,-002
+004,-002
+004,-002
+004,-002
+004,-002
+004,-002
+004,-002
+004,-002
+004,-005
+004,-005
+004,-005
+004,-005
+004,-005
+004,-005
+004,-005
+004,-005
+004,-005
+004,-005
+004,-005
+004,-005
+004,-005
+004,-005
+004,-005
+004,-005
+004,-005
+002,-005
+002,-008
+002,-007
+002,-007
+002,-007
+002,-007
+002,-007
+002,-007
+002,-007
+002,-007
+002,-007
+000,-007
+000,-007
+000,-006
+000,-006
+000,-006
+000,-006
+000,-006
+000,-006
+000,-006
+000,-006
+000,-006
+000,-006
+000,-006
+000,-006
+002,-006
+002,-006
+002,-006
+002,-006
+002,-006
+002,-006
+002,-006
+002,-006
+002,-006
+002,-006
+002,-006
+002,-006
+002,-006
+002,-009
+002,-009
+004,-009
+004,-009
+004,-009
+004,-009
+004,-009
+004,-009
+004,-009
+004,-009
+004,-009
+004,-009
+004,-009
+004,-009
+004,-009
+004,-009
+006,-009
+006,-009
+006,-009
+006,-009
+006,-009
+006,-009
+006,-009
+006,-009
+006,-009
+006,-009
+006,-009
+006,-009
+006,-009
+006,-012
+006,-012
+006,-012
+006,-012
+006,-012
+006,-012
+006,-012
+006,-012
+006,-012
+006,-012
+006,-012
+006,-012
+006,-012
+006,-012
+006,-012
+006,-012
+006,-012
+006,-012
+006,-015
+006,-014
+006,-014
+006,-014
+006,-014
+006,-014
+006,-014
+006,-014
+006,-014
+006,-014
+006,-014
+006,-014
+006,-014
+006,-014
+006,-014
+008,-014
+008,-014
+008,-014
+008,-014
+008,-014
+008,-014
+008,-014
+008,-014
+008,-014
+008,-014
+008,-014
+008,-014
+008,-014
+008,-014
+008,-014
+008,-014
+008,-014
+008,-014
+008,-014
+008,-014
+008,-014
+008,-014
+010,-014
+010,-014
+010,-014
+010,-014
+010,-014
+012,-014
+012,-014
+012,-014
+012,-014
+012,-014
+012,-014
+012,-014
+012,-014
+012,-014
+012,-014
+012,-017
+012,-017
+012,-017
+012,-017
+012,-017
+012,-017
+014,-017
+014,-017
+014,-017
+014,-017
+014,-016
+014,-016
+014,-016
+014,-016
+014,-016
+014,-016
+014,-015
+014,-015
+014,-015
+014,-015
+014,-015
+014,-015
+014,-015
+014,-014
+012,-014
+012,-014
+012,-014
+012,-014
+012,-014
+012,-014
+012,-014
+012,-014
+012,-014
+012,-014
+012,-014
+012,-014
+012,-014
+012,-014
+012,-014
+012,-014
+012,-014
+012,-014
+012,-014
+012,-014
+012,-014
+012,-014
+012,-014
+012,-014
+012,-014
+012,-014
+012,-014
+012,-014
+012,-014
+012,-014
+012,-014
+012,-017
+012,-017
+012,-017
+012,-017
+012,-017
+012,-017
+012,-017
+012,-017
+012,-017
+012,-017
+012,-017
+012,-017
+012,-017
+012,-017
+012,-017
+012,-017
+010,-017
+010,-017
+010,-017
+010,-017
+010,-017
+010,-017
+010,-017
+010,-017
+010,-017
+010,-017
+010,-017
+010,-016
+010,-016
+010,-016
+010,-016
+010,-016
+010,-016
+010,-016
+010,-016
+010,-016
+010,-015
+012,-015
+012,-015
+012,-015
+012,-015
+012,-015
+012,-015
+012,-015
+012,-015
+012,-015
+012,-015
+012,-015
+012,-015
+012,-015
+012,-015
+012,-015
+012,-015
+012,-015
+014,-014
+014,-014
+014,-014
+014,-014
+014,-014
+014,-014
+014,-014
+014,-014
+014,-014
+014,-014
+014,-014
+014,-014
+014,-014
+014,-014
+014,-014
+014,-014
+014,-014
+014,-014
+014,-014
+014,-014
+014,-014
+014,-014
+016,-017
+016,-016
+016,-016
+016,-016
+016,-016
+016,-016
+016,-016
+016,-016
+016,-016
+016,-016
+016,-016
+016,-016
+018,-016
+018,-016
+018,-016
+018,-016
+018,-016
+018,-016
+018,-016
+018,-016
+018,-016
+018,-016
+018,-016
+018,-016
+018,-016
+018,-016
+018,-016
+018,-016
+018,-016
+018,-016
+018,-016
+018,-016
+018,-015
+018,-015
+018,-015
+018,-015
+018,-015
+018,-015
+018,-015
+018,-015
+016,-015
+016,-015
+016,-015
+016,-015
+016,-015
+016,-015
+016,-015
+016,-015
+016,-015
+016,-015
+016,-015
+016,-015
+016,-015
+016,-015
+016,-015
+016,-015
+016,-015
+016,-015
+016,-015
+016,-015
+016,-015
+016,-015
+016,-015
+016,-015
+016,-014
+016,-014
+016,-014
+016,-014
+016,-014
+016,-014
+016,-014
+016,-014
+016,-014
+016,-014
+016,-014
+016,-014
+016,-014
+016,-014
+016,-014
+016,-014
+016,-014
+016,-014
+016,-014
+016,-014
+014,-014
+014,-014
+014,-014
+014,-014
+014,-014
+014,-014
+014,-014
+014,-014
+014,-014
+014,-014
+014,-014
+014,-014
+014,-014
+014,-014
+014,-014
+014,-014
+014,-014
+014,-014
+014,-013
+014,-013
+012,-013
+012,-013
+012,-013
+012,-013
+012,-013
+012,-013
+012,-013
+012,-013
+012,-013
+012,-013
+012,-013
+012,-013
+010,-013
+010,-013
+010,-013
+010,-013
+010,-013
+008,-013
+008,-013
+008,-013
+008,-013
+008,-013
+008,-013
+008,-013
+008,-013
+008,-013
+008,-013
+006,-013
+006,-013
+006,-013
+006,-013
+006,-013
+006,-012
+006,-012
+006,-012
+006,-012
+006,-012
+006,-012
+006,-012
+006,-012
+004,-012
+004,-012
+004,-012
+004,-012
+004,-011
+004,-011
+004,-011
+004,-011
+004,-011
+004,-011
+004,-011
+004,-011
+004,-011
+004,-011
+004,-010
+004,-010
+004,-010
+004,-010
+004,-010
+004,-009
+004,-009
+004,-009
+004,-008
+004,-008
+004,-008
+004,-008
+004,-008
+004,-008
+004,-008
+004,-008
+004,-008
+004,-008
+002,-008
+002,-008
+002,-008
+002,-008
+002,-008
+002,-008
+002,-008
+002,-008
+002,-008
+002,-007
+002,-007
+002,-007
+002,-007
+002,-007
+002,-007
+002,-007
+002,-007
+002,-007
+002,-007
+002,-007
+002,-007
+002,-007
+002,-007
+002,-007
+002,-007
+002,-007
+002,-007
+002,-007
+002,-007
+002,-007
+002,-007
+002,-007
+002,-007
+002,-007
+002,-007
+002,-007
+002,-007
+002,-007
+002,-007
+002,-007
+002,-007
+002,-007
+002,-007
+002,-007
+002,-007
+002,-007
+002,-007
+002,-007
+002,-007
+002,-007
+002,-007
+002,-007
+002,-007
+002,-007
+002,-007
+002,-007
+002,-007
+002,-007
+002,-007
+002,-007
+002,-007
+002,-007
+002,-007
+002,-007
+002,-007
+002,-007
+002,-007
+002,-007
+002,-007
+002,-007
+002,-007
+002,-007
+002,-007
+002,-007
+002,-007
+002,-007
+002,-007
+002,-007
+002,-007
+002,-007
+004,-006
+004,-006
+004,-006
+004,-006
+004,-006
+004,-006
+006,-006
+006,-006
+006,-006
+006,-006
+008,-006
+008,-006
+008,-005
+008,-005
+008,-005
+008,-005
+010,-004
+010,-004
+010,-004
+010,-004
+010,-004
+010,-004
+010,-004
+010,-004
+010,-004
+012,-003
+012,-003
+012,-003
+012,-003
+012,-003
+012,-003
+012,-003
+012,-003
+012,-003
+012,-003
+012,-003
+012,-003
+012,-003
+012,-003
+012,-003
+012,-003
+012,-003
+012,-003
+012,-003
+012,-003
+012,-003
+010,-003
+010,-003
+010,-003
+010,-003
+010,-002
+010,-002
+010,-002
+010,-002
+010,-002
+010,-002
+010,-002
+010,-002
+010,-002
+010,-002
+010,-002
+010,-002
+010,-002
+010,-002
+008,-002
+008,-002
+008,-002
+008,-002
+008,-005
+008,-005
+008,-005
+008,-005
+008,-005
+008,-005
+008,-005
+008,-005
+008,-005
+008,-005
+008,-005
+008,-005
+008,-005
+008,-008
+008,-007
+008,-007
+006,-007
+006,-007
+006,-007
+006,-007
+006,-007
+006,-007
+006,-007
+006,-007
+006,-007
+006,-007
+004,-007
+004,-007
+004,-007
+004,-007
+004,-007
+004,-007
+004,-007
+004,-007
+004,-007
+004,-007
+004,-007
+004,-010
+004,-009
+004,-009
+004,-009
+004,-009
+004,-009
+004,-009
+004,-009
+004,-009
+004,-009
+004,-009
+004,-009
+004,-009
+004,-009
+004,-009
+004,-009
+002,-009
+002,-009
+002,-009
+002,-009
+002,-009
+002,-009
+002,-009
+002,-009
+002,-009
+002,-009
+002,-009
+002,-009
+002,-009
+002,-009
+002,-009
+002,-009
+002,-009
+002,-009
+002,-009
+002,-009
+002,-009
+002,-009
+002,-009
+002,-009
+002,-009
+002,-009
+002,-012
+002,-012
+002,-012
+002,-011
+002,-011
+002,-011
+002,-011
+002,-011
+002,-011
+002,-011
+002,-011
+002,-011
+002,-010
+002,-010
+002,-010
+002,-010
+002,-010
+002,-010
+002,-009
+002,-009
+002,-009
+002,-009
+002,-009
+002,-009
+002,-009
+002,-009
+002,-009
+002,-009
+002,-009
+002,-009
+002,-009
+002,-009
+002,-009
+002,-009
+002,-009
+002,-009
+002,-009
+002,-009
+002,-009
+002,-009
+002,-009
+002,-009
+002,-009
+002,-009
+002,-009
+002,-009
+002,-009
+002,-009
+002,-009
+002,-009
+002,-009
+002,-009
+002,-009
+002,-009
+002,-009
+002,-009
+002,-009
+002,-009
+002,-009
+002,-009
+002,-009
+002,-009
+002,-009
+002,-009
+002,-009
+002,-009
+002,-009
+002,-009
+002,-009
+002,-009
+002,-009
+000,-009
+000,-009
+000,-012
+000,-012
+000,-012
+000,-012
+000,-012
+000,-012
+000,-012
+000,-012
+000,-012
+000,-015
+000,-014
+000,-014
+000,-014
+000,-014
+000,-014
+000,-014
+000,-014
+000,-014
+000,-014
+000,-014
+000,-014
+000,-014
+000,-013
+000,-013
+000,-013
+000,-013
+000,-013
+000,-013
+000,-012
+000,-012
+000,-012
+000,-012
+000,-012
+000,-011
+000,-011
+000,-011
+000,-011
+000,-011
+000,-011
+000,-011
+000,-011
+000,-011
+000,-011
+000,-011
+000,-011
+002,-011
+002,-011
+002,-011
+002,-011
+002,-011
+002,-011
+002,-011
+002,-011
+002,-011
+002,-010
+002,-010
+002,-010
+004,-010
+004,-010
+004,-010
+004,-010
+004,-010
+004,-010
+004,-010
+004,-010
+004,-010
+004,-010
+004,-010
+004,-010
+004,-010
+006,-010
+006,-010
+006,-010
+006,-009
+006,-009
+006,-009
+006,-009
+006,-009
+006,-009
+006,-009
+006,-009
+004,-009
+004,-009
+004,-008
+004,-008
+004,-008
+004,-008
+004,-008
+004,-008
+004,-007
+004,-007
+004,-007
+004,-007
+004,-007
+004,-007
+004,-007
+004,-007
+004,-007
+004,-007
+004,-007
+004,-007
+004,-007
+004,-007
+004,-007
+004,-007
+004,-007
+004,-007
+004,-007
+004,-007
+004,-007
+004,-007
+004,-007
+004,-007
+004,-007
+004,-007
+004,-007
+004,-007
+004,-007
+004,-007
+004,-007
+004,-007
+004,-007
+004,-007
+004,-007
+004,-007
+004,-007
+004,-007
+004,-007
+004,-007
+004,-006
+004,-006
+004,-006
+004,-006
+004,-005
+004,-005
+004,-005
+004,-005
+004,-005
+004,-005
+004,-005
+004,-005
+004,-005
+004,-005
+004,-005
+004,-005
+004,-005
+004,-005
+004,-005
+004,-005
+004,-005
+004,-005
+004,-005
+004,-005
+004,-005
+004,-005
+004,-005
+004,-005
+004,-005
+004,-005
+004,-005
+004,-004
+004,-004
+004,-004
+004,-004
+004,-004
+004,-004
+004,-004
+004,-004
+004,-004
+004,-004
+004,-004
+004,-004
+004,-004
+004,-004
+004,-004
+004,-004
+004,-004
+004,-004
+004,-004
+004,-004
+004,-004
+004,-004
+004,-004
+004,-004
+004,-004
+004,-004
+004,-004
+004,-004
+004,-004
+004,-004
+004,-003
+004,-003
+004,-003
+004,-003
+004,-003
+004,-003
+004,-003
+004,-003
+004,-003
+004,-003
+004,-003
+004,-003
+004,-003
+004,-003
+004,-003
+004,-003
+004,-003
+004,-003
+004,-003
+004,-003
+004,-003
+004,-003
+004,-003
+004,-003
+002,-003
+002,-003
+002,-003
+002,-003
+002,-003
+002,-003
+002,-003
+002,-003
+002,-003
+002,-003
+002,-002
+002,-002
+002,-002
+002,-002
+002,-002
+002,-002
+002,-002
+002,-002
+002,-002
+002,-002
+002,-002
+002,-002
+002,-002
+004,-002
+004,-002
+004,-002
+004,-002
+004,-002
+004,-002
+004,-002
+004,-002
+004,-002
+004,-002
+004,-002
+004,-002
+004,-002
+004,-002
+004,-002
+004,-002
+004,-002
+004,-002
+004,-002
+004,-001
+004,-001
+004,-001
+004,-001
+006,-001
+006,-001
+006,-001
+006,-000
+006,-000
+006,-000
+008,-000
+008,-001
+008,-001
+008,-001
+008,-001
+008,-001
+008,-001
+008,-001
+008,-001
+008,-001
+008,-001
+008,-001
+008,-001
+008,-001
+008,-001
+008,-001
+008,-001
+008,-001
+008,-001
+008,-001
+008,-001
+008,-002
+008,-002
+008,-002
+008,-002
+008,-002
+008,-002
+008,-002
+008,-002
+008,-002
+008,-002
+008,-002
+008,-002
+008,-002
+008,-002
+008,-002
+008,-002
+008,-002
+008,-002
+008,-002
+008,-002
+008,-002
+008,-002
+008,-002
+008,-002
+008,-002
+008,-002
+008,-003
+008,-003
+008,-003
+008,-003
+008,-003
+008,-003
+008,-003
+008,-003
+008,-003
+008,-003
+008,-004
+008,-004
+008,-004
+008,-004
+008,-004
+008,-004
+008,-004
+008,-004
+008,-004
+008,-004
+008,-004
+008,-004
+008,-004
+008,-005
+008,-005
+008,-005
+008,-005
+008,-005
+008,-005
+008,-005
+008,-005
+008,-005
+008,-005
+008,-005
+008,-005
+008,-005
+008,-005
+008,-006
+008,-006
+008,-006
+008,-006
+008,-006
+008,-006
+008,-006
+008,-006
+008,-007
+008,-007
+008,-007
+008,-007
+008,-007
+008,-007
+008,-007
+008,-007
+008,-007
+008,-008
+008,-008
+008,-008
+008,-008
+008,-008
+008,-008
+008,-008
+008,-008
+008,-009
+008,-009
+008,-009
+008,-009
+008,-009
+008,-009
+008,-009
+008,-010
+008,-010
+008,-010
+008,-010
+008,-010
+008,-010
+008,-010
+008,-010
+008,-010
+008,-010
+008,-010
+008,-010
+008,-010
+008,-010
+008,-010
+008,-010
+008,-010
+008,-010
+008,-010
+008,-010
+008,-010
+008,-011
+008,-011
+008,-011
+008,-011
+008,-011
+008,-011
+008,-011
+008,-011
+008,-011
+008,-011
+008,-011
+008,-011
+008,-011
+008,-011
+008,-011
+008,-011
+006,-011
+006,-011
+006,-011
+006,-011
+006,-012
+006,-012
+006,-012
+006,-012
+006,-012
+006,-012
+006,-012
+006,-012
+006,-012
+006,-012
+006,-012
+006,-012
+006,-012
+006,-012
+006,-012
+006,-012
+006,-012
+006,-012
+006,-012
+006,-012
+006,-012
+006,-012
+006,-012
+006,-013
+006,-013
+006,-013
+006,-013
+006,-013
+006,-013
+006,-013
+006,-014
+006,-014
+006,-014
+006,-014
+006,-014
+004,-014
+004,-014
+004,-014
+004,-014
+004,-014
+004,-014
+004,-014
+002,-014
+002,-014
+002,-014
+002,-014
+002,-014
+002,-014
+002,-014
+002,-014
+002,-014
+002,-015
+002,-015
+002,-015
+002,-015
+002,-015
+002,-015
+002,-015
+002,-015
+002,-015
+002,-015
+002,-015
+000,-015
+000,-015
+000,-015
+000,-015
+000,-015
+000,-015
+000,-015
+000,-015
+000,-015
+000,-015
+000,-015
+000,-015
+000,-015
+000,-015
+000,-015
+000,-015
+000,-015
+000,-015
+000,-015
+000,-015
+000,-015
+000,-015
+000,-015
+000,-015
+000,-015
+000,-015
+000,-015
+000,-015
+000,-015
+000,-015
+000,-015
+000,-015
+000,-015
+000,-015
+000,-015
+000,-015
+000,-015
+000,-015
+000,-015
+000,-015
+000,-015
+000,-015
+000,-015
+002,-015
+002,-015
+002,-015
+002,-015
+002,-015
+002,-015
+002,-015
+004,-015
+004,-015
+004,-015
+004,-015
+004,-015
+004,-015
+004,-015
+004,-015
+004,-015
+004,-015
+004,-015
+004,-015
+004,-015
+004,-015
+004,-015
+004,-015
+004,-015
+006,-015
+006,-015
+006,-015
+006,-015
+006,-015
+006,-015
+006,-015
+006,-015
+006,-016
+006,-016
+006,-016
+006,-016
+006,-016
+006,-016
+006,-016
+006,-017
+006,-017
+006,-017
+006,-017
+006,-017
+006,-017
+006,-017
+006,-017
+006,-017
+006,-018
+006,-018
+006,-018
+006,-018
+006,-018
+006,-018
+006,-018
+006,-019
+006,-019
+006,-019
+006,-019
+006,-019
+006,-019
+006,-019
+008,-019
+008,-019
+008,-019
+008,-019
+008,-019
+008,-019
+008,-019
+008,-020
+010,-020
+010,-020
+010,-020
+010,-020
+010,-020
+010,-020
+010,-020
+012,-020
+012,-020
+012,-020
+012,-020
+012,-020
COP Area(S): 000127
COP Area(R): 000202