+000,+000
+000,+000
+000,+000
+000,+000
+000,+000
+000,+000
+002,+000
+002,+000
+002,+000
+002,+000
+002,+000
+002,+000
+002,+000
+002,+000
+002,+000
+002,+000
+002,+000
+002,+000
+002,+000
+002,+000
+002,+000
+002,+000
+002,+000
+002,+000
+002,+000
+002,+000
+002,+000
+002,+000
+002,+000
+002,+000
+002,+000
+002,+000
+002,+000
+002,+000
+002,+000
+002,+000
+002,+000
+002,+000
+002,+000
+002,+000
+002,+000
+002,+000
+002,+000
+000,+000
+000,+000
+000,+000
+000,+000
+000,+000
+000,+000
+000,+000
+000,+000
+000,+000
+000,+000
+000,+000
+000,+000
+000,+000
+000,+000
+000,+000
+000,+000
+000,+002
+000,+002
+000,+002
+000,+002
+000,+002
+000,+002
+000,+002
+000,+002
+000,+002
+000,+002
+000,+002
+000,+002
+000,+002
+000,+002
+000,+002
+000,+002
+000,+002
+000,+002
+000,+002
+000,+002
+000,+002
+000,+002
+000,+002
+000,+002
+000,+002
+000,+002
+000,+002
+000,+002
+000,+002
+000,+002
+000,+002
+000,+002
+000,+002
+000,+002
+000,+002
+000,+002
+000,+002
+000,+002
+000,+002
+000,+002
+000,+002
+000,+004
+000,+004
+000,+004
+000,+004
+000,+004
+000,+004
+000,+004
+000,+004
+000,+004
+000,+004
+000,+004
+000,+004
+000,+004
+000,+004
+000,+004
+000,+004
+000,+004
+000,+004
+000,+004
+002,+004
+002,+004
+002,+004
+002,+004
+002,+004
+002,+004
+002,+004
+004,+004
+004,+004
+004,+004
+004,+004
+004,+004
+004,+004
+004,+004
+006,+004
+006,+004
+006,+004
+006,+004
+006,+004
+006,+004
+006,+004
+006,+004
+008,+004
+008,+004
+008,+004
+008,+004
+008,+004
+008,+004
+008,+004
+008,+004
+008,+004
+008,+004
+008,+004
+010,+004
+010,+004
+010,+004
+010,+004
+010,+004
+010,+004
+010,+004
+010,+004
+010,+004
+010,+004
+012,+004
+012,+004
+010,+004
+012,+004
+012,+004
+010,+004
+012,+004
+012,+004
+012,+004
+012,+004
+012,+004
+012,+004
+010,+004
+013,+004
+013,+004
+010,+004
+010,+004
+012,+004
+010,+004
+010,+004
+010,+004
+010,+004
+010,+004
+010,+004
+010,+004
+010,+004
+010,+004
+010,+002
+010,+002
+010,+002
+010,+002
+010,+002
+010,+002
+010,+002
+010,+002
+010,+002
+010,+002
+010,+002
+010,+002
+010,+002
+010,+002
+010,+002
+010,+002
+010,+002
+010,+002
+010,+002
+010,+002
+010,+002
+010,+002
+010,+002
+010,+002
+010,+002
+010,+002
+010,+002
+010,+000
+010,+000
+010,+000
+010,+000
+010,+000
+010,+000
+010,+000
+010,+000
+010,+000
+010,+000
+010,+000
+010,+000
+010,+000
+008,+000
+008,+000
+008,+000
+008,+000
+008,+000
+008,+002
+008,+002
+008,+002
+008,+002
+008,+002
+008,+002
+008,+002
+008,+002
+006,+002
+006,+002
+006,+004
+006,+004
+006,+004
+006,+004
+006,+004
+006,+004
+006,+004
+006,+004
+006,+004
+006,+004
+004,+004
+004,+004
+004,+004
+004,+004
+004,+004
+004,+004
+004,+004
+004,+004
+004,+004
+004,+004
+004,+004
+004,+004
+004,+004
+004,+004
+004,+004
+004,+004
+004,+004
+004,+004
+004,+004
+004,+004
+004,+004
+002,+004
+002,+004
+002,+004
+002,+004
+002,+004
+002,+004
+002,+004
+002,+004
+002,+004
+002,+004
+000,+004
+000,+004
+000,+002
+000,+002
+000,+002
+000,+002
+000,+002
+002,+002
+002,+002
+002,+000
+002,+000
+002,+000
+002,+000
+002,+000
+002,+000
+002,+000
+002,+000
+002,+000
+002,+000
+002,+000
+002,+000
+002,+000
+002,+000
+002,+000
+004,+000
+004,+000
+004,+000
+004,+000
+004,+000
+004,+000
+004,+000
+004,+000
+004,+000
+004,+000
+004,+002
+004,+002
+004,+002
+004,+002
+004,+002
+004,+002
+004,+002
+004,+002
+004,+002
+004,+002
+004,+002
+004,+002
+004,+002
+004,+002
+004,+002
+004,+002
+004,+002
+004,+002
+004,+002
+002,+002
+002,+002
+002,+002
+002,+000
+002,+000
+002,+000
+002,+000
+002,+000
+002,+000
+002,+000
+002,+000
+002,+000
+002,+000
+000,+000
+000,+000
+000,+002
+000,+002
+000,+002
+000,+002
+000,+002
+000,+002
+000,+002
+000,+002
+000,+002
+000,+002
+000,+002
+000,+002
+000,+002
+000,+002
+000,+002
+000,+002
+000,+002
+000,+002
+000,+002
+000,+002
+000,+002
+000,+002
+000,+002
+000,+002
+000,+002
+000,+002
+000,+002
+000,+004
+000,+004
+000,+004
+000,+004
+000,+004
+000,+004
+000,+004
+000,+004
+000,+004
+000,+004
+000,+004
+000,+004
+000,+004
+000,+004
+000,+004
+000,+004
+000,+004
+000,+004
+000,+004
+000,+004
+000,+004
+000,+004
+000,+004
+000,+004
+000,+004
+000,+004
+000,+002
+000,+002
+000,+002
+000,+002
+000,+002
+000,+002
+000,+002
+000,+002
+000,+002
+000,+002
+000,+002
+000,+002
+000,+002
+000,+002
+000,+002
+000,+002
+000,+002
+000,+002
+000,+002
+000,+002
+000,+002
+000,+002
+000,+002
+000,+002
+000,+002
+000,+002
+000,+002
+000,+002
+000,+002
+002,+000
+002,+000
+002,+000
+002,+000
+002,+000
+002,+000
+002,+000
+002,+000
+002,+000
+002,+000
+002,+000
+002,+000
+002,+000
+002,+000
+002,+000
+002,+000
+002,+000
+002,+000
+002,+000
+002,+000
+002,+000
+002,+000
+002,+000
+002,+000
+002,+000
+002,+000
+002,+000
+002,+000
+002,+000
+000,+000
+000,+002
+000,+002
+000,+002
+000,+002
+000,+002
+000,+002
+000,+002
+000,+002
+000,+002
+000,+002
+000,+002
+000,+002
+000,+002
+000,+002
+000,+002
+000,+002
+000,+002
+000,+002
+000,+002
+000,+002
+000,+002
+000,+002
+000,+002
+002,+002
+002,+002
+002,+002
+002,+002
+002,+002
+002,+002
+002,+002
+002,+002
+002,+002
+002,+002
+002,+002
+002,+002
+002,+002
+002,+002
+002,+002
+002,+002
+002,+002
+002,+002
+002,+002
+002,+002
+002,+002
+002,+002
+002,+002
+002,+002
+002,+002
+002,+002
+002,+002
+002,+002
+002,+002
+002,+002
+002,+002
+002,+002
+002,+002
+002,+002
+004,+002
+004,+002
+004,+002
+004,+002
+004,+002
+004,+002
+004,+002
+004,+002
+006,+002
+006,+002
+006,+002
+006,+002
+006,+002
+006,+002
+006,+002
+006,+002
+006,+002
+006,+002
+008,+002
+008,+002
+008,+002
+008,+002
+008,+002
+008,+002
+008,+002
+008,+002
+008,+002
+008,+002
+008,+002
+008,+002
+008,+002
+008,+002
+008,+002
+008,+002
+010,+002
+010,+002
+010,+002
+010,+002
+010,+002
+010,+002
+010,+002
+010,+002
+010,+002
+010,+002
+010,+002
+010,+002
+010,+002
+010,+002
+010,+002
+010,+002
+010,+002
+010,+002
+010,+002
+010,+002
+010,+002
+010,+002
+012,+002
+012,+002
+012,+002
+012,+002
+012,+002
+012,+002
+012,+002
+012,+002
+012,+002
+012,+002
+012,+002
+012,+002
+012,+002
+012,+002
+014,+002
+014,+002
+012,+000
+015,+002
+015,+002
+013,+000
+013,+002
+015,+002
+015,+002
+015,+002
+015,+002
+015,+002
+013,+002
+015,+002
+015,+002
+013,+002
+013,+002
+015,+002
+015,+002
+015,+002
+015,+002
+015,+002
+015,+002
+015,+002
+015,+002
+015,+002
+015,+002
+015,+002
+015,+002
+015,+002
+015,+002
+015,+002
+015,+002
+015,+004
+015,+004
+015,+004
+015,+004
+015,+004
+015,+004
+015,+004
+015,+004
+015,+004
+015,+004
+015,+004
+015,+004
+015,+004
+015,+004
+015,+004
+015,+004
+015,+004
+015,+004
+015,+004
+012,+004
+012,+004
+012,+004
+010,+004
+010,+004
+010,+004
+010,+004
+010,+004
+010,+004
+010,+004
+010,+004
+010,+004
+010,+004
+010,+004
+010,+004
+010,+004
+010,+004
+010,+004
+010,+004
+010,+004
+010,+004
+010,+004
+010,+004
+010,+004
+010,+004
+010,+004
+010,+004
+010,+004
+010,+004
+010,+004
+010,+004
+010,+004
+010,+004
+010,+004
+010,+004
+010,+004
+010,+004
+010,+004
+010,+004
+010,+004
+010,+004
+010,+004
+010,+006
+010,+006
+010,+006
+012,+006
+012,+006
+012,+006
+012,+008
+012,+008
+012,+008
+012,+008
+012,+008
+012,+008
+012,+008
+012,+008
+012,+008
+012,+008
+012,+008
+012,+008
+012,+008
+012,+008
+012,+008
+010,+008
+010,+008
+010,+008
+010,+008
+010,+008
+010,+008
+010,+008
+010,+008
+010,+008
+010,+008
+008,+008
+008,+008
+008,+008
+008,+008
+008,+008
+008,+008
+008,+008
+006,+008
+006,+008
+006,+008
+006,+008
+006,+008
+006,+008
+006,+008
+006,+008
+004,+008
+004,+008
+004,+008
+004,+008
+004,+008
+004,+008
+004,+008
+004,+008
+004,+008
+004,+008
+004,+008
+004,+008
+004,+008
+004,+008
+004,+008
+004,+008
+004,+008
+004,+008
+004,+008
+004,+008
+004,+008
+004,+008
+004,+008
+004,+008
+004,+008
+004,+008
+004,+008
+004,+008
+004,+008
+004,+008
+004,+008
+004,+008
+004,+008
+004,+008
+004,+008
+004,+008
+004,+008
+004,+008
+004,+008
+004,+008
+004,+008
+004,+008
+004,+008
+004,+008
+004,+008
+004,+008
+004,+008
+004,+008
+004,+008
+004,+008
+004,+008
+004,+008
+004,+008
+004,+008
+004,+008
+004,+008
+004,+008
+004,+008
+004,+008
+004,+008
+004,+006
+004,+006
+004,+006
+004,+006
+004,+006
+004,+006
+004,+006
+004,+006
+004,+006
+004,+006
+004,+006
+004,+006
+004,+006
+004,+006
+004,+006
+004,+006
+004,+006
+004,+006
+004,+006
+004,+006
+004,+006
+004,+006
+004,+006
+004,+006
+004,+006
+004,+006
+004,+006
+004,+006
+004,+006
+004,+006
+004,+006
+004,+006
+004,+006
+004,+006
+004,+006
+004,+006
+004,+006
+004,+006
+004,+006
+004,+006
+004,+006
+004,+006
+004,+006
+004,+004
+004,+004
+004,+004
+004,+004
+004,+004
+004,+004
+004,+004
+004,+004
+004,+004
+004,+004
+004,+004
+004,+004
+004,+004
+004,+004
+004,+004
+004,+004
+004,+004
+004,+004
+004,+004
+004,+004
+004,+002
+004,+002
+004,+002
+004,+002
+004,+002
+004,+002
+004,+002
+004,+002
+004,+002
+004,+002
+004,+002
+004,+002
+006,+002
+006,+002
+006,+002
+006,+002
+006,+002
+006,+002
+006,+002
+006,+002
+008,+002
+008,+002
+008,+002
+008,+002
+008,+002
+008,+002
+008,+002
+008,+002
+008,+002
+008,+002
+008,+000
+008,+000
+008,+000
+008,+000
+008,+000
+008,+000
+008,+000
+008,+000
+008,+000
+008,+000
+008,+000
+008,+000
+008,+000
+008,+000
+008,+000
+008,+000
+006,+000
+006,+000
+006,+000
+006,+000
+006,+000
+006,+000
+006,+000
+006,+000
+006,+000
+006,+000
+006,+000
+006,+000
+006,+000
+006,+000
+006,+000
+006,+000
+006,+000
+006,+000
+006,+000
+006,+000
+006,+000
+006,+000
+006,+000
+006,+000
+006,+000
+006,+000
+006,+000
+006,+000
+006,+000
+006,+000
+006,+000
+006,+000
+006,+000
+006,+000
+006,+000
+006,+000
+006,+002
+006,+002
+006,+002
+006,+002
+006,+002
+006,+002
+006,+002
+006,+002
+006,+002
+006,+002
+008,+002
+008,+002
+008,+002
+008,+002
+008,+002
+008,+002
+008,+002
+008,+002
+008,+002
+008,+002
+008,+002
+008,+002
+008,+002
+008,+002
+010,+002
+010,+002
+010,+002
+010,+002
+010,+002
+010,+002
+010,+002
+010,+002
+010,+002
+010,+002
+010,+002
+010,+002
+010,+002
+010,+002
+010,+002
+010,+002
+010,+002
+010,+002
+010,+002
+010,+002
+010,+002
+010,+002
+010,+002
+010,+002
+010,+002
+010,+002
+010,+002
+010,+002
+010,+002
+010,+002
+010,+002
+010,+002
+008,+002
+008,+002
+008,+002
+008,+002
+008,+002
+008,+002
+006,+002
+006,+002
+006,+002
+006,+002
+006,+002
+006,+002
+006,+002
+006,+002
+006,+002
+006,+002
+004,+002
+004,+002
+004,+002
+004,+000
+004,+000
+004,+000
+004,+000
+004,+000
+004,+000
+004,+000
+004,+000
+004,+000
+004,+000
+004,+000
+004,+000
+004,+000
+004,+000
+004,+000
+004,+000
+004,+000
+004,+000
+004,+000
+004,+000
+004,+000
+004,+000
+004,+000
+004,+000
+004,+000
+004,+000
+004,+000
+006,+000
+006,+000
+006,+000
+006,+000
+006,+000
+006,+000
+006,+000
+006,+000
+006,+000
+006,+000
+006,+000
+006,+000
+006,+000
+006,+000
+006,+000
+006,+000
+006,+000
+006,+000
+006,+000
+006,+000
+006,+000
+006,+000
+006,+000
+006,+000
+006,+000
+006,+000
+006,+000
+006,+000
+006,+000
+006,+000
+006,+000
+006,+000
+006,+000
+006,+000
+006,+000
+006,+000
+006,+000
+006,+000
+006,+000
+006,+000
+004,+000
+004,+000
+004,+000
+004,+000
+004,+000
+004,+000
+004,+000
+004,+000
+004,+000
+004,+000
+004,+000
+004,+000
+004,+000
+004,+000
+002,+000
+002,+000
+002,+002
+002,+002
+002,+002
+002,+002
+002,+002
+002,+002
+002,+002
+002,+002
+002,+002
+002,+002
+002,+002
+002,+002
+002,+002
+002,+002
+002,+002
+002,+002
+002,+002
+002,+002
+002,+002
+002,+002
+002,+002
+002,+002
+002,+002
+002,+002
+002,+002
+002,+002
+002,+002
+002,+002
+002,+002
+002,+002
+002,+002
+002,+002
+002,+002
+002,+002
+002,+002
+002,+002
+002,+002
+002,+002
+002,+002
+002,+002
+002,+002
+002,+002
+002,+002
+002,+004
+002,+004
+002,+004
+002,+004
+002,+004
+002,+004
+002,+004
+004,+004
+004,+004
+004,+004
+004,+004
+004,+004
+004,+004
+004,+004
+004,+004
+004,+004
+004,+004
+004,+004
+004,+004
+004,+004
+004,+004
+004,+004
+004,+004
+004,+004
+004,+004
+004,+004
+004,+006
+004,+006
+004,+006
+004,+006
+004,+006
+004,+006
+004,+006
+004,+006
+004,+006
+004,+006
+004,+006
+004,+006
+004,+006
+004,+006
+004,+006
+004,+006
+004,+006
+004,+006
+004,+006
+004,+006
+004,+006
+004,+006
+004,+006
+004,+006
+004,+008
+004,+008
+004,+008
+004,+008
+004,+008
+004,+008
+004,+008
+004,+008
+004,+008
+004,+008
+004,+008
+004,+008
+004,+008
+004,+008
+004,+008
+004,+008
+004,+008
+004,+008
+004,+008
+004,+008
+004,+008
+004,+008
+004,+008
+004,+008
+004,+008
+004,+008
+004,+008
+004,+008
+004,+008
+004,+008
+004,+008
+004,+008
+004,+008
+004,+008
+004,+008
+004,+008
+004,+008
+004,+008
+004,+008
+004,+008
+004,+008
+004,+008
+004,+008
+004,+008
+004,+008
+004,+008
+004,+008
+004,+008
+004,+008
+004,+008
+004,+008
+004,+008
+004,+008
+004,+008
+004,+008
+004,+008
+004,+008
+004,+008
+004,+008
+004,+008
+004,+008
+004,+008
+004,+008
+004,+008
+004,+008
+004,+008
+004,+008
+004,+008
+004,+008
+004,+008
+004,+008
+004,+008
+004,+008
+004,+008
+004,+008
+004,+008
+004,+010
+004,+010
+004,+010
+004,+010
+004,+010
+004,+010
+004,+010
+004,+010
+004,+010
+004,+010
+004,+010
+004,+010
+004,+010
+004,+010
+004,+010
+004,+010
+004,+010
+004,+010
+004,+012
+004,+012
+004,+012
+006,+012
+006,+012
+006,+012
+006,+012
+006,+012
+006,+014
+006,+014
+006,+014
+006,+014
+006,+014
+008,+014
+008,+014
+008,+014
+008,+014
+008,+014
+008,+014
+008,+014
+008,+014
+008,+014
+008,+014
+008,+014
+008,+014
+008,+014
+008,+014
+008,+014
+008,+014
+008,+014
+008,+014
+008,+014
+008,+014
+008,+014
+008,+014
+008,+014
+008,+014
+008,+014
+008,+014
+008,+014
+008,+014
+008,+014
+008,+014
+008,+014
+008,+014
+006,+014
+006,+014
+006,+014
+006,+014
+006,+014
+006,+014
+006,+014
+006,+014
+006,+014
+006,+014
+006,+014
+006,+014
+006,+016
+006,+016
+006,+016
+006,+016
+006,+016
+006,+016
+006,+016
+006,+016
+006,+016
+006,+016
+004,+016
+004,+016
+004,+016
+004,+016
+004,+016
+004,+016
+004,+016
+004,+016
+002,+014
+002,+014
+004,+016
+002,+014
+002,+014
+004,+016
+002,+014
+002,+014
+002,+014
+002,+014
+002,+014
+002,+014
+004,+014
+002,+014
+002,+014
+004,+014
+002,+014
+002,+014
+004,+014
+004,+014
+002,+014
+004,+014
+004,+014
+004,+014
+004,+014
+004,+014
+004,+014
+004,+014
+004,+014
+006,+014
+006,+014
+006,+014
+006,+014
+006,+014
+006,+014
+006,+014
+006,+014
+006,+014
+006,+014
+006,+014
+004,+014
+004,+014
+006,+014
+003,+012
+003,+012
+003,+012
+003,+012
+003,+012
+003,+012
+003,+012
+003,+012
+003,+012
+003,+012
+003,+012
+003,+012
+001,+012
+001,+012
+001,+012
+001,+012
+001,+012
+001,+012
+001,+012
+001,+012
+001,+012
+001,+012
+001,+012
+001,+012
+001,+012
+001,+012
+001,+012
+001,+012
+001,+012
+001,+012
+001,+012
+001,+012
+001,+012
+001,+012
+001,+012
+001,+012
+003,+012
+003,+012
+003,+012
+003,+012
+003,+012
+003,+012
+003,+012
+003,+012
+003,+012
+003,+012
+003,+012
+003,+012
+003,+012
+003,+012
+003,+012
+003,+012
+003,+012
+003,+012
+003,+012
+003,+012
+003,+012
+003,+012
+003,+012
+003,+012
+003,+012
+003,+012
+003,+012
+003,+012
+003,+012
+003,+012
+003,+012
+003,+012
+003,+012
+003,+012
+003,+012
+003,+012
+003,+012
+003,+012
+003,+012
+003,+012
+003,+012
+001,+012
+001,+012
+001,+012
+001,+012
+001,+012
+001,+012
+001,+012
+001,+012
+001,+012
+001,+012
+001,+012
+001,+012
+001,+012
+001,+012
+001,+012
+001,+012
+001,+012
+001,+012
+001,+012
+001,+012
+001,+012
+001,+012
+001,+012
+001,+012
+001,+012
+001,+012
+001,+012
+001,+012
+001,+012
+001,+014
+001,+014
+001,+014
+001,+014
+001,+014
+001,+014
+001,+014
+001,+014
+001,+014
+001,+014
+001,+014
+001,+014
+001,+014
+001,+014
+001,+014
+001,+014
+001,+014
+001,+014
+001,+014
+001,+014
+001,+014
+001,+014
+001,+014
+001,+014
+001,+014
+001,+014
+001,+014
+001,+014
+001,+014
+005,+014
+005,+014
+005,+014
+005,+014
+005,+016
+005,+016
+007,+016
+007,+016
+007,+016
+007,+016
+007,+016
+007,+016
+007,+016
+009,+016
+009,+016
+009,+016
+009,+016
+009,+016
+009,+016
+009,+014
+009,+014
+009,+014
+009,+014
+009,+014
+009,+014
+009,+014
+009,+014
+009,+014
+009,+014
+009,+014
+009,+014
+009,+014
+009,+014
+009,+014
+009,+014
+009,+014
+009,+014
+009,+014
+009,+014
+009,+014
+009,+014
+009,+014
+009,+014
+009,+014
+009,+014
+009,+014
+009,+014
+009,+014
+009,+014
+009,+014
+009,+014
+009,+014
+009,+014
+009,+014
+009,+014
+009,+014
+009,+014
+009,+014
+009,+014
+009,+014
+009,+014
+009,+014
+009,+014
+009,+014
+009,+014
+009,+014
+009,+014
+009,+014
+009,+012
+009,+012
+009,+012
+009,+012
+009,+012
+009,+012
+009,+012
+007,+012
+007,+012
+007,+012
+007,+012
+007,+012
+007,+012
+007,+012
+004,+012
+004,+012
+004,+012
+004,+012
+004,+012
+004,+012
+004,+012
+004,+012
+004,+012
+004,+012
+004,+012
+004,+012
+004,+012
+002,+012
+002,+012
+002,+012
+002,+012
+002,+012
+002,+012
+002,+012
+002,+012
+002,+012
+002,+012
+002,+012
+002,+012
+002,+012
+002,+012
+002,+012
+002,+012
+002,+012
+002,+012
+002,+012
+002,+012
+002,+012
+002,+010
+002,+010
+002,+010
+002,+010
+002,+010
+002,+010
+002,+010
+002,+010
+002,+010
+002,+010
+002,+010
+002,+010
+002,+010
+002,+010
+002,+010
+002,+010
+002,+010
+002,+010
+002,+010
+002,+010
+002,+010
+002,+010
+002,+010
+002,+010
+002,+010
+002,+010
+002,+010
+002,+010
+002,+010
+002,+010
+002,+010
+002,+010
+002,+010
+002,+010
+002,+010
+002,+010
+002,+010
+002,+010
+002,+010
+002,+010
+002,+010
+002,+010
+002,+010
+002,+010
+002,+010
+002,+010
+002,+010
+002,+010
+000,+010
+000,+010
+000,+010
+000,+010
+000,+010
+000,+010
+000,+010
+000,+010
+000,+010
+000,+010
+000,+010
+000,+010
+000,+010
+000,+010
+000,+010
+000,+010
+000,+010
+000,+010
+000,+010
+002,+010
+002,+010
+002,+010
+002,+010
+002,+010
+002,+010
+002,+010
+002,+010
+002,+010
+002,+010
+002,+010
+002,+010
+002,+010
+002,+010
+002,+010
+002,+010
+002,+010
+002,+010
+002,+010
+002,+010
+002,+010
+002,+010
+002,+010
+002,+010
+002,+010
+002,+010
+000,+010
+000,+010
+000,+010
+000,+010
+000,+010
+000,+010
+000,+010
+000,+010
+000,+010
+000,+010
+000,+010
+000,+010
+000,+010
+000,+010
+000,+010
+000,+010
+000,+010
+002,+010
+002,+010
+002,+010
+002,+010
+002,+010
+002,+010
+002,+010
+002,+010
+002,+010
+002,+010
+002,+010
+002,+010
+002,+010
+002,+010
+002,+010
+002,+010
+002,+010
+002,+010
+002,+010
+002,+010
+002,+010
+002,+010
+002,+010
+002,+010
+002,+010
+000,+010
+000,+010
+000,+010
+000,+010
+000,+010
+000,+010
+000,+010
+000,+010
+000,+010
+000,+010
+000,+010
+000,+010
+000,+010
+000,+010
+002,+010
+002,+010
+002,+010
+002,+010
+002,+010
+002,+010
+002,+010
+002,+010
+002,+010
+002,+010
+002,+010
+002,+010
+002,+010
+002,+010
+004,+010
+004,+010
+004,+010
+004,+010
+004,+010
+004,+010
+004,+010
+004,+010
+004,+010
+004,+010
+004,+010
+004,+010
+004,+010
+004,+010
+004,+010
+004,+010
+004,+010
+004,+010
+004,+010
+004,+010
+004,+010
+002,+010
+002,+010
+002,+010
+002,+010
+002,+010
+002,+010
+002,+010
+002,+010
+000,+010
+000,+010
+000,+010
+000,+010
+000,+010
+000,+010
+000,+010
+000,+010
+000,+010
+000,+010
+000,+010
+000,+010
+002,+010
+002,+010
+002,+010
+002,+010
+002,+010
+002,+010
+002,+010
+002,+010
+002,+010
+002,+010
+002,+010
+002,+010
+002,+010
+002,+010
+002,+010
+002,+010
+002,+010
+002,+010
+002,+010
+002,+010
+002,+010
+002,+010
+002,+010
+002,+010
+002,+010
+002,+010
+002,+010
+002,+010
+002,+010
+002,+010
+002,+010
+002,+012
+002,+012
+002,+012
+002,+012
+002,+012
+002,+012
+002,+012
+002,+012
+002,+012
+002,+012
+002,+012
+002,+012
+002,+012
+002,+012
+002,+012
+002,+012
+002,+012
+002,+012
+002,+012
+002,+012
+002,+012
+002,+012
+002,+012
+002,+012
+002,+012
+002,+012
+002,+012
+002,+012
+002,+012
+004,+014
+004,+014
+004,+014
+004,+014
+004,+014
+004,+014
+004,+014
+004,+014
+006,+014
+006,+014
+006,+014
+006,+014
+006,+014
+006,+014
+006,+014
+006,+014
+006,+014
+006,+014
+006,+014
+003,+014
+005,+014
+005,+014
+003,+014
+003,+014
+003,+014
+003,+014
+003,+014
+003,+014
+003,+012
+003,+012
+003,+012
+003,+012
+003,+012
+003,+012
+003,+012
+003,+012
+003,+012
+001,+012
+001,+012
+001,+012
+001,+012
+001,+012
+001,+012
+001,+012
+001,+012
+001,+012
+001,+012
+001,+012
+001,+012
+001,+012
+001,+012
+001,+012
+001,+012
+001,+012
+001,+012
+001,+012
+001,+012
+001,+012
+001,+012
+001,+012
+001,+012
+001,+012
+001,+012
+001,+012
+001,+012
+001,+012
+001,+012
+001,+010
+001,+010
+001,+010
+001,+010
+001,+010
+001,+010
+001,+010
+001,+010
+001,+010
+001,+010
+001,+010
+001,+010
+001,+010
+001,+010
+001,+010
+001,+010
+001,+010
+001,+010
+001,+010
+001,+010
+001,+010
+001,+010
+001,+010
+001,+010
+001,+010
+001,+010
+001,+010
+001,+010
+001,+010
+001,+010
+001,+010
+001,+010
+001,+010
+001,+010
+001,+010
+001,+010
+001,+010
+001,+010
+001,+010
+001,+010
+001,+010
+001,+010
+001,+010
+001,+010
+001,+010
+001,+010
+001,+010
+001,+010
+001,+010
+001,+010
+001,+010
+001,+010
+001,+010
+001,+010
+001,+010
+001,+010
+001,+010
+001,+010
+001,+010
+001,+010
+001,+010
+001,+010
+001,+010
+001,+010
+001,+010
+001,+010
+001,+010
+001,+010
+001,+010
+001,+010
+001,+010
+001,+010
+001,+010
+001,+010
+001,+010
+001,+010
+001,+010
+001,+010
+001,+010
+001,+010
+001,+010
+001,+010
+001,+010
+001,+010
+001,+010
+001,+010
+001,+010
+001,+010
+001,+010
+001,+010
+001,+010
+001,+010
+001,+010
+001,+010
+001,+010
+001,+010
+001,+010
+001,+010
+001,+010
+001,+010
+001,+010
+001,+010
+001,+010
+001,+010
+001,+010
+001,+010
+001,+010
+001,+010
+001,+010
+001,+010
+001,+010
+001,+010
+001,+010
+001,+010
+001,+010
+001,+010
+001,+010
+001,+010
+001,+010
+001,+010
+001,+010
+001,+010
+001,+010
+001,+010
+001,+010
+001,+010
+001,+010
+001,+010
+001,+010
+001,+010
+001,+010
+001,+010
+001,+010
+001,+010
+001,+010
+001,+010
+001,+010
+001,+010
+001,+010
+001,+012
+001,+012
+001,+012
+001,+012
+001,+012
+001,+012
+001,+012
+001,+012
+001,+012
+001,+012
+001,+012
+001,+012
+001,+012
+001,+012
+001,+012
+001,+012
+001,+012
+001,+012
+001,+012
+001,+012
+001,+012
+001,+012
+001,+012
+001,+012
+001,+012
+001,+012
+001,+012
+001,+012
+001,+012
+001,+012
+001,+012
+001,+012
+001,+012
+001,+012
+001,+012
+001,+012
+001,+012
+001,+012
+001,+012
+001,+012
+001,+012
+001,+012
+001,+012
+001,+012
+001,+012
+001,+012
+001,+012
+001,+012
+001,+012
+001,+012
+001,+012
+001,+010
+001,+010
+001,+010
+001,+010
+001,+010
+001,+010
+001,+010
+001,+010
+001,+010
+001,+010
+001,+010
+001,+010
+001,+010
+001,+010
+001,+010
+001,+010
+001,+010
+001,+010
+001,+008
+001,+008
+001,+008
+001,+008
+001,+008
+001,+008
+001,+008
+001,+008
+001,+008
+001,+008
+001,+008
+001,+008
+001,+008
+001,+008
+001,+008
+001,+008
+001,+008
+001,+008
+001,+008
+001,+008
+001,+008
+001,+008
+001,+008
+001,+008
+001,+008
+001,+008
+001,+008
+001,+008
+001,+008
+001,+008
+001,+008
+001,+008
+001,+008
+001,+008
+001,+008
+001,+008
+001,+008
+003,+008
+003,+008
+003,+008
+003,+008
+003,+008
+003,+008
+003,+008
+003,+008
+003,+008
+003,+008
+003,+008
+003,+008
+003,+008
+003,+008
+003,+008
+003,+008
+003,+008
+003,+008
+003,+008
+003,+008
+003,+008
+003,+008
+003,+008
+003,+008
+003,+008
+003,+008
+003,+008
+003,+008
+003,+008
+003,+008
+003,+008
+003,+008
+003,+008
+003,+008
+003,+008
+003,+008
+003,+008
+003,+008
+003,+008
+003,+008
+003,+010
+003,+010
+003,+010
+003,+010
+003,+010
+003,+010
+003,+010
+003,+010
+003,+010
+003,+010
+003,+010
+003,+010
+003,+010
+003,+010
+003,+010
+003,+010
+003,+010
+003,+010
+003,+010
+003,+010
+003,+010
+003,+010
+003,+010
+003,+010
+003,+010
+003,+010
+003,+010
+003,+010
+003,+010
+003,+010
+003,+010
+003,+010
+003,+010
+003,+010
+003,+010
+003,+010
+003,+010
+003,+010
+003,+010
+003,+010
+003,+010
+003,+010
+003,+010
+003,+010
+003,+010
+003,+010
+003,+010
+003,+010
+003,+010
+003,+010
+003,+010
+003,+010
+003,+010
+003,+010
+003,+010
+003,+010
+003,+010
+003,+010
+003,+010
+003,+010
+003,+010
+003,+010
+003,+010
+003,+010
+003,+010
+001,+010
+001,+010
+001,+010
+001,+010
+001,+010
+001,+010
+001,+010
+001,+010
+001,+010
+001,+010
+001,+010
+001,+010
+001,+010
+001,+010
+001,+010
+001,+010
+001,+010
+001,+010
+001,+010
+001,+010
+001,+010
+001,+010
+003,+010
+003,+010
+003,+010
+003,+010
+003,+010
+003,+010
+003,+010
+003,+008
+003,+008
+003,+008
+003,+008
+003,+008
+003,+008
+003,+008
+003,+008
+003,+008
+003,+008
+005,+008
+005,+008
+005,+008
+005,+008
+005,+008
+005,+008
+005,+008
+005,+008
+005,+008
+005,+008
+005,+008
+005,+008
+005,+008
+007,+008
+007,+008
+007,+008
+007,+008
+007,+008
+007,+008
+007,+008
+007,+008
+007,+008
+007,+006
+007,+006
+007,+006
+007,+006
+007,+006
+007,+006
+007,+006
+007,+006
+007,+006
+007,+006
+007,+006
+007,+006
+007,+006
+007,+006
+009,+004
+009,+004
+009,+004
+009,+004
+009,+004
+009,+004
+009,+004
+009,+004
+009,+004
+009,+004
+009,+004
+009,+004
+009,+004
+009,+004
+009,+004
+009,+004
+009,+004
+009,+004
+009,+004
+009,+004
+009,+004
+009,+004
+009,+004
+009,+004
+011,+002
+011,+002
+011,+002
+011,+002
+011,+002
+011,+002
+011,+002
+014,+002
+014,+002
+014,+002
+014,+002
+014,+004
+014,+004
+014,+004
+016,+004
+016,+004
+016,+004
+016,+004
+016,+004
+016,+004
+016,+004
+016,+004
+016,+004
+016,+004
+016,+004
+016,+004
+016,+004
+016,+004
+016,+004
+016,+004
+016,+004
+016,+004
+016,+004
+016,+004
+016,+004
+016,+004
+016,+004
+016,+004
+016,+004
+013,+002
+013,+002
+013,+004
+013,+002
+011,+002
+011,+002
+011,+002
+011,+002
+011,+002
+011,+002
+009,+002
+009,+004
+009,+004
+009,+004
+007,+004
+007,+004
+007,+004
+007,+004
+007,+006
+007,+006
+005,+006
+005,+006
+005,+006
+005,+006
+005,+008
+003,+008
+003,+008
+003,+008
+003,+008
+003,+008
+001,+010
+001,+010
+001,+010
+001,+010
+001,+010
+001,+010
+001,+010
+001,+010
+001,+010
+003,+010
+003,+010
+003,+010
+003,+010
+003,+010
+005,+010
+005,+010
+005,+010
+005,+010
+005,+010
+005,+010
+005,+010
+005,+010
+005,+010
+005,+010
+005,+010
+005,+010
+005,+010
+005,+010
+005,+010
+005,+010
+005,+010
+005,+010
+005,+010
+005,+010
+005,+010
+005,+010
+005,+010
+005,+008
+005,+008
+005,+008
+005,+008
+005,+008
+005,+008
+005,+008
+005,+008
+005,+008
+005,+008
+005,+008
+005,+008
+005,+008
+005,+008
+005,+008
+005,+008
+005,+008
+005,+008
+005,+008
+005,+008
+005,+008
+005,+006
+005,+006
+005,+006
+005,+006
+005,+006
+005,+006
+005,+006
+005,+006
+005,+006
+005,+006
+005,+006
+005,+006
+005,+006
+005,+006
+005,+006
+005,+004
+005,+004
+005,+004
+005,+004
+005,+004
+005,+004
+005,+004
+005,+004
+005,+004
+003,+004
+003,+004
+003,+004
+003,+004
+003,+004
+003,+002
+001,+002
+001,+002
+001,+002
+001,+002
+001,+002
+001,+002
+003,+002
+003,+000
+003,+000
+005,+000
+005,+000
+005,+000
+007,+002
+007,+002
+009,+002
+009,+002
+011,+004
+011,+004
+013,+006
+013,+006
+015,+006
+015,+006
+015,+008
+015,+008
+015,+008
+015,+008
+017,+008
+017,+008
+017,+008
+017,+008
+017,+008
+017,+008
+017,+008
+017,+008
+017,+008
+017,+008
+017,+008
+017,+008
+017,+008
+017,+008
+017,+008
+017,+008
+017,+008
+017,+008
+017,+008
+017,+008
+017,+008
+017,+008
+017,+008
-018,+010
-018,+010
-018,+010
-018,+010
-018,+010
-018,+010
-018,+010
-019,+010
-019,+010
-019,+010
-019,+010
-019,+010
-019,+010
-019,+010
-019,+010
-019,+010
-019,+010
-019,+010
-019,+010
-019,+010
-019,+010
-019,+010
-019,+010
-019,+010
-019,+010
-019,+010
-019,+008
-019,+008
-019,+008
-019,+008
-019,+008
-019,+008
-019,+008
-019,+008
-019,+008
-019,+008
-019,+008
-019,+008
-019,+008
-019,+008
-019,+008
-019,+006
-019,+006
-019,+006
-019,+006
-019,+006
-019,+006
-019,+006
-019,+006
+017,+006
+017,+006
+017,+006
+017,+006
+015,+004
+015,+004
+013,+002
+013,+002
+013,+002
+013,+002
+013,+002
+013,+002
+011,+002
+011,+002
+011,+002
+011,+000
+011,+000
+011,+000
+011,+000
+009,+000
+009,+000
+009,+000
+009,+000
+009,+000
+009,+002
+009,+002
+009,+002
+009,+002
+009,+002
+007,+002
+007,+002
+007,+002
+007,+002
+007,+002
+007,+002
+005,+002
+005,+002
+005,+002
+005,+002
+005,+002
+005,+002
+005,+004
+005,+004
+005,+004
+005,+004
+005,+004
+003,+004
+003,+004
+003,+004
+003,+004
+003,+004
+003,+004
+003,+004
+003,+004
+003,+004
+003,+004
+003,+004
+003,+004
+003,+004
+003,+004
+003,+004
+003,+002
+003,+002
+003,+002
+003,+002
+003,+002
+003,+002
+003,+002
+003,+002
+003,+002
+003,+002
+003,+002
+003,+002
+003,+002
+003,+002
+003,+002
+003,+002
+003,+002
+003,+002
+003,+002
+003,+002
+003,+002
+003,+002
+003,+002
+003,+002
+003,+002
+003,+002
+003,+002
+003,+002
+003,+002
+003,+002
+003,+002
+003,+002
+005,+002
+005,+002
+005,+002
+005,+002
+005,+002
+005,+002
+005,+002
+005,+002
+005,+002
+005,+002
+005,+002
+005,+002
+005,+002
+005,+002
+005,+000
+005,+000
+005,+000
+005,+000
+005,+000
+005,+000
+005,+000
+005,+000
+005,+000
+005,+000
+005,+000
+005,+000
+005,+000
+005,+000
+005,+000
+005,+000
+005,+000
+005,+000
+005,+000
+005,+000
+005,+000
+005,+000
+005,+000
+005,+000
+005,+000
+005,+000
+005,+000
+005,+000
+005,+000
+005,+000
+005,+000
+005,+000
+005,+000
+005,+000
+005,+000
+005,+000
+005,+000
+005,+000
+005,+000
+005,+000
+005,+000
+005,+000
+005,+000
+005,+000
+005,+000
+005,+000
+005,+000
+005,+000
+005,+000
+005,+000
+005,+000
+005,+000
+005,+000
+005,+000
+005,+000
+005,+000
+005,+000
+005,+000
+005,+000
+005,+000
+005,+000
+005,+000
+005,+000
+005,+000
+005,+000
+005,+000
+005,+000
+005,+000
+005,+000
+005,+000
+005,+000
+005,+000
+005,+000
+003,+000
+003,+000
+003,+000
+003,+000
+003,+000
+003,+000
+003,+000
+003,+000
+003,+000
+003,+000
+003,+000
+003,+000
+003,+000
+003,+000
+003,+000
+003,+000
+003,+000
+003,+000
+003,+000
+003,+000
+003,+000
+003,+000
+003,+000
+003,+000
+003,+000
+003,+000
+003,+000
+003,+000
+003,+000
+003,+002
+003,+002
+003,+002
+003,+002
+003,+002
+001,+002
+001,+002
+001,+002
+001,+002
+001,+002
+001,+002
+001,+002
+001,+002
+001,+002
+001,+002
+001,+002
+001,+002
+001,+002
+001,+002
+001,+002
+001,+002
+001,+002
+001,+002
+001,+002
+001,+002
+001,+002
+001,+002
+001,+002
+001,+002
+001,+002
+001,+002
+001,+002
+001,+002
+001,+004
+001,+004
+001,+004
+001,+004
+001,+004
+001,+004
+001,+004
+001,+004
+001,+004
+001,+004
+001,+004
+001,+004
+001,+004
+001,+004
+001,+004
+001,+004
+001,+004
+001,+006
+001,+006
+001,+006
+001,+006
+001,+006
+001,+006
+001,+006
+001,+006
+001,+006
+001,+006
+003,+008
+003,+008
+003,+008
+003,+008
+003,+008
+003,+008
+003,+008
+003,+008
+003,+008
+003,+008
+003,+008
+003,+008
+003,+008
+003,+008
+003,+008
+003,+008
+003,+008
+003,+008
+003,+008
+003,+008
+003,+008
+003,+008
+003,+008
+003,+008
+003,+008
+003,+008
+003,+010
+003,+010
+003,+010
+003,+010
+003,+010
+003,+010
+003,+010
+003,+010
+003,+010
+003,+010
+003,+010
+003,+010
+003,+010
+003,+010
+003,+010
+003,+010
+003,+010
+003,+010
+003,+010
+003,+010
+003,+010
+003,+010
+003,+010
+003,+010
+003,+010
+003,+010
+003,+010
+003,+010
+003,+012
+003,+012
+003,+012
+003,+012
+003,+012
+003,+012
+003,+012
+003,+012
+003,+012
+003,+012
+003,+012
+003,+012
+003,+012
+003,+012
+003,+012
+003,+012
+003,+012
+003,+014
+003,+014
+003,+014
+005,+014
+005,+014
+005,+014
+005,+014
+005,+014
+005,+014
+005,+014
+005,+014
+005,+014
+005,+014
+005,+016
+005,+016
+005,+016
+007,+016
+007,+016
+007,+016
+007,+016
+007,+016
+007,+016
+007,+016
+007,+016
+007,+016
+007,+016
+007,+016
+007,+016
+007,+016
+007,+018
+007,+018
+007,+018
+007,+018
+007,+018
+007,+018
+007,+018
+007,+018
+007,+018
+009,+018
+009,+018
+009,+018
+009,+018
+009,+018
+009,+018
+009,+018
+009,+018
+009,+018
+009,+018
+009,+018
+009,+018
+009,+018
+009,+018
+009,+018
+009,+018
+009,+018
+009,+018
+009,+018
+009,+018
+009,+018
+009,+018
+009,+018
+009,+018
+009,+018
+009,+018
+009,+018
+009,+018
+009,+018
+009,+018
+009,+018
+009,+018
+009,+018
+009,+018
+009,+018
+009,+018
+009,+018
+009,+018
+009,+018
+009,+018
+007,+018
+007,+018
+007,+018
+007,+018
+007,+018
+007,+018
+007,+018
+007,+018
+007,+018
+007,+018
+007,+018
+007,+018
+007,+018
+007,+018
+007,+018
+007,+018
+007,+016
+007,+016
+007,+016
+007,+016
+007,+016
+007,+016
+007,+016
+007,+016
+007,+016
+007,+016
+007,+016
+007,+016
+007,+016
+007,+016
+004,+013
+004,+013
+006,+013
+004,+013
+004,+013
+004,+013
+004,+013
+004,+011
+004,+011
+004,+011
+004,+011
+004,+011
+004,+011
+004,+011
+004,+011
+004,+011
+004,+011
+004,+011
+004,+011
+004,+011
+004,+011
+004,+011
+004,+011
+004,+011
+004,+011
+004,+009
+004,+009
+004,+009
+004,+009
+006,+009
+006,+009
+006,+009
+006,+009
+006,+009
+006,+009
+006,+009
+006,+009
+006,+009
+006,+009
+006,+009
+006,+009
+006,+009
+006,+009
+006,+009
+006,+009
+006,+009
+006,+009
+006,+009
+006,+009
+006,+009
+006,+009
+006,+009
+006,+009
+006,+009
+006,+009
+004,+009
+004,+009
+004,+009
+004,+009
+004,+009
+004,+009
+004,+009
+004,+009
+004,+009
+004,+011
+004,+011
+004,+011
+004,+011
+004,+011
+004,+011
+002,+011
+002,+011
+002,+011
+002,+011
+002,+011
+002,+011
+002,+011
+002,+011
+002,+011
+002,+011
+002,+011
+002,+011
+002,+011
+002,+011
+002,+011
+002,+011
+002,+011
+002,+011
+002,+011
+002,+011
+002,+011
+002,+011
+002,+011
+002,+011
+002,+011
+002,+011
+002,+011
+002,+011
+002,+011
+002,+011
+004,+011
+004,+011
+004,+011
+004,+011
+004,+011
+004,+011
+004,+011
+004,+011
+004,+011
+004,+011
+004,+011
+004,+011
+004,+009
+004,+009
+004,+009
+004,+009
+004,+009
+004,+009
+004,+009
+004,+009
+004,+009
+004,+009
+004,+009
+004,+009
+004,+009
+004,+009
+004,+009
+004,+009
+004,+009
+004,+009
+004,+009
+004,+009
+004,+009
+004,+009
+004,+009
+004,+009
+004,+009
+004,+009
+004,+009
+004,+009
+004,+009
+004,+009
+004,+009
+004,+009
+004,+009
+004,+009
+004,+009
+004,+009
+004,+009
+004,+009
+004,+009
+004,+009
+004,+009
+004,+009
+004,+009
+004,+009
+004,+009
+004,+009
+004,+009
+004,+009
+004,+009
+004,+009
+004,+009
+004,+009
+004,+009
+004,+009
+004,+009
+004,+009
+004,+009
+002,+009
+002,+009
+002,+009
+002,+009
+002,+009
+002,+009
+002,+009
+002,+009
+002,+009
+002,+009
+002,+009
+002,+009
+002,+009
+002,+009
+002,+009
+002,+009
+002,+009
+002,+009
+002,+009
+002,+011
+002,+011
+002,+011
+000,+011
+000,+011
+000,+011
+000,+011
+000,+011
+000,+011
+000,+011
+000,+011
+000,+011
+000,+011
+000,+011
+000,+013
+000,+013
+000,+013
+000,+013
+002,+013
+002,+013
+002,+013
+002,+013
+002,+013
+002,+013
+002,+013
+002,+013
+002,+013
+002,+013
+002,+013
+002,+013
+002,+013
+002,+013
+002,+013
+002,+013
+002,+013
+002,+013
+002,+013
+002,+013
+002,+013
+002,+013
+002,+013
+002,+013
+002,+013
+002,+013
+002,+013
+002,+013
+002,+013
+002,+013
+002,+013
+002,+013
+002,+013
+002,+013
+002,+013
+002,+013
+002,+013
+002,+013
+002,+013
+002,+013
+002,+013
+002,+013
+002,+013
+002,+013
+002,+013
+002,+013
+002,+013
+002,+013
+002,+013
+002,+013
+002,+013
+002,+013
+002,+013
+002,+013
+002,+013
+002,+013
+002,+013
+002,+011
+002,+011
+002,+011
+002,+011
+002,+011
+002,+011
+002,+011
+002,+011
+002,+011
+000,+011
+000,+011
+000,+011
+000,+011
+000,+011
+000,+011
+000,+011
+000,+011
+000,+011
+000,+011
+000,+011
+000,+011
+000,+011
+000,+011
+000,+011
+000,+011
+000,+011
+000,+011
+000,+009
+000,+009
+000,+009
+000,+009
+000,+009
+000,+009
+000,+009
+000,+009
+000,+009
+000,+009
+000,+009
+000,+009
+000,+009
+000,+009
+000,+009
+000,+009
+000,+009
+000,+009
+000,+009
+000,+009
+000,+009
+000,+009
+000,+009
+000,+009
+000,+009
+000,+009
+000,+009
+002,+009
+002,+009
+002,+009
+002,+009
+002,+009
+002,+009
+002,+009
+002,+009
+002,+009
+002,+009
+002,+009
+002,+009
+002,+009
+002,+009
+002,+009
+002,+009
+002,+009
+002,+009
+002,+009
+002,+009
+002,+009
+002,+009
+002,+009
+002,+009
+002,+009
+002,+009
+002,+009
+002,+009
+002,+009
+002,+009
+002,+009
+002,+009
+002,+009
+002,+009
+000,+009
+000,+011
+000,+011
+000,+011
+000,+011
+000,+011
+000,+011
+000,+011
+000,+011
+000,+011
+000,+011
+000,+011
+000,+011
+000,+011
+000,+011
+000,+011
+000,+011
+000,+011
+000,+011
+000,+011
+000,+011
+000,+011
+000,+011
+000,+011
+000,+011
+000,+011
+000,+011
+000,+011
+000,+011
+002,+011
+002,+011
+002,+011
+002,+011
+002,+011
+002,+011
+002,+011
+002,+011
+002,+011
+002,+011
+002,+011
+002,+011
+002,+011
+002,+011
+002,+011
+004,+014
+004,+014
+004,+014
+004,+014
+004,+014
+004,+014
+004,+014
+004,+014
+004,+014
+002,+014
+002,+014
+002,+014
+002,+014
+002,+014
+002,+014
+002,+014
+002,+014
+002,+014
+002,+014
+002,+014
+002,+014
+002,+014
+002,+014
+002,+014
+002,+014
+002,+014
+002,+014
+002,+014
+002,+014
+002,+014
+002,+014
+002,+014
+002,+014
+002,+014
+002,+014
+002,+014
+002,+014
+002,+014
+002,+014
+002,+014
+002,+014
+002,+014
+002,+014
+002,+014
+002,+014
+002,+014
+002,+014
+002,+014
+002,+014
+002,+014
+002,+014
+002,+014
+002,+014
+002,+014
+002,+014
+002,+014
+000,+014
+000,+014
+000,+014
+000,+014
+000,+014
+000,+014
+000,+014
+000,+014
+000,+014
+000,+014
+000,+014
+000,+014
+000,+014
+000,+014
+000,+014
+000,+014
+000,+014
+000,+016
+000,+016
+000,+016
+000,+016
+000,+016
+000,+016
+000,+016
+000,+016
+000,+016
+000,+016
+000,+016
+000,+016
+000,+016
+000,+016
+000,+016
+000,+016
+000,+016
+003,+018
+003,+018
+003,+018
+003,+018
+003,+018
+003,+018
+003,+018
+003,+018
+003,+018
+003,+018
+003,+018
+003,+018
+003,+018
+003,+020
+003,+020
+003,+020
+003,+020
+003,+020
+003,+020
+003,+020
+003,+020
+003,+020
+003,+020
+003,+020
+003,+020
+003,+020
+003,+020
+003,+020
+003,+020
+003,+020
+003,+020
+003,+020
+003,+020
+003,+020
+001,+020
+001,+020
+001,+020
+001,+020
+001,+020
+001,+020
+001,+020
+001,+020
+001,+020
+001,+020
+001,+020
+002,+020
+000,+020
+000,+020
+002,+018
+002,+018
+000,+018
+002,+018
+002,+018
+002,+018
+002,+018
+002,+018
+002,+018
+002,+018
+002,+018
+002,+018
+002,+018
+002,+018
+002,+018
+002,+018
+002,+016
+002,+016
+000,+016
+000,+016
+000,+016
+000,+016
+000,+016
+000,+016
+000,+016
+002,+016
+002,+016
+000,+016
+002,+016
+002,+016
+002,+016
+002,+016
+004,+016
+004,+016
+004,+016
+004,+016
+004,+016
+004,+016
+006,+016
+006,+016
+006,+016
+006,+016
+006,+016
+006,+016
+006,+016
+006,+016
+006,+016
+006,+016
+006,+016
+006,+016
+008,+016
+008,+016
+008,+016
+008,+016
+008,+016
+008,+016
+008,+016
+008,+016
+008,+016
+008,+016
+008,+016
+008,+016
+008,+016
+008,+016
+008,+016
+008,+016
+008,+016
+008,+014
+008,+014
+008,+014
+008,+014
+008,+014
+008,+014
+008,+014
+008,+014
+008,+014
+008,+014
+008,+014
+008,+014
+008,+014
+008,+014
+008,+014
+008,+014
+008,+014
+008,+012
+008,+012
+008,+012
+008,+012
+008,+012
+008,+012
+008,+012
+008,+012
+008,+012
+008,+012
+008,+010
+008,+010
+008,+010
+008,+010
+008,+010
+008,+010
+008,+008
+008,+008
+010,+010
+008,+008
+008,+008
+008,+008
+008,+008
+008,+008
+008,+008
+010,+008
+008,+008
+008,+008
+010,+008
+008,+006
+008,+006
+010,+006
+010,+006
+010,+006
+010,+006
+010,+006
+010,+004
+010,+004
+012,+004
+010,+004
+010,+004
+012,+004
+012,+004
+012,+002
+012,+002
+014,+002
+012,+002
+012,+002
+015,+002
+015,+002
+015,+002
+015,+002
+015,+002
+015,+002
+015,+002
+015,+002
+017,+002
+017,+002
+017,+002
+017,+002
+017,+002
+017,+002
+017,+002
+017,+002
-018,+002
-018,+002
-018,+002
-018,+002
-018,+002
-018,+002
-018,+002
-018,+002
-018,+002
-018,+002
-018,+002
-018,+002
-018,+002
-018,+004
-018,+004
-018,+004
-018,+004
-018,+004
+016,+004
+016,+004
+016,+004
+016,+004
+016,+004
+016,+004
+016,+004
+014,+006
+014,+006
+014,+006
+014,+006
+014,+006
+014,+006
+012,+006
+012,+006
+012,+006
+012,+006
+012,+006
+012,+006
+012,+008
+010,+008
+008,+006
+010,+008
+010,+008
+007,+008
+007,+008
+007,+008
+007,+008
+007,+008
+007,+008
+007,+008
+005,+008
+005,+008
+005,+008
+005,+008
+005,+010
+005,+010
+005,+010
+005,+010
+005,+010
+005,+010
+005,+010
+005,+010
+003,+012
+003,+012
+003,+012
+003,+012
+003,+012
+003,+012
+003,+012
+003,+012
+003,+012
+003,+012
+003,+012
+003,+012
+003,+012
+006,+014
+004,+014
+004,+014
+006,+014
+006,+014
+006,+014
+006,+014
+006,+014
+006,+014
+006,+014
+006,+014
+006,+016
+006,+016
+006,+016
+006,+016
+006,+016
+006,+016
+006,+016
+004,+016
+004,+016
+004,+016
+004,+016
+004,+016
+004,+016
+004,+016
+002,+016
+004,+018
+004,+018
+001,+016
+001,+016
+003,+018
+001,+016
+001,+016
+003,+018
+001,+018
+001,+016
+001,+016
+001,+016
+001,+016
+001,+016
+003,+018
+001,+016
+001,+016
+003,+018
+003,+018
+003,+018
+003,+018
+003,+018
+003,+018
+003,+018
+003,+018
+003,+018
+003,+018
+005,+018
+005,+018
+005,+018
+005,+018
+005,+018
+005,+018
+005,+018
+005,+018
+005,+018
+005,+018
+005,+018
+005,+018
+005,+018
+007,+018
+007,+018
+007,+018
+007,+018
+007,+018
+007,+018
+007,+018
+007,+018
+007,+018
+007,+018
+007,+018
+007,+018
+007,+016
+007,+016
+007,+016
+007,+016
+007,+016
+007,+016
+007,+016
+007,+016
+007,+016
+007,+016
+007,+016
+007,+016
+007,+016
+007,+016
+007,+016
+007,+016
+007,+016
+007,+016
+007,+016
+007,+016
+007,+016
+007,+016
+007,+016
+007,+016
+007,+016
+009,+014
+009,+014
+009,+014
+009,+014
+009,+014
+009,+014
+009,+014
+009,+014
COP Area(S): 000147
COP Area(R): 000265