-000,-000
-001,-001
-002,-001
-002,-002
-002,-002
-002,-002
-002,-003
-002,-003
-002,-003
-002,-003
-002,-004
-002,-004
-002,-004
-002,-004
-002,-004
-002,-004
-001,-004
-001,-004
-001,-004
-001,-001
-001,-001
-004,-001
-004,-001
-004,-001
-004,-002
-007,-002
-007,-002
-011,+006
-011,+006
-011,+006
-011,+006
-011,+006
-011,+006
-014,+006
-014,+008
-014,+008
-014,+008
-017,+008
-017,+008
-017,+008
-017,+008
+019,+008
+019,+008
+019,+008
+021,+008
+021,+006
+021,+006
+023,+006
+023,+006
+023,+005
+023,+005
+023,-004
+023,-004
+023,-004
+025,-003
+025,-003
+025,-003
+025,-003
+025,-002
+025,-002
+025,-002
+025,-002
+025,-002
+025,-002
+025,-002
+025,-002
+025,-002
+025,-002
+025,-002
+025,-002
+025,-002
+027,-002
+027,-002
+027,-002
+027,-002
+029,+005
+029,+005
+029,+005
+031,+005
+031,+005
+031,+005
+033,+005
+033,+005
+033,+005
+035,+005
+035,+005
+035,+005
+035,+005
+037,+005
+037,+005
+037,+005
+037,+005
+039,+007
+041,+007
+041,+010
+041,+010
+043,+010
+043,+010
+043,+010
+043,+012
+043,+012
+045,+014
+045,+014
+045,+014
+045,+016
+045,+016
+045,+016
+045,+018
+045,+018
+045,+020
+045,+020
+045,+022
+045,+022
+045,+024
+045,+024
+043,+024
+043,+027
+043,+027
+041,+027
+041,+029
+039,+029
+039,+031
+037,+031
+037,+031
+037,+033
+035,+033
+035,+033
+033,+033
+033,+033
+033,+035
+031,+035
+031,+035
+031,+035
+031,+035
+031,+035
+031,+035
+031,+035
+029,+035
+029,+035
+029,+035
+029,+035
+029,+035
+029,+035
+029,+035
+029,+035
+029,+035
+029,+035
+029,+035
+029,+035
+029,+035
+025,+037
+025,+037
+023,+037
+023,+037
+023,+037
+021,+037
+021,+037
+021,+037
+019,+037
+019,+037
-018,+037
-017,+037
-016,+037
-014,+037
-013,+037
-013,+035
-013,+035
-013,+035
-013,+035
-013,+035
-013,+035
-013,+035
-013,+035
-013,+035
-013,+035
-013,+035
-013,+033
-013,+033
-016,+033
-016,+033
-016,+033
-016,+033
+019,+030
+021,+030
+024,+030
+024,+030
+024,+030
+024,+030
+026,+030
+026,+030
+026,+030
+026,+030
+026,+030
+028,+030
+028,+030
+028,+030
+028,+030
+028,+030
+030,+030
+030,+028
+030,+028
+030,+028
+030,+028
+030,+028
+030,+026
+030,+026
+032,+026
+032,+024
+032,+024
+032,+024
+032,+024
+032,+022
+034,+022
+034,+022
+034,+022
+034,+022
+034,+020
+034,+020
+034,+020
+034,+018
+034,+018
+034,+018
+034,+018
+034,+018
+034,+018
+034,+016
+034,+016
+034,+016
+034,+016
+032,+013
+032,+013
+032,+013
+032,+013
+032,+011
+032,+011
+032,+011
+032,+011
+032,+011
+032,+011
+032,+011
+034,+011
+034,+011
+034,+011
+034,+011
+034,+011
+037,+011
+037,+011
+039,+011
+039,+011
+039,+011
+039,+011
+039,+011
+041,+011
+041,+011
+041,+013
+041,+013
+043,+013
+043,+013
+043,+013
+043,+013
+043,+013
+045,+013
+045,+013
+045,+015
+045,+015
+047,+015
+047,+015
+047,+015
+047,+017
+047,+017
+049,+017
+049,+017
+049,+019
+049,+019
+051,+019
+051,+019
+051,+019
+053,+021
+053,+021
+053,+021
+055,+021
+055,+021
+055,+021
+055,+023
+057,+023
+057,+023
+057,+023
+057,+023
+059,+023
+059,+023
+059,+023
+059,+023
+059,+023
+059,+023
+059,+023
+059,+023
+059,+023
+059,+023
+059,+023
+059,+023
+059,+023
+059,+021
+059,+021
+059,+021
+059,+021
+059,+021
+059,+021
+059,+021
+059,+021
+059,+019
+059,+019
+059,+019
+059,+019
+059,+019
+059,+019
+059,+019
+059,+019
+059,+017
+061,+017
+061,+015
+061,+015
+061,+015
+061,+015
+061,+015
+061,+013
+063,+013
+063,+013
+063,+013
+063,+011
+063,+011
+063,+011
+065,+011
+065,+009
+065,+009
+065,+009
+065,+009
+067,+007
+067,+007
+067,+007
+067,+005
+067,+005
+067,+005
+067,-004
+067,-004
+069,-003
+069,-002
+069,-002
+069,-002
+069,-001
+069,-001
+069,-001
+071,-000
+071,-000
+071,-000
+071,-000
+071,-000
+071,-000
+071,-000
+071,-000
+071,-000
+071,-000
+073,-000
+073,-000
+073,-000
+073,-000
+073,-000
+073,-000
+073,-003
+073,-003
+073,-003
+073,-003
+073,-003
+073,-003
+073,-003
+073,-003
+073,-003
+073,-003
+073,+005
+073,+005
+073,+005
+073,+005
+073,+005
+073,+005
+071,+007
+071,+007
+071,+007
+071,+007
+071,+007
+071,+007
+069,+007
+069,+009
+067,+009
+067,+009
+067,+009
+065,+009
+065,+009
+063,+009
+063,+009
+061,+009
+061,+009
+059,+011
+059,+011
+057,+011
+057,+011
+057,+011
+057,+011
+054,+011
+052,+013
+052,+013
+052,+013
+050,+013
+050,+013
+050,+013
+048,+013
+048,+013
+048,+011
+046,+011
+046,+011
+046,+011
+044,+011
+042,+011
+040,+009
+038,+009
+038,+009
+036,+009
+036,+009
+034,+009
+034,+009
+034,+009
+032,+009
+032,+009
+030,+009
+030,+009
+030,+009
+028,+011
+028,+011
+028,+011
+028,+011
+026,+011
+026,+011
+026,+011
+026,+011
+026,+011
+026,+011
+026,+011
+026,+009
+026,+009
+026,+009
+026,+009
+026,+009
+026,+009
+026,+009
+026,+009
+026,+009
+026,+009
+024,+009
+024,+009
+024,+009
+024,+009
+024,+009
+022,+009
+022,+009
+022,+007
+022,+007
+020,+007
+020,+007
+020,+007
+020,+007
+019,+007
+019,+007
-018,+007
-018,+007
-017,+007
-017,+007
-017,+007
-016,+005
-016,+005
-016,+005
-016,+005
-016,+005
-016,+005
-016,+005
-016,+005
-016,+005
-016,+005
-016,+005
-016,+005
-016,+005
-016,+005
-016,+005
-016,+007
-016,+007
-016,+007
-016,+007
-016,+007
-016,+007
-016,+007
-016,+007
-016,+007
-016,+007
-016,+009
-016,+009
-016,+009
-016,+009
+019,+009
+019,+009
+019,+009
+019,+009
+019,+009
+019,+009
+019,+009
+019,+009
+021,+009
+021,+009
+021,+009
+021,+009
+021,+009
+021,+011
+021,+011
+023,+011
+023,+011
+023,+011
+023,+011
+023,+011
+023,+011
+023,+013
+023,+013
+023,+013
+023,+015
+023,+015
+023,+015
+023,+015
+023,+015
+023,+017
+023,+017
+023,+017
+023,+019
+023,+019
+023,+019
+021,+021
+021,+021
+021,+021
+021,+021
+021,+023
+021,+023
+021,+023
+021,+023
+021,+023
+021,+025
+021,+025
+021,+025
+019,+027
-018,+027
-018,+027
-018,+027
-018,+029
-018,+029
-018,+029
-018,+029
-018,+029
-017,+029
-017,+029
-017,+031
-017,+031
-017,+031
-017,+031
-017,+031
-017,+031
-017,+031
-017,+031
-017,+031
-017,+031
-017,+031
-017,+031
-017,+031
-016,+031
-016,+031
-016,+031
-016,+031
-016,+031
-016,+031
-016,+031
-016,+031
-015,+031
-015,+031
-015,+031
-015,+031
-015,+031
-015,+031
-015,+031
-015,+031
-015,+031
-015,+031
-015,+031
-018,+031
-018,+031
-018,+029
+020,+031
+022,+031
+024,+031
+024,+031
+026,+031
+026,+031
+026,+031
+028,+031
+028,+031
+028,+031
+028,+033
+030,+033
+030,+033
+030,+033
+030,+033
+032,+033
+032,+033
+034,+033
+034,+033
+034,+033
+034,+033
+036,+033
+036,+033
+036,+033
+038,+033
+038,+033
+038,+033
+038,+033
+038,+033
+040,+033
+040,+033
+040,+033
+040,+033
+040,+033
+040,+033
+040,+033
+040,+033
+040,+033
+040,+033
+040,+033
+040,+033
+040,+033
+040,+033
+040,+033
+040,+033
+040,+033
+040,+033
+040,+033
+040,+033
+040,+033
+040,+031
+040,+031
+040,+031
+040,+031
+040,+031
+040,+031
+040,+031
+040,+031
+040,+031
+040,+031
+040,+031
+040,+031
+042,+031
+042,+031
+042,+031
+042,+031
+042,+031
+044,+031
+044,+031
+044,+033
+046,+033
+046,+033
+046,+033
+046,+033
+048,+033
+048,+035
+048,+035
+050,+035
+050,+035
+050,+035
+052,+035
+052,+035
+052,+035
+052,+035
+052,+035
+054,+035
+054,+035
+054,+035
+054,+035
+054,+035
+054,+035
+054,+035
+054,+035
+054,+035
+054,+035
+054,+035
+054,+035
+054,+035
+054,+035
+054,+035
+054,+035
+052,+033
+052,+033
+052,+033
+052,+033
+052,+033
+052,+033
+052,+033
+052,+031
+052,+031
+050,+031
+050,+031
+050,+031
+050,+031
+050,+031
+050,+029
+050,+029
+050,+029
+050,+029
+048,+029
+048,+029
+048,+029
+048,+029
+048,+029
+048,+029
+048,+029
+048,+029
+048,+029
+048,+029
+046,+029
+046,+029
+046,+029
+046,+029
+046,+029
+046,+029
+046,+029
+046,+027
+046,+027
+046,+027
+044,+027
+044,+027
+044,+027
+044,+027
+044,+027
+044,+027
+044,+027
+044,+027
+044,+027
+044,+027
+044,+027
+044,+027
+044,+027
+044,+027
+044,+027
+044,+027
+044,+027
+044,+027
+044,+027
+044,+027
+044,+027
+044,+027
+044,+027
+044,+027
+044,+027
+044,+027
+044,+027
+046,+027
+046,+027
+046,+027
+046,+027
+046,+027
+046,+027
+046,+027
+046,+027
+048,+027
+048,+027
+048,+027
+048,+027
+048,+025
+048,+025
+048,+025
+048,+025
+050,+025
+050,+025
+050,+025
+050,+025
+050,+025
+050,+025
+050,+025
+050,+025
+050,+025
+050,+025
+050,+025
+048,+023
+048,+023
+048,+023
+046,+023
+046,+023
+046,+021
+044,+021
+044,+021
+042,+021
+042,+021
+040,+021
+040,+021
+037,+021
+037,+021
+035,+021
+035,+021
+032,+021
+032,+021
+029,+021
+026,+018
+026,+018
+024,+018
+024,+018
+022,+020
+022,+020
+020,+020
+020,+020
+019,+018
-018,+018
-017,+018
-016,+018
-015,+016
-014,+016
-013,+016
-013,+014
-012,+014
-012,+014
-012,+014
-011,+012
-011,+012
-011,+012
-010,+012
-010,+012
-010,+010
-010,+010
-009,+010
-009,+010
-009,+010
-009,+010
-009,+010
-009,+008
-008,+008
-008,+008
-008,+008
-008,+008
-008,+008
-008,+008
-008,+008
-008,+008
-008,+008
-008,+008
-008,+008
-008,+008
-008,+008
-008,+008
-008,+008
-008,+008
-008,+008
-008,+008
-008,+008
-008,+008
-008,+008
-008,+008
-008,+008
-008,+008
-008,+008
-008,+008
-011,+008
-011,+006
-011,+006
-011,+006
-011,+006
-011,+006
-011,+006
-014,+006
-014,+006
-014,+006
-014,+006
-017,+006
-017,+006
-017,+006
+019,+006
+019,+006
+021,+006
+021,+006
+023,+006
+023,+006
+025,+006
+027,+006
+027,+006
+029,+006
+031,+006
+031,+006
+033,+006
+035,+006
+035,+006
+035,+006
+037,+006
+037,+006
+039,+006
+042,+008
+042,+008
+044,+008
+044,+008
+044,+010
+046,+010
+046,+010
+046,+010
+046,+010
+046,+012
+046,+012
+048,+012
+048,+012
+048,+012
+048,+012
+048,+014
+048,+014
+048,+014
+048,+014
+046,+014
+046,+014
+046,+014
+046,+014
+044,+014
+044,+014
+044,+014
+044,+014
+042,+014
+042,+014
+042,+014
+042,+014
+042,+014
+042,+014
+042,+014
+042,+014
+042,+014
+040,+014
+040,+014
+040,+014
+040,+014
+040,+014
+040,+014
+038,+014
+038,+014
+038,+014
+036,+012
+036,+012
+034,+010
+034,+010
+034,+010
+034,+010
+034,+010
+032,+010
+032,+010
+032,+010
+032,+008
+030,+008
+030,+008
+030,+008
+030,+008
+030,+008
+030,+008
+030,+008
+030,+008
+030,+008
+030,+006
+030,+006
+030,+006
+030,+006
+032,+006
+032,+006
+032,+006
+034,+006
+034,+006
+034,+006
+036,+006
+036,+005
+036,+005
+036,+005
+038,+005
+038,+005
+038,+005
+038,+005
+038,+005
+038,+005
+038,-004
+038,-004
+038,-004
+038,-004
+038,-004
+038,-004
+038,-004
+038,-004
+038,-004
+038,-004
+038,-004
+038,-004
+038,-004
+038,-004
+038,-004
+038,-004
+038,-004
+038,-004
+038,-004
+038,-004
+038,-004
+038,-004
+038,-004
+038,-004
+038,-004
+038,-004
+038,-004
+038,-004
+038,-004
+038,+006
+038,+006
+038,+006
+038,+008
+038,+008
+038,+010
+038,+010
+038,+010
+038,+012
+038,+012
+038,+012
+038,+014
+038,+014
+036,+014
+036,+016
+036,+016
+036,+016
+036,+018
+036,+018
+034,+018
+034,+020
+034,+020
+034,+022
+034,+022
+034,+022
+034,+022
+034,+024
+034,+024
+034,+024
+034,+026
+034,+026
+034,+026
+034,+028
+034,+028
+034,+028
+034,+028
+034,+028
+034,+028
+034,+028
+034,+030
+034,+030
+034,+030
+034,+030
+034,+030
+034,+030
+034,+030
+032,+030
+032,+030
+032,+030
+032,+030
+030,+030
+030,+030
+030,+030
+030,+030
+028,+030
+028,+030
+028,+030
+028,+030
+028,+030
+028,+030
+028,+030
+026,+030
+026,+030
+026,+030
+026,+030
+026,+030
+026,+030
+024,+030
+024,+030
+022,+032
+022,+032
+022,+030
-018,+030
-018,+030
-018,+030
-018,+030
-017,+030
-017,+030
-017,+030
-017,+030
-017,+030
-017,+030
-016,+030
-016,+030
-016,+030
-015,+028
-015,+028
-015,+028
-015,+028
-014,+028
-014,+028
-014,+026
-014,+026
-014,+026
-014,+026
-014,+026
-014,+026
-014,+026
-014,+026
-017,+026
-017,+026
-017,+026
-017,+026
-017,+026
+020,+024
+020,+024
+020,+024
+020,+024
+024,+027
+024,+027
+024,+029
+026,+029
+026,+031
+028,+031
+028,+033
+028,+033
+030,+033
+030,+035
+032,+035
+032,+035
+034,+035
+034,+035
+036,+035
+036,+035
+038,+037
+038,+037
+038,+037
+040,+037
+040,+037
+042,+037
+042,+037
+042,+037
+044,+037
+044,+037
+046,+037
+046,+037
+046,+037
+048,+037
+048,+037
+048,+037
+048,+037
+050,+037
+050,+037
+050,+037
+050,+037
+050,+037
+050,+037
+050,+037
+050,+037
+050,+037
+050,+037
+050,+037
+050,+037
+050,+037
+050,+037
+050,+037
+050,+037
+050,+037
+048,+037
+048,+037
+048,+037
+046,+035
+046,+035
+046,+035
+046,+035
+046,+035
+046,+035
+044,+035
+044,+035
+044,+033
+044,+033
+044,+033
+044,+033
+044,+033
+044,+033
+044,+031
+044,+031
+044,+031
+044,+031
+044,+031
+044,+029
+046,+029
+046,+029
+046,+029
+046,+029
+046,+029
+046,+029
+046,+029
+046,+027
+046,+027
+048,+027
+048,+027
+048,+027
+048,+027
+048,+027
+048,+027
+048,+027
+048,+027
+048,+025
+048,+025
+048,+025
+048,+025
+048,+025
+048,+025
+048,+025
+048,+025
+048,+025
+048,+025
+048,+023
+048,+023
+048,+023
+048,+023
+048,+023
+048,+023
+048,+021
+048,+021
+048,+021
+048,+021
+048,+021
+048,+021
+048,+021
+048,+021
+048,+019
+048,+019
+048,+019
+046,+019
+046,+019
+046,+019
+046,+019
+046,+019
+046,+019
+046,+019
+046,+019
+046,+019
+046,+017
+046,+017
+044,+017
+044,+017
+044,+017
+044,+017
+044,+017
+044,+017
+044,+017
+044,+017
+044,+017
+044,+017
+044,+017
+044,+017
+044,+017
+044,+017
+044,+015
+044,+015
+044,+015
+042,+015
+042,+015
+042,+013
+042,+013
+040,+013
+040,+013
+037,+009
+037,+009
+037,+009
+035,+009
+035,+009
+035,+009
+035,+009
+033,+007
+033,+007
+033,+007
+033,+007
+031,+007
+031,+005
+031,+005
+029,+005
+029,+005
+029,+005
+029,+005
+029,+005
+027,+005
+027,+005
+027,+005
+027,-004
+027,-004
+025,-004
+025,-004
+025,-004
+025,-004
+025,-004
+023,-004
+023,-004
+023,-004
+023,-004
+023,-004
+023,-004
+023,-004
+021,-004
+021,-004
+021,-004
+021,-004
+021,-004
+021,-004
+019,-004
+019,-004
+019,-004
+019,-004
+019,-004
+019,-004
+019,-004
-018,-004
-018,-004
-018,-004
-018,-004
-018,-004
-018,-004
-018,-004
-018,-004
-018,-004
-018,-004
-018,-004
-018,-004
-018,-004
-018,-004
-018,-004
-018,-004
-018,-004
-018,-004
-018,-004
-018,-004
-018,-004
-018,-004
+020,-004
+020,-004
+020,-004
+020,-004
+020,-004
+020,-004
+020,-004
+020,-004
+020,-004
+020,-004
+020,-004
+020,-004
+020,+006
+022,+006
+022,+006
+022,+006
+022,+006
+022,+006
+022,+006
+022,+006
+022,+008
+022,+008
+022,+008
+022,+008
+022,+010
+022,+010
+022,+010
+022,+010
+022,+010
+022,+012
+022,+012
+022,+012
+022,+012
+022,+014
+024,+014
+024,+014
+024,+014
+024,+016
+024,+016
+024,+016
+024,+016
+024,+016
+024,+018
+024,+018
+024,+018
+024,+018
+024,+018
+024,+018
+024,+020
+024,+020
+024,+020
+024,+020
+024,+020
+024,+020
+024,+020
+024,+020
+024,+020
+024,+020
+024,+020
+024,+020
+024,+020
+024,+020
+024,+020
+022,+020
+022,+020
+022,+020
+022,+020
+022,+020
+022,+020
+022,+020
+022,+020
+022,+020
+022,+020
+022,+020
+022,+020
+022,+020
+022,+020
+022,+020
+022,+020
+022,+020
+022,+020
+022,+020
+022,+020
+022,+020
+022,+020
+022,+020
+022,+020
+022,+020
+022,+020
+022,+020
+022,+020
+022,+020
+022,+020
+022,+020
+022,+020
+022,+020
+022,+020
+022,+020
+022,+020
+022,+020
+022,+020
+022,+020
+022,+020
+022,+020
+022,+020
+022,+020
+020,+020
+020,+020
+020,+020
+020,+020
+020,+020
+020,+020
+020,+020
+020,+020
+020,+020
+020,+020
+020,+022
+020,+022
+020,+022
+020,+022
+020,+022
+020,+022
+020,+022
+020,+022
+020,+022
+020,+022
+020,+022
+020,+022
+020,+022
+020,+022
+020,+022
+020,+022
+020,+022
+020,+022
+020,+022
+020,+022
+020,+022
+020,+022
+020,+022
+020,+022
+020,+022
+020,+022
+020,+022
+020,+022
+020,+022
+020,+022
+020,+022
+020,+022
+020,+022
+020,+022
+020,+022
+020,+022
+020,+022
+020,+022
+020,+024
+020,+024
+020,+024
+020,+024
+020,+024
+020,+024
+020,+024
+020,+024
+020,+024
+020,+024
+020,+024
+020,+024
+020,+024
+022,+024
+022,+026
+024,+026
+024,+026
+024,+026
+026,+028
+026,+028
+026,+028
+026,+028
+026,+028
+026,+028
+026,+028
+026,+028
+026,+028
+026,+028
+026,+028
+026,+028
+026,+028
+026,+028
+026,+028
+026,+028
+026,+028
+026,+030
+026,+030
+026,+030
+026,+030
+026,+030
+026,+030
+026,+030
+026,+030
+026,+030
+026,+030
+026,+030
+026,+030
+026,+030
+026,+030
+026,+030
+026,+030
+026,+030
+026,+030
+026,+030
+026,+030
+026,+030
+026,+030
+026,+030
+026,+030
+026,+030
+024,+030
+024,+030
+024,+030
+024,+030
+024,+028
+024,+028
+024,+028
+022,+028
+022,+028
+022,+026
+022,+026
+022,+026
+022,+026
+022,+026
+022,+026
+022,+026
+022,+026
+022,+026
+022,+026
+022,+026
+022,+026
+022,+026
+022,+024
+022,+024
+022,+024
+022,+024
+022,+024
+022,+024
+022,+024
+022,+024
+022,+024
+022,+024
+022,+024
+022,+022
+022,+022
+022,+022
+022,+022
+022,+022
+022,+022
+022,+022
+022,+022
+022,+022
+022,+022
+024,+020
+024,+020
+024,+020
+024,+020
+024,+020
+024,+020
+024,+020
+024,+020
+024,+020
+024,+020
+024,+018
+026,+018
+026,+018
+026,+018
+026,+018
+026,+018
+026,+018
+026,+018
+026,+018
+026,+018
+028,+018
+028,+018
+028,+018
+030,+018
+030,+018
+030,+020
+030,+020
+030,+020
+032,+020
+032,+020
+032,+020
+032,+020
+032,+020
+032,+020
+032,+022
+032,+022
+032,+022
+032,+022
+032,+022
+032,+022
+032,+022
+032,+022
+032,+024
+032,+024
+032,+024
+032,+024
+032,+024
+032,+024
+032,+024
+032,+024
+032,+024
+032,+024
+032,+024
+032,+024
+032,+024
+032,+024
+032,+024
+032,+024
+032,+024
+032,+024
+032,+024
+032,+024
+032,+026
+032,+026
+032,+026
+032,+026
+032,+026
+032,+026
+032,+026
+032,+026
+032,+026
+032,+026
+032,+026
+032,+026
+032,+026
+032,+026
+032,+026
+032,+026
+032,+026
+032,+026
+032,+026
+032,+026
+032,+026
+032,+026
+032,+026
+032,+026
+032,+026
+032,+026
+032,+026
+032,+026
+032,+026
+032,+024
+032,+024
+032,+024
+032,+024
+032,+024
+032,+024
+032,+024
+032,+024
+032,+024
+032,+024
+032,+024
+032,+024
+032,+024
+032,+024
+030,+024
+030,+024
+030,+024
+030,+024
+030,+024
+030,+024
+030,+024
+030,+024
+030,+024
+030,+024
+030,+024
+030,+024
+030,+024
+030,+024
+030,+024
+030,+024
+030,+024
+030,+024
+030,+024
+030,+024
+030,+024
+030,+024
+030,+024
+030,+024
+030,+024
+030,+024
+030,+024
+030,+024
+030,+024
+030,+024
+028,+024
+028,+024
+028,+022
+028,+022
+026,+022
+026,+020
+026,+020
+026,+020
+026,+020
+026,+020
+026,+020
+026,+020
+026,+020
+026,+020
+026,+020
+026,+020
+026,+020
+026,+020
+026,+018
+026,+018
+026,+018
+026,+018
+026,+018
+026,+018
+026,+018
+026,+018
+026,+016
+026,+016
+026,+016
+026,+016
+026,+016
+026,+016
+026,+016
+026,+016
+026,+016
+026,+016
+026,+016
+026,+016
+026,+016
+026,+014
+026,+014
+026,+014
+026,+014
+028,+014
+028,+014
+028,+014
+028,+014
+028,+014
+028,+014
+028,+014
+028,+014
+028,+014
+028,+012
+028,+012
+028,+012
+030,+012
+030,+012
+030,+012
+030,+012
+030,+012
+030,+012
+030,+012
+030,+012
+030,+012
+030,+012
+030,+012
+030,+012
+030,+012
+030,+012
+032,+012
+032,+012
+032,+012
+032,+012
+032,+012
+032,+012
+032,+012
+032,+012
+032,+012
+032,+012
+032,+012
+032,+012
+032,+012
+032,+012
+032,+012
+032,+012
+032,+012
+032,+012
+032,+012
+032,+012
+032,+012
+032,+012
+032,+012
+032,+012
+032,+012
+032,+015
+032,+015
+032,+015
+034,+017
+034,+017
+034,+017
+034,+017
+034,+017
+034,+017
+034,+017
+034,+017
+034,+017
+034,+017
+034,+019
+034,+019
+034,+019
+034,+019
+034,+019
+034,+019
+034,+019
+034,+019
+034,+019
+034,+019
+034,+019
+034,+019
+034,+019
+034,+019
+034,+019
+034,+019
+034,+019
+034,+019
+034,+019
+034,+019
+034,+019
+034,+019
+034,+019
+034,+019
+034,+019
+034,+019
+034,+019
+034,+021
+034,+021
+034,+021
+034,+021
+034,+021
+034,+021
+034,+021
+034,+021
+034,+021
+034,+021
+034,+021
+034,+021
+034,+021
+034,+021
+034,+021
+034,+021
+034,+021
+034,+021
+034,+021
+034,+021
+034,+021
+034,+021
+034,+021
+034,+021
+034,+021
+034,+021
+034,+021
+032,+021
+032,+021
+032,+021
+032,+021
+032,+021
+032,+021
+032,+021
+032,+021
+032,+021
+032,+021
+032,+021
+032,+021
+030,+019
+030,+019
+030,+019
+030,+019
+030,+019
+028,+017
+028,+017
+028,+017
+028,+017
+028,+017
+028,+017
+028,+017
+030,+017
+030,+017
+030,+015
+030,+015
+030,+015
+030,+015
+030,+015
+030,+015
+030,+015
+030,+015
+030,+013
+030,+013
+030,+013
+030,+013
+030,+013
+030,+013
+030,+013
+030,+013
+030,+013
+030,+013
+030,+013
+030,+013
+030,+013
+030,+013
+030,+013
+030,+013
+030,+013
+030,+013
+030,+013
+030,+013
+030,+013
+030,+013
+030,+013
+030,+013
+030,+013
+030,+013
+030,+013
+030,+013
+030,+013
+030,+013
+030,+013
+030,+013
+030,+013
+030,+013
+030,+013
+030,+013
+030,+013
+030,+013
+030,+013
+028,+013
+028,+013
+028,+013
+028,+015
+028,+015
+028,+015
+028,+015
+028,+015
+028,+015
+026,+017
+026,+017
+026,+017
+026,+017
+026,+017
+026,+019
+026,+019
+024,+019
+024,+019
+024,+019
+024,+019
+024,+019
+024,+021
+024,+021
+024,+021
+024,+021
+024,+021
+024,+021
+024,+021
+024,+021
+024,+021
+024,+021
+024,+021
+024,+021
+024,+021
+024,+021
+024,+021
+024,+021
+024,+021
+024,+021
+024,+021
+024,+021
+024,+021
+024,+021
+024,+021
+024,+021
+024,+021
+024,+021
+024,+021
+024,+021
+026,+023
+026,+025
+026,+023
+028,+023
+028,+023
+028,+023
+028,+023
+028,+023
+028,+023
+028,+023
+028,+023
+028,+023
+028,+023
+028,+023
+028,+025
+028,+025
+030,+025
+030,+025
+030,+025
+030,+025
+030,+025
+030,+025
+030,+025
+030,+025
+030,+025
+030,+025
+030,+025
+030,+025
+030,+025
+030,+025
+032,+025
+032,+025
+032,+025
+032,+025
+032,+025
+032,+025
+032,+025
+032,+025
+032,+025
+032,+025
+032,+025
+032,+025
+032,+027
+032,+027
+032,+027
+032,+027
+032,+027
+032,+027
+032,+027
+032,+027
+032,+027
+032,+027
+032,+027
+032,+027
+032,+027
+032,+027
+032,+027
+032,+027
+032,+027
+032,+027
+032,+027
+032,+027
+032,+027
+032,+027
+032,+027
+032,+027
+032,+027
+032,+027
+032,+027
+032,+027
+032,+025
+032,+025
+032,+025
+032,+025
+032,+025
+032,+025
+034,+025
+034,+025
+034,+025
+034,+025
+034,+025
+034,+025
+034,+025
+034,+025
+034,+025
+034,+025
+034,+025
+034,+025
+034,+025
+034,+025
+034,+025
+034,+025
+034,+025
+034,+025
+034,+025
+034,+025
+034,+025
+034,+025
+034,+025
+034,+025
+034,+025
+034,+025
+034,+025
+034,+025
+034,+025
+034,+025
+034,+025
+034,+025
+034,+025
+034,+025
+034,+025
+034,+025
+034,+025
+034,+025
+034,+025
+034,+025
+034,+025
+034,+025
+034,+025
+034,+025
+034,+025
+034,+025
+034,+025
+034,+025
+034,+025
+034,+025
+034,+025
+034,+025
+034,+027
+034,+027
+034,+027
+034,+027
+034,+027
+034,+027
+034,+027
+034,+027
+034,+029
+034,+029
+034,+029
+034,+029
+034,+029
+034,+029
+034,+029
+034,+029
+034,+029
+034,+029
+034,+029
+034,+031
+034,+031
+034,+031
+034,+031
+034,+031
+034,+031
+034,+031
+034,+031
+034,+031
+034,+031
+034,+031
+034,+031
+034,+031
+034,+031
+034,+031
+034,+031
+034,+031
+034,+031
+034,+031
+034,+031
+034,+031
+034,+031
+034,+031
+034,+031
+034,+031
+034,+031
+034,+031
+034,+031
+034,+031
+034,+029
+034,+029
+034,+029
+034,+029
+034,+029
+034,+029
+034,+029
+034,+029
+034,+029
+034,+029
+034,+029
+034,+029
+034,+029
+034,+029
+034,+029
+034,+029
+034,+029
+034,+029
+034,+029
+034,+029
+034,+029
+034,+029
+034,+029
+034,+027
+034,+027
+034,+027
+034,+027
+034,+027
+034,+027
+034,+027
+034,+027
+034,+027
+034,+027
+034,+027
+034,+027
+034,+027
+034,+027
+034,+027
+034,+027
+034,+027
+034,+027
+034,+027
+034,+027
+034,+027
+034,+027
+034,+027
+034,+027
+034,+027
+034,+027
+034,+027
+034,+027
+034,+027
+034,+027
+034,+027
+034,+027
+034,+027
+034,+027
+034,+027
+034,+027
+032,+027
+032,+027
+032,+027
+032,+027
+032,+027
+032,+027
+032,+027
+032,+027
+032,+027
+032,+027
+032,+027
+032,+027
+032,+027
+032,+027
+032,+027
+032,+027
+032,+027
+032,+027
+032,+027
+032,+027
+032,+027
+032,+027
+032,+027
+032,+027
+032,+027
+032,+027
+032,+027
+032,+027
+032,+027
+032,+027
+032,+027
+032,+027
+032,+027
+032,+027
+032,+027
+032,+027
+032,+027
+032,+027
+032,+027
+032,+025
+032,+025
+032,+025
+032,+025
+032,+025
+032,+025
+032,+025
+032,+025
+032,+025
+032,+025
+032,+025
+032,+025
+034,+025
+034,+025
+034,+025
+034,+023
+034,+023
+034,+023
+034,+023
+034,+023
+034,+023
+034,+023
+034,+023
+034,+023
+034,+023
+034,+023
+034,+023
+034,+023
+036,+023
+036,+023
+036,+023
+036,+023
+036,+023
+036,+023
+036,+023
+036,+023
+036,+023
+036,+023
+036,+023
+036,+023
+036,+023
+036,+023
+036,+023
+036,+023
+036,+023
+036,+023
+036,+023
+036,+023
+036,+023
+036,+023
+036,+023
+036,+023
+036,+023
+036,+023
+036,+025
+036,+025
+036,+025
+036,+025
+036,+025
+036,+025
+036,+025
+036,+025
+036,+025
+036,+025
+036,+025
+036,+025
+034,+025
+034,+025
+034,+025
+034,+025
+034,+025
+034,+025
+034,+025
+034,+025
+034,+025
+034,+025
+034,+025
+034,+025
+034,+025
+034,+025
+034,+025
+034,+025
+034,+025
+034,+025
+034,+025
+034,+025
+034,+025
+034,+025
+034,+025
+034,+025
+034,+025
+034,+025
+034,+025
+034,+025
+034,+025
+036,+025
+036,+025
+036,+025
+036,+025
+036,+025
+036,+025
+036,+025
+036,+025
+036,+025
+036,+025
+036,+025
+036,+025
+036,+025
+036,+025
+038,+025
+038,+025
+038,+025
+038,+025
+038,+025
+038,+025
+038,+025
+038,+025
+038,+025
+040,+025
+040,+025
+040,+025
+040,+025
+040,+025
+040,+025
+040,+025
+040,+025
+040,+025
+040,+025
+040,+025
+040,+025
+040,+025
+040,+025
+040,+025
+040,+025
+040,+025
+040,+025
+040,+025
+040,+025
+040,+025
+040,+025
+040,+025
+040,+025
+040,+025
+040,+025
+040,+025
+040,+025
+040,+025
+040,+025
+038,+025
+038,+023
+038,+023
+038,+023
+038,+023
+038,+023
+038,+023
+038,+023
+038,+023
+038,+023
+038,+023
+038,+023
+038,+023
+036,+023
+036,+023
+036,+023
+036,+023
+036,+023
+036,+023
+036,+023
+036,+023
+036,+021
+034,+021
+034,+021
+034,+021
+034,+021
+034,+021
+034,+021
+034,+021
+034,+021
+034,+021
+034,+021
+034,+021
+034,+021
+034,+019
+034,+019
+034,+019
+034,+019
+034,+019
+034,+019
+032,+019
+032,+019
+032,+019
+032,+019
+032,+016
+032,+016
+032,+016
+032,+016
+032,+016
+032,+016
+032,+016
+032,+016
+032,+016
+032,+016
+032,+014
+032,+014
+032,+014
+032,+014
+032,+014
+032,+014
+032,+014
+032,+014
+032,+014
+032,+014
+032,+012
+032,+012
+032,+012
+032,+012
+032,+012
+032,+012
+032,+012
+032,+012
+032,+012
+032,+012
+032,+012
+032,+012
+032,+012
+032,+012
+032,+012
+032,+012
+032,+012
+032,+012
+032,+012
+032,+012
+032,+012
+032,+012
+032,+012
+032,+012
+032,+012
+032,+012
+032,+012
+032,+012
+032,+012
+032,+012
+032,+012
+032,+012
+030,+012
+030,+012
+030,+012
+030,+012
+030,+012
+030,+014
+030,+014
+030,+014
+028,+014
+028,+014
+028,+014
+028,+014
+028,+014
+028,+014
+028,+016
+028,+016
+026,+016
+026,+016
+026,+016
+026,+016
+026,+016
+026,+016
+026,+016
+026,+018
+026,+018
+026,+018
+026,+018
+024,+018
+024,+018
+024,+018
+024,+018
+024,+018
+024,+020
+024,+020
+024,+020
+024,+020
+024,+020
+024,+020
+024,+020
+024,+020
+024,+020
+024,+020
+024,+022
+022,+022
+022,+022
+022,+022
+022,+022
+022,+022
+022,+022
+022,+022
+022,+022
+022,+022
+022,+022
+022,+022
+022,+022
+022,+022
+022,+022
+022,+022
+022,+022
+022,+022
+022,+022
+022,+022
+022,+022
+022,+022
+022,+022
+024,+022
+026,+025
+026,+025
+026,+025
+026,+025
+026,+025
+026,+027
+026,+027
+026,+027
+026,+027
+026,+027
+026,+027
+026,+027
+026,+027
+026,+027
+026,+029
+026,+029
+026,+029
+028,+029
+028,+029
+028,+029
+028,+029
+028,+029
+028,+029
+028,+029
+028,+031
+028,+031
+028,+031
+028,+031
+028,+031
+028,+031
+028,+031
+026,+031
+026,+031
+026,+031
+026,+031
+026,+031
+026,+031
+026,+031
+026,+031
+026,+031
+026,+031
+024,+031
+024,+031
+024,+031
+024,+029
+022,+029
+022,+029
+020,+027
+020,+027
+020,+027
+020,+027
+020,+027
+020,+027
+020,+027
+020,+027
+020,+027
+020,+027
+020,+027
+020,+027
+020,+027
+020,+027
+019,+027
+019,+027
+019,+027
-018,+027
-018,+025
-018,+025
-018,+025
-018,+025
-018,+025
-018,+025
-018,+025
-018,+025
-018,+025
-018,+025
-018,+025
-018,+025
-018,+025
-018,+025
-018,+025
-018,+025
-018,+025
-018,+025
-018,+025
-018,+025
-018,+025
+020,+025
+020,+025
+020,+025
+020,+025
+020,+025
+020,+025
+020,+025
+020,+025
+020,+025
+020,+025
+020,+025
+020,+025
+020,+025
+022,+025
+022,+025
+024,+027
+024,+027
+026,+027
+026,+027
+026,+027
+028,+027
+028,+027
+028,+027
+030,+027
+030,+027
+030,+027
+030,+027
+032,+027
+032,+027
+032,+027
+032,+027
+034,+027
+034,+027
+034,+027
+034,+027
+036,+027
+036,+027
+036,+027
+036,+027
+036,+027
+038,+027
+038,+027
+038,+027
+038,+027
+038,+027
+038,+027
+038,+027
+038,+027
+038,+027
+038,+027
+038,+027
+038,+027
+038,+027
+038,+027
+038,+027
+038,+027
+038,+027
+038,+027
+038,+027
+038,+027
+038,+027
+036,+027
+036,+027
+036,+027
+036,+027
+036,+027
+036,+027
+036,+027
+036,+027
+036,+027
+036,+027
+036,+027
+036,+027
+036,+027
+034,+027
+034,+027
+034,+027
+034,+027
+034,+027
+034,+027
+034,+027
+034,+027
+034,+027
+034,+027
+034,+027
+032,+027
+032,+025
+032,+025
+032,+025
+032,+025
+030,+025
+030,+025
+030,+025
+030,+025
+028,+025
+028,+025
+028,+025
+028,+025
+026,+025
+026,+025
+026,+025
+026,+025
+023,+025
+023,+025
+023,+025
+023,+025
+023,+025
+023,+025
+023,+025
+021,+025
+021,+025
+021,+025
+021,+025
+021,+025
+021,+025
+021,+025
+021,+025
+021,+025
+021,+025
+021,+025
+021,+025
+021,+025
+021,+025
+021,+023
+021,+023
+021,+023
+021,+023
+021,+023
+021,+023
+021,+023
+021,+023
+021,+023
+021,+023
+021,+023
+021,+023
+021,+023
+021,+021
+023,+021
+023,+021
+023,+021
+023,+021
+023,+021
+023,+021
+023,+021
+023,+021
+023,+021
+023,+021
+023,+021
+023,+021
+025,+021
+025,+021
+025,+021
+025,+021
+025,+021
+025,+021
+027,+021
+027,+021
+029,+021
+029,+023
+029,+023
+031,+023
+031,+023
+031,+023
+033,+023
+033,+023
+033,+023
+033,+023
+035,+023
+035,+023
+035,+023
+035,+023
+037,+025
+037,+025
+037,+025
+037,+025
+037,+025
+039,+025
+039,+025
+039,+025
+039,+025
+039,+025
+041,+025
+041,+025
+041,+025
+041,+025
+041,+025
+041,+025
+041,+025
+041,+025
+041,+025
+041,+025
+041,+025
+041,+025
+041,+025
+041,+025
+041,+025
+041,+025
+041,+025
+041,+025
+041,+025
+041,+025
+041,+025
+041,+023
+041,+023
+041,+023
+041,+023
+041,+023
+041,+023
+041,+023
+041,+023
+041,+023
+041,+023
+041,+023
+041,+021
+041,+021
+041,+021
+041,+021
+041,+021
+041,+021
+041,+021
+041,+021
+041,+021
+041,+021
+041,+021
+041,+021
+041,+021
+041,+019
+041,+019
+041,+019
+041,+019
+041,+019
+041,+019
+041,+019
+041,+019
+041,+019
+041,+019
+041,+017
+041,+017
+041,+017
+041,+017
+041,+017
+041,+017
+041,+017
+041,+017
+041,+015
+041,+015
+041,+015
+041,+015
+041,+015
+041,+015
+041,+013
+041,+013
+041,+013
+041,+013
+041,+013
+041,+013
+041,+013
+041,+011
+041,+011
+041,+011
+041,+011
+041,+011
+039,+011
+039,+009
+039,+009
+039,+009
+039,+007
+037,+007
+037,+007
+037,+007
+037,+007
+037,+007
+037,+007
+037,+007
+037,+007
+037,+007
+037,+007
+037,+007
+037,+007
+037,+005
+037,+005
+037,+005
+037,+005
+035,+005
+035,+005
+035,+005
+035,-004
+033,-004
+033,-003
+033,-003
+033,-002
+031,-002
+031,-002
+031,-001
+031,-001
+031,-001
+031,-000
+031,-000
+029,-000
+029,-000
+029,-000
+029,-000
+029,-000
+029,-000
+029,-000
+029,-000
+029,-000
+029,-000
+029,-000
+029,-000
+029,-000
+029,-000
+027,-000
+027,-000
+027,-000
+027,-000
+027,-000
+027,-000
+027,-000
+027,-000
+027,-000
+027,-000
+027,-000
+027,-000
+027,-000
+027,-000
+027,-003
+025,-003
+025,-003
+025,-003
+025,-003
+025,-003
+025,-003
+025,-003
+025,-003
+025,+005
+025,+005
+025,+005
+023,+005
+023,+005
+023,+007
+023,+007
+023,+007
+023,+007
+023,+007
+023,+007
+023,+009
+023,+009
+023,+009
+023,+009
+023,+011
+023,+011
+023,+011
+023,+013
+023,+013
+023,+013
+023,+013
+023,+013
+023,+015
+023,+015
+023,+015
+023,+015
+023,+017
+023,+017
+023,+017
+023,+017
+023,+017
+023,+019
+023,+019
+023,+019
+023,+019
+023,+019
+023,+021
+023,+021
+023,+021
+023,+021
+023,+021
+023,+021
+023,+021
+023,+021
+023,+021
+023,+021
+023,+021
+023,+021
+023,+021
+023,+021
+023,+021
+023,+021
+023,+021
+023,+021
+023,+021
+023,+021
+023,+021
+023,+021
+023,+021
+023,+021
+023,+021
+023,+021
+023,+021
+023,+021
+023,+021
+023,+021
+023,+021
+023,+021
+023,+021
+023,+021
+023,+021
+023,+021
+023,+021
+023,+021
+023,+021
+023,+021
+023,+021
+023,+021
+023,+021
+021,+021
+021,+021
+021,+021
+021,+021
+021,+021
+021,+021
+021,+021
+021,+023
+021,+023
+021,+023
+021,+023
+021,+023
+021,+023
+021,+023
+021,+023
+021,+023
+021,+023
+021,+023
+021,+023
+021,+023
+021,+023
+021,+023
+021,+023
+021,+023
+021,+023
+021,+023
+021,+023
+021,+023
+021,+023
+021,+023
+021,+023
+021,+023
+021,+023
+021,+023
+021,+023
+021,+023
+021,+023
+021,+023
+021,+023
+021,+023
+021,+023
+021,+023
+021,+023
+021,+023
+021,+023
+021,+023
+021,+023
+021,+023
+021,+023
+021,+023
+021,+023
+021,+025
+021,+025
+021,+025
+021,+025
+021,+025
+021,+025
+021,+025
+021,+025
+021,+025
+021,+025
+023,+025
+023,+027
+023,+027
+025,+027
+025,+027
+025,+027
+025,+027
+027,+029
+027,+029
+027,+029
+027,+029
+027,+029
+027,+029
+029,+029
+029,+029
+029,+029
+029,+029
+029,+029
+029,+029
+029,+029
+031,+029
+031,+029
+031,+029
+031,+031
+031,+031
+031,+031
+031,+031
+031,+031
+031,+031
+031,+031
+031,+031
+031,+031
+031,+031
+031,+031
+033,+031
+033,+031
+033,+031
+033,+031
+033,+031
+033,+033
+033,+033
+033,+033
+033,+033
+033,+033
+033,+033
+033,+033
+033,+033
+033,+033
+033,+033
+033,+033
+033,+033
+033,+033
+033,+033
+033,+033
+033,+033
+033,+033
+033,+033
+033,+033
+033,+033
+033,+033
+033,+033
+033,+033
+033,+033
+033,+033
+033,+033
+033,+033
+033,+033
+033,+033
+033,+033
+033,+033
+033,+033
+033,+033
+033,+033
+033,+033
+033,+033
+033,+033
+033,+033
+033,+033
+033,+033
+033,+033
+033,+033
+033,+033
+033,+033
+035,+033
+035,+033
+035,+033
+035,+033
+035,+033
+035,+033
+035,+033
+035,+033
+035,+033
+035,+033
+035,+033
+037,+031
+037,+031
+037,+031
+037,+031
+037,+031
+037,+031
+037,+031
+037,+031
+037,+031
+037,+031
+037,+031
+037,+031
+037,+031
+039,+031
+039,+029
+039,+029
+039,+029
+039,+029
+039,+029
+039,+029
+041,+029
+041,+029
+041,+029
+041,+029
+041,+029
+041,+029
+043,+029
+043,+029
+043,+029
+043,+029
+043,+027
+043,+027
+043,+027
+045,+027
+045,+027
+045,+027
+045,+027
+045,+027
+045,+027
+045,+027
+045,+025
+045,+025
+045,+025
+045,+025
+045,+025
+045,+025
+045,+025
+045,+025
+045,+025
+045,+025
+045,+025
+045,+023
+045,+023
+045,+023
+045,+023
+045,+023
+045,+023
+045,+023
+045,+023
+045,+023
+045,+023
+045,+021
+045,+021
+045,+021
+045,+021
+045,+021
+045,+021
+043,+021
+043,+021
+043,+019
+043,+019
+043,+019
+043,+019
+043,+019
+043,+019
+043,+019
+043,+019
+043,+019
+043,+019
+043,+019
+043,+017
+043,+017
+043,+017
+043,+017
+043,+017
+043,+017
+043,+017
+043,+017
+043,+017
+043,+017
+043,+015
+043,+015
+043,+015
+043,+015
+043,+015
+043,+015
+043,+015
+043,+015
+043,+015
+043,+015
+043,+015
+043,+015
+043,+015
+043,+015
+043,+015
+043,+015
+043,+015
+043,+015
+043,+015
+043,+015
+043,+015
+043,+015
+043,+015
+043,+015
+043,+015
+043,+015
+043,+015
+043,+015
+043,+015
+043,+015
+043,+015
+043,+015
+043,+015
+043,+015
+043,+015
+043,+015
+043,+015
+043,+015
+043,+015
+043,+015
+043,+015
+043,+015
+043,+015
+043,+015
+043,+015
+043,+015
+043,+015
+043,+015
+043,+015
+043,+015
+043,+017
+043,+017
+043,+017
+043,+017
+043,+017
+043,+017
+043,+017
+043,+017
+043,+019
+043,+019
+043,+019
+043,+019
+043,+019
+043,+019
+043,+019
+043,+021
+043,+021
+043,+021
+043,+021
+043,+021
+043,+021
+043,+021
+043,+023
+043,+023
+043,+023
+043,+023
+043,+023
+043,+023
+043,+023
+043,+023
+043,+023
+043,+023
+043,+023
+043,+023
+043,+023
+043,+023
+043,+025
+043,+025
+043,+025
+043,+025
+043,+025
+043,+025
+041,+025
+041,+025
+041,+025
+041,+025
+041,+025
+041,+025
+041,+025
+041,+025
+041,+025
+041,+025
+041,+025
+041,+025
+041,+025
+041,+025
+041,+025
+041,+025
+041,+025
+041,+025
+041,+025
+041,+025
+039,+025
+039,+025
+039,+025
+039,+025
+039,+025
+039,+025
+039,+025
+039,+025
+039,+025
+039,+025
+039,+025
+039,+025
+037,+025
+037,+025
+037,+025
+037,+025
+037,+025
+037,+025
+037,+025
+037,+025
+037,+025
+037,+025
+037,+025
+037,+025
+037,+025
+037,+025
+037,+025
+037,+025
+037,+025
+037,+025
+037,+023
+037,+023
+037,+023
+037,+023
+037,+023
+037,+023
+037,+023
+037,+023
+037,+023
+037,+023
+037,+023
+037,+021
+037,+021
+037,+021
+037,+021
+037,+021
+037,+021
+037,+021
+037,+021
+037,+021
+035,+021
+035,+021
+035,+021
+035,+021
+035,+021
+035,+021
+035,+021
+035,+021
+033,+021
+033,+021
+033,+021
+033,+021
+033,+021
+033,+021
+033,+021
+033,+021
+031,+021
+031,+021
+031,+021
+031,+021
+031,+021
+029,+021
+029,+021
+029,+021
+029,+021
+027,+021
+027,+021
+027,+021
+027,+021
+027,+021
+027,+021
+027,+021
+025,+021
+025,+021
+025,+021
+025,+021
+025,+021
+025,+021
+025,+021
+025,+021
+025,+021
+025,+021
+025,+021
+025,+021
+025,+021
+025,+021
+025,+021
+025,+021
+025,+021
+025,+021
+025,+021
+025,+021
+025,+021
+025,+021
+025,+021
+025,+021
+023,+021
+023,+021
+023,+021
+023,+021
+023,+021
+023,+021
+023,+021
+023,+021
+023,+021
+023,+021
+023,+021
+023,+021
+023,+019
+023,+019
+023,+019
+025,+019
+025,+019
+025,+019
+025,+019
+025,+019
+025,+019
+025,+019
+025,+019
+025,+019
+027,+019
+027,+019
+027,+019
+027,+019
+027,+019
+030,+019
+030,+019
+030,+019
+030,+019
+032,+021
+032,+021
+032,+021
+032,+021
+032,+021
+032,+021
+034,+021
+034,+021
+034,+021
+034,+021
+036,+021
+036,+021
+036,+021
+036,+023
+036,+023
+036,+023
+036,+023
+038,+023
+038,+023
+038,+023
+038,+023
+038,+023
+038,+023
+040,+023
+040,+025
+040,+025
+040,+025
+040,+025
+040,+025
+040,+025
+040,+025
+040,+025
+040,+025
+040,+027
+040,+027
+040,+027
+040,+027
+040,+027
+040,+027
+040,+027
+040,+027
+040,+027
+040,+027
+040,+029
+040,+029
+040,+029
+040,+029
+038,+029
+038,+029
+038,+029
+038,+029
+038,+029
+038,+029
+036,+029
+036,+031
+036,+031
+036,+031
+036,+031
+036,+031
+036,+031
+036,+031
+036,+031
+036,+031
+036,+031
+034,+033
+034,+033
+034,+033
+034,+033
+034,+033
+034,+033
+034,+033
+034,+033
+034,+033
+034,+033
+034,+033
+034,+033
+034,+033
+034,+033
+034,+033
+034,+033
+034,+033
+034,+033
+034,+033
+034,+033
+034,+033
+034,+033
+034,+033
+034,+033
+036,+033
+036,+033
+036,+033
+036,+033
+036,+033
+036,+033
+036,+033
+036,+033
+036,+033
+036,+033
+036,+033
+036,+033
+036,+033
+036,+033
+036,+033
+036,+033
+036,+033
+036,+033
+036,+033
+036,+033
+036,+033
+036,+033
+036,+033
+036,+033
+036,+033
+036,+031
+036,+031
+036,+031
+036,+031
+036,+031
+036,+031
+036,+031
+036,+031
+036,+031
+036,+031
+036,+031
+036,+031
+036,+031
+036,+031
+036,+031
+036,+031
+036,+031
+036,+031
+034,+031
+034,+031
+034,+031
+034,+031
+034,+031
+034,+031
+034,+031
+034,+029
+034,+029
+034,+029
+034,+029
+034,+029
+034,+029
+034,+029
+034,+029
+034,+029
+032,+029
+032,+029
+032,+029
+032,+029
+032,+029
+032,+027
+032,+027
+032,+027
+032,+027
+032,+027
+030,+027
+030,+027
+030,+027
+030,+027
+030,+027
+030,+027
+028,+027
+028,+027
+028,+025
+028,+025
+028,+025
+028,+025
+028,+025
+028,+025
+026,+025
+026,+025
+026,+025
+026,+025
+026,+025
+026,+025
+026,+025
+026,+025
+026,+025
+026,+025
+024,+025
+024,+025
+024,+027
+024,+027
+026,+027
+026,+027
+026,+027
+026,+027
+026,+027
+026,+027
+026,+027
+026,+027
+026,+027
+026,+027
+026,+027
+028,+027
+028,+027
+028,+027
+028,+027
+028,+027
+028,+029
+030,+029
+030,+029
+030,+029
+030,+029
+030,+029
+030,+029
+030,+029
+032,+029
+032,+029
+032,+029
+032,+029
+032,+029
+032,+029
+034,+029
+034,+029
+034,+029
+034,+029
+034,+029
+034,+029
+034,+029
+034,+029
+034,+029
+034,+029
+036,+029
+036,+029
+036,+029
+036,+029
+036,+029
+036,+029
+036,+029
+036,+029
+036,+029
+036,+029
+036,+029
+036,+029
+036,+029
+036,+029
+036,+029
+036,+029
+036,+029
+036,+029
+036,+029
+036,+029
+036,+029
+036,+029
+036,+029
+036,+029
+038,+029
+038,+029
+038,+029
+038,+029
+038,+029
+038,+029
+038,+029
+038,+029
+038,+029
+038,+029
+038,+029
+038,+029
+038,+029
+038,+029
+038,+029
+038,+029
+038,+029
+038,+029
+038,+029
+038,+029
+038,+029
+038,+029
+036,+029
+036,+029
+036,+029
+036,+029
+036,+029
+036,+029
+036,+029
+036,+029
+034,+027
+034,+027
+034,+027
+034,+027
+034,+027
+034,+027
+034,+027
+034,+027
+034,+027
+034,+027
+034,+027
+034,+027
+034,+027
+034,+027
+034,+027
+034,+027
+034,+027
+034,+027
+034,+027
+034,+027
+036,+027
+036,+027
+036,+027
+036,+027
+036,+027
+036,+027
+036,+027
+036,+027
+036,+025
+036,+025
+036,+025
+036,+025
+036,+025
+036,+025
+036,+025
+036,+025
+036,+025
+036,+025
+036,+025
+036,+025
+036,+025
+036,+025
+036,+025
+036,+023
+036,+023
+036,+023
+036,+023
+038,+023
+038,+023
+038,+023
+038,+023
+038,+023
+038,+023
+038,+023
+038,+023
+038,+023
+038,+023
+038,+023
+038,+023
+038,+023
+040,+023
+040,+023
+040,+023
+040,+023
+040,+023
+040,+023
+040,+023
+040,+023
+040,+023
+040,+023
+040,+023
+040,+023
+040,+023
+040,+023
+040,+023
+040,+023
+040,+023
+040,+023
+040,+023
+040,+023
+040,+023
+040,+023
+040,+023
+040,+023
+040,+023
+040,+023
+040,+023
+040,+023
+040,+023
+040,+023
+040,+023
+040,+023
+040,+023
+040,+023
+040,+023
+040,+023
+040,+023
+040,+023
+040,+023
+040,+023
+040,+023
+040,+023
+040,+023
+040,+023
+040,+023
+040,+023
+040,+023
+040,+023
+038,+023
+038,+023
+038,+023
+038,+023
+038,+023
+038,+023
+038,+023
+038,+023
+038,+023
+036,+023
+036,+023
+036,+023
+036,+023
COP Area(S): 002749
COP Area(R): 004728