+000,-000
+000,-000
+000,-000
+000,-000
+000,-000
+000,-000
+000,-000
+000,-000
+000,-000
+000,-000
+000,-000
+000,-000
+000,-000
+000,-000
+000,-000
+000,-000
+000,-000
+000,-000
+000,-000
+000,-000
+000,-000
+000,-000
+000,-000
+000,-000
+000,-000
+000,-000
+000,-000
+000,-000
+000,-000
+000,-000
+000,-000
+000,-003
+000,-003
+000,-003
+000,-003
+000,-003
+000,-003
+000,-003
+000,-003
+000,-003
+000,-003
+000,-003
+000,-003
+000,-003
+000,-003
+000,-003
+000,-003
+000,-006
+000,-006
+002,-006
+002,-006
+002,-006
+002,-006
+002,-006
+002,-006
+002,-006
+002,-006
+002,-006
+002,-009
+002,-009
+002,-009
+002,-009
+002,-009
+002,-009
+002,-009
+002,-009
+002,-009
+002,-009
+002,-009
+002,-009
+002,-009
+002,-009
+002,-009
+002,-009
+002,-009
+002,-009
+002,-009
+002,-009
+002,-012
+002,-011
+002,-011
+000,-011
+000,-011
+000,-011
+000,-011
+000,-011
+000,-011
+000,-011
+000,-011
+000,-011
+000,-011
+000,-011
+000,-011
+000,-011
+000,-011
+000,-011
+002,-011
+002,-011
+002,-011
+002,-011
+002,-011
+002,-011
+002,-014
+002,-013
+002,-013
+002,-013
+002,-013
+002,-013
+002,-013
+002,-013
+002,-013
+002,-013
+002,-013
+004,-013
+004,-013
+004,-013
+004,-013
+004,-013
+004,-013
+004,-013
+004,-013
+004,-013
+004,-013
+004,-013
+004,-013
+004,-013
+004,-013
+004,-013
+004,-013
+006,-013
+006,-013
+006,-013
+006,-013
+006,-013
+006,-013
+006,-013
+006,-013
+006,-013
+006,-013
+006,-013
+006,-013
+006,-013
+006,-013
+006,-013
+006,-013
+006,-013
+006,-013
+006,-013
+008,-013
+008,-013
+008,-013
+008,-013
+008,-013
+008,-013
+008,-013
+008,-013
+008,-013
+008,-013
+008,-013
+008,-013
+008,-013
+008,-016
+008,-015
+008,-015
+008,-015
+008,-015
+008,-015
+008,-015
+008,-015
+008,-015
+008,-015
+008,-015
+008,-015
+008,-015
+008,-015
+008,-015
+008,-015
+008,-015
+008,-015
+008,-015
+008,-015
+008,-015
+008,-015
+008,-015
+008,-015
+008,-015
+008,-015
+008,-015
+008,-015
+008,-015
+008,-015
+008,-015
+008,-015
+008,-015
+008,-015
+008,-015
+008,-015
+008,-015
+008,-015
+008,-015
+008,-015
+008,-015
+008,-015
+008,-015
+008,-015
+008,-015
+008,-015
+008,-015
+008,-015
+008,-015
+008,-015
+008,-015
+008,-015
+008,-015
+008,-015
+008,-015
+008,-015
+008,-015
+008,-015
+008,-015
+008,-015
+008,-015
+008,-015
+008,-015
+008,-015
+008,-015
+008,-015
+008,-015
+008,-018
+008,-017
+008,-017
+008,-017
+008,-017
+008,-017
+008,-017
+008,-017
+008,-017
+008,-017
+008,-017
+008,-017
+008,-017
+008,-017
+008,-017
+008,-017
+008,-017
+008,-017
+008,-017
+008,-017
+008,-017
+006,-017
+006,-017
+006,-017
+006,-017
+006,-017
+006,-017
+006,-017
+006,-017
+006,-017
+006,-017
+006,-017
+006,-017
+006,-017
+006,-017
+006,-017
+006,-017
+006,-017
+006,-017
+006,-017
+006,-017
+006,-017
+006,-017
+006,-017
+006,-017
+006,-017
+006,-017
+006,-017
+006,-017
+006,-017
+006,-017
+006,-017
+006,-017
+006,-017
+006,-017
+006,-017
+006,-017
+006,-017
+006,-017
+006,-017
+006,-017
+006,-017
+006,-017
+006,-017
+006,-017
+006,-017
+006,-017
+006,-017
+006,-017
+006,-017
+006,-017
+006,-017
+006,-017
+006,-017
+006,-017
+006,-017
+006,-017
+006,-017
+006,-017
+006,-017
+006,-017
+006,-017
+006,-017
+006,-017
+006,-017
+006,-017
+006,-017
+006,-020
+006,-020
+006,-020
+006,-020
+006,-020
+006,-020
+006,-020
+006,-020
+006,-020
+006,-020
+006,-020
+006,-020
+006,-020
+006,-020
+006,-020
+006,-020
+006,-020
+006,-020
+006,-020
+006,-020
+006,-020
+006,-020
+006,-020
+006,-020
+006,-020
+006,-020
+006,-023
+006,-023
+006,-023
+006,-023
+006,-023
+006,-023
+006,-023
+006,-023
+006,-023
+006,-023
+006,-023
+006,-023
+006,-023
+006,-023
+006,-023
+006,-023
+006,-023
+006,-023
+006,-023
+006,-023
+006,-023
+006,-023
+006,-023
+006,-023
+006,-023
+004,-023
+004,-023
+004,-023
+004,-023
+004,-023
+004,-023
+004,-023
+004,-023
+004,-023
+004,-023
+004,-023
+004,-023
+004,-023
+004,-023
+004,-023
+004,-023
+004,-023
+004,-023
+004,-023
+004,-022
+004,-022
+004,-022
+004,-022
+004,-022
+004,-022
+004,-022
+004,-022
+004,-022
+004,-022
+004,-022
+004,-021
+004,-021
+004,-021
+004,-021
+004,-021
+004,-021
+004,-021
+004,-021
+004,-021
+004,-021
+004,-021
+004,-021
+004,-020
+004,-020
+004,-020
+004,-020
+004,-020
+004,-020
+004,-020
+004,-020
+002,-020
+002,-020
+002,-020
+002,-019
+002,-019
+002,-019
+002,-019
+002,-019
+002,-019
+002,-018
+002,-018
+002,-018
+002,-018
+002,-018
+002,-018
+002,-017
+002,-017
+002,-017
+002,-017
+002,-017
+002,-016
+002,-016
+002,-016
+002,-015
+002,-015
+002,-015
+002,-015
+002,-015
+002,-015
+002,-015
+002,-014
+002,-014
+002,-014
+002,-013
+002,-013
+002,-013
+002,-013
+002,-013
+002,-013
+002,-012
+004,-012
+004,-012
+004,-012
+004,-012
+004,-011
+004,-011
+004,-011
+004,-011
+004,-011
+004,-011
+004,-010
+004,-010
+004,-010
+004,-010
+004,-010
+004,-010
+004,-010
+004,-009
+006,-009
+006,-009
+006,-009
+006,-009
+006,-009
+006,-009
+006,-009
+006,-009
+006,-008
+006,-008
+006,-008
+006,-008
+006,-008
+006,-008
+006,-008
+006,-008
+006,-008
+006,-008
+006,-008
+006,-008
+008,-008
+008,-008
+008,-008
+008,-008
+008,-008
+008,-008
+008,-008
+008,-008
+008,-008
+008,-011
+008,-011
+008,-011
+008,-011
+010,-011
+010,-011
+010,-011
+010,-011
+010,-011
+010,-011
+010,-011
+010,-011
+010,-011
+010,-011
+010,-011
+010,-011
+010,-011
+010,-011
+010,-014
+010,-014
+010,-014
+010,-014
+010,-014
+010,-014
+010,-014
+010,-014
+010,-014
+010,-014
+010,-014
+010,-014
+010,-014
+010,-014
+010,-014
+010,-014
+010,-014
+010,-014
+010,-014
+010,-014
+010,-014
+010,-014
+010,-014
+010,-014
+010,-014
+010,-014
+010,-014
+010,-014
+010,-014
+010,-014
+010,-014
+010,-014
+010,-014
+010,-014
+010,-014
+010,-014
+010,-014
+010,-014
+010,-014
+010,-014
+010,-014
+010,-014
+010,-014
+010,-014
+010,-014
+010,-014
+010,-014
+010,-014
+010,-014
+010,-014
+010,-014
+010,-014
+010,-014
+010,-014
+010,-014
+010,-014
+010,-014
+010,-014
+010,-014
+010,-014
+010,-014
+010,-014
+010,-014
+010,-014
+010,-014
+010,-014
+010,-014
+010,-014
+010,-013
+010,-013
+010,-013
+010,-013
+010,-013
+010,-013
+010,-013
+010,-013
+010,-013
+010,-013
+010,-013
+010,-013
+010,-013
+010,-013
+010,-013
+010,-013
+010,-013
+010,-013
+010,-013
+010,-013
+010,-013
+010,-013
+010,-013
+010,-012
+010,-012
+010,-012
+010,-012
+010,-012
+010,-012
+010,-012
+010,-012
+010,-012
+010,-012
+010,-012
+010,-011
+010,-011
+010,-011
+010,-011
+010,-011
+010,-011
+010,-011
+010,-011
+010,-011
+010,-011
+010,-011
+010,-011
+010,-011
+010,-011
+010,-011
+010,-011
+010,-011
+010,-011
+010,-011
+010,-011
+010,-011
+010,-011
+010,-011
+010,-011
+010,-011
+010,-011
+010,-011
+010,-011
+010,-011
+010,-011
+010,-011
+010,-011
+010,-011
+010,-011
+010,-011
+010,-011
+010,-011
+010,-011
+010,-011
+010,-011
+010,-011
+010,-011
+010,-011
+010,-011
+010,-011
+010,-011
+010,-011
+008,-011
+008,-011
+008,-011
+008,-011
+008,-011
+008,-011
+008,-011
+008,-011
+008,-011
+008,-011
+008,-011
+008,-011
+008,-011
+008,-011
+008,-011
+008,-011
+008,-011
+008,-011
+008,-011
+008,-011
+008,-011
+008,-014
+006,-013
+006,-013
+006,-013
+006,-013
+006,-013
+006,-013
+006,-013
+006,-013
+006,-013
+006,-013
+006,-013
+006,-013
+006,-013
+006,-013
+006,-013
+006,-013
+006,-013
+006,-013
+006,-013
+006,-013
+006,-013
+008,-013
+008,-013
+008,-013
+008,-013
+008,-013
+008,-013
+008,-013
+008,-013
+008,-013
+008,-013
+008,-013
+008,-013
+008,-013
+008,-013
+008,-013
+008,-013
+008,-013
+008,-013
+008,-013
+008,-013
+008,-013
+008,-013
+008,-013
+008,-013
+008,-013
+008,-013
+008,-013
+008,-013
+008,-013
+008,-013
+008,-013
+010,-013
+010,-013
+010,-013
+010,-013
+010,-013
+010,-013
+010,-013
+010,-013
+010,-013
+010,-013
+010,-013
+010,-013
+010,-013
+010,-013
+010,-013
+012,-013
+012,-013
+012,-013
+012,-013
+012,-013
+012,-013
+012,-013
+012,-013
+012,-013
+012,-013
+012,-013
+013,-013
+013,-013
+013,-013
+013,-013
+013,-013
+013,-013
+013,-013
+013,-013
-014,-013
-014,-013
-014,-013
-014,-013
-014,-013
-014,-013
-014,-013
-014,-013
-014,-013
-014,-016
-014,-016
-014,-016
-014,-016
-014,-016
-014,-016
-014,-016
-014,-016
-014,-016
-014,-016
-014,-016
-014,-016
-014,-016
-014,-016
-014,-016
-014,-016
-014,-016
-014,-016
-014,-016
-014,-016
-014,-016
-014,-016
-014,-016
-014,-016
-014,-016
-014,-016
+012,-016
+012,-016
+012,-016
+012,-016
+012,-016
+012,-016
+012,-016
+012,-016
+012,-016
+012,-015
+012,-015
+012,-015
+012,-015
+012,-015
+012,-015
+012,-015
+012,-015
+012,-015
+012,-015
+012,-015
+012,-015
+012,-015
+012,-015
+012,-015
+012,-014
+012,-014
+012,-014
+012,-014
+012,-014
+012,-014
+012,-014
+012,-014
+012,-014
+012,-014
+012,-014
+012,-014
+010,-014
+010,-014
+010,-014
+010,-014
+010,-014
+010,-014
+010,-014
+010,-014
+010,-014
+010,-014
+010,-014
+010,-014
+010,-014
+010,-014
+010,-014
+010,-014
+010,-014
+010,-014
+010,-014
+010,-014
+010,-014
+010,-014
+010,-014
+010,-014
+010,-014
+010,-014
+010,-014
+010,-014
+010,-014
+010,-014
+010,-014
+010,-014
+010,-014
+010,-014
+010,-014
+010,-014
+008,-014
+008,-014
+008,-014
+008,-014
+008,-014
+008,-014
+008,-014
+008,-014
+008,-014
+008,-014
+008,-014
+008,-014
+008,-014
+008,-014
+008,-014
+008,-014
+008,-014
+008,-014
+008,-014
+008,-014
+008,-014
+008,-014
+008,-014
+008,-017
+008,-017
+008,-017
+008,-017
+008,-017
+008,-017
+008,-017
+008,-017
+008,-017
+008,-017
+008,-017
+008,-017
+008,-017
+008,-017
+008,-017
+008,-017
+008,-017
+008,-017
+008,-017
+008,-017
+008,-017
+008,-017
+008,-017
+008,-017
+008,-017
+008,-017
+008,-017
+006,-017
+006,-017
+006,-017
+006,-017
+006,-017
+006,-017
+006,-017
+006,-017
+006,-017
+006,-020
+006,-020
+006,-019
+006,-019
+006,-019
+006,-019
+006,-019
+006,-019
+006,-019
+006,-019
+006,-019
+006,-019
+006,-019
+006,-019
+006,-019
+006,-019
+006,-019
+006,-019
+006,-019
+006,-019
+006,-019
+006,-019
+006,-019
+006,-019
+006,-019
+006,-019
+006,-019
+006,-019
+006,-019
+006,-019
+006,-019
+006,-019
+006,-019
+006,-019
+006,-019
+006,-019
+006,-019
+006,-019
+006,-019
+006,-019
+006,-019
+006,-019
+006,-019
+006,-019
+006,-019
+006,-019
+006,-019
+006,-019
+006,-019
+006,-019
+006,-019
+006,-019
+006,-019
+006,-019
+006,-019
+006,-018
+006,-018
+006,-018
+006,-018
+006,-018
+006,-018
+006,-018
+006,-018
+006,-018
+006,-018
+006,-018
+006,-018
+006,-018
+006,-017
+006,-017
+006,-017
+006,-017
+006,-017
+006,-017
+006,-017
+006,-017
+006,-017
+006,-017
+006,-017
+006,-017
+006,-017
+006,-017
+006,-016
+006,-016
+006,-016
+006,-016
+006,-016
+006,-016
+006,-016
+006,-015
+006,-015
+006,-015
+006,-015
+006,-015
+006,-015
+006,-015
+006,-015
+008,-015
+008,-015
+008,-015
+008,-015
+008,-015
+008,-015
+008,-015
+008,-015
+008,-015
+008,-015
+008,-015
+008,-015
+008,-014
+008,-014
+008,-014
+008,-014
+008,-014
+008,-014
+008,-014
+008,-014
+008,-014
+008,-014
+008,-014
+008,-014
+008,-014
+008,-014
+008,-014
+008,-014
+008,-014
+008,-014
+008,-014
+008,-014
+008,-014
+008,-014
+008,-014
+008,-014
+008,-014
+008,-014
+008,-014
+008,-014
+008,-014
+008,-014
+008,-014
+008,-014
+008,-014
+008,-014
+008,-014
+008,-014
+008,-014
+008,-014
+010,-014
+010,-014
+010,-014
+010,-014
+010,-014
+010,-014
+010,-014
+010,-014
+010,-014
+010,-014
+010,-014
+010,-014
+010,-014
+010,-014
+010,-014
+010,-014
+010,-014
+010,-014
+010,-014
+010,-014
+010,-014
+010,-014
+010,-014
+010,-014
+010,-014
+010,-014
+010,-014
+010,-014
+010,-014
+010,-014
+010,-014
+010,-014
+010,-014
+010,-014
+010,-014
+010,-014
+010,-014
+010,-014
+010,-014
+010,-014
+010,-014
+010,-014
+010,-014
+010,-014
+010,-014
+010,-017
+010,-017
+012,-016
+012,-016
+012,-016
+012,-016
+012,-016
+012,-016
+012,-016
+012,-016
+012,-016
+012,-016
+012,-016
+012,-016
+012,-016
+012,-016
+012,-016
+012,-016
+012,-016
+012,-016
+012,-016
+012,-016
+012,-016
+012,-016
+012,-016
+012,-016
+012,-016
+012,-016
+012,-016
+012,-016
+012,-016
+012,-016
+012,-016
+012,-016
+012,-016
+012,-016
+012,-016
+012,-016
+012,-016
+012,-016
+012,-016
+012,-016
+012,-016
+012,-016
+012,-016
+012,-016
+012,-016
+012,-016
+012,-016
+012,-016
+012,-016
+012,-016
+012,-016
+012,-016
+012,-016
+012,-016
+012,-016
+012,-016
+012,-016
+012,-016
+012,-016
+012,-016
+012,-016
+012,-016
+012,-016
+012,-016
+012,-016
+012,-016
+012,-016
+012,-016
+012,-016
+012,-016
+012,-016
+012,-016
+012,-016
+012,-016
+012,-019
+012,-018
+012,-018
+012,-018
+012,-018
+012,-018
+012,-018
+012,-018
+012,-018
+012,-018
+012,-018
+012,-018
+012,-018
+012,-018
+012,-018
+012,-018
+012,-018
+012,-018
+012,-018
+012,-018
+012,-018
+012,-018
+012,-018
+012,-018
+012,-018
+012,-018
+012,-018
+012,-018
+012,-018
+012,-018
+012,-018
+012,-018
+012,-018
+012,-018
+012,-018
+012,-018
+012,-018
+012,-017
+012,-017
+012,-017
+012,-017
+012,-017
+012,-017
+012,-017
+012,-017
+012,-017
+012,-017
+012,-017
+012,-017
+012,-017
+012,-017
+012,-017
+012,-017
+012,-017
+012,-017
+012,-017
+012,-017
+012,-017
+012,-017
+012,-017
+012,-017
+012,-017
+012,-017
+012,-017
+012,-017
+012,-017
+012,-016
+012,-016
+012,-016
+012,-016
+012,-016
+012,-016
+012,-016
+012,-016
+010,-016
+010,-016
+010,-016
+010,-016
+010,-016
+010,-016
+010,-016
+010,-016
+010,-016
+010,-016
+010,-016
+010,-016
+010,-016
+010,-016
+010,-016
+010,-016
+010,-015
+010,-015
+010,-015
+010,-015
+010,-015
+010,-015
+010,-015
+008,-014
+008,-014
+008,-014
+008,-014
+008,-014
+008,-014
+008,-014
+008,-014
+008,-014
+008,-014
+008,-014
+008,-014
+008,-014
+008,-014
+008,-014
+008,-014
+008,-014
+008,-014
+008,-014
+008,-014
+008,-014
+008,-014
+008,-014
+008,-014
+008,-014
+008,-014
+008,-014
+008,-014
+008,-014
+008,-014
+008,-014
+008,-014
+008,-014
+008,-014
+008,-014
+008,-014
+008,-014
+008,-014
+008,-014
+008,-014
+008,-014
+008,-014
+008,-014
+008,-014
+008,-014
+010,-014
+010,-014
+010,-014
+010,-014
+010,-014
+010,-014
+010,-014
+010,-014
+010,-014
+010,-014
+010,-014
+010,-014
+010,-014
+010,-014
+010,-014
+010,-014
+010,-014
+010,-014
+010,-014
+010,-014
+010,-014
+010,-014
+010,-014
+010,-014
+010,-014
+010,-014
+010,-014
+012,-014
+012,-014
+012,-014
+012,-014
+012,-014
+012,-014
+012,-014
+012,-014
+012,-014
+012,-014
+012,-014
+012,-014
+012,-014
+012,-017
+012,-016
+012,-016
+012,-016
+012,-016
+012,-016
+012,-016
+012,-016
+012,-016
+012,-016
+012,-016
+012,-016
+012,-016
+012,-016
+012,-016
+012,-016
+012,-016
+012,-016
+012,-016
+012,-016
+012,-016
+012,-016
+012,-016
+012,-016
+012,-016
+012,-016
+012,-016
+012,-016
+012,-016
+012,-016
+012,-016
+012,-016
+012,-016
+012,-016
+012,-016
+012,-016
+012,-016
+012,-016
+012,-016
+012,-016
+012,-016
+012,-016
+012,-016
+012,-016
+012,-016
+012,-016
+012,-016
+012,-016
+012,-016
+012,-016
+012,-016
+012,-016
+012,-016
+012,-016
+012,-016
+012,-016
+012,-016
+012,-016
+012,-016
+012,-016
+012,-016
+012,-016
+012,-016
+012,-016
+012,-016
+012,-016
+012,-016
+012,-016
+012,-016
+012,-016
+012,-016
+012,-016
+012,-016
+012,-016
+012,-016
+012,-016
+012,-016
+012,-016
+012,-016
+012,-016
+012,-016
+012,-016
+012,-016
+012,-016
+012,-016
+012,-016
+012,-016
+012,-016
+012,-016
+012,-016
+012,-016
+012,-016
+010,-016
+010,-016
+010,-016
+010,-016
+010,-016
+010,-016
+010,-016
+010,-016
+010,-016
+010,-016
+010,-016
+010,-016
+010,-016
+010,-016
+010,-016
+010,-016
+010,-016
+010,-016
+010,-016
+010,-016
+010,-016
+010,-016
+010,-016
+010,-016
+010,-016
+010,-016
+010,-016
+010,-016
+010,-016
+010,-016
+010,-016
+010,-016
+010,-016
+010,-016
+010,-016
+010,-016
+010,-016
+010,-016
+010,-016
+010,-016
+010,-016
+010,-016
+010,-016
+010,-016
+010,-016
+010,-016
+010,-016
+010,-016
+010,-016
+010,-016
+010,-016
+010,-016
+010,-016
+010,-016
+010,-016
+010,-016
+010,-016
+010,-016
+010,-016
+010,-016
+010,-016
+010,-016
+010,-016
+010,-016
+010,-016
+010,-016
+010,-016
+010,-016
+010,-016
+010,-016
+010,-016
+010,-016
+010,-016
+010,-016
+010,-016
+010,-016
+010,-016
+010,-016
+010,-016
+010,-016
+010,-016
+010,-016
+010,-016
+010,-016
+010,-016
+010,-019
+010,-018
+010,-018
+010,-018
+010,-018
+010,-018
+010,-018
+010,-018
+010,-018
+010,-018
+010,-018
+010,-018
+010,-018
+010,-018
+010,-018
+010,-018
+010,-018
+010,-018
+010,-018
+010,-018
+010,-018
+010,-018
+010,-018
+010,-018
+010,-018
+010,-018
+010,-018
+010,-018
+010,-018
+010,-018
+010,-018
+010,-018
+010,-018
+010,-018
+010,-018
+010,-017
+010,-017
+010,-017
+010,-017
+010,-017
+010,-017
+010,-017
+010,-017
+010,-017
+010,-017
+010,-017
+010,-017
+010,-017
+010,-017
+010,-017
+010,-017
+010,-017
+010,-017
+010,-017
+010,-017
+010,-017
+010,-017
+010,-017
+010,-017
+010,-017
+010,-017
+010,-017
+010,-017
+010,-017
+010,-017
+012,-017
+012,-017
+012,-017
+012,-017
+012,-017
+012,-017
+012,-017
+012,-017
+012,-017
+012,-017
+012,-017
+012,-017
+012,-017
+012,-017
+012,-017
+012,-017
+012,-017
+012,-017
+012,-017
+012,-017
+012,-017
+012,-017
+012,-017
+012,-017
+012,-017
+012,-017
+012,-017
+012,-017
+012,-017
+012,-017
+012,-017
+013,-017
+013,-017
+013,-017
+013,-017
+013,-017
+013,-017
+013,-017
+013,-017
+013,-017
+013,-017
+013,-017
+013,-017
+013,-017
+013,-017
+013,-017
+013,-017
-014,-017
-014,-017
-014,-017
-014,-017
-014,-017
-014,-017
-014,-017
-014,-017
-014,-017
-014,-017
-014,-017
-014,-017
-014,-017
-014,-017
-014,-017
-014,-017
-014,-017
-014,-017
-014,-017
-014,-020
-014,-020
-014,-020
-014,-020
-014,-020
-014,-020
-014,-020
-014,-020
-014,-020
-014,-020
-014,-020
-014,-020
-014,-020
-014,-020
-014,-020
-014,-020
-014,-020
-014,-020
-014,-020
-014,-020
-014,-020
-014,-020
-014,-020
-014,-020
-014,-020
-014,-020
-015,-020
-015,-020
-015,-020
-015,-020
-015,-020
-015,-020
-015,-020
-015,-020
-015,-020
-015,-020
-015,-020
-015,-020
-015,-020
-015,-020
-015,-020
-015,-020
-015,-020
-015,-020
-015,-020
-015,-020
-015,-020
-015,-020
-015,-020
-015,-020
-015,-020
-015,-020
-015,-020
-015,-020
-015,-020
-016,-020
-016,-020
-016,-020
-016,-020
-016,-020
-016,-020
-016,-020
-016,-020
-016,-020
-016,-020
-016,-020
-016,-020
-016,-020
-016,-020
-016,-020
-016,-020
-016,-020
-016,-020
-016,-020
-016,-020
-016,-020
-016,-020
-016,-020
-016,-020
-016,-020
-016,-020
-016,-020
-016,-020
-016,-020
-016,-020
-016,-020
-016,-020
-016,-020
-016,-020
-016,-020
-016,-020
-016,-020
-016,-020
-016,-020
-016,-020
-016,-020
-016,-020
+013,-020
+013,-020
+013,-020
+013,-020
+013,-020
+013,-020
+013,-020
+013,-020
+013,-020
+013,-020
+013,-020
+013,-020
+013,-020
+013,-020
+013,-020
+013,-020
+013,-020
+013,-020
+013,-020
+013,-020
+013,-020
+013,-020
+013,-020
+013,-020
+013,-020
+013,-020
+013,-020
+013,-020
+013,-020
+013,-020
+013,-020
+013,-020
+013,-020
+013,-020
+013,-020
+013,-020
+013,-020
+013,-020
+013,-020
+013,-020
+013,-020
+013,-020
+013,-020
+013,-020
+013,-020
+013,-023
+013,-022
+013,-022
+013,-022
+013,-022
+013,-022
+013,-022
+013,-022
+013,-022
+013,-022
+013,-022
+013,-022
+013,-022
+013,-022
+013,-022
+013,-022
+013,-022
+013,-022
+013,-022
+013,-022
+013,-022
+013,-022
+013,-022
+013,-022
+013,-022
+013,-022
+013,-022
+013,-022
+013,-022
+013,-022
+013,-022
+013,-022
+013,-022
+013,-022
+013,-022
+013,-022
+013,-022
+013,-022
+013,-022
+013,-022
+013,-025
+013,-025
+013,-025
+013,-025
+013,-025
+013,-025
+013,-025
+013,-025
+013,-025
+013,-025
+013,-025
+013,-025
+013,-025
+013,-025
+013,-025
+013,-025
+013,-025
+013,-025
+013,-025
+013,-025
+013,-025
+013,-025
+013,-025
+013,-025
+013,-025
+013,-025
+013,-025
+013,-025
+013,-025
+013,-025
+013,-025
+013,-025
+013,-025
+013,-025
+013,-025
+013,-025
+013,-025
+013,-025
+013,-025
+013,-025
+013,-025
+013,-025
+011,-025
+011,-025
+011,-025
+011,-025
+011,-025
+011,-025
+011,-025
+011,-025
+011,-025
+011,-025
+011,-025
+011,-025
+011,-025
+011,-025
+011,-025
+011,-025
+011,-025
+011,-025
+011,-025
+011,-025
+011,-025
+011,-025
+011,-025
+011,-025
+011,-025
+011,-025
+011,-025
+011,-025
+011,-025
+011,-025
+011,-025
+011,-025
+011,-025
+011,-025
+011,-025
+011,-025
+011,-025
+011,-025
+011,-025
+011,-025
+011,-025
+011,-025
+011,-025
+011,-025
+011,-025
+011,-025
+011,-025
+011,-025
+011,-025
+011,-025
+011,-025
+011,-025
+011,-025
+011,-025
+011,-025
+011,-025
+011,-025
+011,-025
+011,-025
+011,-025
+011,-025
+011,-025
+011,-025
+011,-025
+011,-025
+011,-025
+011,-025
+011,-025
+011,-025
+011,-025
+011,-024
+011,-024
+011,-024
+011,-024
+011,-024
+011,-024
+011,-024
+011,-024
+011,-024
+011,-024
+011,-024
+009,-024
+009,-024
+009,-024
+009,-024
+009,-024
+009,-023
+009,-023
+009,-023
+009,-023
+009,-023
+009,-023
+009,-023
+009,-023
+009,-023
+009,-023
+009,-023
+009,-023
+009,-023
+009,-023
+009,-022
+009,-022
+009,-022
+009,-022
+009,-022
+009,-022
+009,-022
+009,-022
+009,-022
+009,-022
+009,-022
+009,-022
+009,-022
+009,-022
+009,-022
+009,-022
+009,-022
+009,-022
+009,-022
+009,-022
+009,-021
+009,-021
+009,-021
+009,-021
+009,-021
+009,-021
+009,-021
+009,-021
+009,-021
+009,-021
+009,-021
+009,-021
+009,-021
+009,-021
+009,-021
+009,-021
+009,-021
+009,-021
+009,-021
+009,-021
+009,-021
+009,-021
+009,-021
+009,-021
+009,-021
+009,-021
+009,-021
+009,-021
+009,-021
+009,-021
+009,-021
+009,-021
+009,-021
+009,-021
+009,-021
+009,-021
+009,-020
+009,-020
+009,-020
+009,-020
+009,-020
+009,-020
+009,-020
+009,-020
+009,-020
+009,-020
+009,-020
+009,-020
+009,-020
+009,-020
+009,-020
+009,-020
+009,-020
+009,-020
+009,-020
+009,-020
+009,-019
+009,-019
+009,-019
+011,-019
+011,-019
+011,-019
+011,-019
+011,-019
+011,-019
+011,-019
+011,-019
+011,-019
+011,-019
+011,-019
+011,-019
+011,-019
+011,-019
+011,-018
+011,-018
+011,-018
+011,-018
+011,-018
+011,-018
+011,-018
+011,-018
+011,-018
+011,-018
+011,-018
+011,-018
+011,-018
+011,-018
+011,-018
+011,-018
+011,-018
+011,-017
+011,-017
+011,-017
+011,-017
+011,-017
+011,-017
+011,-017
+011,-017
+011,-017
+011,-017
+011,-017
+011,-017
+011,-017
+011,-017
+011,-017
+011,-017
+011,-017
+011,-017
+011,-017
+011,-017
+011,-017
+013,-017
+013,-017
+013,-017
+013,-017
+013,-017
+013,-016
+013,-016
+013,-016
+013,-016
+013,-016
+013,-016
+013,-016
+013,-016
+013,-016
+013,-016
+013,-016
+013,-016
+013,-016
+013,-016
+013,-016
+013,-016
+013,-016
+013,-016
+013,-016
+013,-016
+013,-016
+013,-016
+013,-016
+013,-016
+013,-016
+013,-016
+013,-016
+013,-015
+013,-015
+013,-015
+013,-015
+013,-015
+013,-015
+013,-015
+013,-015
+013,-015
+013,-015
+013,-015
+013,-015
+013,-015
+013,-015
+013,-015
+013,-015
+013,-015
+013,-015
+013,-015
+013,-015
+013,-015
+013,-015
+013,-015
+013,-015
+013,-015
+013,-015
+013,-015
+013,-015
+013,-015
+013,-015
+013,-015
+013,-015
+013,-015
+013,-015
+013,-015
+013,-015
+013,-018
+013,-018
+013,-018
+013,-018
+013,-018
+013,-018
+013,-018
+013,-018
+013,-018
+013,-018
+013,-018
+013,-018
+013,-018
+013,-018
+013,-018
+013,-018
+013,-018
+013,-018
+013,-018
+013,-018
+013,-018
+013,-018
+013,-018
+013,-018
+013,-018
+013,-018
+013,-018
+013,-018
+013,-018
+013,-018
+013,-018
+013,-018
+013,-018
+013,-018
+013,-018
+013,-018
+013,-018
+013,-018
+013,-018
+013,-018
+013,-018
+013,-018
+013,-018
+013,-018
+013,-018
+013,-018
+013,-018
+013,-018
+013,-018
+013,-018
+013,-018
+013,-018
+013,-018
+013,-018
+013,-018
+013,-018
+013,-018
+013,-018
+013,-018
+013,-018
+013,-018
+013,-018
+013,-018
+013,-018
+013,-018
+013,-018
+013,-018
+013,-018
+013,-018
+013,-018
+013,-018
+013,-018
+013,-018
+013,-018
+013,-018
+013,-018
+013,-018
+013,-018
+013,-018
+013,-018
+013,-018
+013,-018
+013,-018
+013,-018
+013,-018
+013,-018
+013,-018
+013,-018
+013,-018
+013,-018
+013,-018
+013,-017
+013,-017
+013,-017
+013,-017
+013,-017
+013,-017
+013,-017
+013,-017
+013,-017
+013,-017
+013,-017
+013,-017
+013,-017
+013,-017
+013,-017
+013,-017
+013,-017
+013,-017
+013,-017
+011,-017
+011,-017
+011,-017
+011,-017
+011,-017
+011,-017
+011,-017
+011,-017
+011,-017
+011,-017
+011,-017
+011,-017
+011,-017
+011,-017
+011,-017
+011,-017
+011,-017
+011,-017
+011,-017
+011,-017
+011,-017
+011,-017
+011,-017
+011,-017
+011,-017
+011,-017
+011,-017
+011,-017
+011,-017
+011,-017
+011,-017
+011,-017
+011,-017
+011,-017
+011,-017
+011,-017
+011,-017
+011,-017
+011,-017
+011,-017
+011,-020
+011,-019
+011,-019
+011,-019
+011,-019
+011,-019
+011,-019
+011,-019
+011,-019
+011,-019
+011,-019
+011,-019
+011,-019
+011,-019
+011,-019
+011,-019
+011,-019
+011,-019
+011,-019
+011,-019
+011,-019
+011,-019
+011,-019
+011,-019
+011,-019
+011,-019
+011,-019
+011,-019
+011,-019
+011,-019
+011,-019
+011,-019
+011,-019
+011,-019
+011,-019
+011,-019
+011,-019
+011,-019
+011,-019
+011,-019
+011,-019
+011,-019
+011,-019
+011,-019
+011,-019
+011,-019
+011,-019
+011,-019
+011,-019
+011,-019
+011,-019
+011,-019
+011,-019
+011,-019
+011,-019
+011,-019
+011,-019
+011,-019
+011,-019
+011,-019
+011,-019
+011,-019
+011,-019
+011,-019
+011,-019
+011,-019
+011,-019
+011,-019
+011,-019
+011,-019
+011,-019
+011,-019
+011,-019
+011,-019
+011,-019
+011,-019
+011,-019
+011,-019
+011,-019
+011,-019
+011,-019
+011,-019
+011,-019
+011,-019
+011,-019
+011,-019
+011,-019
+011,-019
+011,-019
+011,-019
+011,-019
+011,-019
+011,-019
+011,-019
+011,-019
+011,-019
+011,-019
+011,-019
+011,-019
+011,-019
+011,-019
+011,-019
+011,-019
+011,-019
+011,-019
+011,-019
+011,-019
+011,-019
+011,-019
+011,-019
+011,-019
+011,-019
+011,-019
+011,-019
+011,-019
+011,-019
+011,-019
+011,-019
+011,-019
+011,-019
+011,-019
+011,-019
+011,-019
+011,-019
+011,-019
+011,-019
+011,-019
+011,-019
+011,-019
+011,-019
+013,-019
+013,-019
+013,-019
+013,-019
+013,-019
+013,-019
+013,-019
+013,-019
+013,-019
+013,-019
+013,-019
+013,-018
+013,-018
+013,-018
+013,-018
+013,-018
+013,-018
+013,-018
+013,-018
+013,-018
+013,-018
+013,-018
+013,-018
+013,-018
+013,-018
+013,-018
+013,-018
+013,-018
+013,-018
+013,-018
+013,-018
+013,-018
+013,-018
+013,-018
+013,-018
+013,-018
+013,-018
+013,-018
+013,-018
+013,-018
+013,-018
+013,-018
+013,-018
+013,-018
+013,-018
+013,-018
+013,-018
+013,-018
+013,-017
+013,-017
+013,-017
+013,-017
+013,-017
+013,-017
+013,-017
+013,-017
+013,-017
+013,-017
+013,-017
+013,-017
+013,-017
+013,-017
+013,-017
+013,-017
+013,-017
+013,-017
+013,-017
+013,-017
+013,-017
+013,-017
+013,-017
+013,-017
+013,-017
+013,-017
+013,-017
+013,-017
+013,-017
+013,-017
+013,-017
+013,-017
+013,-017
+013,-017
+013,-017
+013,-017
+013,-017
+013,-017
+013,-017
+013,-017
+013,-017
+013,-017
+013,-017
+013,-017
+013,-017
+013,-017
+013,-017
+013,-017
+013,-017
+013,-017
+013,-017
+013,-017
+013,-017
+013,-017
+013,-017
+013,-017
+013,-017
+013,-017
+013,-017
+013,-017
+013,-017
+013,-017
+013,-017
+013,-017
+013,-017
+013,-017
+013,-017
+013,-017
+013,-017
+013,-017
+013,-017
+013,-017
+013,-017
+013,-017
+013,-017
+013,-017
+013,-016
+013,-016
+013,-016
+013,-016
+013,-016
+013,-016
+013,-016
+013,-016
+013,-016
+013,-016
+013,-016
+013,-016
+013,-016
+013,-016
+013,-016
+013,-016
+013,-015
+013,-015
+013,-015
+013,-015
+013,-015
+013,-015
+013,-015
+013,-015
+013,-015
+013,-015
+013,-015
+013,-015
+013,-015
+013,-015
+013,-015
+013,-015
+013,-015
+013,-015
+013,-015
+013,-015
+013,-015
+013,-015
+013,-015
+013,-015
+013,-015
+013,-015
+013,-015
+013,-015
+013,-015
+013,-015
+013,-015
+013,-015
+013,-015
+013,-015
+013,-015
+013,-015
+013,-015
+013,-015
+013,-015
+013,-015
+013,-015
+013,-015
+013,-015
+013,-015
+013,-015
+013,-015
+013,-015
+013,-015
+013,-015
+013,-015
+013,-015
+013,-015
+013,-015
+013,-015
+013,-015
+013,-015
+013,-015
+013,-015
+013,-015
+013,-015
+013,-015
+013,-015
+013,-015
+013,-015
+013,-015
+013,-015
+013,-015
+013,-015
+013,-015
+013,-015
+013,-015
+013,-015
+013,-015
+013,-015
+013,-015
+013,-015
+013,-015
+013,-015
+013,-015
+013,-015
+013,-015
+013,-015
+013,-015
+013,-015
+013,-015
+013,-015
+013,-015
+013,-015
+013,-015
+013,-015
+013,-015
+013,-015
+013,-015
+013,-015
+013,-015
+013,-015
+013,-015
+013,-015
+013,-015
+013,-015
+013,-015
+013,-015
+013,-015
+013,-015
+013,-015
+013,-015
+013,-015
+013,-015
+013,-015
+013,-015
+013,-015
+013,-015
+013,-015
+013,-015
+013,-015
+013,-015
+013,-015
+013,-015
+013,-015
+013,-015
+013,-015
+013,-015
+013,-015
+013,-015
+013,-015
+013,-015
+013,-015
+013,-015
+013,-015
-014,-015
-014,-015
-014,-015
-014,-015
-014,-015
-014,-015
-014,-015
-014,-015
-014,-015
-014,-015
-014,-015
-014,-015
-014,-015
-014,-015
-014,-015
-014,-015
-014,-015
-014,-015
-014,-015
-014,-015
-014,-015
-014,-015
-014,-015
-014,-015
-014,-015
-014,-015
-014,-015
-014,-015
-014,-015
-014,-015
-014,-015
-014,-015
-014,-015
-014,-015
-014,-015
-014,-015
-014,-015
-014,-015
-014,-015
-014,-015
-014,-015
-014,-015
-014,-015
-014,-015
-014,-015
-014,-015
-014,-015
-014,-015
-014,-015
-014,-015
-014,-015
-014,-015
-014,-015
-014,-015
-014,-015
-014,-015
-014,-015
-014,-015
-014,-015
-014,-015
-014,-018
-014,-018
-014,-018
-014,-018
-014,-018
-014,-018
-014,-018
-014,-018
-014,-018
-014,-018
-014,-018
-014,-018
-014,-018
-014,-018
-014,-018
-014,-018
-014,-018
-014,-018
-014,-018
-014,-018
-014,-018
-014,-018
-014,-018
-014,-018
-014,-018
-014,-018
-014,-018
-014,-021
-014,-021
-014,-021
-014,-021
-014,-021
-014,-021
-014,-021
-014,-021
-014,-021
-014,-021
-014,-021
-014,-021
-014,-021
-014,-021
-014,-021
-014,-021
-014,-021
-014,-021
-014,-021
-014,-021
-014,-021
-014,-021
-014,-021
-014,-021
-014,-021
-014,-021
-014,-021
-014,-021
-014,-021
-014,-021
-014,-021
-014,-021
-014,-021
-014,-021
-014,-021
-014,-021
-014,-021
-014,-021
-014,-021
-014,-021
-014,-021
-014,-021
-014,-021
-014,-021
-014,-021
-014,-021
-014,-021
-014,-021
-014,-021
-014,-021
-014,-021
-014,-021
-014,-021
-014,-021
-014,-021
-014,-021
-014,-021
-014,-021
-014,-021
-014,-021
-014,-021
-014,-021
-014,-021
-014,-021
-014,-021
-014,-021
-014,-021
-014,-021
-014,-021
-014,-021
-014,-021
-014,-021
-014,-021
-014,-021
-014,-021
-014,-021
-014,-021
-014,-021
-014,-020
-014,-020
-014,-020
-014,-020
-014,-020
-014,-020
-014,-020
-014,-020
-014,-020
-014,-019
-014,-019
-014,-019
-014,-019
-014,-019
-014,-019
-014,-019
-014,-019
-014,-019
-014,-019
-014,-019
-014,-018
-014,-018
-014,-018
-014,-018
-014,-018
-014,-018
-014,-017
-014,-017
-014,-017
-014,-017
-014,-017
-014,-017
-014,-017
-014,-017
-014,-017
-014,-016
-014,-016
-014,-016
-014,-016
-014,-016
-014,-016
-014,-016
-014,-016
-014,-016
-014,-015
-014,-015
-014,-015
-014,-015
-014,-015
-014,-015
-014,-015
-014,-015
-014,-015
-014,-015
-014,-015
-014,-015
-014,-015
-014,-015
-014,-015
-014,-015
-014,-014
-014,-014
-014,-014
-014,-014
-014,-014
-014,-014
-014,-014
-014,-014
-014,-014
-014,-014
-014,-014
-014,-014
-014,-014
-014,-014
-014,-014
-014,-014
-014,-014
-014,-014
-014,-014
-014,-014
-014,-014
-014,-014
-014,-014
-014,-014
-014,-014
-014,-014
-014,-014
-014,-014
-014,-014
-014,-014
-014,-014
-014,-014
-014,-014
-014,-014
-014,-014
-014,-014
-014,-014
-014,-014
-014,-014
-014,-014
-014,-014
-014,-014
-014,-014
-014,-014
-014,-014
-014,-014
-014,-014
-014,-014
-014,-014
-015,-014
-015,-014
-015,-014
-015,-014
-015,-014
-015,-014
-015,-014
-015,-014
-015,-014
-015,-014
-015,-014
-015,-014
-015,-014
-015,-014
-015,-014
-015,-014
-015,-014
-015,-014
-015,-014
-015,-014
-015,-014
-015,-014
-015,-014
-015,-014
-015,-014
-015,-014
-015,-014
-015,-014
-015,-014
-015,-014
-015,-014
-015,-014
-015,-014
-015,-014
-015,-014
-015,-014
-015,-014
-015,-014
-015,-014
-015,-014
-016,-014
-016,-014
-016,-014
-016,-017
-016,-016
-016,-016
-016,-016
-016,-016
-016,-016
-016,-016
-016,-016
-016,-016
-016,-016
-016,-016
-016,-016
-016,-016
-016,-016
-016,-016
-016,-016
-016,-016
-016,-016
-016,-016
-016,-016
-016,-016
-016,-016
-016,-016
-016,-016
-016,-016
-016,-016
-016,-016
-016,-016
-016,-016
-016,-016
-016,-016
-016,-016
-016,-016
-016,-016
-016,-016
-016,-016
-016,-016
-016,-016
-016,-016
-016,-016
-016,-016
-016,-016
-016,-016
-016,-016
-016,-016
-016,-016
-016,-016
-016,-016
-016,-016
-016,-019
-016,-019
-016,-019
-016,-018
-016,-018
-016,-018
-016,-018
-016,-018
-016,-018
-016,-018
-016,-018
-016,-018
-016,-018
-016,-018
-016,-018
-016,-018
-016,-018
-016,-018
-016,-018
-016,-018
-016,-018
-016,-018
-016,-018
-016,-018
-016,-018
-016,-018
-016,-018
-016,-018
-016,-018
-016,-018
-016,-018
-016,-018
-016,-018
-016,-018
-016,-018
-016,-018
-016,-018
-016,-018
-016,-018
-016,-018
-016,-018
-016,-018
-016,-018
-016,-018
-016,-018
-016,-018
-016,-018
-016,-018
-016,-018
-016,-018
-016,-018
-016,-018
-016,-018
-016,-018
-016,-018
-016,-018
-016,-018
-016,-018
-016,-018
-016,-018
-016,-018
-016,-018
-016,-018
-016,-018
-016,-018
-016,-018
-016,-018
-016,-018
-016,-018
-016,-018
-016,-018
-016,-018
-016,-018
-016,-018
-016,-018
-016,-018
-016,-017
-016,-017
-016,-017
-016,-017
-016,-017
-016,-017
-016,-017
-016,-017
-016,-017
-016,-017
-016,-017
-016,-017
-016,-017
-016,-017
-016,-017
-016,-017
-016,-017
-016,-017
-016,-017
-016,-017
-016,-017
-016,-017
-016,-017
-016,-017
-016,-017
-016,-017
-016,-017
-016,-017
-016,-017
-016,-017
-016,-017
-016,-017
-016,-017
-016,-017
-016,-017
-016,-017
-016,-017
-016,-017
-016,-020
-016,-019
-016,-019
-016,-019
-016,-019
-016,-019
-016,-019
-016,-019
-016,-019
-016,-019
-016,-019
-016,-019
-016,-019
-016,-019
-016,-019
-016,-019
-016,-019
-016,-019
-016,-019
-016,-019
-016,-019
-016,-019
-016,-019
-016,-019
-016,-019
-016,-019
-016,-019
-016,-022
-016,-022
-016,-022
-016,-022
-016,-022
-016,-022
-016,-022
-016,-022
-016,-022
-016,-022
-016,-022
-016,-022
-016,-022
-016,-022
-016,-022
-016,-022
-016,-022
-016,-022
-016,-022
-016,-022
-016,-022
-016,-022
-016,-022
-016,-022
-016,-022
-016,-022
-016,-022
-016,-022
-016,-022
-016,-022
-016,-022
-016,-022
-016,-022
-016,-022
-016,-022
-016,-022
-016,-022
-016,-022
-016,-022
-016,-022
-016,-022
-016,-025
-016,-025
-016,-025
-016,-025
-016,-025
-016,-025
-016,-025
-016,-025
-016,-025
-016,-025
-016,-025
-016,-025
-016,-025
-016,-025
-016,-025
-016,-025
-016,-025
-016,-025
-016,-025
+013,-025
-014,-025
-014,-025
-014,-025
-014,-025
-014,-025
-014,-025
-014,-025
-014,-025
-014,-025
-014,-025
-014,-025
-014,-025
-014,-025
-014,-025
-014,-025
-014,-025
-014,-025
-014,-025
-014,-025
-014,-025
-014,-025
-014,-025
-014,-025
-014,-025
-014,-025
-014,-025
-014,-025
-014,-025
-014,-025
-014,-025
-014,-024
-014,-024
-014,-024
-014,-024
-014,-024
-014,-024
-014,-024
-014,-024
-014,-024
-014,-024
-014,-024
-014,-024
-014,-024
-014,-024
-014,-024
-014,-024
-014,-024
-014,-023
-014,-023
-014,-023
+012,-023
+012,-023
+012,-023
+012,-023
+012,-023
+012,-023
+012,-023
+012,-023
+012,-023
+012,-023
+012,-022
+012,-022
+012,-022
+012,-022
+012,-022
+012,-022
+012,-022
+012,-022
+012,-022
+012,-022
+012,-022
+012,-022
+012,-022
+012,-022
+012,-021
+012,-021
+012,-021
+012,-021
+012,-021
+012,-021
+012,-021
+012,-021
+012,-021
+012,-021
+012,-021
+012,-021
+012,-021
+012,-020
+012,-020
+012,-020
+012,-020
+012,-020
+012,-020
+012,-020
+012,-020
+012,-020
+012,-020
+012,-020
+012,-020
+012,-020
+012,-020
+012,-020
+012,-020
+012,-020
+012,-019
+012,-019
+012,-019
+012,-019
+012,-019
+012,-019
+012,-019
+012,-019
+012,-019
+012,-019
+012,-019
+012,-019
+012,-019
+012,-019
+012,-019
+012,-019
+012,-019
+012,-019
+012,-019
+012,-019
+012,-019
+012,-019
+012,-019
+012,-019
+012,-019
+012,-019
+012,-019
+012,-019
+012,-019
+012,-019
+012,-019
+012,-019
+012,-019
+012,-019
+012,-019
+012,-019
+012,-019
+012,-019
+012,-019
+012,-019
+012,-019
+012,-019
+012,-019
+012,-019
+012,-019
+012,-019
+012,-019
+012,-019
+012,-019
+012,-019
+012,-019
+012,-019
+012,-019
+012,-019
+012,-019
+012,-019
+012,-019
+012,-019
+012,-019
+012,-019
+012,-019
+012,-019
+012,-019
+012,-019
+012,-019
+012,-019
+012,-019
+012,-019
+012,-019
+012,-019
+012,-019
+012,-019
+012,-019
+012,-019
+012,-019
+012,-019
+012,-019
+012,-019
+012,-019
+012,-019
+012,-019
+012,-019
+012,-019
+012,-019
+012,-019
+012,-019
+012,-019
+012,-019
+012,-019
+012,-019
+012,-019
+012,-019
+012,-019
+012,-019
+012,-019
+012,-019
+012,-019
+012,-019
+012,-019
+012,-019
+012,-019
+012,-019
+012,-019
+012,-019
+012,-019
+012,-019
+012,-019
+012,-019
+012,-019
+012,-019
+012,-019
+012,-019
+012,-019
+012,-019
+012,-019
+012,-019
+012,-019
+012,-019
+012,-019
+012,-019
+012,-019
+012,-019
+012,-019
+012,-019
+012,-019
+012,-019
+012,-019
+012,-019
+012,-019
+012,-019
+012,-019
+012,-019
+012,-019
+012,-019
+012,-019
+012,-019
+012,-019
+012,-019
+012,-019
+012,-019
+012,-019
+012,-019
+012,-019
+012,-019
+012,-019
+012,-019
+012,-019
+012,-019
+012,-019
+012,-019
+012,-019
+012,-019
+012,-019
+012,-019
+012,-019
+012,-019
+012,-019
+012,-019
+012,-019
+012,-018
+012,-018
+012,-018
+012,-018
+012,-017
+012,-017
+012,-017
+012,-017
+012,-017
+012,-017
+012,-017
+012,-017
+012,-017
+012,-017
+012,-016
+012,-016
+012,-016
+012,-016
+012,-016
+012,-016
+012,-015
+012,-015
+012,-015
+012,-015
+012,-015
+012,-015
+012,-015
+012,-014
+012,-014
+012,-014
+012,-014
+012,-014
+012,-014
+012,-013
+012,-013
+012,-013
+012,-013
+012,-013
+012,-013
+012,-013
+012,-013
+012,-013
+012,-013
+012,-013
+012,-013
+012,-013
+012,-013
+012,-012
+012,-012
+012,-012
+012,-012
+012,-012
+012,-012
+012,-012
+012,-012
+012,-012
+013,-012
+013,-012
+013,-011
+013,-011
+013,-011
+013,-011
+013,-011
+013,-011
+013,-011
+013,-011
+013,-011
+013,-011
+013,-011
+013,-011
+013,-011
+013,-011
-014,-011
-014,-011
-014,-011
-014,-011
-014,-011
-014,-011
-014,-011
-014,-011
-014,-011
-014,-011
-014,-011
-014,-011
-014,-011
-014,-011
-014,-011
-014,-011
-014,-011
-014,-011
-014,-011
-014,-011
-014,-011
-014,-011
-014,-011
-014,-011
-015,-011
-015,-011
-015,-011
-015,-011
-015,-011
-015,-011
-015,-011
-015,-011
-015,-010
-015,-010
-015,-010
-015,-010
-015,-010
-015,-010
-015,-010
-015,-010
-015,-010
-015,-010
-015,-010
-015,-010
-015,-010
-015,-009
-015,-009
-015,-009
-015,-009
-015,-009
-015,-009
-015,-009
-015,-009
-015,-009
-016,-009
-016,-009
-016,-009
-016,-009
-016,-009
-016,-009
-016,-009
-016,-009
-016,-009
-016,-009
-016,-009
-016,-009
-016,-009
-016,-009
-016,-009
-016,-009
-016,-009
-016,-009
-016,-009
-016,-009
-016,-009
-016,-009
-016,-009
-016,-009
-016,-009
-016,-009
-016,-009
-016,-009
-016,-009
-016,-009
-016,-009
-016,-009
-016,-009
-016,-009
-016,-009
-016,-009
-016,-009
-016,-009
-016,-009
-016,-009
-016,-009
-016,-009
-016,-009
-016,-009
-016,-009
-016,-009
-016,-009
-016,-009
-016,-009
-016,-009
-016,-009
-016,-009
-016,-009
-016,-009
-016,-009
-016,-009
-016,-009
-016,-009
-016,-009
-016,-009
-016,-009
-016,-009
-016,-009
-016,-009
-016,-009
-016,-009
-016,-009
-016,-009
-016,-008
-016,-008
-016,-008
-016,-008
-016,-008
-016,-008
-016,-008
-016,-007
-016,-007
-016,-007
-016,-007
-016,-007
-017,-007
-017,-007
-017,-006
-017,-006
-017,-006
-017,-006
-017,-006
-017,-006
-017,-005
-017,-005
-017,-005
-017,-005
-017,-005
-017,-005
-017,-005
-018,-005
-018,-005
-018,-005
-018,-005
-018,-005
-018,-005
-018,-005
-018,-004
-018,-004
-018,-004
-018,-004
-018,-004
-018,-004
-018,-004
-018,-004
-018,-004
-018,-004
-018,-004
-018,-004
-018,-004
-018,-004
-018,-004
-018,-004
-018,-004
-018,-004
-018,-004
-018,-004
-018,-004
-019,-004
-019,-007
-019,-006
-019,-006
-019,-006
-019,-006
-019,-006
-019,-006
-019,-006
-019,-006
-019,-006
-019,-006
-019,-006
-019,-006
-019,-006
-019,-006
-019,-006
-019,-006
-019,-006
-019,-006
-019,-006
-019,-006
-019,-006
-019,-009
-019,-009
-019,-009
-019,-009
-019,-009
-019,-009
-019,-009
-019,-009
-019,-009
-019,-009
-019,-009
-019,-009
-019,-009
-019,-009
-019,-009
-019,-009
-019,-009
-020,-009
-020,-009
-020,-009
-020,-009
-020,-009
-020,-009
-020,-009
-020,-009
-020,-009
-020,-009
-020,-009
-020,-009
-020,-009
-020,-012
-020,-012
-020,-012
-020,-012
-020,-012
-020,-012
-020,-012
-020,-012
-020,-012
-020,-012
-020,-012
-020,-012
-020,-012
-020,-012
-020,-012
-020,-012
-020,-012
-020,-012
-020,-012
-020,-012
-020,-012
-020,-012
-020,-012
-020,-012
-020,-012
-017,-012
-017,-012
-017,-012
-017,-012
-017,-012
-017,-012
-017,-012
-017,-012
-017,-012
-017,-012
-017,-012
-017,-012
-017,-012
-017,-012
-017,-012
-017,-012
-017,-012
-017,-012
-017,-012
-017,-012
-017,-012
-014,-012
-014,-012
-014,-012
-014,-012
-014,-012
-014,-012
-014,-012
-014,-012
-014,-012
-014,-012
-014,-012
-014,-012
-014,-012
-014,-011
-014,-011
-014,-011
-014,-011
-014,-011
-014,-011
+012,-011
+012,-010
+012,-010
+012,-010
+012,-010
+012,-010
+012,-010
+012,-010
+012,-009
+012,-009
+012,-009
+012,-009
+012,-009
+012,-009
+012,-008
+012,-008
+012,-008
+012,-008
+012,-007
+012,-007
+010,-007
+010,-007
+010,-007
+010,-007
+010,-007
+010,-007
+010,-006
+010,-006
COP Area(S): 000738
COP Area(R): 001234