+000,+000
+000,+000
-010,+013
+000,+000
+000,+000
+000,+000
+000,+000
+000,+000
+000,+000
+000,+000
+000,+000
+000,+000
+000,+000
+000,+000
+000,+000
+000,+000
+000,+000
+000,+000
+002,+000
+002,+000
+002,+000
+002,+000
+002,+000
+002,+000
+002,+000
+002,+000
+002,+000
+002,+000
+004,+000
+004,+000
+004,+000
+004,+000
+004,+000
+004,+000
+004,+000
+006,+000
+006,+000
+006,+000
+006,+000
+006,+000
+008,+000
+008,+000
+008,+000
+008,+000
+008,+000
+008,+002
+008,+002
+010,+002
+010,+002
+010,+002
+010,+004
+010,+004
+012,+004
+012,+004
+012,+004
+012,+006
+012,+006
+012,+006
+012,+006
+012,+006
+012,+006
+012,+006
+012,+008
+012,+008
+012,+008
+012,+008
+012,+008
+012,+008
+012,+008
+012,+008
+012,+008
+010,+008
+010,+008
+010,+008
+010,+008
+010,+010
+010,+010
+010,+010
+010,+010
+010,+010
+010,+010
+008,+010
+008,+010
+008,+010
+008,+010
+005,+013
+005,+013
+005,+013
+005,+013
+005,+013
+005,+013
+005,+013
+003,+013
+003,+015
+003,+015
+003,+015
+003,+015
+001,+015
+001,+015
+001,+015
+001,+015
+001,+015
+001,+015
+001,+015
+001,+015
+001,+015
+001,+017
+001,+017
+001,+017
+001,+017
+001,+017
+001,+017
+001,+017
+001,+017
+001,+017
+001,+017
+001,+017
+001,+017
+001,+017
+001,+019
+001,+019
+001,+019
+001,+019
+001,+019
+001,+019
+001,+019
+001,+019
+001,+019
+001,+019
+001,+019
+001,+019
+001,+019
+001,+019
+001,+019
+001,+019
+001,+019
+001,+019
+001,+019
+003,+021
+003,+021
+003,+021
+003,+021
+003,+021
+003,+021
+003,+021
+003,+021
+003,+021
+003,+021
+005,+021
+005,+021
+005,+021
+005,+021
+005,+021
+005,+021
+005,+021
+005,+021
+005,+021
+005,+021
+005,+021
+007,+021
+007,+021
+007,+021
+007,+021
+007,+021
+007,+021
+007,+021
+007,+021
+007,+021
+007,+021
+007,+021
+007,+021
+007,+021
+007,+023
+007,+023
+007,+023
+007,+023
+007,+023
+007,+023
+007,+023
+007,+023
+007,+023
+007,+023
+007,+023
+007,+023
+007,+023
+007,+023
+007,+023
+007,+023
+007,+023
+007,+023
+007,+023
+007,+023
+007,+023
+007,+023
+007,+023
+007,+023
+007,+023
+007,+023
+007,+023
+007,+023
+007,+023
+007,+023
+007,+023
+007,+023
+005,+023
+005,+023
+005,+023
+005,+023
+005,+023
+005,+023
+005,+023
+005,+023
+005,+023
+005,+023
+005,+023
+005,+023
+005,+023
+005,+023
+005,+023
+005,+023
+005,+023
+005,+023
+005,+023
+005,+023
+005,+023
+005,+023
+005,+023
+005,+023
+005,+023
+005,+023
+005,+023
+005,+023
+005,+023
+005,+023
+005,+023
+005,+023
+005,+023
+005,+023
+005,+023
+005,+023
+005,+021
+005,+021
+005,+021
+005,+021
+005,+021
+005,+021
+005,+021
+005,+021
+005,+021
+005,+021
+005,+019
+005,+019
+005,+019
+005,+019
+003,+019
+003,+019
+003,+019
+003,+019
+003,+019
+003,+019
+003,+019
+003,+019
+003,+019
+003,+019
+003,+019
+003,+019
+003,+019
+003,+019
+003,+019
+003,+019
+003,+019
+003,+019
+003,+019
+003,+019
+003,+019
+003,+019
+003,+019
+003,+019
+003,+019
+003,+019
+003,+019
+003,+019
+003,+019
+003,+019
+003,+019
+003,+019
+003,+021
+003,+021
+003,+021
+003,+021
+003,+021
+003,+021
+003,+021
+003,+021
+003,+021
+003,+021
+003,+021
+003,+021
+003,+021
+003,+021
+003,+021
+001,+023
+001,+023
+001,+023
+001,+023
+001,+023
+001,+023
+001,+023
+001,+023
+001,+023
+001,+023
+001,+023
+001,+023
+001,+023
+001,+023
+001,+023
+001,+023
+001,+023
+001,+023
+001,+024
+001,+024
+001,+024
+001,+024
+003,+024
+003,+024
+003,+024
+003,+024
+003,+024
+003,+024
+003,+024
+003,+024
+003,+024
+003,+024
+003,+024
+003,+024
+005,+024
+005,+024
+005,+024
+005,+024
+005,+024
+005,+024
+005,+024
+005,+024
+005,+024
+005,+024
+005,+024
+005,+024
+005,+024
+005,+024
+005,+024
+007,+024
+007,+024
+007,+024
+007,+024
+007,+024
+007,+024
+007,+024
+007,+024
+007,+024
+007,+024
+007,+024
+007,+024
+007,+024
+007,+024
+007,+024
+007,+024
+007,+024
+007,+024
+007,+024
+007,+024
+007,+024
+007,+024
+007,+024
+007,+024
+007,+024
+007,+024
+007,+024
+007,+024
+007,+024
+007,+024
+007,+022
+007,+022
+007,+022
+007,+022
+007,+022
+007,+022
+007,+022
+007,+022
+007,+022
+007,+022
+007,+020
+007,+020
+007,+020
+007,+020
+007,+020
+007,+020
+007,+020
+007,+020
+007,+020
+007,+018
+007,+018
+007,+018
+007,+018
+007,+018
+007,+018
+007,+018
+007,+018
+007,+018
+007,+018
+007,+018
+007,+018
+007,+018
+007,+018
+007,+018
+007,+018
+007,+018
+007,+018
+007,+018
+007,+018
+007,+018
+008,+018
+008,+018
+008,+018
+008,+018
+008,+018
+008,+018
+008,+018
-009,+018
-009,+018
-009,+018
-009,+018
-009,+018
-010,+018
-010,+018
-010,+018
-011,+018
-011,+018
-011,+018
-011,+018
-011,+018
-011,+018
-011,+018
-012,+018
-012,+018
-012,+018
-012,+018
-012,+018
-012,+018
-012,+018
-012,+018
-012,+018
-013,+018
-013,+018
-013,+018
-013,+018
-013,+018
-013,+018
-013,+018
-013,+018
-013,+018
-013,+018
-013,+020
-013,+020
-013,+020
-013,+020
-013,+020
-013,+020
-013,+020
-013,+020
-010,+020
-010,+020
-010,+020
-010,+020
-010,+020
-010,+020
-010,+020
-010,+020
-010,+020
-010,+020
-010,+020
-010,+020
-010,+022
-010,+022
-010,+022
-010,+022
-010,+022
-010,+022
-010,+022
-010,+022
-010,+024
-010,+024
-010,+024
-010,+024
-010,+024
-010,+024
-010,+024
-010,+024
-010,+024
-010,+024
-010,+024
-010,-025
-010,-025
-010,-025
-010,-025
-010,-025
-010,-025
-010,-025
-010,-025
-010,-025
-010,-025
-010,-025
-010,-025
-010,-025
-010,-025
-010,-025
-010,-025
-010,-025
-011,-025
-011,-025
-011,-025
-013,-027
-014,-028
-015,-029
-015,-029
-015,-029
-015,-029
-015,-029
-016,-029
-016,-030
-017,-030
-018,-030
-018,-030
-018,-030
-019,-030
-020,-031
-020,-031
-020,-031
-021,-031
-021,-031
-022,-032
-022,-032
-022,-032
-022,-032
-023,-032
-023,-032
-023,-032
-023,-033
-024,-033
-024,-033
-024,-033
-024,-033
-024,-033
-025,-033
-025,-033
-025,-033
-025,-033
-025,-033
-025,-033
-025,-033
-025,-033
-026,-033
-026,-033
-026,-033
-026,-033
-026,-033
-026,-033
-026,-033
-026,-033
-026,-033
-026,-033
-026,-033
-026,-033
-026,-033
-023,-033
-023,-033
-023,-033
-023,-033
-023,-033
-023,-033
-023,-033
-023,-033
-023,-033
-023,-033
-023,-033
-023,-033
-023,-033
-023,-033
-023,-033
-020,-033
-020,-033
-020,-033
-020,-033
-020,-033
-020,-030
-020,-030
-020,-031
-020,-031
-020,-031
-020,-031
-020,-031
-020,-031
-020,-031
-017,-031
-017,-031
-017,-031
-017,-031
-017,-031
-017,-031
-017,-031
-017,-031
-017,-031
-017,-031
-017,-031
-017,-031
-017,-031
-017,-031
-014,-031
-014,-028
-014,-028
-014,-028
-011,-025
-011,-025
-011,-025
-011,-025
-011,-025
-011,-025
-011,-025
-011,-025
-011,-025
-011,-025
-011,-025
-011,-025
-011,-025
-011,-025
-011,-025
-011,-025
-011,-025
-011,-025
-011,-025
-011,-025
-011,-025
-011,-025
-011,-025
-011,-025
-011,-025
-011,-025
-011,-025
-011,-025
-011,-025
-011,-025
-011,-025
-011,-025
-011,-025
-011,-025
-011,-025
-011,-025
-011,-025
-011,-025
-011,-025
-011,-025
-011,-025
-011,-025
-011,-025
-011,-025
-011,-025
-011,-025
-011,-025
-011,-025
-011,-025
-011,-025
-011,-025
-011,-025
-011,-025
-011,-025
-011,-025
-011,-025
-011,-025
-011,-025
-011,-025
-011,-025
-011,-025
-011,-025
-011,-025
-011,-025
-011,-025
-012,-025
-012,-025
-012,-025
-012,-025
-012,-025
-012,-025
-012,-025
-012,-025
-012,-025
-012,-025
-012,-025
-012,-025
-012,-025
-012,-025
-012,-025
-012,-025
-012,-025
-012,-025
-012,-025
-012,-025
-012,-025
-012,-025
-012,-025
-012,-025
-012,-025
-012,-025
-012,-025
-012,-025
-012,-025
-012,-025
-012,-025
-012,-025
-012,-025
-012,-025
-012,-025
-012,-025
-012,-025
-012,-025
-012,-025
-012,-025
-012,-025
-012,-025
-012,-025
-012,-025
-012,-026
-012,-026
-012,-026
-012,-026
-012,-026
-012,-026
-012,-026
-012,-026
-012,-026
-012,-026
-012,-026
-012,-026
-012,-026
-009,-026
-010,-026
-010,-026
-010,-026
-010,-026
-010,-026
-010,-027
-010,-027
-010,-027
-010,-027
-010,-027
-010,-027
-010,-027
-010,-027
-010,-027
-010,-027
-010,-027
-010,-027
-010,-027
-010,-027
-010,-027
-010,-027
-010,-027
-010,-027
-010,-027
-010,-027
-010,-027
-010,-027
-010,-027
-010,-027
-010,-027
-010,-027
-010,-027
-010,-027
-010,-027
-010,-027
-010,-027
-010,-027
-010,-027
-010,-027
-010,-027
-010,-028
-010,-028
-010,-028
-010,-028
-010,-028
-010,-028
-010,-028
-010,-028
-010,-028
-010,-028
-010,-028
-010,-029
-010,-031
-010,-031
-011,-031
-011,-031
-011,-032
-012,-032
-012,-032
-012,-032
-012,-032
-012,-032
-012,-032
-012,-032
-012,-032
-012,-032
-012,-032
-013,-032
-013,-033
-013,-033
-014,-033
-014,-033
-014,-033
-014,-034
-014,-034
-014,-034
-014,-034
-014,-035
-014,-035
-014,-035
-014,-035
-015,-035
-015,-036
-015,-036
-015,-036
-015,-037
-015,-037
-016,-037
-016,-038
-016,-038
-016,-038
-016,-039
-016,-039
-016,-039
-016,-039
-016,-040
-016,-040
-016,-040
-016,-040
-016,-040
-016,-040
-016,-040
-016,-041
-016,-041
-016,-041
-016,-042
-016,-042
-016,-042
-016,-042
-016,-042
-016,-042
-016,-042
-016,-043
-016,-043
-016,-043
-016,-043
-016,-044
-016,-044
-016,-044
-016,-044
-016,-044
-016,-044
-016,-044
-016,-044
-016,-044
-016,-045
-016,-045
-016,-045
-016,-045
-016,-045
-016,-045
-016,-045
-016,-045
-016,-045
-016,-045
-016,-045
-016,-045
-016,-045
-016,-046
-016,-046
-016,-046
-016,-046
-016,-046
-016,-046
-016,-046
-013,-046
-013,-046
-014,-046
-014,-046
-014,-046
-014,-046
-014,-046
-014,-046
-014,-047
-014,-047
-014,-047
-014,-047
-014,-047
-014,-047
-014,-047
-014,-047
-014,-047
-014,-047
-014,-047
-014,-047
-014,-047
-014,-047
-014,-047
-014,-047
-014,-048
-014,-048
-015,-048
-015,-048
-015,-048
-015,-048
-015,-048
-015,-048
-015,-048
-015,-048
-015,-048
-015,-048
-015,-048
-015,-049
-015,-049
-015,-049
-015,-049
-015,-049
-015,-049
-015,-049
-015,-050
-015,-050
-015,-050
-015,-050
-016,-050
-016,-050
-016,-051
-016,-051
-016,-051
-016,-051
-016,-051
-016,-052
-017,-052
-017,-053
-017,-053
-017,-054
-017,-054
-017,-055
-017,-057
-017,-058
-017,-059
-014,-059
-014,-059
-014,-059
-014,-060
-015,-060
-015,-060
-015,-061
-015,-061
-015,-061
-015,-062
-015,-062
-015,-062
-015,-062
-015,-062
-015,-062
-015,-062
-015,-062
-015,-062
-015,-062
-015,-062
-015,-062
-015,-062
-015,-062
-015,-062
-015,-062
-012,-062
-012,-062
-012,-062
-012,-062
-012,-062
-012,-062
-012,-062
-012,-062
-012,-062
-012,-062
-012,-062
-012,-059
-012,-059
-012,-059
-012,-059
-012,-059
-012,-059
-012,-059
-012,-059
-012,-056
-012,-056
-012,-056
-012,-056
-012,-056
-012,-056
-012,-056
-012,-053
-013,-053
-014,-053
-014,-053
-014,-053
-014,-053
-015,-050
-015,-050
-015,-050
-015,-050
-015,-050
-015,-050
-015,-050
-015,-050
-015,-050
-015,-050
-015,-050
-015,-050
-015,-050
-015,-050
-015,-050
-015,-050
-015,-050
-016,-050
-016,-050
-016,-050
-016,-050
-016,-050
-016,-050
-016,-050
-017,-050
-017,-050
-017,-050
-018,-050
-018,-050
-018,-050
-018,-047
-019,-047
-019,-047
-019,-047
-019,-047
-020,-047
-020,-047
-020,-047
-020,-047
-020,-047
-021,-047
-021,-047
-021,-047
-021,-047
-021,-047
-021,-047
-021,-047
-021,-047
-021,-047
-021,-047
-021,-044
-021,-045
-021,-045
-021,-045
-021,-045
-021,-045
-021,-045
-021,-045
-021,-045
-021,-045
-021,-045
-021,-045
-021,-045
-021,-045
-021,-045
-021,-045
-021,-045
-021,-045
-021,-045
-021,-045
-021,-045
-021,-045
-021,-045
-021,-045
-021,-045
-021,-045
-021,-045
-021,-045
-018,-045
-018,-045
-018,-045
-018,-045
-018,-045
-018,-045
-018,-045
-018,-045
-018,-045
-018,-045
-018,-045
-018,-045
-018,-045
-018,-045
-018,-045
-018,-045
-018,-045
-018,-045
-015,-045
-015,-045
-015,-045
-015,-042
-015,-042
-015,-042
-015,-042
-015,-042
-015,-042
-015,-042
-015,-042
-015,-042
-015,-042
-015,-042
-015,-042
-015,-042
-015,-042
-015,-039
-015,-039
-015,-039
-015,-039
-015,-039
-015,-039
-015,-039
-015,-039
-016,-039
-016,-039
-016,-036
-016,-036
-016,-036
-016,-036
-016,-036
-016,-036
-016,-036
-016,-036
-016,-036
-016,-033
-016,-033
-016,-033
-016,-033
-016,-033
-017,-033
-017,-033
-017,-033
-017,-033
-017,-033
-017,-033
-017,-033
-017,-033
-017,-033
-017,-033
-017,-033
-017,-033
-017,-033
-017,-033
-017,-033
-017,-033
-017,-033
-017,-033
-017,-033
-017,-033
-017,-033
-017,-033
-017,-033
-017,-033
-017,-033
-017,-033
-017,-033
-014,-033
-014,-033
-014,-033
-014,-033
-014,-033
-014,-033
-011,-033
-011,-029
-011,-029
-011,-029
+008,-029
+008,-030
+008,-030
+008,-030
+008,-030
+008,-030
+008,-030
+008,-030
+008,-030
+008,-030
+006,-030
+006,-031
+006,-031
+006,-031
+006,-031
+006,-031
+006,-031
+006,-031
+006,-031
+006,-031
+006,-031
+004,-032
+004,-032
+004,-032
+004,-032
+004,-032
+004,-032
+004,-032
+004,-032
+004,-032
+004,-032
+004,-032
+004,-032
+004,-032
+004,-032
+004,-032
+004,-032
+004,-032
+004,-032
+004,-032
+004,-032
+004,-032
+004,-032
+004,-032
+004,-032
+004,-032
+004,-032
+004,-033
+004,-033
+004,-033
+004,-033
+004,-033
+004,-033
+004,-033
+004,-033
+004,-033
+004,-033
+004,-033
+004,-033
+004,-033
+004,-033
+004,-033
+004,-033
+004,-033
+004,-033
+004,-033
+004,-033
+004,-033
+002,-033
+002,-033
+002,-033
+002,-033
+002,-033
+002,-033
+002,-033
+002,-033
+002,-033
+002,-033
+002,-034
+002,-034
+002,-034
+002,-034
+002,-034
+002,-034
+002,-034
+002,-034
+002,-034
+002,-034
+002,-034
+002,-034
+002,-034
+002,-034
+002,-034
+002,-034
+002,-035
+002,-035
+002,-035
+002,-035
+002,-035
+002,-035
+002,-035
+002,-036
+002,-036
+002,-036
+002,-036
+002,-036
+002,-036
+002,-036
+000,-036
+000,-037
+000,-038
+000,-038
+000,-038
+000,-038
+000,-038
+000,-038
+000,-038
+000,-038
+000,-038
+000,-038
+000,-038
+000,-039
+000,-039
+000,-039
+000,-039
+002,-039
+002,-039
+002,-039
+002,-039
+002,-039
+002,-039
+004,-039
+006,-040
+006,-040
+006,-041
+006,-041
+006,-041
+006,-041
+008,-042
+008,-042
+008,-042
+008,-043
+008,-043
+008,-043
+008,-043
+008,-043
+008,-044
-009,-044
-009,-044
-010,-044
-010,-045
-010,-045
-010,-045
-011,-045
-011,-045
-011,-045
-011,-045
-011,-045
-011,-045
-012,-045
-012,-045
-012,-045
-012,-045
-012,-045
-012,-045
-012,-045
-012,-045
-012,-045
-012,-045
-012,-045
-012,-045
-012,-045
-012,-045
-012,-045
-012,-045
-012,-045
-012,-045
-009,-042
-009,-042
-009,-042
-009,-042
-009,-042
-009,-042
-009,-042
-009,-042
-009,-042
-009,-042
-009,-042
-009,-042
-009,-042
-009,-042
-009,-042
-009,-039
-009,-039
-009,-039
-009,-039
-009,-039
-009,-039
-009,-039
-009,-039
-009,-039
-009,-039
-009,-039
-009,-039
-009,-039
-009,-039
-009,-039
-009,-039
-009,-039
-009,-039
-009,-039
-009,-039
-009,-039
-009,-039
-009,-039
-009,-039
-009,-039
-009,-039
-009,-039
-009,-039
-009,-039
-009,-036
-009,-036
-009,-036
-009,-036
-009,-036
-009,-036
-009,-036
-009,-036
-009,-036
-009,-036
-009,-036
-009,-036
-009,-036
-009,-036
-009,-036
-010,-036
-010,-036
-010,-036
-010,-036
-010,-036
-010,-036
-010,-036
-010,-036
-010,-036
-010,-036
-011,-036
-011,-036
-011,-036
-011,-036
-011,-036
-011,-036
-011,-036
-011,-036
-011,-036
-011,-036
-011,-036
-011,-036
-011,-036
-011,-036
-011,-036
-011,-036
-011,-036
-011,-036
-011,-036
-011,-036
-011,-037
-011,-037
-011,-037
-011,-037
-011,-038
-011,-038
-011,-038
-011,-039
-011,-039
-011,-039
-011,-039
-011,-039
-011,-039
-011,-039
-011,-039
-011,-039
-011,-039
-011,-039
-011,-040
-011,-040
-011,-040
-011,-040
-011,-040
-011,-040
-011,-040
-011,-040
-011,-040
-011,-041
-011,-041
-011,-041
-011,-041
-011,-041
-011,-041
-011,-041
-011,-041
-011,-041
-011,-041
-011,-041
-011,-041
-011,-041
-011,-041
-011,-041
-011,-041
-011,-041
-011,-041
-011,-041
-011,-041
-011,-041
-011,-041
-011,-041
-011,-041
-011,-041
-011,-041
-011,-041
-011,-041
-011,-041
-011,-041
-011,-041
-011,-038
+008,-038
+008,-038
+008,-038
+008,-038
+008,-038
+008,-038
+008,-038
+008,-038
+008,-038
+008,-038
+008,-038
+008,-038
+008,-038
+008,-038
+008,-038
+008,-038
+008,-038
+008,-035
+008,-035
+008,-035
+008,-035
+008,-035
+008,-035
+008,-035
+008,-035
+008,-035
+008,-035
+008,-035
+008,-035
+008,-035
+008,-035
-009,-035
-009,-035
-009,-035
-009,-035
-009,-035
-009,-035
-009,-035
-009,-035
-010,-035
-010,-035
-010,-035
-010,-035
-010,-035
-010,-032
-011,-032
-011,-032
-011,-032
-011,-032
-011,-032
-012,-032
-012,-032
-012,-032
-012,-032
-012,-032
-012,-032
-013,-032
-013,-032
-013,-032
-013,-032
-013,-032
-013,-032
-013,-032
-013,-032
-013,-032
-013,-032
-013,-032
-013,-032
-013,-032
-013,-032
-013,-032
-013,-032
-014,-032
-014,-032
-014,-032
-014,-032
-014,-032
-014,-032
-014,-032
-014,-032
-014,-032
-014,-032
-014,-032
-014,-032
-014,-032
-014,-032
-014,-032
-014,-032
-014,-032
-014,-032
-014,-032
-014,-032
-014,-032
-014,-032
-014,-032
-014,-032
-014,-032
-014,-032
-014,-032
-014,-032
-014,-032
-014,-032
-014,-032
-014,-032
-014,-032
-014,-032
-014,-032
-014,-032
-011,-032
-011,-032
-011,-032
-011,-032
-011,-029
-011,-030
-011,-030
-011,-030
-011,-030
+008,-030
-009,-030
-009,-030
-009,-030
-009,-030
-009,-030
-009,-030
-009,-030
-009,-030
-009,-030
-009,-030
-009,-030
-009,-030
-009,-030
-009,-030
-009,-030
-009,-030
-009,-030
-009,-030
+007,-030
+007,-030
+007,-030
+007,-030
+007,-030
+007,-030
+007,-030
+007,-030
+007,-030
+007,-030
+007,-030
+007,-030
+007,-030
+007,-030
+007,-030
+007,-030
+007,-030
+007,-030
+007,-027
+007,-027
+007,-027
+007,-027
+007,-027
+007,-027
+007,-027
+007,-027
+007,-027
+007,-027
+007,-027
+007,-027
+007,-027
+008,-027
+008,-027
+008,-027
+008,-027
+008,-027
+008,-027
+008,+024
+008,+024
+008,+024
+008,+024
+008,+024
+008,+024
+008,+024
+008,+024
+008,+024
+008,+024
+008,+024
+008,+024
+008,+024
+008,+024
+008,+024
+008,+024
+008,+024
+008,+024
+008,+024
+008,+024
+008,+024
+008,+024
+008,+024
+008,+024
+008,+024
+008,+024
+008,+024
+008,+024
+008,+024
+008,+024
+008,+024
+008,+024
+008,+024
+008,+024
+008,+024
+008,+024
+006,+024
+006,+024
+006,+024
+006,+024
+006,+024
+006,+024
+006,+024
+006,+024
+006,+024
+006,+024
+006,+024
+006,+024
+006,+024
+006,+024
+006,+024
+006,+024
+006,-025
+006,-025
+006,-025
+006,-025
+006,-025
+006,-025
+006,-025
+006,-025
+006,-025
+006,-025
+006,-025
+004,-025
+004,-025
+004,-025
+004,-025
+004,-025
+004,-025
+004,-025
+004,-025
+006,-025
+006,-025
+006,-025
+006,-025
+006,-025
+006,-025
+006,-025
+006,-025
+006,-025
+006,-025
+008,-025
+008,-025
+008,-025
+008,-025
+008,-025
+008,-025
+008,-025
+008,+023
+008,+023
+008,+023
+008,+023
+008,+023
+008,+023
+008,+023
+008,+023
-009,+023
-009,+021
-009,+021
-009,+021
-009,+021
-009,+021
-009,+021
-009,+021
-010,+019
-010,+019
-010,+019
-010,+019
-010,+019
-010,+019
-011,+019
-011,+019
-011,+017
-011,+017
-011,+017
-012,+017
-012,+017
-012,+017
-012,+017
-012,+017
-012,+017
-013,+015
-013,+015
-013,+015
-013,+015
-013,+015
-013,+015
-013,+015
-014,+015
-014,+015
-014,+015
-014,+015
-014,+015
-014,+017
-014,+017
-015,+017
-015,+017
-015,+017
-015,+017
-015,+017
-015,+017
-015,+017
-015,+017
-015,+017
-015,+019
-015,+019
-015,+019
-015,+019
-015,+019
-015,+019
-015,+019
-015,+019
-015,+019
-015,+019
-015,+019
-015,+019
-015,+019
-015,+019
-015,+019
-015,+021
-015,+021
-015,+021
-015,+021
-015,+021
-015,+021
-015,+021
-015,+021
-015,+021
-015,+021
-015,+021
-015,+021
-015,+021
-015,+021
-015,+021
-015,+021
-015,+021
-015,+021
-015,+021
-015,+021
-015,+021
-015,+023
-015,+023
-015,+023
-015,+023
-015,+023
-015,+023
-012,+023
-013,+023
-013,+023
-013,+023
-013,+023
-013,+023
-013,+023
-013,+023
-013,+023
-013,+023
-013,+023
-013,+023
-013,+023
-013,+023
-013,+023
-013,+023
-013,+023
-013,+023
-013,+023
-013,+023
-013,+023
-013,+023
-013,+023
-013,+023
-013,+023
-013,+023
-013,+023
-013,+023
-013,+023
-010,+023
-010,+023
-010,+023
-010,+024
-010,+024
-010,+024
-010,+024
-010,+024
-010,+024
-010,+024
-010,+024
-010,-025
-010,-025
-010,-025
-010,-025
-010,-025
-010,-025
-010,-025
-010,-025
-010,-025
-010,-025
-010,-025
-010,-026
-010,-026
-010,-026
-010,-026
-010,-026
-010,-026
-010,-027
-010,-027
-010,-027
+008,-027
+008,-027
+008,-027
+008,-027
+008,-027
+008,-027
+008,-027
+008,-028
+008,-028
+008,-028
+008,-028
+008,-028
+008,-028
+008,-028
+008,-028
+008,-028
+008,-028
+008,-028
+008,-029
+008,-029
+008,-029
+008,-029
+008,-029
+008,-029
+008,-029
+008,-029
+008,-029
+008,-030
+008,-030
+008,-030
+006,-030
+006,-030
+006,-030
+006,-030
+006,-030
+006,-030
+006,-030
+006,-030
+006,-030
+006,-030
+006,-030
+006,-030
+006,-030
+006,-030
+006,-030
+006,-030
+006,-031
+006,-031
+006,-031
+006,-031
+006,-031
+006,-031
+006,-031
+006,-031
+006,-031
+006,-031
+006,-031
+004,-031
+004,-031
+004,-031
+004,-032
+004,-032
+004,-032
+004,-032
+004,-032
+004,-032
+004,-032
+004,-032
+004,-032
+004,-032
+004,-032
+004,-032
+004,-032
+004,-032
+004,-032
+004,-032
+004,-032
+004,-032
+004,-032
+004,-032
+004,-032
+004,-032
+004,-032
+004,-032
+004,-032
+004,-032
+004,-033
+004,-033
+004,-033
+004,-033
+004,-034
+004,-034
+004,-034
+004,-034
+004,-034
+004,-034
+004,-034
+004,-034
+004,-034
+004,-034
+004,-034
+004,-034
+004,-034
+004,-034
+004,-034
+004,-034
+004,-034
+004,-034
+004,-034
+004,-034
+002,-034
+002,-031
+002,-031
+002,-031
+002,-031
+002,-031
+002,-031
+002,-031
+002,-031
+002,-031
+002,-031
+002,-031
+002,-031
+002,-031
+002,-031
+002,-031
+002,-031
+002,-031
+002,-031
+002,-031
+002,-031
+002,-031
+002,-031
+002,-031
+002,-031
+002,-031
+004,-031
+004,-028
+004,-028
+004,-028
+004,-028
+004,-028
+004,-028
+004,-028
+006,-028
+006,-028
+006,-025
+006,-025
+006,-025
+008,-025
+008,-025
+008,-025
+008,-025
+008,-025
-009,-025
-009,-025
-010,-025
-010,-025
-010,-025
-011,-025
-011,-025
-011,+023
-011,+023
-011,+023
-012,+023
-012,+023
-012,+023
-012,+023
-012,+023
-012,+023
-012,+023
-012,+023
-013,+023
-013,+023
-013,+023
-013,+023
-013,+023
-013,+023
-013,+023
-013,+023
-013,+023
-013,+023
-013,+023
-013,+023
-013,+023
-013,+023
-013,+023
-013,+023
-013,+023
-013,+023
-013,+023
-013,+023
-013,+023
-013,+023
-013,+023
-013,+023
-013,+023
-013,+023
-013,+023
-013,+023
-013,+023
-013,+023
-013,+023
-013,+023
-013,+023
-013,+023
-013,+023
-013,+023
-013,+023
-013,+023
-013,+023
-013,+023
-013,+023
-013,+023
-013,+023
-013,+023
-013,+023
-013,+023
-013,+023
-013,+023
-013,+023
-013,+023
-013,+023
-013,+023
-013,+023
-013,+023
-013,+023
-013,+023
-013,+023
-013,+023
-013,+023
-013,+023
-013,+023
-013,+023
-013,+023
-013,+023
-013,+023
-013,+023
-013,+023
-013,+023
-013,+023
-013,+023
-013,+023
-013,+023
-013,+023
-013,+023
-013,+023
-013,+023
-013,+023
-013,+023
-013,+023
-013,+023
-013,+023
-013,+023
-013,+021
-013,+021
-013,+021
-013,+021
-013,+021
-014,+021
-014,+021
-014,+021
-014,+021
-014,+021
-014,+021
-014,+021
-014,+021
-014,+021
-014,+021
-014,+021
-014,+021
-014,+021
-014,+021
-014,+021
-014,+021
-014,+021
-014,+023
-014,+023
-014,+023
-014,+023
-014,+023
-014,+023
-014,+023
-014,+023
-014,+023
-011,+023
-011,+023
-011,+023
-011,+023
-011,+023
-011,+023
-011,+023
-011,+023
-011,+023
-011,+023
-011,+023
-011,+023
-011,+023
-011,+023
-011,+023
-011,+023
-011,+023
-011,+023
-011,+023
-011,+023
-011,+023
-011,+023
-011,+023
-011,+023
-011,+023
-011,+023
-011,+023
-011,+023
-011,+023
-011,+023
-011,+023
-011,+023
-011,+023
-011,+023
-011,+023
-011,+023
-011,+023
-011,+023
-011,+023
-011,+023
-011,+023
-011,+023
-011,+023
-011,+023
-011,+023
-011,+023
-011,+023
-011,+023
-011,+023
-011,+023
-011,+023
-011,+023
-011,+023
-011,+023
-011,+023
-011,+023
-011,+023
-011,+023
-011,+023
-011,+023
-011,+023
-011,+023
-011,+023
-011,+023
-011,+023
-011,+023
-011,+024
-011,+024
-011,-025
-011,-025
-011,-025
-011,-025
-011,-025
-011,-026
+008,-026
+008,-026
+008,-027
+008,-027
+008,-027
+008,-027
+008,-028
+008,-028
+008,-028
+008,-028
+008,-028
+008,-029
+008,-029
+008,-029
+008,-029
+008,-029
+008,-029
+008,-029
+008,-029
+008,-029
+008,-029
+006,-029
+006,-029
+006,-029
+006,-029
+006,-029
+006,-029
+006,-029
+006,-029
+006,-029
+006,-029
+006,-029
+006,-029
+006,-029
+004,-030
+004,-030
+004,-030
+004,-030
+004,-030
+004,-030
+004,-030
+004,-030
+004,-030
+004,-030
+004,-030
+004,-030
+004,-030
+002,-030
+002,-030
+002,-030
+002,-030
+002,-030
+002,-030
+002,-030
+002,-030
+002,-030
+002,-030
+002,-030
+002,-027
+002,-027
+002,-027
+002,-027
+002,-027
+002,-027
+002,-027
+002,-027
+002,-027
+002,-027
+002,+024
+002,+024
+002,+024
+002,+024
+002,+024
+002,+024
+002,+024
+002,+024
+002,+024
+002,+022
+002,+022
+002,+022
+002,+022
+002,+022
+002,+022
+002,+020
+002,+020
+002,+020
+002,+020
+002,+020
+002,+020
+002,+020
+002,+020
+002,+020
+004,+018
+004,+018
+004,+018
+004,+018
+004,+018
+004,+018
+004,+018
+004,+018
+004,+018
+004,+018
+004,+018
+004,+018
+004,+018
+004,+018
+004,+018
+004,+018
+004,+018
+004,+018
+004,+018
+004,+018
+004,+018
+004,+018
+004,+018
+004,+018
+004,+018
+004,+018
+004,+018
+004,+018
+004,+018
+004,+018
+004,+018
+004,+018
+004,+018
+004,+018
+004,+018
+004,+018
+004,+018
+006,+018
+006,+018
+006,+018
+006,+018
+006,+018
+006,+018
+006,+018
+006,+018
+006,+018
+006,+018
+006,+018
+006,+018
+006,+018
+006,+018
+006,+018
+006,+018
+004,+018
+004,+018
+004,+018
+004,+018
+004,+018
+004,+018
+004,+018
+004,+018
+004,+018
+004,+018
+004,+018
+004,+018
+004,+018
+004,+018
+004,+018
+004,+018
+004,+018
+004,+018
+004,+018
+004,+018
+004,+018
+004,+018
+004,+018
+004,+016
+004,+016
+004,+016
+004,+016
+004,+016
+004,+016
+004,+016
+004,+016
+004,+016
+004,+016
+004,+016
+004,+016
+004,+014
+004,+014
+004,+014
+004,+014
+004,+014
+004,+014
+004,+014
+004,+014
+004,+014
+004,+014
+004,+014
+004,+014
+004,+014
+006,+012
+006,+012
+006,+012
+006,+012
+006,+012
+006,+012
+006,+012
+006,+012
+006,+012
+006,+010
+006,+010
+006,+010
+006,+010
+006,+010
+006,+010
+004,+010
+004,+010
+004,+010
+004,+010
+004,+010
+004,+010
+004,+010
+004,+010
+004,+010
+004,+010
+004,+010
+004,+010
+004,+010
+004,+010
+004,+010
+004,+010
+002,+010
+002,+010
+002,+010
+002,+010
+002,+010
+002,+010
+002,+010
+002,+010
+002,+010
+002,+010
+002,+010
+000,+010
+000,+010
+000,+010
+000,+010
+000,+010
+002,+010
+002,+010
+002,+010
+002,+010
+002,+010
+002,+010
+002,+010
+002,+010
+002,+008
+002,+008
+002,+008
+002,+008
+002,+008
+002,+008
+002,+008
+002,+008
+002,+008
+002,+008
+002,+008
+002,+008
+002,+008
+002,+010
+002,+010
+002,+010
+002,+010
+002,+010
+002,+010
+002,+010
+002,+010
+002,+010
+002,+010
+002,+012
+002,+012
+002,+012
+002,+012
+002,+012
+002,+012
+002,+012
+002,+012
+002,+012
+002,+012
+002,+012
+002,+012
+002,+012
+002,+012
+002,+012
+002,+012
+002,+012
+002,+012
+002,+012
+002,+012
+002,+012
+000,+012
+000,+012
+000,+012
+000,+012
+000,+012
+000,+012
+000,+012
+000,+012
+000,+012
+000,+012
+000,+012
+000,+012
+000,+012
+000,+012
+000,+012
+000,+012
+000,+012
+000,+012
+000,+012
+000,+012
+000,+012
+000,+012
+000,+012
+002,+012
+002,+012
+002,+012
+002,+012
+002,+012
+002,+012
+002,+012
+002,+010
+002,+010
+002,+010
+002,+010
+002,+010
+002,+010
+002,+010
+002,+010
+002,+010
+002,+010
+002,+010
+002,+010
+002,+010
+002,+010
+002,+010
+002,+010
+002,+008
+002,+008
+002,+008
+002,+008
+002,+008
+002,+008
+002,+008
+002,+008
+002,+008
+002,+008
+002,+008
+002,+008
+002,+006
+002,+006
+002,+006
+002,+006
+002,+006
+002,+006
+002,+006
+002,+006
+002,+006
+002,+004
+002,+004
+002,+004
+002,+004
+002,+004
+002,+004
+002,+004
+002,+004
+002,+004
+002,+004
+002,+004
+002,+004
+002,+004
+002,+004
+002,+004
+002,+004
+002,+004
+002,+002
+002,+002
+002,+002
+002,+002
+002,+002
+002,+002
+002,+002
+002,+002
+002,+002
+002,+002
+002,+002
+002,+002
+002,+002
+002,+002
+002,+002
+002,+002
+002,+004
+002,+004
+002,+004
+002,+004
+002,+004
+002,+004
+002,+004
+002,+004
+004,+004
+004,+004
+004,+006
+004,+006
+004,+006
+004,+006
+004,+006
+004,+006
+004,+006
+004,+006
+004,+006
+004,+006
+004,+006
+004,+006
+004,+006
+004,+006
+006,+006
+006,+006
+006,+006
+006,+006
+006,+006
+006,+006
+006,+006
+006,+006
+006,+006
+006,+006
+006,+006
+006,+006
+006,+008
+006,+008
+006,+008
+006,+008
+006,+008
+006,+008
+006,+008
+006,+008
+006,+008
+006,+008
+006,+008
+006,+008
+006,+008
+006,+008
+006,+008
+006,+008
+006,+008
+006,+008
+006,+008
+006,+008
+006,+008
+006,+008
+006,+008
+006,+008
+006,+008
+006,+008
+006,+008
+006,+008
+006,+008
+006,+010
+006,+010
+006,+010
+006,+010
+006,+010
+006,+010
+006,+010
+006,+010
+006,+010
+006,+010
+006,+012
+006,+012
+006,+012
+006,+012
+006,+012
+006,+012
+006,+012
+006,+012
+006,+012
+006,+012
+006,+012
+006,+012
+006,+012
+006,+012
+006,+014
+006,+014
+006,+014
+006,+014
+006,+014
+006,+014
+006,+014
+006,+014
+006,+014
+006,+014
+006,+014
+006,+014
+006,+014
+006,+014
+006,+014
+006,+014
+006,+016
+006,+016
+006,+016
+006,+016
+006,+016
+006,+016
+006,+016
+006,+016
+006,+016
+006,+016
+006,+016
+006,+016
+006,+016
+006,+016
+006,+016
+006,+016
+006,+016
+006,+016
+006,+016
+006,+016
+006,+016
+006,+016
+006,+016
+006,+016
+006,+016
+006,+016
+006,+016
+006,+016
+006,+016
+006,+016
+006,+016
+006,+016
+006,+016
+004,+016
+004,+016
+004,+016
+004,+016
+004,+016
+004,+016
+004,+016
+004,+016
+004,+016
+004,+016
+002,+018
+002,+018
+002,+018
+002,+018
+002,+018
+002,+018
+002,+018
+002,+018
+002,+018
+002,+018
+000,+018
+000,+018
+000,+018
+000,+018
+000,+018
+000,+018
+000,+018
+000,+018
+000,+018
+000,+018
+002,+018
+002,+018
+002,+018
+002,+018
+002,+018
+002,+018
+002,+018
+002,+018
+002,+018
+002,+018
+002,+018
+002,+020
+002,+020
+002,+020
+002,+020
+002,+020
+002,+020
+002,+020
+002,+020
+002,+020
+002,+020
+002,+020
+002,+020
+002,+020
+002,+020
+002,+020
+002,+020
+002,+020
+002,+020
+000,+020
+000,+020
+000,+020
+000,+020
+000,+020
+000,+020
+000,+020
+000,+020
+000,+020
+000,+020
+000,+020
+000,+020
+000,+020
+000,+020
+000,+020
+000,+020
+000,+020
+000,+020
+000,+020
+000,+020
+000,+020
+000,+020
+000,+020
+000,+020
+000,+020
+000,+020
+000,+020
+000,+020
+000,+020
+000,+020
+000,+020
+000,+020
+000,+020
+000,+020
+000,+020
+000,+020
+000,+020
+000,+020
+000,+020
+000,+020
+000,+020
+000,+020
+000,+020
+000,+020
+000,+020
+000,+022
+000,+022
+000,+022
+000,+022
+000,+022
+000,+022
+000,+022
+000,+022
+000,+022
+000,+022
+000,+022
+000,+022
+000,+022
+000,+022
+000,+022
+000,+022
+000,+022
+000,+024
+000,+024
+000,+024
+000,+024
+000,+024
+000,+024
+000,+024
+000,+024
+000,+024
+000,+024
+000,+024
+000,+024
+000,+024
+000,+024
+000,+024
+000,+024
+002,+024
+002,+024
+002,+024
+002,+024
+002,-025
+002,-025
+002,-025
+002,-025
+002,-025
+002,-025
+004,-025
+004,-025
+004,-025
+004,-025
+004,-025
+004,-025
+004,-025
+006,-025
+006,-025
+006,-025
+006,-025
+006,-025
+006,-025
+006,-025
+006,-025
+006,-025
+006,-025
+008,-025
+008,-025
+008,-025
+008,-025
+008,-025
+008,-025
+008,-025
+008,-025
+008,-025
+008,-026
+008,-026
+010,-026
+010,-027
+010,-027
+010,-028
+010,-028
+010,-028
+010,-028
+010,-028
+010,-028
+010,-029
+010,-029
+010,-029
+010,-029
+010,-029
+010,-030
+010,-030
+010,-030
+010,-030
+010,-030
+010,-030
+010,-030
+010,-030
+010,-030
+010,-030
+010,-030
+010,-030
+010,-030
+012,-030
+012,-030
+012,-030
+012,-030
+012,-030
+012,-030
+012,-030
+012,-030
+012,-030
+012,-030
+012,-027
+012,-027
+012,-027
+012,-027
+012,-027
+012,-027
+012,-027
+012,-027
+012,-027
+012,-027
+012,-027
+012,-027
+012,-027
+012,-027
+012,-027
+012,-027
+012,-027
+012,-027
+012,+024
+012,+024
+012,+024
+012,+024
+012,+024
+012,+024
+012,+024
+012,+022
+012,+022
+012,+022
+012,+022
+012,+022
+012,+022
+012,+022
+012,+022
+012,+022
+012,+022
+012,+022
+012,+022
+012,+022
+012,+022
+012,+022
+012,+022
+012,+022
+012,+022
+012,+022
+010,+022
+010,+022
+010,+022
+010,+022
+010,+022
+010,+022
+010,+022
+010,+022
+010,+022
+010,+022
+010,+022
+010,+022
+010,+022
+010,+022
+010,+022
+010,+022
+010,+022
+010,+022
+010,+022
+010,+022
+010,+022
+010,+022
+010,+022
+010,+022
+010,+022
+010,+022
+010,+022
+010,+022
+010,+022
+010,+022
+010,+022
+010,+022
+010,+022
+010,+022
+010,+022
+010,+022
+010,+022
+010,+022
+010,+022
+010,+022
+010,+022
+010,+022
+010,+022
+010,+022
+010,+022
+010,+024
+010,+024
+010,+024
+010,+024
+010,+024
+010,+024
+010,+024
+010,+024
+010,+024
+010,+024
+010,+024
+010,+024
+010,+024
+010,+024
+010,+024
+010,+024
+010,+024
+010,+024
+010,+024
+010,+024
+008,+024
+008,+024
+008,+024
+008,+024
+008,+024
+008,+024
+008,+024
+008,-025
+008,-025
+008,-025
+008,-025
+008,-025
+008,-025
+008,-025
+008,-025
+008,-025
+008,-025
+008,-026
+006,-026
+006,-026
+006,-026
+006,-026
+006,-026
+006,-026
+006,-026
+006,-026
+006,-026
+006,-027
+006,-027
+006,-027
+006,-027
+004,-027
+004,-027
+004,-027
+004,-027
+004,-027
+004,-027
+004,-027
+004,-027
+004,-028
+004,-028
+002,-028
+002,-028
+002,-028
+002,-028
+002,-028
+002,-029
+002,-029
+000,-029
+000,-029
+000,-029
+000,-029
+000,-029
+000,-029
+000,-029
+000,-030
+000,-030
+000,-030
+002,-030
+002,-030
+002,-031
+002,-031
+002,-031
+002,-031
+002,-031
+002,-031
+002,-031
+004,-031
+004,-031
+004,-031
+004,-031
+004,-031
+004,-031
+004,-031
+006,-031
+006,-031
+006,-031
+006,-031
+006,-031
+006,-031
+006,-031
+006,-031
+006,-031
+008,-031
+008,-031
+008,-031
+008,-031
+008,-031
+008,-028
+008,-028
+008,-028
+008,-028
+008,-028
-009,-028
-009,-028
-009,-028
-010,-029
-011,-030
-011,-030
-012,-030
-012,-030
-013,-030
-013,-030
-013,-030
-013,-030
-013,-030
-014,-031
-014,-031
-014,-031
-014,-031
-014,-031
-014,-031
-014,-031
-014,-031
-014,-031
-014,-031
-014,-031
-014,-031
-014,-031
-014,-031
-014,-031
-014,-031
-014,-031
-014,-031
-014,-031
-014,-031
-014,-031
-014,-031
-014,-031
-014,-031
-014,-031
-014,-031
-014,-031
-014,-031
-014,-031
-014,-031
-014,-031
-014,-031
-011,-031
-011,-031
-011,-031
-011,-031
-011,-031
+008,-031
+008,-031
+008,-031
+008,-031
+008,-031
+008,-031
+008,-031
+008,-031
+008,-031
+008,-031
+008,-028
+008,-028
+008,-028
+008,-028
+008,-028
+008,-028
+008,-028
+006,-028
+006,-028
+006,-028
+006,-028
+006,-028
+006,-028
+006,-028
+006,-028
+006,-028
+006,-028
+004,-028
+004,-028
+004,-028
+004,-028
+004,-028
+004,-028
+004,-028
+004,-028
+004,-028
+004,-028
+004,-028
+004,-028
+004,-028
+004,-028
+004,-028
+004,-028
+004,-028
+004,-028
+004,-028
+004,-028
+004,-028
+004,-028
+004,-028
+004,-028
+004,-028
+004,-028
+004,-028
+004,-028
+004,-028
+004,-028
+004,-028
+004,-028
+004,-028
+004,-029
+004,-029
+004,-029
+004,-029
+004,-029
+004,-029
+004,-029
+004,-029
+004,-029
+004,-029
+004,-029
+004,-029
+004,-029
+004,-029
+004,-029
+006,-029
+006,-029
+006,-029
+006,-029
+006,-029
+006,-029
+006,-029
+006,-029
+006,-029
+006,-029
+006,-029
+006,-029
+006,-029
+006,-029
+006,-029
+006,-029
+006,-029
+006,-029
+006,-029
+006,-029
+006,-029
+006,-029
+006,-029
+006,-029
+006,-029
+006,-029
+006,-029
+006,-029
+006,-029
+006,-029
+006,-029
+006,-029
+006,-029
+006,-029
+006,-029
+006,-029
+006,-029
+006,-029
+006,-029
+006,-029
+006,-029
+006,-029
+006,-029
+006,-029
+006,-029
+006,-029
+006,-029
+006,-026
+006,-026
+006,-026
+006,-026
+006,-026
+006,-026
+006,-026
+006,-026
+004,-026
+004,-026
+004,-026
+004,-026
+004,-026
+004,-026
+004,-026
+004,-026
+004,-026
+004,-026
+004,-026
+004,-026
+004,-026
+004,-026
+004,-026
+004,+024
+004,+024
+004,+024
+004,+024
+004,+024
+002,+024
+002,+024
+002,+024
+002,+024
+002,+024
+002,+024
+002,+024
+002,+022
+002,+022
+002,+022
+002,+022
+002,+022
+002,+022
+000,+022
+000,+022
+000,+022
+000,+022
+000,+022
+000,+022
+000,+022
+000,+022
+000,+022
+000,+022
+000,+022
+000,+022
+000,+022
+002,+022
+002,+020
+002,+020
+002,+020
+002,+020
+002,+020
+002,+020
+002,+020
+002,+020
+002,+020
+002,+020
+002,+020
+002,+020
+002,+020
+002,+020
+002,+020
+002,+020
+002,+020
+002,+020
+002,+020
+002,+020
+002,+020
+002,+020
+002,+020
+004,+020
+004,+020
+004,+020
+004,+020
+004,+020
+004,+020
+004,+020
+004,+020
+004,+020
+004,+020
+004,+020
+004,+020
+004,+020
+004,+020
+004,+020
+004,+020
+004,+020
+004,+020
+004,+020
+004,+020
+004,+020
+004,+020
+004,+020
+004,+020
+004,+020
+004,+020
+004,+020
+004,+020
+004,+020
+004,+020
+004,+020
+004,+020
+004,+020
+004,+020
+004,+020
+004,+020
+004,+020
+004,+020
+004,+020
+004,+020
+004,+020
+004,+020
+004,+020
+004,+020
+004,+020
+004,+020
+004,+020
+004,+020
+004,+020
+004,+020
+004,+020
+004,+020
+004,+020
+004,+020
+004,+020
+004,+020
+004,+020
+004,+020
+004,+020
+004,+020
+004,+020
+004,+020
+004,+020
+004,+020
+004,+020
+004,+020
+004,+020
+004,+020
+004,+020
+004,+020
+004,+020
+004,+020
+004,+020
+004,+020
+004,+020
+004,+020
+004,+020
+004,+020
+004,+020
+004,+020
+004,+020
+004,+020
+004,+020
+004,+020
+004,+020
+004,+020
+004,+020
+004,+020
+004,+020
+004,+020
+004,+020
+004,+020
+004,+020
+004,+020
+004,+020
+004,+020
+004,+020
+004,+020
+004,+020
+004,+020
+004,+020
+004,+020
+004,+020
+004,+020
+004,+020
+004,+020
+004,+020
+004,+020
+004,+020
+004,+020
+004,+020
+004,+020
+004,+020
+004,+020
+004,+020
+004,+020
+004,+020
+004,+020
+004,+020
+004,+020
+004,+020
+004,+020
+004,+020
+004,+020
+004,+020
+004,+020
+004,+020
+004,+020
+004,+020
+004,+018
+004,+018
+004,+018
+004,+018
+004,+018
+004,+018
+004,+018
+004,+018
+004,+018
+004,+018
+004,+018
+004,+018
+004,+018
+004,+018
+004,+018
+004,+018
+004,+018
+004,+018
+004,+018
+004,+018
+004,+018
+004,+018
+004,+018
+004,+018
+004,+018
+004,+018
+004,+018
+004,+018
+004,+018
+002,+018
+002,+018
+002,+018
+002,+018
+002,+018
+002,+018
+002,+018
+002,+018
+002,+018
+002,+018
+002,+018
+002,+018
+002,+018
+002,+018
+002,+018
+002,+018
+002,+018
+002,+018
+002,+018
+002,+018
+000,+018
+000,+018
+000,+018
+000,+018
+000,+018
+000,+018
+000,+018
+000,+018
+000,+018
+000,+018
+000,+018
+000,+018
+000,+018
+000,+018
+000,+018
+002,+018
+002,+018
+002,+018
+002,+018
+002,+018
+002,+018
+002,+018
+002,+018
+002,+018
+004,+018
+004,+018
+004,+018
+004,+018
+004,+018
+004,+018
+004,+018
+006,+018
+006,+018
+006,+018
+006,+018
+006,+018
+006,+018
+006,+018
+006,+018
+006,+018
+006,+018
+006,+018
+006,+018
+006,+018
+006,+018
+006,+018
+006,+018
+008,+018
+008,+018
+008,+018
+008,+018
+008,+018
+008,+018
+008,+018
+008,+018
+008,+018
+008,+018
+008,+018
+008,+018
+008,+018
+008,+018
+008,+018
+008,+018
+008,+018
+008,+018
+008,+020
+008,+020
+008,+020
+008,+020
+008,+020
+008,+020
+008,+020
+008,+020
+008,+020
+008,+020
+008,+020
+008,+020
+008,+020
+006,+020
+006,+020
+006,+020
+006,+020
+006,+020
+006,+020
+006,+020
+006,+020
+006,+020
+006,+020
+004,+020
+004,+020
+004,+020
+004,+020
+004,+020
+004,+020
+004,+020
+004,+020
+002,+020
+002,+020
+002,+020
+002,+020
+002,+020
+002,+020
+000,+020
+000,+020
+000,+020
+000,+020
+000,+020
+000,+020
+000,+020
+000,+020
+000,+020
+000,+020
+000,+020
+002,+020
+002,+020
+002,+020
+002,+020
+002,+020
+002,+020
+002,+020
+002,+020
+002,+020
+002,+020
+002,+020
+002,+020
+002,+022
+002,+022
+002,+022
+002,+022
+002,+022
+002,+022
+002,+022
+002,+022
+002,+022
+002,+022
+002,+022
+002,+022
+002,+022
+002,+022
+002,+022
+002,+022
+002,+022
+002,+022
+002,+022
+002,+022
+002,+022
+002,+022
+002,+022
+002,+022
+002,+022
+002,+022
+002,+022
+002,+022
+002,+024
+002,+024
+002,+024
+002,+024
+002,+024
+002,+024
+002,+024
+002,+024
+002,+024
+002,+024
+002,+024
+002,+024
+002,+024
+002,+024
+002,+024
+002,+024
+002,+024
+002,+024
+002,+024
+002,+024
+002,+024
+002,+024
+002,+024
+002,+024
+000,+024
+000,+024
+000,+024
+000,+024
+000,+024
+000,+024
+000,+024
+000,+024
+000,+024
+000,+024
+000,+024
+000,+024
+000,+024
+002,+024
+002,+024
+002,+024
+002,+024
+002,+024
+002,-025
+002,-025
+002,-025
+002,-025
+002,-025
+002,-025
+002,-025
+002,-025
+002,-025
+002,-025
+002,-025
+002,-025
+004,-025
+004,-025
+004,-025
+004,-025
+004,-025
+004,-026
+004,-026
+004,-026
+004,-026
+004,-026
+004,-026
+004,-026
+004,-026
+004,-026
+004,-027
+004,-027
+004,-027
+004,-027
+004,-027
+004,-027
+004,-027
+004,-027
+004,-028
+004,-028
+004,-028
+004,-028
+004,-028
+004,-028
+004,-028
+004,-028
+004,-028
+004,-029
+004,-029
+006,-029
+006,-029
+006,-029
+006,-029
+006,-029
+006,-029
+006,-029
+006,-029
+006,-029
+006,-030
+006,-030
+006,-030
+006,-030
+006,-030
+006,-030
+006,-030
+006,-030
+006,-030
+006,-030
+006,-030
+006,-030
+006,-030
+006,-030
+006,-030
+006,-030
+006,-030
+006,-030
+006,-030
+006,-030
+006,-030
+006,-030
+006,-030
+006,-030
+006,-030
+008,-030
+008,-030
+008,-030
+008,-030
+008,-030
+008,-030
+008,-030
+008,-030
+008,-030
+008,-030
+008,-030
+008,-030
+008,-030
+008,-030
+008,-030
+008,-030
+008,-030
+008,-030
+008,-030
+008,-030
+008,-030
+008,-030
+008,-030
+008,-030
+008,-030
+008,-030
+008,-030
+008,-030
+008,-030
+008,-030
+008,-030
+008,-030
+008,-030
+008,-030
+008,-030
+008,-030
+008,-030
+008,-030
+008,-030
+008,-027
+008,-027
+008,-027
+008,-027
+008,-027
+008,-027
+008,-027
+008,-027
+008,-027
+008,-027
+008,-027
+008,-027
+008,-027
+008,-027
+008,-027
+008,-027
+008,-027
+008,-027
+008,+024
+008,+024
+008,+024
+008,+024
+008,+024
+008,+024
+008,+024
+008,+024
+006,+024
+006,+024
COP Area(S): 000806
COP Area(R): 002274