+000,-000
+000,-000
+000,-000
+000,-000
+000,-000
+000,-000
+000,-000
+000,-000
+000,-000
+000,-000
+000,-000
+000,-000
+000,-000
+000,-000
+000,-001
+000,-001
+000,-001
+000,-001
+000,-001
+000,-001
+000,-001
+000,-001
+000,-001
+000,-001
+000,-002
+000,-002
+000,-002
+000,-002
+000,-002
+000,-002
+000,-002
+000,-002
+000,-002
+000,-002
+000,-002
+000,-002
+000,-002
+000,-002
+000,-002
+000,-002
+000,-002
+000,-002
+000,-002
+000,-002
+000,-002
+000,-002
+000,-002
+000,-002
+000,-002
+000,-002
+000,-002
+000,-002
+002,-002
+002,-002
+002,-002
+002,-002
+002,-002
+002,-002
+002,-002
+002,-002
+002,-002
+002,-002
+002,-002
+002,-002
+002,-002
+002,-002
+004,-002
+004,-002
+004,-002
+004,-002
+004,-002
+004,-002
+004,-002
+004,-002
+004,-002
+004,-002
+004,-002
+004,-002
+004,-002
+004,-002
+004,-002
+004,-002
+004,-002
+004,-002
+006,-002
+006,-002
+006,-002
+006,-002
+006,-002
+006,-002
+006,-002
+006,-002
+006,-003
+006,-003
+006,-003
+006,-003
+006,-003
+006,-003
+006,-003
+006,-003
+006,-003
+006,-003
+006,-003
+006,-003
+006,-003
+006,-003
+006,-003
+006,-003
+006,-003
+006,-003
+006,-003
+006,-003
+006,-003
+006,-003
+006,-003
+006,-003
+006,-003
+006,-003
+006,-003
+006,-003
+006,-003
+006,-003
+006,-003
+006,-003
+006,-003
+006,-003
+006,-003
+006,-003
+006,-003
+006,-003
+006,-003
+006,-003
+006,-003
+006,-003
+006,-003
+006,-003
+006,-003
+006,-003
+006,-003
+006,-003
+006,-003
+006,-003
+006,-003
+006,-003
+006,-003
+006,-003
+006,-003
+006,-003
+006,-003
+006,-003
+006,-003
+006,-003
+006,-003
+006,-003
+006,-003
+006,-003
+006,-003
+006,-003
+006,-003
+006,-003
+006,-003
+006,-003
+006,-003
+006,-003
+006,-003
+006,-003
+006,-003
+006,-003
+006,-003
+006,-003
+006,-003
+006,-003
+006,-003
+006,-003
+006,-003
+006,-000
+006,-000
+004,-000
+004,-000
+004,-000
+004,-000
+004,-000
+004,-000
+004,-000
+004,-000
+004,-000
+004,-000
+004,-000
+004,-000
+004,-000
+004,-000
+004,-000
+004,-000
+004,-000
+004,-000
+004,-000
+004,-000
+004,-000
+004,-000
+004,-000
+004,-000
+004,-000
+004,-000
+004,-000
+004,-000
+004,-000
+004,-000
+004,-000
+004,-000
+004,-000
+004,-000
+004,-000
+004,-000
+004,-000
+004,-000
+004,-000
+004,-000
+004,-000
+004,-000
+004,-000
+004,-000
+004,-000
+004,-003
+004,-002
+004,-002
+004,-002
+004,-002
+004,-002
+004,-002
+004,-002
+004,-002
+004,-002
+004,-002
+004,-002
+004,-002
+004,-002
+004,-002
+004,-002
+004,-002
+004,-002
+004,-002
+004,-002
+004,-002
+004,-002
+004,-002
+004,-002
+004,-002
+004,-002
+004,-002
+004,-002
+004,-002
+004,-002
+004,-002
+004,-002
+004,-002
+004,-002
+004,-002
+004,-002
+004,-002
+004,-002
+004,-002
+004,-002
+004,-002
+004,-002
+004,-002
+004,-002
+004,-002
+004,-002
+004,-002
+004,-002
+004,-002
+004,-002
+004,-002
+004,-002
+004,-002
+004,-002
+004,-002
+004,-002
+004,-002
+004,-002
+004,-002
+004,-002
+004,-002
+004,-002
+004,-002
+004,-002
+004,-002
+004,-002
+004,-002
+004,-002
+004,-002
+004,-002
+004,-002
+004,-002
+004,-002
+004,-002
+004,-002
+004,-002
+004,-002
+004,-002
+004,-002
+004,-002
+004,-002
+004,-002
+004,-002
+004,-002
+004,-002
+004,-002
+004,-001
+004,-001
+004,-001
+004,-001
+004,-001
+004,-001
+004,-001
+004,-001
+004,-001
+004,-001
+004,-001
+004,-001
+004,-001
+004,-001
+004,-001
+004,-001
+004,-001
+004,-001
+004,-001
+004,-001
+004,-001
+004,-001
+004,-001
+004,-001
+004,-001
+004,-001
+004,-001
+004,-001
+004,-001
+004,-001
+004,-001
+004,-001
+004,-001
+004,-001
+004,-001
+004,-001
+004,-001
+004,-001
+004,-001
+004,-001
+004,-001
+004,-001
+004,-001
+004,-001
+004,-001
+004,-001
+004,-001
+004,-001
+004,-001
+004,-001
+004,-001
+004,-001
+004,-001
+004,-001
+004,-001
+004,-001
+004,-001
+006,-001
+006,-001
+006,-001
+006,-001
+006,-000
+006,-000
+006,-000
+006,-000
+006,-000
+006,-000
+006,-000
+006,-000
+006,-000
+006,-000
+006,-000
+006,-000
+006,-000
+006,-000
+006,-000
+006,-000
+006,-000
+006,-000
+006,-000
+006,-000
+008,-000
+008,-000
+008,-000
+008,-000
+008,-000
+008,-000
+008,-000
+008,-000
+008,-000
+008,-000
+008,-000
+008,-001
+008,-001
+008,-001
+008,-001
+008,-001
+008,-001
+008,-001
+008,-001
+008,-001
+008,-001
+008,-001
+008,-001
+008,-001
+008,-001
+008,-001
+008,-001
+008,-001
+008,-001
+010,-001
+010,-001
+010,-001
+010,-001
+010,-001
+010,-001
+010,-001
+010,-001
+010,-001
+010,-001
+010,-001
+010,-001
+010,-001
+010,-001
+010,-001
+010,-001
+010,-001
+012,-001
+012,-001
+012,-001
+012,-001
+012,-001
+012,-001
+012,-001
+012,-001
+012,-001
+012,-001
+012,-001
+012,-001
+012,-001
+012,-001
+012,-001
+012,-001
+012,-001
+012,-001
+014,-001
+014,-001
+014,-001
+014,-001
+014,-001
+014,-001
+014,-001
+014,-001
+014,-001
+014,-001
+014,-001
+014,-001
+014,-001
+014,-001
+014,-001
+014,-001
+014,-001
+014,-001
+014,-001
+014,-001
+014,-001
+014,-001
+014,-001
+014,-001
+012,-001
+012,-001
+012,-001
+012,-001
+012,-001
+012,-001
+012,-001
+012,-001
+012,-001
+012,-001
+012,-001
+012,-001
+012,-001
+012,-002
+010,-002
+010,-002
+010,-002
+010,-002
+010,-002
+010,-002
+010,-002
+010,-002
+010,-002
+010,-002
+010,-002
+010,-002
+010,-002
+010,-002
+010,-002
+010,-002
+010,-002
+008,-002
+008,-002
+008,-002
+008,-002
+008,-002
+008,-002
+008,-001
+008,-001
+008,-001
+008,-001
+008,-001
+008,-001
+008,-001
+006,-001
+006,-001
+006,-001
+006,-001
+006,-001
+006,-001
+006,-001
+006,-001
+006,-001
+006,-001
+006,-001
+006,-001
+006,-000
+006,-000
+006,-000
+006,-000
+006,-000
+006,-000
+006,-000
+006,-000
+006,-000
+006,-000
+006,-000
+006,-000
+006,-000
+006,-000
+006,-000
+006,-000
+006,-001
+006,-001
+006,-001
+006,-001
+006,-001
+006,-001
+006,-001
+006,-001
+006,-001
+006,-001
+006,-001
+006,-001
+006,-001
+006,-001
+006,-001
+006,-001
+006,-001
+006,-001
+006,-001
+006,-001
+006,-002
+006,-002
+006,-002
+006,-002
+006,-002
+006,-002
+006,-002
+006,-002
+006,-002
+006,-002
+006,-002
+006,-002
+006,-002
+006,-002
+006,-002
+006,-002
+006,-002
+006,-002
+006,-002
+006,-002
+006,-002
+006,-002
+006,-002
+006,-002
+006,-002
+006,-002
+006,-002
+006,-002
+006,-002
+006,-002
+006,-002
+006,-002
+006,-002
+006,-002
+006,-002
+006,-002
+006,-002
+006,-002
+006,-002
+006,-002
+006,-002
+006,-002
+006,-002
+006,-002
+006,-002
+006,-002
+006,-002
+006,-002
+006,-002
+004,-002
+004,-002
+004,-002
+004,-002
+004,-002
+004,-002
+004,-002
+004,-002
+004,-002
+004,-002
+004,-002
+004,-002
+004,-002
+004,-002
+004,-001
+004,-000
+004,-000
+004,-000
+004,-000
+004,-000
+004,-000
+004,-000
+004,-000
+004,-000
+004,-000
+004,-000
+004,-000
+004,-000
+004,-000
+004,-000
+004,-000
+004,-000
+004,-000
+004,-000
+004,-000
+004,-000
+004,-000
+004,-000
+004,-000
+004,-000
+004,-000
+004,-000
+004,-000
+004,-003
+004,-003
+004,-003
+004,-003
+002,-003
+002,-003
+002,-003
+002,-003
+002,-003
+002,-003
+002,-003
+002,-003
+002,-003
+002,-003
+002,-003
+002,-003
+000,-003
+000,-006
+000,-004
+000,-004
+000,-004
+000,-004
+000,-004
+000,-007
+000,-007
+000,-007
+000,-007
+000,-007
+000,-007
+000,-007
+000,-007
+000,-007
+000,-007
+000,-007
+000,-007
+000,-007
+000,-007
+000,-007
+000,-007
+000,-007
+000,-007
+000,-007
+000,-007
+000,-007
+000,-007
+000,-007
+000,-007
+000,-007
+000,-007
+000,-007
+000,-007
+000,-007
+000,-007
+000,-007
+000,-007
+000,-007
+000,-007
+000,-007
+000,-007
+000,-007
+000,-007
+000,-007
+000,-007
+000,-007
+000,-007
+000,-007
+000,-007
+000,-007
+000,-007
+000,-007
+000,-007
+000,-007
+000,-007
+000,-007
+000,-007
+000,-007
+000,-007
+000,-007
+000,-007
+000,-007
+000,-007
+000,-007
+000,-007
+000,-007
+000,-007
+000,-010
+000,-010
+000,-010
+000,-010
+000,-010
+000,-010
+000,-010
+000,-010
+000,-010
+000,-010
+000,-010
+000,-010
+000,-010
+000,-010
+000,-010
+000,-010
+000,-010
+000,-010
+000,-010
+000,-010
+000,-010
+000,-010
+000,-010
+002,-010
+002,-010
+002,-010
+002,-010
+002,-010
+002,-010
+002,-010
+002,-010
+002,-010
+002,-010
+002,-010
+002,-010
+002,-010
+002,-010
+002,-010
+002,-010
+002,-010
+002,-010
+002,-010
+002,-010
+002,-010
+002,-010
+003,-010
+003,-010
+003,-010
+003,-010
+003,-010
+003,-010
+003,-010
+003,-010
+003,-010
+003,-010
-004,-010
-004,-010
-004,-010
-004,-010
-004,-010
-004,-010
-004,-010
-004,-010
-004,-010
-004,-010
-004,-010
-004,-010
-004,-010
-004,-010
-004,-010
-004,-010
-004,-010
-004,-010
-004,-010
-004,-010
-004,-010
-004,-010
-004,-010
-004,-010
-004,-010
-004,-010
-004,-009
-004,-009
-004,-009
-004,-009
-004,-009
-004,-009
-004,-008
-004,-008
-004,-008
-004,-008
-004,-008
-004,-008
-004,-008
-004,-007
-004,-007
-004,-007
-004,-007
-004,-007
-004,-007
-004,-007
-004,-007
-004,-007
+002,-006
+002,-006
+002,-006
+002,-006
+002,-006
+002,-006
+002,-006
+002,-006
+002,-006
+002,-006
+002,-006
+002,-006
+002,-005
+002,-005
+002,-005
+002,-005
+002,-005
+002,-005
+002,-005
+002,-005
+002,-004
+002,-004
+002,-004
+000,-003
+000,-002
+002,-002
+000,-002
+000,-002
+000,-002
+000,-002
+000,-002
+000,-002
+000,-002
+000,-002
+000,-002
+000,-002
+000,-001
+000,-001
+000,-001
+000,-001
+000,-001
+000,-001
+000,-001
+000,-001
+000,-001
+000,-001
+000,-001
+000,-001
+002,-001
+002,-001
+002,-001
+002,-001
+002,-001
+002,-001
+002,-001
+002,-001
+002,-001
+002,-001
+002,-001
+002,-001
+002,-001
+002,-001
+002,-001
+002,-001
+002,-001
+002,-001
+002,-000
+002,-000
+002,-000
+004,-000
+004,-000
+004,-000
+004,-000
+004,-000
+004,-000
+004,-000
+004,-000
+004,-000
+004,-000
+004,-000
+004,-000
+004,-001
+004,-001
+004,-001
+006,-001
+006,-001
+006,-001
+006,-001
+006,-001
+006,-001
+006,-001
+006,-001
+006,-001
+006,-001
+006,-001
+006,-001
+006,-001
+006,-001
+006,-001
+006,-001
+006,-001
+006,-001
+006,-001
+006,-001
+006,-001
+006,-001
+006,-001
+006,-001
+006,-001
+006,-001
+006,-001
+006,-001
+006,-001
+006,-001
+006,-001
+006,-001
+006,-001
+006,-001
+006,-001
+006,-001
+006,-001
+006,-001
+006,-001
+006,-001
+006,-001
+006,-001
+006,-001
+006,-001
+006,-001
+006,-001
+006,-001
+006,-001
+006,-001
+006,-001
+006,-001
+006,-001
+006,-001
+006,-001
+006,-001
+006,-001
+006,-001
+006,-001
+006,-001
+006,-001
+006,-001
+006,-001
+006,-001
+006,-001
+006,-001
+006,-001
+006,-001
+006,-001
+006,-001
+006,-001
+006,-001
+006,-001
+006,-001
+006,-001
+006,-001
+006,-001
+006,-001
+006,-001
+006,-001
+006,-001
+008,-001
+008,-001
+008,-002
+008,-001
+008,-001
+008,-001
+008,-001
+008,-001
+008,-001
+008,-001
+008,-001
+008,-001
+008,-001
+008,-001
+008,-001
+008,-001
+008,-001
+008,-001
+008,-001
+010,-001
+010,-001
+010,-001
+010,-001
+010,-001
+010,-001
+010,-004
+010,-003
+010,-003
+010,-003
+010,-003
+010,-003
+010,-003
+010,-003
+010,-003
+010,-003
+010,-003
+010,-003
+010,-003
+012,-003
+012,-003
+012,-003
+012,-003
+012,-003
+012,-003
+012,-003
+012,-003
+012,-003
+012,-003
+012,-003
+012,-003
+012,-003
+012,-003
+012,-003
+012,-003
+012,-003
+012,-003
+012,-003
+012,-006
+012,-006
+012,-006
+014,-006
+014,-006
+014,-006
+014,-006
+014,-006
+014,-006
+014,-006
+014,-006
+014,-006
+014,-006
+014,-006
+014,-006
+014,-006
+014,-006
+014,-006
+014,-006
+014,-006
+014,-006
+014,-006
+014,-006
+014,-006
+014,-006
+014,-006
+014,-006
+014,-005
+014,-005
+014,-005
+014,-005
+014,-005
+014,-005
+014,-005
+014,-005
+014,-005
+014,-005
+014,-005
+014,-005
+014,-005
+014,-005
+014,-005
+014,-004
+014,-004
+014,-004
+014,-004
+014,-004
+014,-004
+014,-004
+014,-004
+014,-004
+014,-003
+014,-003
+014,-003
+014,-003
+014,-003
+014,-003
+014,-003
+014,-003
+014,-003
+012,-003
+012,-003
+012,-003
+012,-002
+012,-002
+012,-002
+012,-002
+012,-002
+010,-002
+010,-002
+010,-002
+010,-002
+010,-002
+010,-002
+010,-002
+008,-002
+008,-002
+008,-002
+008,-002
+008,-001
+008,-001
+008,-001
+008,-001
+008,-001
+006,-001
+006,-001
+006,-001
+006,-001
+006,-001
+006,-001
+006,-001
+006,-001
+006,-001
+004,-001
+004,-001
+004,-001
+004,-001
+004,-001
+004,-001
+004,-001
+004,-001
+004,-001
+004,-001
+004,-001
+004,-001
+004,-001
+004,-001
+002,-001
+002,-001
+002,-001
+002,-001
+002,-001
+002,-001
+002,-001
+002,-001
+002,-001
+002,-001
+002,-001
+002,-001
+002,-001
+002,-001
+002,-001
+002,-001
+002,-001
+002,-001
+002,-001
+002,-001
+002,-001
+002,-001
+002,-001
+002,-001
+002,-001
+002,-001
+002,-001
+002,-001
+002,-001
+002,-001
+002,-001
+002,-001
+002,-001
+002,-001
+002,-001
+002,-001
+002,-001
+002,-001
+002,-001
+002,-001
+002,-001
+002,-001
+002,-001
+004,-001
+004,-001
+004,-001
+004,-001
+004,-001
+004,-001
+004,-001
+004,-001
+004,-001
+004,-001
+004,-001
+004,-001
+004,-001
+004,-001
+004,-001
+004,-001
+004,-001
+004,-001
+004,-001
+004,-001
+004,-001
+004,-001
+004,-001
+004,-001
+004,-001
+004,-001
+004,-001
+004,-001
+004,-001
+004,-001
+004,-001
+004,-001
+004,-001
+004,-001
+004,-001
+004,-001
+004,-001
+004,-001
+004,-001
+004,-001
+004,-001
+004,-001
+004,-001
+004,-001
+004,-001
+004,-001
+004,-001
+004,-001
+004,-001
+004,-001
+004,-001
+004,-001
+004,-001
+004,-001
+004,-001
+004,-001
+004,-001
+004,-001
+004,-001
+004,-001
+004,-001
+002,-001
+002,-001
+002,-001
+002,-001
+002,-001
+002,-001
+002,-001
+002,-001
+002,-001
+002,-001
+002,-001
+002,-001
+002,-001
+002,-001
+002,-001
+002,-001
+002,-001
+002,-001
+002,-001
+002,-001
+002,-001
+002,-001
+002,-001
+002,-001
+002,-001
+002,-001
+002,-001
+002,-001
+002,-001
+002,-001
+002,-001
+002,-001
+002,-001
+002,-004
+000,-004
+000,-003
+000,-003
+000,-003
+000,-003
+000,-003
+000,-003
+000,-003
+000,-003
+000,-003
+002,-003
+000,-003
+000,-003
+002,-003
+002,-003
+002,-003
+002,-003
+002,-006
+002,-006
+002,-006
+002,-006
+002,-006
+002,-006
+002,-006
+002,-006
+002,-006
+002,-006
+002,-006
+002,-006
+002,-006
+002,-006
+002,-006
+002,-006
+002,-006
+002,-006
+002,-006
+002,-006
+002,-006
+002,-006
+003,-006
+003,-006
+003,-006
+003,-006
+003,-006
+003,-006
+003,-006
+003,-006
+003,-006
+003,-006
+003,-006
+003,-006
+003,-006
+003,-006
-004,-006
-004,-006
-004,-009
-004,-009
-004,-009
-004,-009
-004,-009
-004,-009
-004,-009
-004,-009
-004,-009
-004,-009
-004,-009
-004,-009
-004,-009
-004,-009
-004,-009
-004,-009
-004,-009
-004,-009
-004,-009
-004,-009
-004,-009
-004,-009
-004,-009
-004,-009
-004,-009
-004,-009
-004,-009
-004,-009
-004,-009
-004,-009
-004,-009
-004,-009
-004,-009
-004,-009
-004,-009
-004,-009
-004,-009
-004,-009
-004,-009
-004,-009
-004,-009
-004,-009
-004,-009
-004,-009
-004,-009
-004,-009
-004,-009
-004,-009
-004,-009
-004,-009
-004,-009
+002,-009
+002,-009
+002,-009
+002,-009
+002,-009
+002,-009
+002,-009
+002,-009
+002,-009
+002,-009
+002,-009
+002,-009
+002,-009
+002,-009
+002,-009
+000,-009
+000,-009
+000,-009
+000,-009
+000,-009
+000,-009
+000,-009
+000,-009
+000,-009
+000,-009
+000,-009
+000,-009
+000,-009
+000,-009
+000,-008
+000,-008
+000,-008
+000,-008
+000,-008
+000,-008
+000,-008
+000,-008
+000,-008
+000,-008
+000,-008
+000,-008
+000,-008
+000,-008
+000,-008
+000,-008
+002,-007
+002,-007
+002,-007
+002,-007
+002,-007
+002,-007
+002,-007
+002,-007
+002,-007
+002,-007
+002,-007
+002,-007
+002,-007
+002,-007
+002,-006
+002,-006
+002,-006
+002,-006
+002,-006
+002,-006
+004,-006
+004,-006
+002,-006
+004,-006
+004,-006
+004,-006
+004,-006
+004,-006
+004,-006
+004,-006
+004,-006
+004,-006
+004,-006
+004,-006
+004,-006
+004,-006
+004,-006
+004,-006
+004,-006
+004,-006
+004,-006
+004,-006
+004,-006
+004,-006
+004,-006
+004,-006
+006,-006
+006,-006
+006,-006
+006,-006
+006,-006
+006,-006
+006,-006
+006,-006
+006,-006
+006,-006
+006,-006
+006,-006
+006,-006
+006,-006
+006,-006
+006,-006
+006,-006
+006,-006
+006,-006
+006,-006
+006,-006
+006,-006
+006,-006
+006,-006
+006,-006
+006,-006
+006,-006
+006,-006
+006,-006
+006,-006
+006,-006
+008,-006
+008,-006
+008,-006
+008,-006
+008,-006
+008,-009
+008,-008
+008,-008
+008,-008
+008,-008
+008,-008
+008,-008
+008,-008
+008,-008
+008,-008
+008,-008
+008,-008
+008,-008
+008,-008
+008,-008
+008,-008
+008,-011
+008,-011
+008,-010
+008,-010
+008,-010
+008,-010
+008,-010
+008,-013
+008,-013
+008,-011
+008,-011
+008,-011
+008,-011
+008,-011
+008,-011
+008,-011
+008,-011
+008,-011
+008,-011
+008,-011
+008,+014
+008,+014
+008,+014
+008,+014
+008,+014
+008,+014
+008,+014
+008,+014
+008,+014
+008,+014
+008,+014
+008,+014
+008,+014
+008,+014
+008,+014
+008,+014
+008,+014
+008,+014
+008,+014
+008,+014
+008,+014
+008,+014
+008,+014
+008,+014
+008,+014
+008,+014
+008,+014
+008,+014
+008,+014
+008,+014
+008,+014
+008,+014
+008,+014
+008,+014
+008,+014
+008,+014
+008,+014
+008,+014
+008,+014
+008,+014
+008,+014
+008,+014
+008,+014
+008,+014
+008,+014
+008,+014
+008,+014
+006,+014
+006,+014
+006,+014
+006,+014
+006,+014
+006,+014
+006,+014
+006,+014
+006,+014
+006,+014
+006,+014
+006,+014
+006,+014
+006,+014
+006,+014
+006,+014
+006,+014
+006,+014
+006,+014
+006,+014
+006,+014
+006,+014
+006,+014
+006,+014
+006,+014
+006,+014
+006,+014
+006,+014
+006,+014
+006,+014
+006,+014
+006,+014
+006,+014
+006,+014
+006,+014
+006,+014
+006,+014
+006,+014
+006,+014
+006,+014
+006,+016
+006,+016
+006,+016
+006,+016
+006,+016
+006,+016
+006,+016
+006,+016
+006,+016
+006,+016
+006,+016
+006,+016
+006,+016
+006,+016
+006,+016
+006,+016
+006,+016
+006,+016
+006,+016
+006,+016
+006,+016
+006,+018
+006,+018
+006,+018
+006,+018
+006,+018
+006,+018
+006,+018
+006,+018
+006,+018
+006,+018
+006,+018
+006,+018
+006,+018
+006,+018
+006,+018
+006,+018
+006,+020
+006,+020
+006,+020
+006,+020
+006,+020
+006,+020
+006,+020
+006,+020
+006,+020
+006,+020
+006,+020
+006,+020
+006,+020
+006,+020
+006,+020
+006,+020
+006,+020
+006,+020
+006,+020
+006,+020
+006,+020
+008,+020
+008,+020
+008,+020
+008,+020
+008,+020
+008,+020
+008,+022
+008,+022
+008,+022
+008,+022
+008,+022
+008,+022
+008,+022
+008,+022
+008,+022
+008,+022
+008,+022
+008,+022
+008,+022
+008,+022
+008,+022
+008,+022
+008,+022
+008,+022
+008,+022
+008,+022
+008,+022
+010,+022
+010,+022
+010,+022
+010,+022
+010,+022
+010,+022
+010,+022
+010,+022
+010,+022
+010,+022
+010,+022
+010,+022
+010,+022
+010,+022
+010,+022
+010,+022
+010,+022
+010,+022
+010,+022
+010,+022
+010,+022
+010,+022
+010,+022
+010,+022
+010,+022
+010,+022
+010,+022
+010,+022
+010,+022
+010,+022
+010,+022
+010,+022
+010,+022
+010,+022
+010,+022
+010,+022
+010,+022
+010,+022
+010,+022
+010,+022
+010,+022
+010,+022
+010,+022
+010,+022
+010,+022
+010,+022
+010,+022
+010,+022
+010,+022
+010,+022
+010,+022
+010,+022
+010,+022
+010,+022
+010,+022
+010,+022
+010,+022
+010,+022
+010,+022
+010,+022
+010,+022
+010,+022
+010,+022
+010,+022
+010,+022
+010,+022
+010,+022
+010,+022
+010,+022
+010,+022
+010,+022
+010,+022
+010,+022
+010,+022
+010,+022
+010,+022
+010,+022
+010,+022
+010,+022
+010,+022
+010,+022
+010,+022
+010,+022
+010,+022
+010,+022
+010,+022
+010,+022
+010,+022
+010,+022
+010,+022
+010,+022
+010,+022
+010,+022
+010,+022
+010,+022
+010,+022
+008,+022
+008,+022
+008,+022
+008,+022
+008,+022
+008,+022
+008,+022
+008,+022
+008,+022
+008,+022
+008,+022
+008,+022
+008,+022
+008,+022
+008,+022
+008,+022
+008,+024
+008,+024
+008,+024
+008,+024
+008,+024
+008,+024
+008,+024
+008,+024
+008,+024
+006,+024
+006,+024
+006,+024
+006,+024
+006,+024
+006,+024
+006,+024
+006,+024
+006,+024
+006,+024
+006,+024
+006,+024
+006,+024
+006,+024
+004,+024
+004,+024
+004,+024
+004,+024
+004,+024
+004,+024
+004,+024
+004,+024
+004,+024
+004,+024
+002,+024
+002,+024
+002,+024
+002,+024
+002,+024
+002,+024
+002,+024
+002,+022
+002,+022
+002,+022
+002,+022
+002,+022
+002,+022
+002,+022
+000,+022
+000,+022
+000,+022
+000,+022
+000,+022
+000,+022
+000,+022
+000,+022
+000,+022
+000,+022
+000,+022
+000,+022
+000,+022
+000,+022
+000,+022
+000,+022
+000,+022
+000,+020
+000,+020
+000,+020
+000,+020
+000,+020
+000,+020
+000,+020
+000,+020
+000,+020
+000,+020
+000,+020
+000,+020
+000,+020
+000,+020
+000,+020
+000,+020
+000,+020
+000,+020
+000,+018
+000,+018
+000,+018
+002,+018
+002,+018
+002,+018
+002,+018
+002,+018
+002,+018
+002,+018
+002,+018
+002,+018
+002,+018
+002,+018
+002,+018
+002,+018
+002,+018
+002,+018
+002,+018
+004,+018
+004,+018
+004,+018
+004,+018
+004,+018
+004,+018
+004,+018
+004,+018
+004,+018
+004,+018
+004,+018
+006,+018
+006,+018
+006,+018
+006,+018
+006,+018
+006,+018
+006,+016
+006,+016
+006,+016
+006,+016
+006,+016
+006,+016
+006,+016
+006,+016
+006,+016
+006,+016
+006,+016
+006,+016
+006,+016
+006,+016
+006,+016
+006,+016
+006,+016
+006,+016
+006,+016
+006,+016
+006,+016
+006,+016
+006,+016
+006,+016
+006,+016
+008,+016
+008,+016
+008,+016
+008,+016
+008,+016
+008,+016
+008,+016
+008,+016
+008,+016
+008,+016
+008,+016
+008,+016
+008,+014
+008,+014
+008,+014
+008,+014
+008,+014
+008,+014
+008,+014
+008,+014
+008,+014
+008,+014
+008,+014
+008,+014
+008,+014
+008,+014
+008,+014
+008,+014
+008,+014
+008,+014
+008,+014
+008,+014
+008,+014
+008,+014
+008,+014
+008,+014
+008,+014
+008,+014
+008,+014
+008,+014
+008,+014
+008,+014
+008,+014
+008,+014
+008,+014
+008,+014
+008,+014
+008,+014
+008,+014
+008,+014
+008,+014
+008,+014
+008,+014
+008,+014
+008,+014
+008,+014
+008,+014
+006,+014
+006,+014
+006,+014
+006,+014
+006,+014
+006,+014
+006,+014
+006,+014
+006,-013
+006,-013
+006,-013
+006,-013
+006,-013
+006,-013
+006,-013
+006,-013
+006,-013
+006,-013
+006,-013
+006,-013
+006,-012
+006,-012
+006,-012
+006,-012
+006,-012
+006,-012
+006,-012
+006,-012
+006,-012
+006,-012
+006,-012
+006,-012
+006,-011
+006,-011
+006,-011
+006,-011
+006,-011
+006,-011
+006,-011
+006,-010
+006,-010
+006,-010
+008,-009
+006,-009
+006,-009
+008,-009
+008,-009
+008,-009
+008,-009
+008,-008
+008,-008
+008,-008
+008,-008
+008,-008
+008,-008
+008,-008
+008,-008
+008,-008
+008,-008
+008,-008
+008,-008
+008,-008
+008,-008
+008,-008
+008,-008
+008,-008
+008,-007
+008,-007
+008,-007
+008,-007
+008,-007
+008,-007
+008,-007
+008,-007
+008,-007
+008,-007
+008,-006
+008,-006
+008,-006
+008,-006
+008,-006
+008,-006
+008,-006
+008,-006
+008,-006
+008,-006
+008,-006
+008,-006
+008,-005
+008,-005
+008,-005
+008,-005
+008,-005
+008,-005
+008,-005
+008,-005
+008,-005
+008,-005
+008,-004
+008,-004
+008,-004
+008,-004
+010,-004
+010,-004
+010,-004
+010,-004
+010,-004
+010,-004
+010,-003
+010,-003
+010,-003
+010,-003
+010,-003
+010,-003
+010,-003
+010,-003
+010,-003
+010,-003
+010,-003
+010,-003
+010,-003
+010,-003
+010,-002
+010,-002
+010,-002
+010,-002
+010,-002
+010,-002
+010,-002
+010,-002
+008,-002
+008,-002
+008,-002
+008,-002
+008,-002
+008,-001
+008,-001
+008,-001
+008,-001
+008,-001
+008,-001
+008,-001
+008,-001
+008,-001
+008,-001
+008,-001
+008,-001
+008,-001
+008,-001
+008,-000
+008,-000
+008,-000
+008,-000
+008,-000
+008,-000
+008,-000
+008,-000
+008,-000
+008,-000
+008,-000
+008,-000
+006,-000
+006,-000
+006,-000
+006,-000
+006,-001
+006,-001
+006,-001
+006,-001
+006,-001
+006,-001
+006,-001
+006,-001
+006,-001
+006,-001
+006,-001
+006,-001
+006,-001
+006,-001
+006,-001
+006,-001
+006,-001
+006,-001
+006,-001
+006,-001
+006,-002
+006,-002
+006,-002
+006,-002
+006,-002
+006,-002
+006,-002
+006,-002
+006,-002
+006,-002
+006,-002
+006,-002
+006,-002
+006,-002
+006,-002
+006,-002
+006,-002
+006,-002
+006,-002
+006,-002
+006,-002
+006,-002
+006,-002
+006,-002
+006,-002
+006,-002
+006,-002
+006,-002
+006,-002
+006,-002
+006,-002
+006,-002
+006,-002
+006,-002
+006,-002
+006,-002
+006,-002
+006,-002
+006,-002
+006,-002
+006,-002
+006,-002
+006,-002
+006,-002
+006,-002
+006,-002
+006,-002
+006,-002
+006,-002
+006,-002
+006,-002
+006,-002
+006,-002
+006,-002
+006,-002
+006,-002
+006,-002
+006,-002
+006,-002
+006,-002
+006,-002
+006,-002
+006,-002
+006,-002
+006,-002
+006,-002
+006,-002
+006,-002
+006,-002
+006,-002
+006,-002
+006,-002
+006,-002
+006,-002
+006,-002
+004,-002
+004,-002
+004,-002
+004,-002
+004,-002
+004,-002
+004,-002
+004,-001
+004,-000
+004,-000
+004,-000
+004,-000
+004,-000
+004,-000
+004,-000
+004,-000
+004,-000
+004,-000
+004,-000
+004,-000
+004,-000
+004,-000
+004,-000
+004,-000
+004,-000
+004,-000
+004,-000
+004,-000
+002,-000
+002,-000
+002,-000
+002,-000
+002,-001
+002,-001
+002,-001
+002,-001
+002,-001
+000,-002
+000,-002
+000,-002
+000,-002
+000,-002
+000,-002
+000,-002
+000,-003
+000,-003
+000,-003
+000,-003
+000,-003
+000,-003
+000,-003
+000,-003
+002,-003
+002,-003
+002,-003
+002,-003
+002,-003
+002,-003
+002,-003
+002,-003
+002,-003
+002,-003
+002,-003
+002,-003
+002,-003
+002,-003
+002,-003
+002,-003
+002,-003
+002,-003
+002,-003
+002,-003
+002,-003
+002,-003
+002,-003
+002,-003
+002,-003
+002,-003
+002,-003
+002,-003
+002,-003
+002,-003
+003,-003
+003,-003
+003,-003
+003,-003
+003,-003
+003,-003
+003,-003
+003,-003
+003,-003
+003,-003
+003,-003
-004,-003
-004,-003
-004,-003
-004,-003
-004,-003
-004,-003
-004,-003
-004,-003
-004,-003
-004,-003
-005,-003
-006,-003
-006,-003
-006,-003
-006,-000
-006,-002
-006,-002
-006,-002
-006,-002
-006,-002
-006,-002
-007,-002
-007,-002
-007,-002
-007,-002
-007,-002
-007,-002
-007,-002
-007,-002
-007,-002
-008,-002
-008,-002
-008,-002
-008,-002
-008,-002
-008,-002
-008,-002
-008,-002
-008,-002
-008,-002
-008,-002
-008,-002
-009,-002
-009,-002
-009,-002
-009,-002
-009,-002
-009,-002
-009,-002
-009,-002
-009,-002
-009,-002
-009,-002
-009,-002
-009,-002
-009,-002
-009,-002
-009,-002
-010,-002
-010,-002
-010,-002
-010,-002
-010,-002
-010,-002
-010,-002
-010,-002
-010,-002
-010,-002
-010,-002
-010,-002
-010,-002
-010,-002
-010,-002
-010,-002
-010,-002
-010,-002
-010,-002
-010,-002
-010,-002
-010,-002
-010,-002
-010,-002
-010,-002
-010,-002
-010,-002
-010,-002
-010,-002
-010,-002
-010,-002
-010,-002
-010,-002
-010,-002
-010,-002
-010,-002
-010,-002
-010,-002
-010,-002
-010,-002
-010,-002
-007,-002
-008,-002
-008,-002
-008,-002
-008,-002
-008,-002
-008,-002
-008,-003
-008,-003
-008,-003
-005,-003
-006,-003
-007,-003
-007,-003
-007,-003
-007,-003
-007,-003
-004,-003
-005,-003
-005,-003
-005,-003
-005,-003
-005,-003
-005,-003
-005,-003
-005,-003
-005,-003
-005,-003
-005,-003
-005,-003
-005,-003
-005,-003
-005,-003
-005,-003
-005,-003
-005,-003
-005,-003
-005,-003
-006,-000
-006,-001
-006,-002
-006,-002
-007,-002
-007,-002
-007,-002
-007,-002
-007,-002
-007,-002
-007,-002
-007,-002
-007,-002
-007,-002
-007,-002
-007,-002
-007,-002
-007,-002
-007,-002
-007,-002
-007,-001
-007,-000
-007,-000
-007,-000
-007,-000
-007,-000
-007,-000
-007,-000
-007,-000
-007,-000
-007,-000
-007,-000
-007,-000
-007,-000
-007,-000
-007,-000
-007,-000
-007,-000
-007,-000
-007,-000
-007,-000
-007,-000
-007,-000
-007,-000
-007,-000
-007,-000
-007,-000
-007,-000
-007,-000
-007,-000
-007,-000
-007,-000
-007,-000
-007,-000
-007,-000
-007,-000
-007,-000
-007,-000
-007,-000
-007,-000
-007,-000
-007,-000
-007,-000
-007,-000
-007,-000
-007,-000
-007,-000
-007,-000
-007,-000
-007,-000
-007,-000
-007,-000
-007,-003
-007,-003
-007,-003
-007,-003
-007,-003
-007,-003
-007,-003
-007,-003
-004,-003
-005,-003
-005,-003
-005,-003
-005,-003
-005,-003
-005,-003
-005,-006
-005,-005
-005,-005
-005,-005
-005,-005
-005,-005
-005,-005
-005,-005
-005,-005
-005,-005
-005,-005
-005,-005
-005,-005
-005,-005
-005,-005
-005,-005
-005,-005
-005,-005
-005,-005
-005,-005
-005,-005
-005,-005
-005,-005
-006,-005
-006,-005
-006,-005
-006,-005
-006,-005
-006,-005
-006,-005
-006,-005
-006,-005
-006,-005
-006,-005
-006,-005
-006,-005
-006,-005
-006,-005
-006,-005
-006,-005
-006,-005
-006,-005
-006,-005
-006,-005
-006,-005
-006,-005
-006,-005
-006,-005
-006,-005
-006,-005
-006,-005
-006,-005
-006,-005
-006,-005
-006,-005
-007,-005
-007,-005
-007,-005
-007,-005
-007,-005
-007,-005
-007,-005
-007,-005
-007,-005
-007,-005
-008,-005
-008,-005
-008,-005
-008,-005
-008,-005
-009,-005
-009,-005
-009,-005
-009,-005
-009,-005
-009,-005
-009,-005
-009,-005
-010,-005
-010,-005
-010,-005
-010,-005
-010,-005
-010,-005
-010,-005
-010,-005
-010,-005
-010,-005
-010,-005
-010,-005
-011,-005
-011,-005
-011,-005
-011,-005
-011,-005
-011,-005
-011,-005
-011,-005
-011,-005
-011,-005
-011,-005
-011,-005
-011,-005
-011,-005
-011,-005
-011,-005
-011,-005
-011,-005
-011,-005
-011,-005
-011,-005
-011,-005
-011,-005
-011,-005
-011,-005
-011,-005
-011,-005
-011,-005
-011,-005
-011,-005
-011,-005
-011,-005
-011,-005
-011,-005
-011,-005
-011,-005
-011,-005
-011,-005
-011,-005
-011,-005
-011,-005
-011,-005
-011,-005
-011,-005
-011,-005
-011,-005
-011,-005
-011,-005
-011,-005
-011,-005
-011,-005
-011,-005
-011,-005
-011,-005
-011,-005
-011,-005
-011,-005
-011,-005
-011,-005
-011,-005
-011,-005
-011,-005
-011,-005
-011,-005
-011,-005
-011,-005
-011,-005
-011,-005
-011,-005
-011,-005
-011,-005
-011,-008
-011,-007
-008,-007
-009,-007
-009,-007
-009,-007
-009,-007
-009,-007
-009,-007
-009,-007
-009,-007
-009,-007
-009,-010
-009,-010
-009,-010
-009,-010
-009,-010
-009,-010
-009,-010
-009,-010
-009,-010
-009,-010
-009,-010
-009,-010
-009,-010
-009,-010
-009,-010
-009,-010
-009,-010
-009,-010
-009,-010
-009,-010
-009,-010
-009,-010
-009,-010
-009,-010
-009,-010
-009,-010
-009,-010
-009,-010
-009,-013
-009,-013
-009,-013
-010,-013
-010,-013
-010,-013
-010,-013
-010,-013
-010,-013
-010,-013
-010,-013
-010,-013
-010,-013
-010,-013
-010,-013
-010,-013
-010,-013
-010,-013
-010,-013
-010,-013
-010,-013
-010,-013
-011,+015
-011,+015
-011,+015
-011,+015
-011,+015
-011,+015
-011,+015
-011,+015
-012,+015
-012,+015
-012,+015
-012,+015
-013,+015
-013,+015
-014,+015
-015,+017
-015,+017
-015,+017
-015,+017
-015,+017
-015,+017
-015,+017
-015,+017
-015,+017
-016,+017
-016,+017
-016,+017
-016,+017
-016,+017
-016,+017
-016,+017
-016,+017
-016,+017
-016,+017
-017,+017
-017,+017
-017,+017
-017,+017
-017,+017
-017,+017
-017,+017
-017,+017
-017,+017
-017,+017
-017,+017
-017,+017
-017,+017
-017,+017
-018,+017
-018,+019
-018,+019
-018,+019
-018,+019
-018,+019
-018,+019
-018,+019
-019,+019
-019,+019
-019,+019
-019,+019
-019,+019
-019,+019
-019,+021
-020,+021
-020,+021
-020,+021
-020,+021
-020,+021
-020,+021
-020,+021
-020,+021
-020,+021
-020,+021
-020,+021
-020,+021
-020,+021
-020,+021
-020,+021
-020,+023
-020,+023
-020,+023
-020,+023
-020,+023
-020,+023
-020,+023
-020,+023
-020,+023
-020,+023
-020,+023
-020,+023
-020,+023
-020,+023
-020,+023
-020,+023
-020,+023
-020,+023
-020,+023
-020,+023
-020,+023
-020,+023
-020,+023
-020,+025
-020,+025
-020,+025
-020,+025
-020,+025
-020,+025
-020,+025
-017,+025
-017,+025
-017,+025
-017,+025
-017,+025
-017,+025
-017,+025
-017,+025
-017,+025
-017,+025
-017,+025
-017,+025
-017,+025
-017,+025
-017,+025
-017,+025
-017,+025
-017,+025
-014,+025
-014,+025
-014,+025
-014,+025
-014,+025
-014,+027
-014,+027
-014,+027
-014,+027
-014,+027
-014,+027
-014,+027
-014,+027
-014,+027
-014,+027
-014,+027
-014,+027
-014,+027
-014,+027
-014,+027
-014,+027
-014,+027
-014,+027
-014,+027
-014,+027
-014,+027
-014,+027
-014,+027
-014,+027
-014,+027
-014,+027
-014,+027
-014,+027
-014,+027
-014,+027
-014,+027
-014,+027
-014,+027
-014,+027
-014,+027
-014,+027
-014,+027
-014,+027
-014,+027
-014,+027
-014,+027
-014,+027
-014,+027
-014,+027
-014,+027
-014,+027
-014,+027
-014,+027
-014,+027
-014,+027
-014,+027
-014,+027
-014,+027
-014,+027
-014,+027
-014,+027
-014,+027
-014,+027
-014,+027
-014,+027
-014,+027
-014,+027
-014,+027
-014,+027
-014,+027
-014,+027
-014,+027
-014,+027
-014,+027
-014,+027
-014,+027
-011,+027
-011,+027
-011,+027
-011,+027
-011,+027
-011,+027
-011,+027
-011,+027
-011,+027
-011,+027
-011,+027
-011,+027
-011,+027
-011,+027
-011,+027
-011,+027
-011,+027
-011,+027
-011,+027
-011,+027
-011,+027
-011,+027
-011,+027
-011,+027
-008,+027
-008,+029
-008,+029
-008,+029
-008,+029
-008,+029
-008,+029
-008,+029
-008,+029
-008,+029
-008,+029
-008,+029
-008,+029
-008,+029
-008,+029
-008,+029
-008,+029
-008,+029
-008,+029
-008,+029
-008,+029
-008,+029
-008,+029
-008,+029
-008,+029
-008,+029
-008,+029
-008,+029
-008,+029
-008,+029
-008,+029
-008,+029
-008,+029
-008,+029
-008,+029
-008,+029
-008,+029
-008,+029
-008,+029
-008,+029
-008,+029
-008,+029
-008,+029
-008,+029
-008,+029
-008,+029
-008,+029
-008,+029
-008,+029
-008,+029
-008,+029
-008,+029
-008,+029
-008,+029
-008,+029
-008,+029
-008,+029
-008,+029
-008,+029
-008,+029
-008,+029
-008,+029
-008,+029
-008,+029
-008,+029
-008,+029
-008,+029
-008,+029
-008,+029
-008,+029
-008,+029
-008,+029
-008,+029
-008,+029
-008,+029
-008,+029
-008,+029
-008,+029
-008,+029
-008,+029
-008,+029
-008,+029
-009,+029
-009,+029
-009,+029
-009,+029
-009,+029
-009,+029
-009,+029
-009,+029
-009,+029
-009,+027
-010,+027
-010,+027
-010,+027
-010,+027
-010,+027
-010,+027
-011,+027
-011,+027
-011,+027
-011,+027
-011,+027
-011,+027
-011,+027
-012,+027
-012,+027
-012,+027
-012,+027
-012,+027
-012,+027
-012,+027
-012,+027
-012,+027
-012,+027
-012,+027
-012,+027
-012,+027
-012,+027
-013,+027
-013,+027
-013,+027
-013,+027
-013,+027
-013,+027
-013,+027
-013,+027
-013,+027
-013,+027
-013,+027
-014,+027
-014,+027
-014,+027
-014,+027
-014,+027
-014,+027
-014,+027
-014,+025
-014,+025
-014,+025
-014,+025
-015,+025
-015,+025
-015,+025
-015,+025
-015,+025
-015,+025
-015,+025
-015,+025
-015,+025
-015,+025
-015,+025
-015,+025
-015,+025
-015,+025
-015,+025
-015,+025
-015,+025
-015,+025
-015,+025
-015,+025
-015,+025
-015,+025
-015,+025
-015,+025
-015,+025
-015,+025
-015,+025
-015,+025
-015,+025
-015,+025
-015,+025
-015,+025
-015,+025
-015,+025
-015,+025
-015,+025
-015,+025
-015,+025
-015,+025
-015,+025
-015,+025
-015,+025
-015,+025
-015,+025
-015,+025
-015,+025
-015,+025
-015,+025
-015,+025
-015,+025
-015,+025
-015,+025
-015,+023
-015,+023
-015,+023
-015,+023
-015,+023
-015,+023
-015,+023
-015,+023
-015,+023
-015,+023
-015,+023
-015,+023
-015,+023
-015,+023
-015,+023
-015,+023
-015,+023
-015,+023
-015,+023
-015,+023
-015,+023
-015,+023
-015,+023
-015,+023
-015,+021
-015,+021
-015,+021
-015,+021
-015,+021
-015,+021
-015,+021
-015,+021
-015,+021
-015,+021
-015,+021
-015,+021
-015,+021
-015,+021
-015,+021
-015,+021
-015,+021
-015,+021
-015,+021
-015,+021
-015,+021
-015,+021
-015,+021
-015,+021
-015,+021
-015,+021
-015,+021
-015,+021
-015,+021
-015,+021
-015,+021
-015,+021
-015,+021
-015,+021
-015,+021
-015,+021
-012,+021
-012,+021
-012,+021
-012,+021
-012,+021
-012,+021
-012,+021
-012,+021
-012,+021
-012,+021
-012,+021
-012,+021
-012,+021
-012,+021
-012,+021
-012,+021
-012,+021
-012,+021
-012,+021
-012,+021
-012,+021
-012,+021
-012,+021
-012,+021
-012,+021
-012,+021
-012,+021
-012,+021
-012,+021
-012,+021
-012,+021
-012,+021
-009,+021
-010,+021
-010,+021
-010,+021
-010,+021
-010,+021
-010,+021
-010,+021
-010,+021
-010,+021
-010,+021
-010,+021
-010,+021
-010,+021
-010,+021
-010,+021
-010,+021
-010,+021
-010,+021
-010,+021
-010,+021
-010,+021
-010,+021
-010,+021
-010,+021
-010,+021
-010,+021
-010,+021
-010,+021
-011,+021
-011,+021
-011,+021
-011,+021
-011,+021
-011,+021
-011,+021
-011,+021
-011,+021
-011,+021
-011,+021
-011,+021
-011,+021
-011,+021
-011,+021
-011,+021
-011,+021
-011,+021
-011,+021
-011,+021
-011,+021
-011,+021
-011,+021
-011,+021
-011,+021
-011,+021
-011,+021
-011,+021
-011,+021
-011,+021
-011,+021
-011,+021
-011,+021
-011,+021
-011,+021
-011,+021
-011,+021
-011,+021
-011,+023
-011,+023
-011,+023
-011,+023
-011,+023
-011,+023
-011,+023
-011,+023
-011,+023
-011,+023
-011,+023
-011,+023
-011,+023
-011,+023
-011,+023
-011,+023
-011,+023
-011,+023
-011,+023
-011,+023
-011,+023
-011,+023
-011,+023
-011,+023
-011,+023
-011,+023
-011,+023
-011,+023
-011,+023
-011,+023
-011,+023
-011,+023
-011,+023
-011,+023
-011,+023
-011,+023
-011,+023
-011,+023
-011,+023
-011,+023
-011,+023
-011,+023
-011,+023
-011,+023
-011,+023
-011,+023
-011,+023
-011,+023
-011,+023
-011,+023
-011,+023
-011,+023
-011,+023
-011,+023
-011,+023
-011,+023
-011,+023
-011,+023
-011,+023
-011,+023
-011,+023
-011,+023
-011,+023
-011,+023
-011,+023
-011,+023
-011,+023
-011,+023
-011,+023
-011,+023
-011,+023
-011,+023
-011,+023
-011,+023
-011,+023
-011,+023
-011,+021
-008,+021
-008,+021
-008,+021
-008,+021
-008,+021
-008,+021
-008,+021
-008,+021
-008,+021
-008,+021
-008,+021
-008,+019
-008,+019
-008,+019
-008,+019
-008,+019
-008,+019
-008,+019
-008,+019
-008,+019
-008,+019
-008,+019
-008,+019
-008,+019
-008,+019
-008,+019
-008,+019
-008,+019
-008,+019
-008,+019
-008,+019
-008,+019
-008,+019
-008,+019
-005,+019
-005,+019
-005,+019
-005,+019
-005,+019
-005,+019
-005,+019
-005,+019
-005,+019
-005,+019
-005,+019
-005,+019
-005,+019
-005,+019
-005,+019
-005,+019
-005,+019
-005,+019
-005,+019
-005,+019
-005,+019
-005,+019
-005,+019
-005,+019
-005,+019
-005,+019
-005,+019
-005,+019
-005,+019
-005,+019
-005,+019
-005,+019
-005,+019
-005,+019
-005,+019
-005,+019
-005,+019
-005,+019
-005,+019
-005,+019
-005,+019
-005,+019
-005,+019
-005,+019
-005,+017
-005,+017
-005,+017
-005,+017
-005,+017
-005,+017
-005,+017
-005,+017
-005,+017
-005,+017
-005,+017
-005,+017
-005,+017
-005,+017
-005,+017
-005,+017
-005,+017
-005,+017
-005,+017
-005,+017
-005,+017
-005,+017
-005,+017
-005,+017
-005,+017
-005,+017
-005,+017
-005,+017
-005,+017
-005,+017
-005,+017
-005,+017
-005,+017
-005,+017
-005,+017
-005,+017
-005,+017
-005,+017
-005,+017
-005,+017
-005,+017
-005,+017
-005,+017
-005,+017
-005,+017
-005,+017
-005,+017
-005,+017
-005,+017
-005,+017
-005,+017
-005,+017
+003,+017
+003,+017
+003,+017
+003,+017
+003,+017
+003,+017
+003,+017
+003,+017
+003,+017
+003,+017
+003,+017
+003,+017
+003,+017
+003,+017
+003,+017
+003,+017
+003,+017
+003,+017
+003,+017
+003,+017
+003,+017
+003,+017
+003,+017
+003,+017
+003,+017
+003,+015
+003,+015
+003,+015
+003,+015
+003,+015
+003,+015
+003,+015
+003,+015
+003,+015
+003,+015
+003,+015
+003,+015
+003,+015
+003,+015
+003,+015
+001,+015
+001,+015
+001,+015
+001,+015
+001,+015
+001,+015
+001,+015
+001,+015
+001,+015
+001,+015
+001,+015
+001,+015
+001,+015
+001,+015
+001,+015
+001,+015
+001,+015
+001,+015
+001,+015
+001,+015
+001,+015
+001,+015
+001,+015
+001,+015
+001,+015
+001,+015
+001,+015
+001,+015
+001,+014
+001,+014
+001,+014
+001,+014
+001,+014
+001,+014
+001,+014
+001,+014
+001,+014
+001,+014
+001,+014
+001,+014
+001,+014
+001,+014
+001,+014
+003,+014
+003,+014
+003,+014
+003,+014
+003,-013
+003,-013
+003,-013
+003,-013
+003,-013
+003,-013
+003,-013
+003,-013
+003,-013
+003,-013
+003,-013
+003,-012
+003,-012
+003,-012
+003,-012
+003,-012
+003,-012
+003,-012
+003,-011
-004,-011
-004,-011
-004,-011
-004,-011
-004,-011
-004,-011
-004,-011
-004,-011
-004,-011
-004,-011
-005,-011
-005,-011
-005,-011
-005,-011
-005,-011
-005,-011
-005,-011
-005,-011
-005,-011
-005,-011
-005,-011
-006,-011
-006,-011
-006,-011
-006,-011
-006,-011
-006,-011
-006,-011
-006,-011
-006,-011
-006,-011
-006,-011
-006,-011
-006,-011
-006,-011
-006,-011
-006,-011
-006,-011
-006,-011
-006,-011
-006,-011
-006,-011
-006,-011
-006,-011
-006,-011
-007,-010
-007,-010
-007,-010
-007,-010
-007,-010
-007,-010
-007,-010
-007,-010
-007,-010
-007,-010
-007,-010
-007,-010
-007,-010
-007,-010
-007,-010
-007,-010
-007,-010
-007,-010
-007,-010
-007,-010
-007,-010
-007,-010
-007,-010
-007,-010
-007,-009
-007,-009
-007,-009
-007,-009
-007,-009
-007,-009
-007,-009
-007,-009
-007,-009
-007,-009
-007,-009
-007,-009
-007,-009
-007,-009
-007,-009
-007,-009
-007,-009
-007,-009
-007,-009
-007,-009
-007,-009
-007,-009
-007,-009
-007,-009
-007,-009
-007,-009
-004,-009
-004,-009
-005,-009
-005,-009
-005,-009
-005,-009
-005,-009
-005,-009
-005,-009
-005,-008
-005,-008
-005,-008
-005,-008
-005,-008
-005,-008
-005,-008
-005,-008
-005,-008
-005,-008
-005,-008
-005,-008
-005,-008
-005,-008
+003,-008
+003,-008
+003,-008
+003,-008
+003,-008
+003,-008
+003,-008
+003,-007
+003,-007
+003,-007
+003,-007
+003,-007
+003,-007
+003,-007
+003,-007
+003,-007
+003,-007
+003,-007
+003,-007
+003,-006
+003,-006
+003,-006
+003,-006
+003,-006
+003,-006
+003,-006
+003,-006
+003,-006
+003,-006
+003,-006
+001,-005
+001,-005
+001,-005
+001,-005
+001,-005
+001,-005
+001,-005
+001,-004
+001,-004
+001,-004
+001,-003
+001,-002
+001,-002
+001,-002
+001,-002
+001,-002
+001,-002
+001,-001
+001,-001
+001,-001
+001,-001
+001,-001
+001,-001
+001,-001
+001,-001
+001,-001
+001,-001
+001,-001
+001,-001
+001,-000
+001,-000
+001,-000
+001,-000
+001,-000
+001,-000
+001,-000
+001,-000
+001,-000
+001,-000
+001,-000
+001,-000
+001,-000
+001,-000
+001,-000
+001,-000
+001,-000
+001,-000
+001,-000
+001,-000
+001,-000
+001,-000
+001,-000
+001,-000
+001,-000
+001,-000
+001,-000
+001,-000
+001,-000
+001,-000
+001,-000
+001,-000
+001,-000
+001,-000
+001,-000
+001,-000
+001,-000
+001,-000
+001,-000
+001,-000
+001,-000
+001,-000
+001,-000
+001,-000
+001,-000
+001,-000
+001,-000
+001,-000
+001,-000
+001,-000
+001,-000
+001,-000
+001,-000
+001,-000
+001,-000
+001,-000
+001,-000
+001,-000
+001,-000
+001,-000
+001,-000
+001,-000
+001,-000
+001,-000
COP Area(S): 000261
COP Area(R): 000437