-000,-000
-000,-000
-000,-000
-000,-000
-000,-000
-000,-000
-000,-000
-000,-000
-000,-000
-000,-000
-000,-000
-000,-000
-000,-000
-000,-000
-000,-000
-000,-000
-000,-000
-000,-000
-000,-000
-000,-000
-003,-000
-003,-000
-003,-003
-003,-003
-003,-002
-003,-002
-003,-002
-003,-002
-003,-002
-003,-002
-003,-002
-003,-002
-003,-002
-003,-002
-003,-002
-003,-005
-003,-004
-003,-004
-003,-004
-003,-004
-003,-004
-003,-004
-003,-004
-003,-004
-003,-004
-003,-004
-003,-004
-003,-004
-003,-004
-003,-004
-003,-004
-003,-004
-003,-004
-002,-004
-002,-004
-002,-004
-002,-004
-002,-004
-002,-004
-002,-004
-002,-004
-002,-004
-002,-004
-002,-004
-002,-004
-002,-004
-002,-004
-002,-004
-002,-004
-002,-004
-002,-004
-002,-004
-002,-004
-002,-004
-002,-004
-002,-004
-002,-004
-002,-004
-002,-004
-002,-004
-002,-004
-002,-004
-002,-004
-002,-004
-002,-004
-001,-004
-001,-004
-001,-004
-001,-004
-001,-004
-001,-004
-001,-004
-001,-004
-001,-004
-001,-004
-001,-004
-001,-004
-001,-004
-001,-004
-000,-004
-000,-004
-000,-004
-000,-004
-000,-004
-000,-004
-000,-004
-000,-004
-000,-004
-000,-004
-000,-004
-000,-004
-000,-004
-000,-004
-000,-004
-000,-004
-000,-004
-000,-004
-000,-004
-000,-004
-000,-004
-000,-004
-000,-004
-000,-004
-000,-004
-000,-004
-000,-004
-000,-004
-000,-004
-000,-004
-000,-004
-000,-004
-000,-004
-000,-004
-000,-004
-000,-004
-000,-004
-000,-004
-000,-004
-000,-004
-000,-004
-000,-004
-000,-004
-000,-007
-000,-007
-000,-007
-000,-007
-000,-007
-000,-007
-000,-007
-000,-007
-000,-007
-000,-007
-000,-007
-000,-007
-000,-007
-000,-007
-000,-007
-003,-007
-003,-007
-003,-007
-003,-007
-003,-007
-003,-007
-003,-007
-003,-007
-003,-007
-003,-007
-003,-007
-003,-007
-003,-007
-003,-007
-006,-007
-006,-007
-006,-007
-006,-007
-006,-007
-006,-007
-006,-007
-006,-007
-006,-007
-006,-007
-006,-007
-006,-007
-006,-007
-006,-007
-006,-007
-006,-007
-006,-007
-006,-007
-006,-007
-006,-007
-006,-007
-006,-007
-005,-007
-005,-007
-005,-007
-004,-007
-004,-007
-004,-007
-004,-007
-004,-007
-003,-007
-003,-007
-003,-007
-003,-007
-003,-007
-003,-007
-003,-007
-002,-007
-002,-007
-002,-007
-002,-007
-002,-007
-002,-007
-002,-007
-002,-007
-002,-007
-002,-007
-002,-007
-002,-007
-002,-007
-002,-007
-002,-007
-002,-007
-002,-007
-002,-007
-002,-007
-002,-007
-002,-007
-002,-010
-002,-010
-002,-009
-002,-009
-002,-009
-002,-009
-002,-009
-002,-009
-002,-009
-002,-009
-002,-009
-002,-009
-002,-009
-002,-009
-002,-009
-002,-009
-001,-009
-001,-009
-001,-009
-001,-009
-001,-009
-000,-008
-000,-008
-000,-008
-000,-008
-000,-008
-001,-008
-001,-008
-001,-008
-001,-008
-002,-008
-002,-007
-002,-007
-002,-007
-002,-007
-002,-007
-002,-007
-002,-007
-003,-007
-003,-007
-003,-007
-003,-007
-003,-007
-003,-007
-003,-007
-004,-006
-004,-006
-004,-006
-004,-006
-004,-006
-004,-006
-004,-006
-004,-006
-004,-006
-004,-006
-004,-005
-004,-005
-005,-005
-005,-005
-005,-005
-005,-005
-005,-005
-005,-004
-005,-004
-005,-004
-005,-004
-005,-004
-005,-004
-005,-004
-006,-004
-006,-004
-006,-004
-006,-003
-006,-003
-006,-003
-006,-003
-006,-003
-006,-003
-006,-003
-006,-003
-006,-003
-006,-003
-006,-003
-006,-003
-006,-003
-006,-003
-006,-003
-007,-003
-007,-003
-007,-003
-007,-003
-007,-003
-007,-003
-007,-003
-007,-003
-007,-003
-007,-003
-007,-003
-007,-003
-007,-003
-007,-003
-007,-003
-007,-003
-007,-003
-007,-003
-007,-003
-007,-003
-007,-003
-007,-003
-004,-003
-004,-003
-004,-003
-004,-003
-004,-003
-004,-003
-004,-003
-004,-003
-004,-006
-004,-005
-004,-005
-004,-005
-004,-005
-004,-005
-004,-005
-001,-005
-001,-005
-001,-005
-001,-005
-001,-005
-001,-005
-001,-005
-001,-005
-001,-005
-001,-005
-001,-005
-001,-005
-001,-005
-001,-005
-001,-008
-001,-008
-001,-008
-001,-008
-001,-008
-001,-008
-001,-008
-001,-008
-001,-008
-001,-008
-001,-008
-001,-008
-001,-008
-001,-008
-001,-008
-001,-011
-001,-011
-001,-011
-002,-011
-002,-011
-002,-011
-002,-011
-002,-011
-002,-011
-002,-011
-002,-011
-002,-011
-002,-011
-002,-011
-002,-011
-002,-011
-002,-011
-002,-011
-002,-011
-002,-011
-002,-014
-002,-014
-002,-014
-001,-014
-001,-014
-001,-014
-001,-014
-001,-014
-001,-014
-001,-014
-001,-014
-000,-014
-000,-014
-000,-014
-000,-014
-000,-014
-001,-014
-001,-014
-001,-014
-001,-014
-001,-014
-001,-014
-001,-014
-002,-014
-002,-014
-002,-014
-002,-014
-002,-014
-002,-014
-002,-014
-003,-014
-003,-014
-003,-014
-003,-014
-003,-014
-003,-014
-003,-014
-003,-014
-003,-014
-003,-014
-003,-014
-003,-014
-003,-014
-003,-014
-003,-014
-003,-014
-003,-014
-003,-014
-003,-014
-003,-014
-003,-014
-003,-014
-003,-014
-003,-014
-003,-014
-000,-014
-000,-014
-001,-014
-001,-014
-001,-014
-001,-014
-001,-014
-001,-014
-001,-014
-001,-014
-001,-014
-001,-014
-001,-014
-001,-014
-001,-014
-001,-014
-001,-014
-001,-014
-001,-014
-001,-013
-001,-013
-001,-013
-001,-013
-001,-013
-001,-012
-001,-012
-001,-012
-001,-012
-001,-012
-001,-012
-001,-012
-001,-012
-001,-012
-001,-012
-001,-012
-001,-012
-001,-012
-001,-012
-001,-012
-001,-012
-001,-012
-001,-012
-001,-012
-001,-012
-001,-012
-002,-012
-002,-012
-002,-012
-002,-012
-002,-012
-002,-012
-002,-012
-002,-012
-002,-012
-002,-012
-002,-012
-002,-012
-002,-012
-002,-012
-002,-012
-002,-012
-002,-012
-002,-012
-002,-012
-002,-012
-002,-012
-002,-012
-002,-012
-002,-012
-002,-012
-002,-012
-002,-012
-002,-012
-002,-012
-002,-012
-002,-012
-002,-012
-002,-012
-002,-012
-002,-012
-002,-012
-002,-012
-002,-012
-002,-012
-002,-012
-002,-012
-002,-012
-002,-012
-002,-012
-001,-012
-001,-012
-001,-012
-001,-012
-001,-012
-001,-012
-001,-012
-001,-012
-001,-012
-001,-012
-001,-012
-001,-012
-001,-012
-001,-012
-001,-012
-001,-012
-001,-012
-001,-012
-001,-012
-001,-012
-001,-012
-001,-012
-001,-012
-001,-012
-001,-012
-001,-012
-001,-012
-001,-012
-001,-012
-001,-012
-001,-012
-001,-012
-001,-012
-001,-012
-001,-012
-001,-011
-001,-011
-001,-011
-001,-011
-000,-011
-000,-011
-000,-010
-000,-010
-000,-010
-001,-010
-001,-010
-001,-009
-001,-009
-001,-009
-002,-009
-002,-009
-002,-008
-002,-008
-002,-008
-002,-008
-002,-008
-003,-008
-003,-008
-003,-007
-003,-007
-003,-007
-003,-007
-003,-007
-003,-007
-003,-007
-003,-007
-003,-007
-003,-007
-003,-007
-003,-007
-003,-007
-003,-007
-003,-007
-003,-007
-003,-007
-003,-007
-003,-007
-003,-007
-003,-006
-003,-006
-003,-006
-003,-006
-003,-006
-003,-006
-003,-006
-003,-006
-003,-006
-003,-006
-003,-006
-003,-006
-003,-006
-003,-006
-003,-006
-003,-006
-003,-006
-003,-006
-003,-006
-003,-006
-003,-006
-003,-006
-003,-006
-003,-006
-003,-006
-003,-006
-003,-006
-003,-006
-003,-006
-003,-006
-003,-006
-003,-006
-003,-006
-003,-006
-003,-006
-003,-006
-003,-006
-003,-006
-003,-006
-003,-006
-003,-006
-003,-006
-003,-006
-003,-006
-003,-006
-003,-006
-003,-006
-000,-006
-001,-006
-001,-006
-001,-006
-001,-006
-001,-006
-001,-006
-001,-006
-001,-006
-001,-006
-001,-006
-001,-006
-001,-009
-001,-008
-001,-008
-001,-008
-001,-008
-001,-008
-001,-008
-001,-008
-001,-008
-001,-008
-001,-008
-001,-008
-001,-008
-001,-008
-001,-008
-001,-008
-001,-008
-001,-008
-001,-008
-001,-008
-001,-008
-001,-008
-001,-008
-001,-008
-002,-008
-002,-008
-002,-008
-002,-008
-002,-008
-002,-008
-002,-008
-002,-008
-002,-008
-002,-008
-002,-008
-002,-008
-002,-008
-002,-008
-002,-008
-002,-008
-002,-008
-002,-008
-002,-008
-002,-008
-002,-008
-002,-008
-002,-008
-002,-008
-002,-008
-002,-008
-002,-008
-002,-008
-002,-008
-002,-008
-002,-008
-002,-008
-002,-008
-002,-008
-002,-008
-002,-008
-002,-008
-002,-008
-002,-008
-002,-008
-002,-008
-002,-008
-002,-008
-002,-008
-002,-008
-002,-008
-002,-008
-002,-008
-002,-008
-002,-008
-002,-008
-002,-008
-002,-008
-002,-007
-002,-007
-002,-007
-002,-007
-002,-007
-002,-007
-002,-007
-002,-007
-002,-007
-002,-007
-003,-007
-003,-007
-003,-007
-003,-007
-003,-007
-003,-007
-003,-007
-003,-007
-003,-007
-003,-007
-003,-007
-003,-007
-003,-007
-003,-007
-003,-007
-003,-007
-003,-007
-000,-007
-000,-007
-000,-007
-000,-007
-000,-007
-000,-007
-000,-007
-000,-007
-000,-007
-000,-007
-000,-007
-000,-007
-000,-007
-000,-007
-000,-007
-000,-007
-000,-007
-000,-007
-000,-007
-000,-007
-000,-007
-000,-007
-000,-007
-000,-007
-000,-007
-003,-007
-003,-007
-003,-007
-003,-007
-003,-007
-003,-007
-003,-007
-003,-007
-003,-007
-003,-007
-003,-007
-003,-007
-003,-007
-003,-007
-003,-007
-003,-007
-003,-007
-006,-007
-006,-007
-006,-007
-006,-007
-006,-007
-006,-007
-006,-007
-006,-007
-006,-007
-006,-007
+009,-007
+009,-007
+009,-007
+009,-007
+009,-007
+009,-007
+009,-007
+009,-007
+009,-007
+009,-006
+009,-006
+009,-006
+009,-006
+009,-006
+009,-006
+009,-006
+009,-006
+009,-006
+009,-006
+009,-006
+009,-006
+009,-006
+009,-006
+009,-006
+009,-006
+009,-006
+009,-006
+009,-006
+009,-006
+009,-006
+009,-006
+009,-006
+009,-006
-008,-006
-008,-006
-008,-006
-008,-006
-008,-006
-008,-006
-008,-006
-007,-006
-007,-006
-007,-006
-007,-006
-007,-006
-007,-006
-007,-006
-006,-006
-006,-006
-006,-006
-006,-006
-006,-006
-006,-006
-006,-006
-006,-006
-006,-006
-006,-006
-006,-006
-006,-006
-006,-005
-006,-005
-006,-005
-006,-005
-006,-005
-006,-005
-006,-005
-006,-005
-006,-005
-006,-005
-006,-004
-006,-004
-006,-004
-006,-004
-006,-004
-006,-004
-006,-004
-006,-004
-006,-004
-006,-004
-006,-003
+009,-003
+009,-003
+009,-003
+009,-003
+009,-003
+009,-003
+009,-002
+009,-002
+009,-002
+009,-002
+009,-002
+009,-002
+009,-002
+009,-002
+009,-002
+009,-002
+009,-002
+009,-002
+009,-001
+011,-001
+011,-001
+011,-001
+011,-001
+011,-001
+011,-001
+011,-001
+011,-001
+011,-001
+011,-001
+011,-001
+011,-001
+011,-001
+011,-001
+011,-001
+011,-001
+011,-001
+011,-001
+011,-001
+011,-001
+011,-001
+011,-001
+011,-001
+011,-001
+011,-001
+011,-001
+011,-001
+011,-001
+011,-001
+011,-001
+011,-001
+011,-001
+011,-001
+011,-001
+009,-001
+009,-001
+009,-001
+009,-001
+009,-001
+009,-001
+009,-001
+009,-001
-008,-001
-008,-001
-008,-001
-008,-001
-008,-001
-008,-001
-008,-001
-008,-001
-008,-001
-008,-001
-008,-001
-008,-000
-008,-000
-008,-000
-008,-000
-008,-000
-007,-000
-007,-000
-007,-000
-007,-000
-007,-000
-007,-001
-007,-001
-007,-001
-007,-001
-007,-001
-007,-001
-007,-001
-007,-002
-007,-002
-006,-002
-006,-002
-006,-002
-006,-002
-005,-003
-005,-003
-005,-003
-004,-003
-004,-003
-004,-003
-003,-003
-003,-004
-002,-004
-002,-004
-002,-004
-002,-004
-001,-004
-001,-004
-001,-004
-000,-004
-000,-004
-000,-004
-000,-004
-000,-004
-001,-004
-001,-004
-001,-004
-001,-004
-001,-004
-001,-004
-001,-004
-001,-004
-001,-004
-001,-004
-001,-004
-001,-004
-001,-004
-001,-004
-001,-004
-001,-004
-001,-004
-002,-004
-002,-004
-002,-004
-002,-004
-002,-004
-002,-004
-002,-004
-005,-004
-005,-004
-005,-004
-005,-004
-005,-001
-005,-001
-005,-001
-005,-001
-005,-001
-005,-001
-005,-001
-005,-001
-005,-001
-008,-001
-008,-001
-007,-001
-007,-001
-007,-001
-007,-002
-007,-002
-007,-002
-007,-002
-007,-002
-007,-002
-007,-002
-007,-002
-007,-002
-007,-005
-007,-005
-007,-005
-007,-005
-007,-005
-007,-005
-007,-005
-007,-005
-007,-005
-007,-005
-007,-005
-007,-005
-007,-005
-007,-008
+009,-008
+009,-008
+009,-008
+009,-008
+009,-008
+009,-008
+009,-008
+009,-008
+009,-008
+011,-008
+011,-008
+011,-008
+011,-008
+011,-008
+011,-008
+011,-008
+011,-008
+011,-008
+011,-008
+011,-008
+011,-008
+011,-008
+011,-008
+011,-008
+011,-008
+011,-008
+011,-008
+011,-008
+011,-008
+011,-008
+011,-008
+011,-008
+009,-008
+009,-008
+009,-008
+009,-007
+009,-007
+009,-007
+009,-007
+009,-007
+009,-007
+009,-007
+009,-007
+009,-007
-008,-007
-008,-007
-008,-007
-008,-007
-008,-007
-008,-007
-008,-007
-008,-007
-008,-007
-008,-007
-008,-007
-008,-007
-008,-007
-008,-007
+010,-007
+010,-007
+010,-007
+010,-007
+010,-007
+010,-007
+010,-007
+010,-007
+010,-007
+010,-007
+010,-007
+012,-007
+012,-007
+012,-010
+012,-009
+012,-009
+012,-009
+012,-009
+012,-009
+012,-009
+012,-009
+012,-009
+012,-009
+012,-009
+012,-009
+012,-009
+012,-009
+012,-009
+012,-009
+012,-009
+012,-009
+012,-009
+012,-009
+012,-009
+012,-009
+012,-009
+012,-009
+012,-009
+014,-009
+014,-009
+014,-009
+014,-009
+014,-012
+014,-012
+014,-012
+014,-012
+014,-012
+016,-012
+016,-012
+016,-012
+016,-012
+016,-012
+016,-012
+016,-012
+016,-012
+016,-012
+016,-012
+016,-012
+016,-012
+016,-012
+016,-012
+016,-012
+016,-012
+016,-012
+016,-012
+016,-012
+016,-012
+016,-012
+016,-012
+016,-012
+016,-012
+016,-012
+016,-012
+016,-012
+016,-012
+016,-012
+014,-015
+014,-014
+014,-014
+014,-014
+014,-014
+014,-014
+014,-014
+014,-014
+014,-014
+014,-014
+012,-014
+012,-014
+012,-014
+012,-014
+012,-014
+012,-014
+010,-014
+010,-014
+010,-014
+010,-014
+010,-014
+010,-014
+009,-014
-008,-014
-008,-014
-008,-014
-007,-014
-007,-014
-006,-014
-006,-014
-006,-014
-005,-014
-005,-014
-004,-014
-004,-014
-004,-014
-003,-014
-003,-014
-003,-014
-002,-014
-002,-014
-002,-014
-002,-014
-001,-014
-001,-014
-001,-014
-001,-014
-001,-014
-001,-013
-001,-013
-000,-013
-000,-013
-000,-012
-000,-012
-000,-012
-000,-012
-000,-012
-000,-011
-000,-011
-000,-011
-000,-011
-000,-010
-000,-010
-000,-010
-000,-010
-000,-010
-000,-010
-000,-010
-000,-010
-000,-010
-000,-010
-000,-009
-000,-009
-000,-009
-000,-009
-000,-009
-000,-009
-000,-009
-000,-009
-000,-009
-000,-009
-000,-009
-000,-009
-000,-009
-000,-009
-000,-009
-000,-009
-000,-009
-000,-009
-001,-009
-001,-009
-001,-009
-001,-009
-001,-009
-001,-009
-001,-009
-001,-009
-001,-009
-001,-009
-001,-009
-001,-009
-001,-009
-001,-009
-001,-009
-001,-009
-001,-009
-001,-009
-001,-009
-001,-009
-001,-009
-001,-009
-001,-009
-001,-009
-001,-009
-001,-009
-001,-009
-001,-012
-001,-011
-001,-011
-002,-011
-002,-011
-002,-011
-002,-011
-002,-011
-002,-011
-002,-011
-002,-011
-002,-011
-002,-011
-002,-011
-002,-011
-002,-011
-002,-011
-002,-011
-002,-011
-002,-011
-002,-011
-002,-011
-002,-011
-001,-011
-001,-011
-001,-011
-001,-011
-001,-011
-001,-011
-001,-011
-000,-011
-000,-011
-000,-011
-000,-011
-000,-011
-000,-011
-000,-011
-000,-011
-000,-011
-000,-011
-000,-011
-000,-011
-000,-011
-000,-011
-000,-011
-000,-011
-000,-011
-000,-011
-000,-011
-000,-011
-000,-014
-000,-014
-000,-014
-000,-014
-000,-014
-000,-014
-000,-014
-000,-014
-000,-014
-000,-014
-000,-014
-000,-014
-000,-013
-000,-013
-000,-013
-000,-013
-000,-013
-000,-013
-000,-013
-000,-013
-000,-013
-000,-013
-000,-013
-000,-013
-000,-013
-000,-013
-000,-013
-000,-013
-000,-013
-000,-012
-000,-012
-000,-012
-000,-012
-000,-012
-000,-012
-000,-012
-000,-012
-000,-012
-000,-012
-000,-011
-000,-011
-001,-011
-001,-011
-001,-011
-001,-011
-001,-011
-001,-011
-001,-011
-001,-011
-001,-011
-001,-011
-001,-011
-001,-011
-001,-011
-001,-011
-001,-011
-001,-010
-001,-010
-001,-010
-001,-010
-001,-010
-001,-010
-001,-010
-001,-010
-001,-010
-001,-010
-001,-010
-001,-010
-002,-010
-002,-010
-002,-009
-002,-009
-002,-009
-003,-009
-003,-009
-003,-009
-003,-009
-003,-009
-003,-009
-003,-009
-003,-009
-003,-009
-003,-009
-004,-009
-004,-009
-004,-009
-004,-009
-004,-009
-004,-009
-004,-009
-004,-009
-004,-009
-004,-009
-004,-009
-004,-009
-004,-009
-004,-009
-004,-009
-004,-009
-004,-009
-004,-009
-004,-009
-004,-009
-004,-009
-004,-009
-004,-009
-004,-009
-004,-009
-004,-009
-004,-009
-004,-012
-004,-012
-004,-012
-004,-012
-004,-012
-004,-012
-004,-012
-004,-012
-004,-012
-004,-012
-004,-012
-004,-012
-004,-012
-004,-012
-004,-012
-004,-012
-004,-012
-004,-012
-004,-012
-004,-012
-004,-015
-004,-015
-004,-015
-004,-015
-004,-015
-004,-015
-004,-015
-004,-015
-004,-015
-004,-015
-004,-015
-004,-015
-004,-015
-001,-015
-001,-015
-002,-015
-002,-015
-002,-015
-002,-015
-002,-015
-002,-015
-002,-015
-002,-015
-002,-015
-002,-015
-002,-015
-002,-015
-002,-015
-002,-015
-002,-015
-002,-015
-002,-015
-002,-015
-002,-015
-002,-015
-002,-015
-002,-015
-002,-015
-002,-015
-002,-015
-002,-015
-002,-015
-002,-015
-002,-015
-002,-015
-002,-015
-002,-015
-002,-015
-002,-015
-002,-015
-002,-015
-002,-015
-002,-015
-001,-015
-001,-015
-001,-015
-001,-015
-001,-015
-001,-015
-001,-015
-001,-015
-001,-015
-001,-015
-001,-015
-000,-015
-000,-015
-000,-015
-000,-015
-000,-015
-000,-015
-000,-015
-000,-015
-000,-015
-000,-015
-000,-015
-000,-015
-000,-014
-000,-014
-000,-014
-000,-014
-000,-014
-000,-014
-000,-014
-000,-014
-000,-014
-000,-014
-000,-013
-000,-013
-000,-013
-000,-013
-000,-013
-000,-013
-000,-013
-000,-013
-000,-013
-000,-013
-000,-013
-000,-013
-000,-013
-000,-013
-000,-013
-000,-013
-000,-013
-000,-013
-000,-013
-000,-013
-000,-013
-000,-013
-000,-013
-000,-013
-000,-013
-000,-013
-000,-013
-000,-013
-000,-013
-000,-013
-000,-013
-000,-013
-000,-013
-000,-013
-000,-013
-000,-013
-000,-013
-000,-013
-000,-013
-000,-013
-000,-013
-000,-013
-000,-013
-000,-013
-000,-013
-000,-013
-000,-012
-000,-012
-000,-012
-000,-012
-003,-012
-002,-012
-002,-012
-002,-012
-002,-012
-002,-012
-002,-012
-002,-012
-002,-012
-002,-012
-002,-012
-002,-012
-002,-012
-002,-012
-002,-012
-002,-012
-002,-011
-002,-011
-002,-011
-002,-011
-002,-011
-002,-011
-002,-011
-002,-011
-002,-011
-002,-011
-002,-010
-002,-010
-002,-010
-002,-010
-002,-010
-002,-010
-002,-009
-002,-009
-002,-009
-002,-009
-002,-009
-002,-009
-002,-009
-002,-009
-002,-008
-002,-008
-002,-008
-002,-008
-002,-008
-002,-008
-005,-008
-005,-008
-005,-008
-005,-008
-005,-008
-005,-008
-005,-008
-005,-008
-005,-008
-005,-008
-005,-007
-005,-007
-005,-007
-005,-007
-008,-006
-008,-006
-008,-006
-008,-006
-008,-006
-008,-006
-008,-006
-008,-006
-008,-006
-008,-005
-008,-005
-008,-005
-008,-005
-008,-005
-008,-005
-008,-005
-008,-004
-008,-004
-008,-004
-008,-004
-008,-004
-008,-004
-008,-004
-008,-004
-008,-004
-008,-004
-008,-004
-008,-004
-008,-004
-008,-004
-008,-004
-008,-004
-008,-004
-008,-004
-008,-004
-008,-004
-008,-004
-008,-004
-008,-004
-008,-004
-008,-004
-008,-004
-007,-004
-007,-004
-007,-004
-007,-004
-007,-004
-007,-004
-006,-004
-006,-004
-006,-003
-006,-003
-006,-003
-006,-003
-006,-003
-005,-003
-005,-003
-005,-003
-005,-003
-005,-003
-005,-003
-005,-003
-005,-003
-005,-003
-005,-003
-005,-003
-005,-003
-005,-003
-005,-003
-005,-003
-005,-003
-005,-003
-005,-003
-005,-003
-005,-003
-005,-003
-005,-003
-005,-003
-005,-003
-005,-003
-005,-003
-005,-003
-005,-003
-005,-003
-005,-003
-005,-006
-005,-005
-005,-005
-005,-005
-005,-005
-005,-005
-005,-005
-005,-005
-005,-005
-005,-005
-005,-005
-005,-005
-005,-005
-005,-005
-005,-005
-005,-008
-005,-008
-005,-008
-005,-008
-005,-008
-005,-008
-005,-008
-005,-008
-005,-008
-005,-008
-005,-008
-005,-008
-005,-008
-008,-008
-008,-008
-008,-008
-008,-008
-008,-008
-008,-008
-008,-008
-008,-008
-008,-011
+010,-011
+010,-010
+010,-010
+010,-010
+010,-010
+010,-010
+010,-010
+012,-010
+012,-010
+012,-010
+012,-010
+012,-010
+012,-010
+012,-010
+012,-010
+012,-010
+012,-010
+012,-010
+012,-010
+010,-010
+010,-010
+010,-010
+010,-010
+010,-010
+010,-010
+010,-010
+010,-010
+010,-010
+009,-010
+009,-010
+009,-010
+009,-010
+009,-010
-008,-010
-008,-010
-008,-010
-008,-010
-008,-010
-008,-010
-008,-010
-008,-010
-008,-010
-008,-010
-008,-010
-008,-010
-008,-010
-008,-010
-008,-010
-008,-010
-008,-010
-008,-010
-008,-010
-008,-010
-008,-010
-008,-010
-008,-010
-008,-010
-008,-010
-008,-010
-008,-010
-008,-010
-008,-010
-008,-010
-008,-010
-008,-010
-008,-010
-008,-010
-008,-010
-008,-010
-008,-010
-008,-010
-008,-010
-008,-010
-008,-010
-008,-010
-008,-010
-008,-010
-008,-010
-008,-010
-008,-010
-008,-010
-008,-010
-008,-010
-008,-010
-008,-010
+010,-010
+010,-010
+010,-010
+010,-010
+010,-010
+010,-010
+010,-010
+010,-010
+010,-010
+010,-010
+010,-010
+010,-010
+010,-013
+010,-012
+010,-012
+010,-012
+010,-012
+010,-012
+010,-012
+010,-012
+010,-012
+010,-012
+010,-012
+010,-012
+010,-012
+010,-012
+010,-012
+010,-012
+010,-012
+010,-012
+010,-012
+010,-012
+010,-012
+010,-012
+010,-012
+010,-012
+010,-012
+009,-012
+009,-012
+009,-012
+009,-012
+009,-012
+009,-012
+009,-011
+009,-011
+009,-011
+009,-011
+009,-011
+009,-011
+009,-011
+009,-011
+009,-011
+009,-011
+009,-011
-008,-011
-008,-011
-008,-011
-008,-010
-008,-010
-007,-010
-007,-010
-007,-010
-006,-010
-006,-010
-006,-010
-006,-010
-006,-010
-005,-010
-005,-010
-005,-010
-005,-009
-005,-009
-004,-009
-004,-009
-004,-009
-003,-009
-003,-009
-003,-009
-002,-009
-002,-009
-002,-009
-002,-009
-002,-009
-002,-008
-002,-008
-002,-008
-002,-008
-002,-008
-002,-008
-002,-008
-002,-008
-002,-008
-002,-008
-002,-008
-002,-008
-002,-008
-002,-008
-002,-008
-002,-008
-002,-008
-002,-008
-002,-008
-002,-008
-002,-008
-002,-008
-002,-008
-002,-008
-002,-008
-002,-008
-002,-008
-002,-008
-002,-008
-002,-008
-002,-008
-002,-008
-002,-008
-002,-008
-002,-008
-002,-008
-002,-008
-002,-008
-002,-008
-002,-008
-002,-008
-002,-008
-002,-008
-005,-008
-004,-008
-004,-008
-004,-008
-004,-008
-004,-008
-004,-008
-004,-008
-004,-008
-004,-008
-004,-008
-004,-008
-004,-008
-004,-008
-004,-008
-004,-008
-004,-008
-004,-008
-004,-008
-004,-008
-004,-008
-004,-008
-004,-008
-004,-008
-004,-008
-004,-008
-004,-008
-004,-008
-004,-008
-004,-008
-004,-008
-004,-008
-004,-011
-004,-011
-004,-011
-004,-011
-004,-011
-004,-011
-004,-011
-004,-011
-004,-011
-004,-011
-004,-011
-004,-011
-004,-011
-003,-011
-003,-011
-003,-011
-003,-011
-003,-011
-003,-011
-003,-011
-003,-011
-003,-011
-003,-011
-003,-011
-003,-011
-003,-011
-003,-014
-003,-014
-003,-014
-002,-014
-002,-014
-002,-014
-002,-014
-002,-014
-002,-014
-002,-014
-002,-014
-001,-014
-001,-014
-001,-014
-001,-014
-001,-014
-001,-014
-001,-014
-001,-014
-001,-014
-001,-014
-000,-014
-000,-014
-000,-014
-000,-014
-000,-014
-000,-014
-000,-014
-001,-014
-001,-014
-001,-014
-001,-014
-001,-014
-001,-014
-002,-014
-002,-014
-002,-014
-002,-014
-002,-014
-002,-014
-002,-014
-002,-014
-002,-014
-002,-014
-002,-014
-002,-014
-002,-014
-002,-014
-002,-014
-002,-014
-002,-014
-002,-014
-002,-014
-002,-014
-002,-014
-002,-014
-002,-014
-002,-014
-002,-014
-002,-014
-002,-014
-002,-014
-002,-014
-002,-014
-002,-014
-002,-014
-002,-014
-002,-014
-002,-013
-002,-013
-002,-013
-002,-013
-002,-013
-002,-013
-002,-013
-002,-013
-002,-013
-002,-012
-002,-012
-002,-012
-002,-012
-002,-012
-002,-012
-001,-012
-001,-012
-001,-012
-001,-012
-001,-012
-001,-012
-001,-012
-001,-012
-001,-012
-001,-012
-001,-012
-001,-012
-001,-012
-004,-012
-003,-012
-003,-011
-003,-011
-003,-011
-003,-011
-003,-011
-003,-011
-003,-010
-003,-010
-003,-010
-003,-010
-003,-010
-003,-010
-003,-010
-003,-010
-003,-010
-003,-009
-003,-009
-003,-009
-003,-009
-003,-009
-003,-009
-003,-009
-003,-009
-003,-009
-003,-009
-003,-009
-003,-009
-003,-009
-003,-009
-003,-009
-003,-009
-003,-009
-003,-009
-003,-009
-003,-009
-003,-009
-003,-009
-003,-009
-003,-009
-003,-009
-003,-009
-003,-009
-003,-009
-003,-009
-003,-009
-003,-009
-003,-009
-006,-009
-006,-009
-005,-009
-005,-009
-005,-009
-005,-009
-005,-009
-005,-009
-005,-009
-005,-009
-005,-009
-005,-009
-005,-009
-005,-009
-005,-009
-005,-009
-005,-009
-005,-009
-005,-009
-005,-009
-005,-009
-005,-009
-005,-009
-005,-009
-005,-009
-005,-009
-005,-009
-005,-009
-005,-009
-004,-009
-004,-009
-004,-009
-004,-009
-003,-008
-003,-008
-003,-008
-003,-008
-003,-008
-002,-008
-002,-008
-002,-008
-002,-008
-002,-008
-002,-008
-002,-007
-002,-007
-002,-007
-002,-007
-002,-007
-001,-007
-001,-007
-001,-007
-001,-007
-001,-007
-001,-007
-001,-007
-001,-007
-001,-007
-001,-007
-001,-007
-001,-007
-001,-007
-001,-007
-001,-007
-001,-007
-000,-007
-000,-007
-000,-007
-000,-007
-000,-007
-000,-007
-000,-007
-000,-007
-001,-007
-001,-007
-001,-007
-001,-007
-001,-007
-001,-007
-001,-007
-001,-007
-001,-007
-002,-007
-002,-007
-002,-007
-002,-007
-002,-010
-002,-009
-002,-009
-002,-009
-003,-009
-003,-009
-003,-009
-003,-009
-003,-009
-003,-009
-003,-009
-003,-009
-003,-009
-003,-009
-003,-009
-003,-009
-003,-009
-003,-009
-003,-009
-003,-009
-003,-009
-003,-009
-003,-009
-003,-009
-003,-009
-003,-009
-003,-009
-003,-009
-003,-009
-000,-009
-000,-009
-000,-009
-000,-009
-000,-009
-000,-009
-000,-009
-000,-009
-000,-009
-000,-009
-000,-009
-000,-009
-000,-009
-000,-009
-000,-009
-000,-009
-000,-009
-000,-009
-000,-009
-000,-009
-000,-009
-000,-009
-000,-009
-000,-009
-000,-009
-000,-009
-000,-009
-001,-009
-001,-009
-001,-009
-001,-009
-001,-009
-001,-009
-001,-009
-001,-009
-001,-009
-001,-009
-001,-012
-001,-012
-001,-012
-001,-012
-001,-012
-001,-012
-001,-012
-001,-012
-001,-011
-001,-011
-001,-011
-001,-011
-001,-011
-001,-011
-001,-011
-001,-011
-001,-011
-001,-011
-001,-011
-001,-011
-001,-011
-001,-014
-001,-013
-002,-013
-002,-013
-002,-013
-002,-013
-002,-013
-002,-013
-002,-013
-003,-013
-003,-013
-003,-013
-003,-013
-003,-013
-003,-013
-003,-013
-004,-013
-004,-013
-004,-013
-004,-013
-004,-013
-004,-013
-005,+016
-005,+016
-005,+016
-005,+016
-005,+016
-005,+016
-005,+016
-006,+016
-006,+016
-006,+016
-006,+016
-006,+016
-006,+016
-007,+016
-007,+016
-007,+016
-007,+016
-007,+016
-007,+016
-007,+016
-007,+016
-008,+016
-008,+016
-008,+016
-008,+016
-008,+016
-008,+016
-008,+016
-008,+016
-008,+016
-008,+016
-008,+016
-008,+016
-008,+016
-008,+016
-008,+016
-008,+016
-008,+016
-008,+016
-008,+016
-008,+016
-008,+016
-008,+016
-008,+016
-008,+016
-008,-015
-008,-015
-008,-015
-008,-015
-008,-015
-008,-014
-008,-014
-008,-014
-008,-014
-008,-014
-008,-014
-008,-014
-008,-014
-008,-014
-005,-013
-005,-013
-005,-013
-005,-012
-005,-012
-005,-012
-005,-012
-005,-012
-005,-012
-005,-012
-005,-011
-005,-011
-005,-011
-005,-011
-005,-010
-005,-010
-002,-010
-002,-010
-002,-010
-002,-009
-002,-009
-002,-009
-002,-009
-002,-008
-002,-008
-002,-008
-002,-008
-002,-008
-002,-008
-002,-008
-002,-007
-002,-007
-002,-007
-001,-007
-001,-007
-001,-007
-001,-007
-001,-007
-001,-007
-001,-007
-001,-007
-001,-007
-001,-007
-001,-007
-001,-007
-001,-007
-001,-007
-001,-007
-001,-007
-001,-007
-001,-007
-001,-007
-001,-007
-001,-007
-001,-007
-001,-007
-001,-007
-001,-007
-001,-007
-001,-007
-001,-007
-001,-007
-001,-007
-001,-007
-001,-007
-001,-010
-004,-009
-004,-009
-004,-009
-004,-009
-004,-009
-004,-009
-004,-009
-004,-009
-004,-009
-004,-009
-004,-009
-004,-009
-003,-009
-003,-009
-003,-009
-003,-009
-003,-009
-003,-009
-002,-009
-002,-009
-002,-009
-002,-009
-002,-009
-001,-009
-001,-009
-001,-009
-001,-009
-000,-009
-000,-009
-000,-009
-001,-009
-001,-009
-001,-009
-001,-009
-001,-009
-002,-009
-002,-009
-002,-009
-002,-009
-002,-009
-002,-009
-002,-009
-002,-009
-002,-009
-002,-009
-002,-009
-002,-009
-002,-009
-002,-009
-002,-009
-002,-009
-002,-009
-002,-009
-002,-009
-002,-009
-002,-009
-002,-009
-002,-009
-001,-009
-001,-009
-001,-009
-001,-009
-001,-009
-001,-009
-001,-009
-001,-009
-001,-009
-001,-009
-001,-009
-001,-009
-001,-009
-001,-009
-001,-009
-001,-009
-001,-009
-001,-009
-001,-009
-001,-009
-001,-009
-001,-009
-001,-009
-001,-009
-001,-009
-001,-009
-001,-009
-001,-009
-001,-009
-001,-009
-001,-009
-001,-009
-001,-009
-004,-009
-003,-012
-003,-012
-003,-012
-003,-012
-003,-012
-003,-012
-003,-012
-003,-012
-003,-012
-003,-012
-003,-012
-003,-012
-003,-012
-003,-012
-003,-012
-003,-012
-003,-012
-003,-012
-003,-012
-003,-012
-003,-012
-003,-012
-003,-012
-003,-012
-003,-012
-003,-012
-003,-012
-003,-012
-003,-012
-003,-012
-002,-012
-002,-012
-002,-012
-001,-012
-001,-012
-001,-012
-000,-012
-000,-012
-000,-012
-000,-012
-001,-012
-001,-012
-001,-012
-001,-012
-001,-012
-001,-012
-001,-011
-002,-011
-002,-011
-002,-011
-002,-011
-002,-011
-002,-011
-002,-011
-002,-011
-002,-011
-002,-011
-002,-011
-002,-011
-002,-011
-002,-011
-002,-011
-002,-011
-002,-011
-002,-011
-002,-011
-002,-011
-002,-011
-002,-011
-002,-011
-002,-011
-002,-011
-002,-011
-002,-011
-002,-011
-002,-011
-002,-011
-002,-011
-002,-011
-002,-011
-002,-011
-002,-011
-002,-011
-002,-011
-002,-011
-002,-011
-002,-011
-002,-011
-002,-011
-002,-011
-002,-011
-002,-011
-002,-011
-002,-011
-002,-011
-002,-011
-002,-011
-002,-011
-002,-011
-002,-011
-002,-011
-002,-011
-002,-011
-002,-011
-002,-011
-001,-011
-001,-011
-001,-011
-001,-011
-001,-011
-001,-011
-001,-011
-001,-011
-001,-011
-001,-011
-004,-011
-004,-011
-004,-011
-004,-011
-004,-011
-004,-011
-004,-011
-004,-011
-007,-011
-007,-011
-007,-011
-007,-011
-007,-011
-007,-011
-007,-011
-007,-011
-007,-011
-007,-010
-007,-010
-007,-010
-007,-010
+009,-010
+009,-010
+009,-009
+009,-009
+009,-009
+009,-009
+009,-008
+009,-008
+009,-008
+009,-008
+009,-008
+009,-008
+009,-008
+009,-008
+009,-008
-008,-008
-008,-008
-008,-008
-008,-008
-008,-008
-008,-008
-008,-008
-008,-008
-008,-008
-008,-008
-008,-008
-008,-008
-008,-008
-008,-008
-008,-008
-008,-008
-008,-008
-008,-008
-008,-008
-008,-008
-008,-008
-008,-008
-008,-008
-008,-008
-008,-008
-008,-008
-008,-008
-008,-008
-008,-008
-008,-008
-008,-008
-008,-008
-008,-008
-008,-011
-008,-010
-008,-010
-008,-010
-008,-010
-008,-010
-008,-010
-008,-010
-008,-010
-008,-010
-008,-010
-008,-010
-008,-010
-008,-010
-008,-010
-008,-010
-008,-010
-008,-010
-008,-010
-008,-013
-008,-013
-008,-013
-008,-013
-008,-013
-008,-013
-008,-013
-008,-013
-008,-013
-008,-013
-008,-013
-008,-013
-008,-013
-008,-013
-008,-013
-008,-013
-008,-013
-008,-013
+010,-013
+010,-013
+010,-013
+010,-013
+010,-013
+010,-013
+010,-013
+010,-013
+010,-013
+010,-013
+010,-013
+010,-013
+010,-013
+010,-013
+010,-013
+010,-013
+010,-013
+010,-013
+010,-013
+012,-013
+012,-013
+012,-013
+012,-013
+012,-013
+012,-013
+012,-013
+012,-013
+012,-013
+012,-013
+012,-013
+012,-013
+012,-013
+012,-013
+012,-013
+012,-013
+012,-013
+012,-013
+010,-013
+010,-013
+010,-013
+010,-013
+010,-013
+010,-013
+010,-013
+010,-013
+010,-013
+010,-013
+010,-013
+010,+016
+010,+016
+010,+016
+010,-015
+010,-015
+010,-015
+010,-015
+010,-015
+009,-015
+009,-015
+009,-015
-008,-015
-008,-015
-008,-015
-007,-015
-007,-015
-007,-015
-007,-015
-006,-015
-006,-015
-006,-015
-006,-015
-006,-015
-006,-015
-006,-015
-005,-015
-005,-015
-005,-015
-005,-015
-005,-015
-005,-014
-005,-014
-005,-014
-005,-014
-005,-014
-005,-014
-005,-014
-004,-013
-004,-013
-004,-013
-003,-013
-003,-013
-003,-013
-003,-013
-003,-013
-002,-012
-002,-012
-002,-012
-002,-012
-001,-012
-001,-012
-001,-012
-000,-012
-000,-012
-000,-012
-000,-012
-000,-012
-001,-012
-001,-012
-001,-012
-001,-012
-001,-012
-001,-012
-001,-012
-001,-012
-001,-012
-001,-012
-001,-012
-001,-012
-001,-012
-001,-012
-001,-012
-001,-012
-001,-012
-001,-012
-001,-012
-001,-012
-002,-012
-002,-012
-002,-012
-002,-012
-002,-012
-002,-012
-002,-012
-002,-012
-002,-012
-002,-012
-002,-012
-002,-012
-002,-012
-002,-012
-002,-012
-002,-012
-002,-012
-002,-012
-002,-012
-002,-012
-002,-012
-002,-012
-002,-012
-002,-012
-002,-012
-002,-012
-002,-012
-002,-012
-002,-012
-002,-012
-002,-012
-002,-012
-002,-012
-002,-012
-002,-012
-002,-012
-002,-012
-002,-012
-002,-012
-002,-012
-002,-012
-002,-012
-002,-012
-002,-012
-002,-012
-002,-012
-002,-012
-002,-012
-002,-012
-002,-012
-002,-012
-002,-012
-002,-012
-002,-012
-005,-012
-004,-012
-004,-012
-004,-012
-004,-012
-004,-012
-004,-012
-004,-012
-004,-012
-004,-012
-004,-012
-004,-012
-004,-012
-004,-012
-004,-012
-004,-012
-004,-012
-004,-011
-003,-011
-003,-011
-003,-011
-003,-011
-003,-011
-003,-011
-003,-010
-003,-010
-003,-010
-003,-010
-003,-010
-002,-010
-002,-010
-002,-010
-002,-010
-002,-010
-002,-010
-002,-010
-002,-010
-002,-010
-002,-010
-002,-010
-002,-010
-002,-010
-002,-010
-002,-010
-002,-010
-002,-010
-002,-009
-002,-009
-002,-009
-002,-009
-002,-009
-002,-009
-002,-009
-002,-009
-002,-009
-002,-009
-002,-009
-002,-009
-002,-009
-001,-009
-001,-009
-001,-009
-001,-009
-001,-009
-001,-009
-001,-009
-001,-009
-001,-009
-001,-009
-000,-009
-000,-009
-000,-009
-000,-009
-000,-009
-000,-009
-000,-009
-000,-009
-000,-009
-000,-009
-000,-009
-000,-009
-000,-009
-000,-009
-000,-009
-000,-009
-000,-009
-000,-009
-000,-009
-000,-009
-000,-009
-000,-009
-000,-009
-000,-009
-000,-009
-003,-009
-003,-009
-003,-009
-003,-009
-003,-009
-003,-009
-003,-009
-003,-009
-003,-009
-003,-009
-003,-009
-003,-009
-003,-009
-003,-009
-003,-009
-003,-009
-003,-009
-003,-009
-003,-009
-003,-009
-003,-009
-003,-009
-003,-009
-006,-009
-005,-009
-005,-009
-005,-009
-005,-009
-005,-009
-005,-009
-005,-009
-005,-009
-005,-009
-005,-009
-005,-009
-005,-009
-005,-009
-005,-009
-005,-009
-005,-009
-005,-009
-005,-009
-005,-009
-004,-009
-004,-009
-004,-009
-004,-009
-004,-009
-003,-009
-003,-009
-003,-009
-003,-009
-003,-012
-002,-012
-002,-012
-002,-012
-002,-011
-002,-011
-002,-011
-002,-011
-002,-011
-002,-011
-002,-011
-002,-011
-002,-011
-002,-011
-002,-011
-002,-011
-002,-011
-002,-011
-002,-011
-002,-011
-002,-011
-002,-011
-002,-011
-002,-011
-002,-010
-002,-010
-002,-010
-002,-010
-002,-009
-002,-009
-002,-009
-002,-009
-002,-009
-002,-009
-002,-009
-002,-008
-002,-008
-002,-008
-002,-008
-002,-008
-002,-008
-002,-008
-002,-008
-002,-008
-002,-007
-002,-007
-002,-007
-002,-007
-002,-007
-002,-007
-002,-006
-002,-006
-002,-006
-002,-006
-002,-006
-002,-006
-002,-006
-002,-006
-002,-006
-002,-006
-002,-006
-002,-006
-002,-005
-002,-005
-002,-005
-002,-005
-002,-005
-002,-005
-002,-005
-002,-005
-002,-005
-002,-005
-002,-005
-002,-005
-002,-005
-002,-005
-002,-005
-002,-005
-002,-005
-002,-005
-002,-005
-002,-005
-002,-005
-002,-005
-002,-005
-002,-008
-002,-008
-002,-008
-002,-008
-002,-008
-002,-008
-002,-008
-002,-008
-002,-008
-002,-008
-002,-008
-002,-008
-002,-008
-002,-008
-002,-008
-002,-008
-002,-008
-002,-008
-001,-008
-001,-008
-001,-008
-001,-008
-001,-008
-001,-008
-001,-008
-001,-008
-001,-008
-001,-008
-001,-008
-001,-008
-001,-008
-001,-008
-001,-008
-001,-008
-001,-008
-001,-008
-001,-008
-001,-008
-001,-008
-001,-008
-001,-008
-001,-008
-001,-008
-001,-008
-001,-008
-001,-008
-001,-008
-001,-007
-004,-007
-004,-007
-004,-007
-004,-007
-004,-007
-004,-007
-004,-007
-004,-007
-004,-007
-004,-007
-004,-007
-004,-007
-004,-007
-004,-007
-003,-007
-003,-007
-003,-007
-003,-007
-003,-007
-003,-007
-003,-007
-002,-007
-002,-007
-002,-007
-002,-007
-002,-007
-002,-007
-002,-007
-001,-007
-001,-007
-001,-007
-001,-007
-001,-007
-000,-007
-000,-007
-000,-007
-000,-007
-000,-007
-000,-007
-000,-007
-000,-007
-000,-007
-000,-007
-000,-007
-000,-007
-000,-007
-000,-007
-000,-007
-000,-007
-000,-007
-000,-007
-000,-007
-000,-006
-000,-006
-000,-006
-000,-006
-000,-006
-000,-006
-000,-006
-000,-006
-000,-006
-000,-006
-000,-006
-000,-005
-000,-005
-000,-005
-000,-005
-000,-005
-000,-005
-000,-005
-000,-005
-000,-004
-000,-004
-000,-004
-000,-004
-000,-004
-000,-004
-000,-004
-000,-004
-000,-003
-000,-003
-000,-003
-000,-003
-000,-003
-000,-003
-000,-003
-000,-003
-000,-003
-000,-003
-000,-003
-000,-003
-000,-003
-000,-003
-000,-003
-000,-003
-000,-003
-000,-003
-000,-003
-000,-003
-000,-003
-000,-003
-000,-003
-000,-003
-000,-003
-000,-003
-000,-003
-000,-003
-000,-003
-000,-002
-000,-002
-000,-002
-000,-002
-000,-002
-000,-002
-000,-002
-000,-002
-000,-002
-000,-002
-000,-002
-000,-002
-000,-002
-000,-002
-000,-002
-000,-002
-000,-002
-000,-002
-000,-002
-000,-002
-000,-002
-000,-002
-000,-002
-000,-002
-000,-002
-000,-002
-000,-002
-000,-002
-000,-002
-000,-002
-000,-002
-000,-002
-000,-002
-000,-002
-000,-002
-000,-002
-000,-002
-000,-002
-000,-002
-000,-002
-000,-002
-000,-002
-000,-002
-000,-002
-000,-002
-000,-002
-000,-002
-000,-002
-000,-002
-000,-002
-000,-002
-000,-002
-000,-002
-000,-002
-000,-002
-000,-002
-000,-002
-000,-002
-000,-002
-000,-002
-000,-002
-000,-002
-000,-002
-000,-002
-000,-002
-000,-002
-000,-002
-000,-002
-001,-002
-001,-002
-001,-002
-001,-002
-001,-002
-001,-001
-001,-001
-001,-001
-001,-001
-001,-001
-001,-001
-001,-001
-002,-001
-002,-001
-002,-001
-002,-001
-002,-000
-002,-000
-002,-000
-002,-000
-002,-000
-002,-000
-003,-000
-003,-000
-003,-000
-003,-000
-003,-000
-003,-000
-003,-000
-003,-000
-003,-000
-003,-000
-004,-001
-004,-001
-004,-001
-004,-001
-004,-001
-005,-001
-005,-001
-005,-001
-005,-001
-006,-001
-006,-001
-006,-001
-006,-001
-006,-001
-006,-001
-006,-001
-006,-001
-007,-001
-007,-001
-007,-001
-007,-001
-007,-001
-007,-001
-007,-001
-007,-001
-007,-001
-007,-001
-007,-001
-007,-001
-007,-001
-007,-001
-007,-001
-007,-002
-007,-001
-007,-001
-007,-001
-007,-001
-007,-001
-007,-001
-007,-001
-007,-001
-007,-001
-007,-001
-007,-001
-007,-001
-007,-001
-007,-001
-007,-001
-008,-001
-008,-001
-008,-001
-008,-001
-008,-001
-008,-001
-009,-001
-009,-001
-009,-001
-009,-001
-009,-001
-009,-001
-009,-001
-010,-001
-010,-001
-010,-001
-010,-001
-011,-001
-011,-001
-011,-001
-011,-001
-012,-001
-012,-000
-012,-000
-012,-000
-012,-000
-012,-000
-013,-000
-013,-000
-013,-000
-013,-000
-013,-000
-014,-000
-014,-000
-014,-000
-014,-000
-014,-000
-014,-000
-014,-000
-014,-000
-014,-000
-014,-000
-014,-000
-014,-000
-014,-000
-014,-000
-014,-000
-014,-000
-014,-000
-014,-000
-014,-000
-014,-000
-014,-000
-014,-000
-014,-000
-014,-003
-014,-003
-014,-003
-014,-003
-014,-003
-014,-003
-014,-003
-014,-003
-011,-003
-012,-003
-012,-003
-012,-003
-012,-003
-012,-003
-012,-003
-012,-003
-012,-003
-012,-003
-012,-003
-012,-003
-012,-003
-012,-003
-012,-006
-012,-006
-012,-006
-012,-006
-012,-006
-012,-006
-012,-006
-012,-006
-012,-006
-012,-006
-012,-009
-012,-009
-012,-009
-012,-009
-012,-009
-012,-009
-012,-009
-012,-009
-012,-009
-012,-009
-012,-009
-012,-012
-012,-012
-013,-012
-013,-012
-013,-012
-013,-012
-013,-012
-013,-012
-013,-012
-013,-012
-013,-012
-013,-012
-013,-012
-013,-012
-013,-012
-013,-012
-013,-012
-013,-015
-010,-014
-010,-014
-010,-014
-010,-014
-010,-014
-010,-014
-010,-014
-010,-014
-010,-014
-007,-014
-007,-014
-007,-014
-007,-014
-007,-014
-007,-014
-007,-014
-007,-014
-007,-014
-007,-014
-007,-014
-004,-014
-004,-014
-004,+016
-004,+016
-004,+016
-004,+016
-004,+016
-004,+016
-004,+016
-001,+016
-001,+016
-001,+016
-001,+016
-001,+016
-001,+016
-001,+016
-001,+016
-001,+016
-001,+016
-001,+016
-001,+016
-002,+016
-002,+016
-002,+016
-002,+016
-002,+016
-002,+016
-002,+016
-002,+016
-002,+016
-002,+016
-005,+016
-005,+016
-005,-015
-005,-015
-005,-015
-005,-015
-005,-015
-005,-015
-005,-015
-005,-015
-005,-015
-008,-015
-008,-015
-008,-015
-008,-014
-008,-014
-008,-014
-008,-014
-008,-014
-008,-014
-008,-014
-008,-014
-008,-014
-008,-014
+010,-014
+010,-014
+010,-014
+010,-014
+010,-014
+010,-014
+010,-014
+010,-014
+010,-014
+010,-014
+010,-014
+010,-014
+010,-014
+010,-014
+010,-014
+010,-014
+010,-014
+010,-014
+010,-014
+010,-014
+010,-014
+010,-014
+010,-014
+010,-014
+010,-014
+010,-014
+010,-014
+010,-014
+010,-014
+010,-014
+010,-014
+010,-014
+010,-014
+010,-014
+010,-014
+010,-014
+010,-014
+010,-014
+010,-014
+010,-014
+010,-014
+010,-014
+010,-014
+010,-014
+010,-013
+010,-013
+010,-013
+010,-013
+010,-012
+010,-012
+010,-012
+010,-012
+010,-012
+010,-012
+010,-012
+010,-011
+010,-011
+010,-011
+010,-011
+010,-011
+010,-011
+010,-011
+010,-010
+010,-010
+010,-010
+010,-010
+009,-010
+009,-010
+009,-010
+009,-010
+009,-010
+009,-010
+009,-009
+009,-009
-008,-009
-008,-009
-008,-009
-008,-009
-008,-009
-008,-009
-008,-009
-008,-009
-008,-009
-008,-009
-008,-008
-008,-008
-008,-008
-007,-008
-007,-008
-007,-008
-007,-008
-007,-008
-007,-008
-006,-008
-006,-008
-006,-008
-006,-008
-006,-008
-005,-007
-005,-007
-005,-007
-004,-007
-004,-007
-004,-007
-004,-007
-004,-006
-003,-006
-003,-006
-003,-006
-003,-006
-003,-006
-003,-006
-003,-006
-003,-006
-003,-006
-003,-006
-003,-006
-003,-006
-003,-006
-003,-006
-003,-006
-003,-006
-003,-006
-003,-006
-003,-006
-003,-006
-003,-006
-003,-006
-003,-006
-003,-009
-003,-009
-003,-009
-003,-009
-003,-009
-003,-009
-003,-009
-002,-009
-002,-009
-002,-009
-002,-009
-001,-009
-001,-009
-001,-009
-001,-009
-001,-009
-001,-009
-001,-009
-000,-009
-000,-009
-000,-009
-000,-009
-000,-009
-000,-009
-000,-012
-000,-012
-000,-012
-000,-012
-000,-012
-000,-012
-000,-012
-000,-012
-000,-012
-000,-012
-000,-012
-000,-012
-000,-012
-000,-012
-000,-012
-000,-012
-000,-012
-000,-012
-000,-012
-000,-012
-000,-012
-000,-012
-000,-012
-000,-012
-000,-012
-000,-012
-000,-012
-000,-015
-000,-015
-000,-015
-000,-015
-000,-015
-000,-015
-000,-015
-000,-015
-000,-015
-000,-015
-000,-015
-000,-015
-000,-015
-000,-015
-000,-015
-000,-015
-000,-015
-000,-015
-000,-015
-000,-015
-000,-015
COP Area(S): 000142
COP Area(R): 000292