-000,-000
-000,-000
-000,-000
-000,-000
-000,-000
-001,-000
-001,-000
-001,-000
-001,-000
-001,-000
-001,-000
-001,-000
-001,-000
-001,-000
-001,-000
-001,-000
-001,-000
-001,-000
-001,-000
-001,-000
-001,-000
-001,-000
-001,-000
-001,-000
-001,-000
-001,-000
-001,-000
-001,-000
-001,-000
-001,-000
-001,-000
-001,-000
-001,-000
-001,-000
-001,-000
-001,-000
-001,-000
-001,-000
-001,-000
-001,-000
-001,-000
-001,-000
-001,-000
-001,-000
-001,-000
-001,-000
-001,-000
-001,-000
-001,-000
-001,-000
-001,-000
-001,-000
-001,-000
-001,-000
-001,-000
-001,-000
-001,-000
-001,-000
-001,-000
-001,-000
-001,-000
-001,-000
-001,-000
-001,-000
-001,-000
-001,-000
-001,-000
-001,-000
-001,-000
-001,-000
-001,-000
-001,-000
-001,-000
-001,-000
-001,-000
-001,-000
-001,-000
-001,-000
-001,-000
-002,-000
-002,-000
-002,-000
-002,-000
-002,-003
-002,-003
-002,-003
-002,-003
-002,-003
-002,-003
-002,-003
-002,-003
-002,-003
-002,-003
-002,-003
-002,-003
-002,-003
-002,-003
-002,-003
-002,-003
-002,-003
-002,-003
-002,-003
-002,-003
-002,-003
-002,-003
-002,-003
-002,-003
-002,-003
-002,-003
-002,-003
-002,-003
-002,-003
-002,-003
-002,-003
-002,-003
-002,-003
-002,-003
-002,-003
-002,-003
-002,-003
-002,-003
-002,-003
-002,-003
-002,-003
-002,-003
-002,-003
-002,-003
-002,-003
-002,-003
-002,-003
-005,-003
-005,-003
-005,-003
-005,-003
-005,-002
-005,-002
-005,-002
-005,-002
-005,-002
-005,-002
-005,-002
-005,-002
-005,-002
-005,-001
-005,-001
-005,-001
-005,-001
-005,-001
-005,-001
-008,-001
-007,-001
-007,-001
-007,-001
-007,-001
-007,-001
-007,-001
-007,-000
-007,-000
-007,-000
-007,-000
-007,-000
-007,-000
-007,-000
-007,-000
-007,-000
-007,-001
-007,-001
-007,-001
-007,-001
-007,-001
-007,-001
-007,-001
-007,-001
-007,-001
-007,-001
-007,-001
-007,-001
-007,-001
-007,-001
-007,-001
-007,-001
-007,-001
-007,-001
-007,-001
-007,-001
-007,-001
-007,-001
-007,-001
-007,-001
-007,-001
-007,-001
-007,-001
-007,-001
-007,-001
-007,-002
-007,-002
-007,-002
-007,-002
-007,-002
-007,-002
-007,-002
-007,-002
-007,-002
-007,-002
-007,-002
-007,-002
-007,-002
-007,-002
-007,-002
-007,-002
-007,-002
-007,-002
-007,-002
-006,-002
-006,-005
-005,-005
-005,-005
-005,-005
-005,-005
-005,-005
-005,-005
-005,-005
-005,-005
-005,-005
-005,-005
-004,-005
-004,-005
-004,-005
-004,-005
-004,-005
-004,-005
-004,-005
-004,-005
-004,-005
-004,-005
-004,-005
-004,-005
-004,-005
-003,-005
-003,-005
-003,-005
-003,-005
-003,-005
-003,-004
-003,-004
-002,-004
-002,-004
-002,-004
-002,-004
-002,-004
-002,-004
-002,-004
-002,-004
-002,-004
-002,-004
-001,-004
-001,-004
-001,-004
-001,-004
-001,-003
-001,-003
-001,-003
-001,-003
-001,-003
-001,-003
-001,-003
-001,-003
-000,-003
-000,-003
-000,-003
-000,-003
-000,-003
-000,-003
-000,-003
-000,-003
-000,-003
-000,-003
-000,-003
-000,-003
-000,-003
-000,-003
-000,-003
-000,-003
-000,-003
-000,-003
-000,-003
-000,-003
-000,-003
-000,-003
-000,-003
-000,-003
-000,-003
-000,-003
-000,-003
-000,-003
-000,-003
-000,-003
-000,-003
-000,-003
-000,-003
-000,-003
-000,-003
-000,-003
-000,-003
-000,-003
-000,-003
-000,-003
-000,-003
-000,-003
-000,-003
-000,-003
-000,-003
-000,-003
-000,-003
-000,-003
-000,-003
-000,-003
-000,-003
-000,-003
-000,-003
-000,-003
-000,-003
-000,-003
-000,-003
-000,-003
-000,-003
-000,-003
-000,-003
-000,-003
-000,-003
-000,-003
-000,-003
-000,-003
-000,-003
-000,-003
-000,-003
-000,-003
-000,-003
-000,-003
-000,-003
-000,-003
-000,-003
-000,-003
-000,-003
-000,-003
-000,-003
-003,-003
-003,-003
-003,-006
-003,-006
-003,-006
-003,-006
-003,-006
-003,-006
-003,-006
-003,-006
-003,-006
-003,-006
-003,-006
-003,-006
-003,-006
-003,-006
-003,-006
-003,-006
-003,-006
-003,-006
-003,-006
-003,-006
-003,-006
-003,-006
-003,-006
-003,-006
-003,-006
-003,-006
-003,-006
-003,-006
-003,-006
-003,-006
-003,-006
-003,-006
-003,-006
-003,-006
-003,-006
-003,-006
-003,-006
-003,-006
-003,-006
-003,-006
-003,-006
-003,-006
-003,-006
-003,-006
-003,-006
-003,-006
-003,-006
-003,-006
-003,-006
-003,-006
-003,-006
-003,-006
-003,-006
-003,-006
-003,-006
-003,-006
-003,-006
-003,-006
-003,-006
-003,-006
-003,-006
-003,-006
-003,-006
-003,-006
-003,-006
-003,-006
-003,-006
-003,-006
-003,-006
-002,-006
-002,-006
-002,-006
-002,-006
-002,-006
-001,-006
-001,-006
-001,-006
-001,-006
-001,-006
-001,-006
-001,-006
-000,-006
-000,-006
-000,-009
-000,-008
-000,-008
-000,-008
-000,-008
-000,-008
-000,-008
-000,-008
-000,-008
-000,-008
-000,-008
-000,-008
-000,-008
-000,-008
-000,-008
-000,-008
-001,-008
-001,-008
-001,-008
-001,-008
-001,-008
-001,-008
-001,-008
-001,-008
-001,-008
-001,-008
-001,-008
-001,-008
-001,-008
-001,-008
-001,-008
-001,-008
-001,-008
-001,-008
-001,-008
-001,-008
-001,-008
-001,-008
-001,-008
-001,-008
-001,-008
-001,-008
-001,-008
-001,-008
-001,-008
-001,-008
-001,-008
-001,-008
-001,-008
-001,-008
-001,-008
-001,-008
-001,-008
-001,-008
-001,-008
-001,-008
-001,-008
-001,-008
-001,-008
-001,-008
-001,-008
-001,-008
-001,-007
-001,-007
-001,-007
-001,-007
-001,-006
-001,-006
-001,-006
-001,-006
-001,-006
-001,-006
-001,-006
-002,-006
-002,-006
-002,-005
-002,-005
-002,-005
-002,-005
-002,-005
-002,-005
-002,-005
-002,-005
-002,-005
-002,-005
-002,-005
-002,-005
-002,-005
-002,-005
-002,-005
-002,-005
-002,-005
-002,-005
-002,-005
-002,-005
-002,-005
-002,-005
-002,-005
-002,-005
-002,-005
-002,-005
-002,-005
-002,-005
-002,-005
-002,-005
-002,-005
-002,-005
-002,-005
-002,-005
-002,-005
-002,-005
-002,-005
-002,-005
-002,-005
-002,-005
-002,-005
-002,-005
-002,-005
-002,-005
-002,-005
-002,-005
-002,-005
-002,-005
-002,-005
-002,-005
-002,-005
-002,-005
-002,-005
-002,-005
-002,-005
-002,-005
-002,-005
-002,-005
-002,-005
-002,-005
-002,-005
-002,-005
-002,-005
-002,-005
-002,-005
-002,-005
-002,-005
-002,-005
-002,-005
-002,-005
-002,-005
-002,-005
-002,-005
-002,-005
-002,-005
-002,-005
-002,-005
-002,-005
-002,-005
-002,-005
-002,-005
-002,-005
-002,-005
-002,-005
-002,-005
-002,-005
-002,-005
-002,-005
-002,-005
-002,-005
-002,-005
-001,-005
-001,-005
-001,-005
-001,-005
-001,-005
-001,-005
-001,-005
-001,-005
-001,-005
-001,-005
-001,-005
-001,-005
-001,-005
-001,-005
-001,-005
-001,-005
-001,-005
-000,-005
-000,-008
-000,-008
-000,-008
-000,-008
-000,-008
-000,-008
-000,-008
-000,-008
-000,-008
-000,-008
-000,-008
-000,-008
-000,-008
-000,-008
-000,-008
-000,-008
-000,-008
-000,-008
-000,-008
-000,-008
-000,-011
-000,-010
-000,-010
-000,-010
-000,-010
-000,-010
-000,-010
-000,-010
-000,-010
-000,-010
-000,-010
-000,-010
-000,-010
-000,-010
-000,-010
-000,-010
-000,-013
-000,-013
-000,-013
-000,-013
-000,-013
-000,-013
-000,-013
-000,-013
-000,-013
-000,-013
-000,-013
-000,-013
-000,-013
-000,-013
-000,-013
-000,-013
-000,-013
-000,-013
-000,-013
-000,-013
-000,-013
-000,-013
-000,-013
-000,-013
-000,-013
-000,-013
-000,-013
-000,-013
-000,-013
-000,-013
-000,-013
-000,-013
-000,-013
-000,-013
-000,-013
-000,-013
-000,-013
-000,-013
-000,-013
-000,-013
-000,-013
-000,-013
-000,-013
-000,-013
-000,-013
-000,-013
-000,-013
-000,-013
-000,-013
-000,-012
-000,-012
-000,-012
-000,-012
-000,-012
-000,-012
-000,-011
-000,-011
-000,-011
-000,-011
-003,-011
-003,-011
-003,-011
-003,-011
-003,-011
-003,-011
-003,-011
-003,-011
-003,-011
-003,-011
-003,-011
-003,-011
-003,-011
-003,-011
-003,-011
-003,-011
-003,-011
-003,-011
-003,-011
-003,-011
-003,-011
-003,-011
-003,-011
-003,-011
-003,-011
-003,-011
-003,-011
-003,-011
-003,-011
-003,-011
-003,-011
-003,-011
-003,-011
-006,-011
-006,-011
-006,-011
-006,-011
-006,-011
-006,-011
-006,-014
-006,-013
-006,-013
-006,-013
-006,-013
-006,-013
-006,-013
-006,-013
-006,-013
-006,-013
-006,-013
-006,-013
-006,-013
-006,-013
-006,-013
-006,-013
-006,-013
-009,-013
-008,-013
-008,-013
-008,-013
-008,-013
-008,-013
-008,-013
-008,-013
-008,-013
-008,-013
-008,-013
-008,-013
-008,-013
-008,-013
-008,-013
-008,-013
-008,-013
-008,-013
-008,-013
-008,-013
-008,-013
-008,-013
-008,-013
-008,-013
-008,-013
-008,-013
-008,-013
-008,-013
-008,-013
-008,-013
-008,-013
-008,-013
-008,-013
-008,-013
-008,-013
-008,-013
-008,-013
-008,-013
-008,-013
-008,-013
-008,-013
-008,-013
-008,-013
-008,-013
-008,-013
-008,-013
-008,-013
-008,-012
-008,-012
-008,-012
-008,-012
-008,-012
-007,-012
-007,-012
-007,-012
-007,-012
-007,-012
-007,-012
-007,-012
-007,-012
-007,-012
-007,-012
-007,-012
-007,-012
-007,-012
-007,-012
-007,-012
-007,-012
-007,-012
-007,-012
-007,-012
-007,-012
-006,-012
-006,-012
-006,-012
-006,-012
-006,-012
-006,-012
-006,-012
-006,-012
-006,-012
-006,-012
-006,-012
-006,-012
-006,-012
-006,-012
-006,-012
-006,-012
-006,-012
-006,-012
-006,-012
-006,-012
-006,-012
-006,-012
-006,-012
-006,-012
-006,-012
-006,-012
-006,-012
-006,-015
-006,-014
-006,-014
-006,-014
-006,-014
-006,-014
-006,-014
-006,-014
-006,-014
-006,-014
-006,-014
-006,-014
-006,-014
-006,-017
-006,-016
-006,-016
-006,-016
-006,-016
-006,-016
-006,-016
-006,-016
-006,-016
-006,-016
-006,-016
-006,-016
-006,-016
-006,-016
-006,-016
-006,-016
-006,-016
-006,-019
-009,-018
-009,-018
-008,-018
-008,-018
-008,-018
-008,-018
-008,-018
-008,-018
-008,-018
-008,-018
-008,-018
-008,-018
-008,-018
-008,-018
-008,-018
-008,-018
-008,-018
-008,-018
-008,-018
-008,-018
-008,-018
-008,-018
-008,-018
-008,-018
-008,-018
-008,-018
-008,-018
-008,-018
-008,-018
-008,-018
-008,-018
-008,-018
-008,-018
-008,-018
-008,-018
-008,-018
-008,-018
-008,-018
-008,-018
-008,-018
-008,-018
-008,-018
-008,-018
-008,-018
-008,-018
-008,-018
-008,-018
-008,-018
-008,-018
-008,-018
-008,-018
-008,-018
-008,-018
-008,-018
-008,-018
-008,-018
-008,-018
-008,-018
-008,-018
-008,-018
-008,-018
-008,-018
-008,-018
-008,-018
-008,-018
-008,-018
-008,-018
-008,-018
-008,-018
-008,-018
-008,-018
-008,-018
-008,-018
-008,-018
-008,-018
-008,-018
-008,-018
-008,-018
-008,-018
-008,-018
-008,-018
-008,-018
-008,-018
-008,-018
-008,-021
-008,-021
-008,-021
+011,-021
-010,-021
-010,-021
-010,-021
-010,-021
-010,-021
-010,-021
-010,-021
-010,-021
-010,-021
-010,-021
-010,-021
-010,-021
-010,-021
-010,-021
-010,-021
-010,-021
-010,-021
-010,-021
-010,-021
-010,-021
-010,-021
-010,-021
-010,-021
-010,-021
-010,-021
-010,-021
-010,-021
-010,-021
-010,-021
-010,-021
-010,-021
-010,-021
-010,-021
-010,-021
-010,-021
-010,-021
-010,-021
+012,-025
+012,-025
+012,-025
+012,-025
+012,-025
+012,-025
+012,-025
+012,-025
+012,-025
+012,-025
+012,-025
+012,-024
+012,-023
+012,-023
+012,-023
+012,-023
+011,-022
+011,-022
+011,-022
+011,-022
+011,-022
+011,-022
+011,-022
+011,-022
+011,-022
+011,-022
+011,-022
+011,-022
+011,-022
+013,-022
+013,-022
+013,-022
+013,-022
+013,-022
+013,-022
+013,-022
+013,-022
+013,-022
+013,-022
+013,-022
+011,-022
+011,-022
+011,-021
+011,-021
+011,-021
+011,-021
+011,-021
+011,-021
+011,-021
+011,-021
+011,-021
+011,-021
+011,-021
+011,-021
+011,-021
+011,-021
+011,-021
+011,-021
+011,-021
+011,-021
+011,-021
+011,-021
+011,-021
+011,-021
+011,-020
+011,-020
+011,-020
+011,-020
+011,-020
+011,-020
+011,-020
+011,-020
+011,-020
+011,-020
+011,-020
+011,-020
+011,-020
+011,-020
+011,-020
+011,-020
+011,-020
+011,-020
+011,-020
+011,-020
+011,-020
+011,-020
+011,-020
+011,-020
+011,-020
+011,-020
+011,-020
+011,-020
+011,-020
+011,-020
+011,-020
+011,-020
+011,-020
+011,-020
+011,-020
+011,-020
+011,-020
+011,-020
+011,-020
+013,-020
+013,-020
+013,-020
+013,-020
+013,-023
+013,-023
+013,-023
+013,-023
+013,-023
+013,-023
+013,-022
+013,-022
+015,-022
+015,-022
+015,-022
+015,-022
+015,-022
+015,-022
+015,-022
+015,-022
+015,-022
+015,-022
+015,-022
+015,-022
+015,-022
+015,-022
+015,-022
+015,-022
+015,-022
+015,-022
+015,-022
+015,-022
+015,-022
+015,-022
+015,-022
+015,-022
+015,-022
+015,-022
+015,-022
+015,-022
+015,-022
+015,-022
+015,-022
+015,-022
+015,-022
+015,-021
+015,-021
+015,-021
+015,-021
+017,-021
+017,-021
+017,-021
+017,-021
+017,-021
+017,-021
+017,-021
+017,-021
+017,-021
+017,-021
+017,-020
+017,-020
+017,-020
+017,-020
+017,-020
+017,-020
+017,-020
+017,-020
+017,-020
+015,-019
+015,-019
+015,-018
+013,-018
+013,-017
+013,-017
+013,-017
+013,-017
+013,-017
+013,-017
+013,-016
+013,-016
+013,-016
+015,-015
+015,-015
+015,-015
+015,-015
+015,-015
+015,-015
+015,-014
+015,-014
+015,-014
+015,-014
+015,-014
+015,-014
+013,-014
+013,-014
+013,-014
+013,-014
+013,-014
+013,-014
+013,-014
+013,-014
+013,-014
+013,-014
+013,-014
+013,-014
+013,-014
+011,-014
+011,-014
+011,-014
+011,-014
+011,-014
+011,-014
+011,-014
+011,-014
+011,-014
+011,-014
+011,-013
+011,-013
+011,-013
+011,-013
+011,-013
+011,-013
+011,-013
+011,-013
+011,-013
+011,-013
+011,-013
+011,-013
+011,-013
-010,-012
-010,-012
-010,-012
-010,-012
-010,-012
-010,-012
-010,-012
-010,-012
-010,-012
-010,-012
-010,-012
-010,-012
-010,-012
-010,-012
-010,-012
-009,-012
-009,-012
-009,-012
-009,-012
-009,-012
-009,-012
-009,-012
-009,-012
-009,-012
-009,-012
-009,-012
-009,-012
-009,-012
-009,-012
-009,-012
-009,-012
-009,-012
-009,-012
-009,-012
-009,-012
-008,-012
-008,-012
-008,-012
-008,-012
-008,-012
-008,-012
-008,-012
-008,-012
-008,-012
-008,-011
-008,-011
-007,-011
-007,-011
-007,-011
-007,-011
-007,-011
-007,-011
-007,-011
-007,-011
-007,-011
-007,-011
-007,-011
-007,-011
-007,-011
-007,-011
-007,-011
-007,-011
-007,-011
-007,-011
-007,-011
-007,-011
-007,-011
-007,-011
-007,-011
-007,-011
-007,-011
-007,-011
-007,-011
-007,-011
-007,-011
-007,-011
-007,-011
-007,-011
-007,-011
-007,-011
-007,-011
-007,-011
-007,-011
-007,-011
-007,-011
-007,-011
-007,-011
-007,-011
-007,-011
-007,-011
-007,-011
-007,-011
-007,-011
-007,-011
-007,-011
-007,-011
-007,-011
-007,-011
-007,-011
-007,-011
-007,-011
-007,-011
-007,-011
-007,-011
-007,-011
-007,-011
-007,-011
-007,-011
-007,-011
-007,-011
-007,-011
-007,-011
-007,-011
-007,-011
-007,-011
-007,-011
-007,-011
-007,-011
-007,-011
-007,-011
-007,-011
-007,-011
-007,-011
-007,-011
-007,-011
-007,-011
-007,-011
-007,-011
-007,-011
-007,-011
-007,-011
-007,-011
-007,-011
-007,-011
-007,-011
-007,-011
-007,-011
-007,-011
-007,-011
-007,-011
-007,-011
-007,-011
-007,-011
-007,-011
-010,-014
-010,-014
-010,-014
-010,-014
-010,-014
-010,-014
-010,-014
-010,-014
-010,-014
+012,-014
+012,-014
+012,-017
+012,-017
+012,-017
+012,-017
+012,-017
+012,-017
+014,-017
+016,-020
+016,-020
+016,-020
+016,-020
+016,-020
+016,-020
+016,-020
+018,-020
+018,-020
+018,-020
+018,-020
+018,-020
+018,-020
+018,-020
+018,-020
+018,-020
+018,-020
+018,-020
+018,-020
+018,-020
+018,-020
+018,-020
+018,-020
+018,-020
+018,-020
+018,-020
+018,-023
+018,-022
+020,-022
+020,-022
+020,-021
+020,-021
+020,-021
+020,-021
+022,-021
+022,-021
+022,-021
+022,-021
+022,-021
+022,-021
+022,-021
+022,-021
+022,-021
+022,-021
+022,-021
+022,-021
+022,-021
+022,-021
+022,-021
+022,-021
+022,-021
+022,-021
+022,-021
+022,-021
+022,-021
+022,-021
+022,-021
+022,-021
+022,-021
+022,-021
+022,-021
+020,-021
+020,-021
+020,-021
+020,-021
+020,-021
+022,-021
+022,-021
+022,-021
+022,-021
+022,-021
+022,-020
+022,-020
+022,-020
+022,-020
+022,-020
+022,-020
+022,-020
+022,-020
+022,-020
+022,-020
+022,-020
+022,-020
+022,-020
+022,-020
+022,-020
+022,-020
+022,-020
+022,-019
+022,-019
+022,-019
+020,-019
+020,-019
+018,-022
+018,-022
+018,-021
+018,-021
+018,-021
+018,-021
+018,-021
+018,-021
+018,-021
+018,-021
+018,-021
+018,-021
+018,-021
+018,-021
+016,-021
+016,-020
+014,-019
+014,-018
+014,-018
+014,-018
+014,-018
+014,-018
+014,-018
+014,-018
+014,-018
+014,-018
+012,-018
+012,-018
+012,-018
+012,-017
+012,-017
+012,-017
+012,-017
+012,-017
+012,-017
+012,-017
+011,-017
+011,-017
+011,-017
+011,-017
-010,-017
-010,-017
-010,-017
-009,-017
-009,-017
-009,-017
-009,-017
-009,-017
-009,-017
-008,-017
-008,-017
-008,-017
-008,-017
-007,-017
-007,-017
-007,-017
-007,-017
-007,-017
-007,-017
-007,-017
-007,-017
-007,-017
-007,-017
-007,-017
-007,-017
-007,-017
-007,-017
-007,-017
-007,-017
-007,-017
-007,-017
-007,-017
-007,-017
-007,-017
-007,-017
-007,-017
-007,-017
-007,-017
-007,-017
-007,-017
-007,-017
-007,-017
-007,-017
-007,-017
-007,-017
-007,-017
-007,-017
-007,-017
-007,-017
-007,-017
-006,-017
-006,-017
-006,-017
-006,-017
-006,-017
-006,-017
-006,-017
-006,-017
-006,-017
-006,-017
-006,-017
-006,-017
-006,-017
-006,-017
-006,-017
-006,-017
-006,-017
-006,-017
-006,-017
-006,-017
-009,-017
-009,-017
-009,-017
-009,-017
-009,-017
-009,-017
-009,-017
-009,-017
-009,-017
-009,-017
-009,-017
-009,-017
-009,-017
-009,-017
-009,-017
-009,-017
-009,-017
-009,-017
-009,-017
-009,-017
-009,-017
-009,-017
-009,-017
-009,-017
-009,-017
+011,-017
+011,-017
+011,-017
+011,-017
+011,-017
+011,-017
+011,-017
+011,-017
+011,-017
+011,-017
+011,-017
+011,-017
+011,-017
+011,-017
+011,-017
+011,-017
+011,-017
+011,-017
+011,-017
+011,-017
+011,-017
+011,-017
+011,-017
+011,-017
+011,-017
+011,-017
+011,-017
+011,-017
+011,-017
+011,-017
+011,-017
+011,-017
+011,-017
+011,-017
+011,-017
+011,-017
+011,-017
+011,-017
+011,-017
+011,-017
+011,-017
+011,-017
+011,-017
+011,-017
+011,-017
+011,-017
+011,-017
+011,-017
+011,-017
+011,-017
+011,-017
-010,-020
-010,-020
-010,-020
-010,-020
-010,-020
-010,-020
-009,-019
-009,-019
-009,-019
-009,-019
-008,-019
-008,-019
-008,-019
-008,-019
-008,-019
-007,-019
-007,-019
-007,-019
-007,-019
-007,-019
-007,-019
-007,-019
-007,-019
-006,-019
-006,-019
-006,-019
-006,-019
-006,-019
-006,-019
-006,-019
-005,-019
-005,-019
-005,-019
-005,-019
-005,-019
-005,-019
-005,-019
-005,-019
-005,-019
-005,-018
-005,-018
-005,-018
-005,-018
-005,-018
-005,-018
-005,-018
-005,-018
-005,-018
-005,-018
-005,-018
-005,-018
-005,-018
-005,-018
-005,-018
-005,-018
-005,-018
-005,-018
-005,-018
-005,-018
-005,-018
-005,-018
-005,-018
-005,-018
-005,-018
-005,-018
-005,-018
-005,-018
-005,-018
-005,-018
-005,-018
-005,-018
-005,-018
-005,-018
-005,-018
-005,-018
-005,-018
-005,-018
-005,-018
-008,-018
-008,-018
-008,-018
-008,-018
-008,-018
-008,-018
-008,-018
-008,-018
-008,-018
-008,-018
-008,-018
-008,-018
-008,-018
-008,-018
-008,-018
-008,-018
+011,-018
+011,-018
+011,-018
+011,-018
+011,-018
+011,-018
+011,-018
+011,-018
+011,-018
+011,-018
+011,-018
+011,-018
+011,-018
+011,-018
+013,-018
+013,-018
+013,-021
+013,-021
+013,-021
+013,-021
+015,-021
+015,-021
+013,-020
+013,-020
+013,-020
+013,-020
+013,-019
+013,-019
+013,-019
+013,-019
+013,-019
+013,-019
+013,-019
+013,-019
+013,-019
+013,-019
+013,-019
+013,-019
+013,-019
+013,-019
+013,-019
+013,-019
+013,-019
+013,-019
+013,-019
+013,-019
+013,-019
+011,-019
+011,-019
+011,-019
+011,-019
+011,-019
+011,-019
+011,-019
+011,-019
+011,-019
+011,-019
+011,-019
+011,-019
+011,-019
+011,-019
+011,-019
+011,-019
+011,-019
+011,-019
+011,-019
+011,-019
+011,-019
+011,-019
+011,-019
+011,-019
+011,-019
+011,-019
+011,-019
+011,-019
+011,-019
+011,-019
+011,-019
+011,-019
-010,-019
-010,-022
-010,-022
-010,-022
-010,-022
-010,-022
-010,-022
-010,-022
-009,-022
-009,-022
-009,-022
-009,-022
-009,-022
-009,-022
-009,-022
-008,-022
-008,-022
-008,-022
-008,-022
-008,-022
-008,-022
-008,-022
-008,-022
-008,-022
-007,-022
-007,-022
-007,-022
-007,-022
-007,-022
-007,-022
-007,-022
-007,-022
-007,-022
-007,-022
-007,-022
-007,-022
-007,-022
-007,-022
-007,-022
-007,-022
-007,-022
-007,-022
-007,-022
-007,-022
-007,-022
-007,-022
-007,-022
-007,-022
-007,-022
-007,-022
-007,-022
-007,-022
-007,-022
-007,-022
-007,-022
-007,-022
-007,-021
-007,-021
-007,-021
-007,-021
-007,-021
-007,-021
-007,-021
-007,-021
-007,-021
-007,-021
-007,-021
-007,-021
-007,-021
-007,-020
-007,-020
-007,-020
-007,-020
-007,-020
-007,-020
-010,-020
-010,-020
-010,-020
-010,-020
-010,-020
-010,-020
-010,-020
-010,-020
-010,-020
-010,-020
-010,-020
-010,-020
-010,-020
-010,-020
-010,-020
-010,-020
+012,-020
+012,-023
+012,-023
+014,-023
+014,-023
+014,-023
+014,-023
+014,-023
+014,-023
+014,-023
+014,-023
+014,-023
+014,-023
+014,-023
+014,-023
+014,-023
+014,-023
+014,-023
+014,-023
+014,-023
+014,-023
+014,-023
+014,-023
+014,-023
+014,-023
+014,-023
+014,-023
+014,-023
+014,-023
+014,-023
+014,-023
+014,-023
+014,-023
+014,-023
+014,-023
+014,-023
+014,-023
+014,-023
+014,-023
+014,-023
+014,-023
+014,-023
+014,-023
+014,-023
+014,-023
+014,-023
+014,-023
+014,-023
+014,-023
+014,-023
+014,-023
+014,-023
+014,-023
+014,-023
+014,-023
+014,-023
+014,-023
+014,-023
+014,-023
+014,-023
+014,-023
+014,-026
+014,-025
+014,-025
+014,-025
+014,-025
+014,-025
+014,-025
+014,-025
+014,-025
+014,-025
+014,-025
+014,-025
+014,-025
+014,-025
+014,-025
+014,-025
+014,-025
+014,-025
+014,-025
+014,-025
+014,-025
+014,-025
+014,-025
+014,-025
+014,-025
+014,-025
+014,-025
+014,-025
+014,-025
+014,-025
+014,-025
+014,-025
+014,-025
+014,-025
+014,-025
+014,-025
+014,-025
+014,-025
+014,-025
+014,-025
+014,-025
+014,-025
+014,-025
+014,-025
+014,-025
+014,-025
+014,-025
+014,-025
+014,-028
+014,-028
+014,-028
+014,-028
+012,-028
+012,-028
+012,-028
+012,-028
+012,-028
+012,-028
+012,-028
+012,-028
+012,-028
+012,-028
+012,-028
+012,-028
+012,-028
+012,-028
+012,-028
+012,-028
+012,-028
+012,-028
+012,-028
+012,-028
+012,-028
+012,-028
+012,-028
+012,-028
+012,-028
+012,-028
+012,-028
+012,-028
+012,-028
+012,-028
+012,-028
+012,-028
+012,-028
+014,-028
+014,-028
+014,-028
+014,-028
+014,-028
+014,-028
+014,-028
+014,-028
+014,-028
+014,-028
+014,-028
+014,-028
+014,-028
+014,-028
+014,-028
+014,-028
+014,-028
+014,-028
+014,-028
+016,-028
+016,-028
+016,-028
+016,-028
+016,-028
+016,-028
+016,-028
+016,-028
+016,-028
+016,-028
+016,-028
+016,-028
+016,-028
+016,-028
+016,-028
+016,-028
+016,-027
+016,-027
+016,-027
+016,-027
+016,-027
+016,-027
+016,-027
+016,-027
+016,-027
+016,-027
+016,-027
+016,-027
+016,-027
+016,-027
+016,-027
+016,-027
+016,-027
+016,-027
+016,-027
+016,-027
+016,-027
+016,-027
+016,-027
+016,-027
+016,-027
+016,-027
+016,-027
+016,-027
+016,-027
+016,-027
+016,-027
+016,-027
+016,-027
+016,-027
+016,-027
+016,-027
+016,-027
+016,-027
+016,-027
+016,-027
+016,-027
+016,-027
+016,-027
+016,-027
+016,-027
+016,-027
+016,-027
+014,-027
+014,-027
+014,-027
+014,-027
+014,-027
+014,-027
+014,-027
+014,-027
+014,-027
+014,-030
+014,-030
+014,-030
+012,-030
+012,-030
+012,-030
+012,-030
+012,-030
+012,-030
+012,-030
+012,-030
+012,-030
+012,-030
+012,-030
+012,-030
+011,-030
+011,-030
+011,-030
+011,-030
+011,-030
+011,-033
+011,-033
-010,-032
-010,-032
-010,-032
-010,-032
-010,-032
-010,-032
-010,-032
-010,-032
-010,-032
-010,-032
-010,-032
-010,-032
-010,-032
-010,-032
-010,-032
-010,-032
-010,-032
-010,-032
-010,-032
-010,-032
-010,-032
-010,-032
-010,-032
-010,-032
-010,-032
-010,-032
-010,-032
-009,-032
-009,-032
-009,-032
-009,-032
-009,-032
-009,-032
-009,-032
-009,-032
-009,-032
-009,-032
-009,-032
-009,-032
-008,-032
-008,-032
-008,-032
-008,-032
-008,-032
-008,-032
-008,-032
-008,-032
-008,-032
-008,-032
-008,-032
-008,-032
-008,-032
-008,-032
-008,-032
-008,-032
-008,-032
-008,-032
-008,-032
-008,-032
-008,-032
-008,-032
-008,-032
-008,-032
-008,-032
-008,-032
-008,-032
-008,-031
-008,-031
-008,-031
-008,-031
-008,-031
-008,-031
-008,-031
-008,-031
-008,-031
-008,-031
-008,-031
-008,-031
-008,-031
+011,-031
+011,-030
+011,-030
+011,-030
+011,-030
+011,-030
+011,-030
+011,-029
+011,-029
+011,-029
+011,-029
+011,-029
+011,-029
+011,-028
+013,-028
+013,-028
+013,-028
+013,-028
+013,-028
+013,-028
+013,-027
+015,-027
+015,-027
+015,-026
+015,-026
+015,-026
+015,-026
+015,-026
+015,-026
+015,-026
+015,-025
+017,-025
+017,-025
+017,-025
+017,-025
+017,-025
+017,-025
+017,-025
+017,-025
+017,-025
+017,-025
+017,-025
+017,-025
+017,-025
+017,-025
+017,-025
+017,-025
+017,-024
+017,-024
+017,-024
+017,-024
+017,-024
+017,-024
+017,-024
+017,-024
+017,-024
+017,-024
+017,-024
+017,-024
+017,-024
+017,-024
+017,-024
+017,-024
+017,-024
+017,-024
+017,-024
+017,-024
+017,-024
+017,-024
+017,-024
+017,-024
+017,-024
+017,-024
+017,-024
+017,-023
+017,-023
+017,-023
+017,-023
+017,-023
+017,-023
+017,-023
+017,-023
+017,-023
+017,-023
+017,-023
+017,-023
+017,-023
+017,-023
+017,-023
+017,-023
+017,-023
+017,-023
+017,-023
+017,-023
+017,-023
+017,-023
+017,-023
+017,-023
+017,-023
+017,-023
+017,-023
+015,-023
+015,-026
+015,-026
+015,-026
+015,-026
+015,-026
+015,-026
+013,-026
+013,-026
+013,-026
+013,-026
+013,-026
+013,-026
+013,-026
+013,-029
+013,-029
+013,-029
+011,-029
+011,-029
+011,-029
+011,-029
+011,-029
+011,-029
+011,-029
+011,-029
+011,-029
+011,-029
+011,-029
+011,-029
+011,-029
+011,-029
+011,-029
+011,-029
+011,-029
+011,-029
+011,-029
+011,-029
+011,-029
+011,-029
+011,-029
+011,-029
-010,-029
-010,-029
-010,-029
-010,-029
-010,-029
-010,-029
-010,-029
-010,-029
-010,-029
-010,-029
-009,-029
-009,-029
-009,-029
-009,-029
-009,-029
-009,-029
-009,-029
-009,-029
-009,-029
-007,-028
-007,-028
-007,-028
-007,-027
-006,-027
-006,-027
-006,-027
-006,-027
-006,-027
-006,-027
-006,-026
-006,-026
-006,-026
-006,-026
-006,-026
-006,-026
-006,-026
-006,-025
-006,-025
-006,-025
-006,-025
-006,-025
-006,-025
-006,-025
-006,-025
-006,-025
-006,-025
-006,-024
-006,-024
-006,-024
-006,-024
-006,-024
-009,-024
-009,-024
-009,-024
-009,-024
-009,-024
-009,-024
-009,-024
-009,-024
-009,-024
-009,-024
+011,-024
+011,-024
+011,-024
+013,-024
+013,-024
+013,-024
+013,-024
+013,-024
+013,-024
+013,-024
+013,-024
+013,-024
+013,-024
+013,-024
+013,-024
+013,-024
+013,-024
+015,-024
+015,-024
+015,-024
+015,-024
+015,-024
+015,-024
+015,-024
+015,-024
+015,-024
+015,-024
+015,-024
+015,-024
+015,-024
+015,-024
+015,-024
+015,-024
+015,-024
+015,-024
+015,-024
+015,-024
+015,-024
+015,-024
+015,-024
+015,-024
+015,-024
+015,-024
+015,-024
+015,-024
+015,-024
+015,-024
+015,-024
+015,-024
+015,-024
+015,-024
+015,-024
+015,-024
+015,-024
+015,-024
+015,-024
+015,-024
+015,-024
+015,-024
+015,-024
+015,-024
+015,-024
+015,-027
+013,-027
+013,-027
+013,-027
+013,-027
+013,-027
+013,-027
+013,-027
+013,-027
+013,-027
+013,-027
+011,-027
+011,-030
+011,-030
+011,-030
+011,-030
+011,-030
+011,-030
+011,-030
+011,-030
+011,-030
+011,-030
-010,-030
-010,-030
-010,-030
-010,-030
-010,-030
-010,-030
-010,-033
-010,-033
-009,-033
-009,-033
-009,-033
-009,-033
-009,-033
-009,-033
-009,-033
-008,-033
-008,-033
-008,-033
-008,-033
-008,-033
-008,-033
-008,-033
-007,-033
-007,-033
-007,-033
-007,-033
-007,-033
-007,-033
-007,-033
-007,-033
-007,-033
-006,-033
-006,-033
-006,-033
-006,-033
-006,-033
-006,-033
-006,-033
-006,-033
-006,-033
-006,-033
-005,-033
-005,-033
-005,-033
-004,-033
-004,-033
-004,-033
-004,-033
-004,-033
-003,-033
-003,-033
-003,-032
-003,-032
-002,-032
-002,-032
-002,-032
-002,-032
-002,-032
-002,-032
-002,-032
-002,-032
-002,-032
-002,-032
-002,-032
-002,-032
-002,-032
-002,-031
-002,-031
-002,-031
-002,-031
-002,-031
-002,-031
-002,-031
-002,-031
-002,-030
-002,-030
-002,-030
-002,-030
-002,-030
-002,-030
-002,-030
-002,-030
-002,-030
-002,-030
-002,-030
-002,-029
-002,-029
-005,-029
-005,-029
-005,-029
-005,-029
-005,-029
-005,-029
-005,-028
-005,-028
-005,-028
-008,-028
-008,-028
-008,-028
-008,-028
-008,-028
-008,-028
-008,-028
-008,-028
-008,-028
+011,-028
+011,-028
+011,-028
+011,-028
+011,-028
+011,-028
+011,-028
+011,-028
+011,-028
+011,-028
+011,-028
+011,-028
+011,-028
+011,-028
+011,-028
+011,-028
+011,-028
+011,-028
+011,-028
+011,-028
+011,-028
-010,-028
-010,-027
-010,-027
-010,-027
-009,-027
-009,-027
-009,-027
-009,-026
-009,-026
-008,-026
-008,-026
-008,-026
-008,-026
-008,-026
-008,-026
-008,-026
-008,-026
-008,-026
-007,-026
-007,-026
-007,-026
-007,-025
-007,-025
-007,-025
-007,-025
-007,-025
-006,-025
-006,-025
-006,-025
-006,-025
-006,-025
-006,-025
-006,-025
-005,-025
-005,-025
-005,-025
-005,-025
-005,-025
-005,-025
-005,-025
-005,-025
-005,-025
-004,-025
-004,-025
-004,-025
-004,-025
-003,-025
-003,-025
-003,-025
-003,-025
-003,-025
-003,-025
-003,-028
-002,-028
-002,-028
-002,-028
-002,-028
-002,-028
-002,-028
-002,-028
-001,-028
-001,-028
-001,-028
-001,-028
-001,-028
-001,-028
-000,-028
-000,-028
-000,-028
-000,-028
-000,-028
-000,-028
-000,-028
-000,-028
-000,-028
-000,-028
-001,-028
-001,-028
-001,-028
-001,-028
-001,-028
-001,-028
-001,-028
-001,-028
-001,-028
-001,-028
-001,-028
-001,-028
-001,-028
-001,-028
-001,-028
-001,-028
-001,-028
-001,-028
-001,-028
-001,-028
-001,-028
-001,-028
-001,-028
-001,-028
-001,-028
-001,-028
-001,-028
-001,-028
-001,-028
-001,-028
-001,-028
-001,-028
-001,-028
-001,-028
-001,-028
-001,-028
-001,-028
-001,-028
-001,-028
-001,-028
-002,-028
-002,-028
-002,-028
-002,-028
-002,-028
-002,-028
-002,-028
-002,-028
-002,-028
-002,-028
-002,-028
-002,-028
-002,-028
-002,-028
-002,-028
-005,-028
-005,-028
-005,-028
-005,-028
-005,-031
-005,-031
-008,-031
-008,-031
-008,-031
-008,-031
-008,-031
-008,-031
-008,-031
-008,-031
-008,-031
-008,-031
-008,-031
-008,-031
-008,-031
-008,-031
-008,-031
-008,-031
-008,-031
-008,-031
-008,-031
-008,-031
-008,-031
-008,-031
-008,-031
-008,-031
-008,-031
-008,-031
-008,-031
-008,-031
-008,-031
-008,-031
-008,-031
-008,-031
-008,-031
-008,-031
-008,-031
-008,-031
-008,-031
-008,-031
-008,-031
-008,-031
-008,-031
-008,-031
-008,-031
-008,-031
-008,-031
-008,-031
-008,-031
-008,-031
-008,-031
-008,-031
-008,-031
-007,-031
-007,-031
-007,-031
-007,-031
-007,-031
-007,-031
-007,-031
-006,-031
-006,-031
-006,-031
-005,-031
-005,-031
-005,-031
-005,-031
-005,-031
-005,-031
-004,-031
-004,-031
-004,-031
-004,-031
-004,-031
-004,-031
-004,-031
-004,-031
-004,-031
-004,-031
-004,-031
-004,-031
-004,-031
-004,-031
-004,-031
-004,-031
-004,-031
-003,-031
-003,-031
-003,-031
-003,-031
-003,-031
-003,-031
-002,-031
-002,-031
-002,-031
-002,-031
-002,-031
-002,-031
-002,-031
-002,-031
-002,-031
-002,-031
-002,-031
-002,-031
-002,-031
-002,-031
-002,-031
-002,-031
-002,-031
-002,-031
-002,+034
-002,+034
-005,+034
-005,+034
-005,+034
-005,+034
-005,+034
-005,+034
-005,+036
-005,+036
-005,+036
-004,+036
-004,+036
-004,+036
-004,+036
-004,+036
-004,+036
-004,+036
-004,+036
-004,+036
-004,+036
-004,+036
-004,+036
-004,+036
-004,+036
-004,+036
-004,+036
-004,+036
-004,+036
-004,+036
-004,+036
-004,+036
-004,+036
-004,+036
-004,+036
-004,+036
-004,+036
-004,+036
-004,+036
-004,+036
-004,+036
-004,+036
-004,+036
-004,+036
-004,+036
-004,+036
-004,+036
-004,+036
-004,+036
-004,+036
-004,+036
-004,+036
-004,+036
-004,+034
-004,+034
-004,+034
-004,+034
-004,+034
-004,+034
-004,+034
-004,+034
-004,+034
-004,+034
-004,+034
-004,+034
-007,+034
-007,+034
-007,+034
-007,+034
-007,-033
-007,-033
-007,-033
-007,-033
-007,-033
-007,-032
-007,-032
-007,-032
-007,-032
-007,-031
-006,-030
-006,-030
-006,-030
-006,-029
-006,-029
-005,-029
-005,-029
-005,-028
-005,-028
-005,-028
-005,-028
-005,-028
-005,-028
-005,-028
-005,-028
-004,-028
-004,-028
-004,-028
-004,-028
-004,-028
-004,-028
-004,-028
-004,-028
-004,-028
-003,-028
-003,-028
-003,-028
-003,-028
-003,-028
-003,-028
-003,-028
-003,-028
-003,-028
-003,-028
-002,-028
-002,-028
-002,-028
-002,-028
-002,-028
-002,-028
-002,-028
-001,-028
-001,-028
-001,-028
-001,-028
-001,-028
-000,-028
-000,-028
-000,-028
-000,-028
-000,-028
-000,-028
-000,-028
-001,-028
-001,-028
-001,-028
-001,-028
-001,-028
-001,-028
-001,-028
-001,-028
-001,-028
-001,-028
-002,-028
-002,-028
-002,-028
-002,-028
-002,-028
-002,-028
-002,-028
-002,-028
-002,-028
-002,-028
-002,-028
-002,-028
-003,-028
-003,-028
-003,-028
-003,-028
-003,-028
-003,-028
-003,-028
-003,-028
-003,-028
-003,-028
-003,-028
-003,-028
-003,-028
-003,-028
-003,-028
-003,-028
-003,-028
-003,-028
-003,-028
-003,-028
-003,-028
-003,-028
-003,-028
-003,-028
-000,-028
-000,-028
-000,-028
-000,-028
-000,-028
-000,-028
-000,-028
-000,-028
-000,-028
-000,-028
-000,-028
-000,-028
-000,-028
-000,-028
-000,-028
-003,-028
-003,-028
-003,-028
-003,-028
-003,-028
-003,-028
-003,-028
-003,-028
-003,-028
-003,-028
-003,-028
-003,-028
-003,-028
-003,-028
-003,-028
-003,-028
-003,-028
-003,-027
-003,-027
-003,-027
-003,-027
-003,-027
-003,-027
-003,-027
-003,-027
-003,-027
-003,-027
-003,-027
-003,-027
-003,-027
-003,-027
-003,-027
-003,-027
-003,-027
-003,-027
-003,-027
-003,-027
-003,-027
-003,-027
-003,-027
-003,-027
-003,-027
-003,-027
-003,-027
-003,-027
-003,-027
-003,-027
-003,-027
-003,-027
-003,-027
-003,-027
-003,-027
-003,-027
-003,-027
-003,-027
-003,-027
-003,-027
-003,-027
-003,-027
-003,-027
-003,-027
-003,-027
-003,-027
-003,-027
-003,-027
-003,-027
-003,-027
-003,-027
-003,-027
-003,-027
-003,-027
-003,-027
-003,-027
-003,-027
-003,-027
-003,-027
-003,-027
-003,-027
-003,-027
-003,-027
-003,-027
-003,-027
-003,-027
-003,-027
-003,-027
-003,-027
-003,-027
-003,-027
-003,-027
-003,-027
-003,-027
-003,-027
-003,-026
-003,-026
-003,-026
-003,-026
-003,-026
-003,-026
-003,-026
-003,-026
-003,-025
-003,-025
-003,-025
-003,-025
-003,-025
-003,-025
-003,-025
-003,-025
-003,-025
-003,-025
-003,-025
-003,-025
-003,-025
-003,-025
-003,-025
-003,-025
-003,-025
-003,-024
-003,-024
-003,-024
-003,-024
-003,-024
-003,-024
-003,-024
-003,-024
-003,-024
-003,-024
-003,-024
-003,-024
-003,-024
-003,-024
-003,-024
-003,-024
-003,-024
-003,-024
-003,-024
-003,-024
-003,-024
-003,-024
-003,-024
-003,-024
-003,-024
-003,-024
-003,-024
-003,-024
-003,-024
-003,-024
-006,-024
-005,-024
-005,-024
-005,-024
-005,-024
-005,-024
-005,-024
-005,-024
-005,-024
-005,-024
-005,-024
-005,-024
-005,-024
-005,-023
-005,-023
-005,-023
-005,-023
-005,-023
-005,-023
-005,-023
-005,-023
-005,-023
-005,-023
-005,-023
-005,-023
-005,-023
-005,-023
-008,-023
-008,-023
-008,-023
-008,-023
-008,-023
-008,-023
-008,-022
-008,-022
-008,-022
-008,-022
-008,-022
-008,-022
-008,-022
-008,-022
-008,-022
-008,-022
-008,-022
-008,-022
-008,-022
-008,-021
-008,-021
-008,-021
-008,-021
-008,-021
-008,-021
-008,-021
+011,-021
+011,-021
+011,-021
+011,-021
+011,-021
+011,-021
+011,-021
+011,-021
+011,-021
+011,-021
+011,-021
+011,-021
+011,-021
+011,-021
+011,-021
+011,-021
+013,-021
+013,-021
+013,-021
+013,-021
+013,-021
+013,-021
+013,-021
+013,-021
+013,-021
+013,-021
+013,-021
+013,-021
+013,-021
+013,-021
+013,-021
+013,-021
+011,-021
+011,-021
+011,-021
+011,-021
+011,-021
+011,-021
+011,-021
+011,-021
+011,-021
+011,-021
+011,-021
+011,-021
+011,-021
+011,-021
+011,-021
+011,-021
+011,-021
+011,-021
+011,-021
+011,-021
+011,-021
+011,-021
+011,-021
+011,-021
+011,-021
+011,-021
-010,-021
-010,-021
-010,-024
-010,-024
-010,-024
-010,-024
-010,-024
-010,-024
-010,-024
-010,-027
-010,-027
-010,-027
-010,-027
-010,-027
-010,-027
-010,-027
-010,-027
-010,-027
-010,-027
-010,-027
-010,-027
-010,-030
-010,-029
-010,-029
-010,-029
-010,-029
-010,-029
-009,-029
-009,-029
-009,-029
-009,-029
-009,-029
-008,-028
-008,-028
-008,-028
-007,-028
-007,-028
-007,-028
-007,-028
-007,-027
-007,-027
-006,-027
-006,-027
-006,-027
-006,-027
-006,-027
-006,-027
-006,-027
-006,-027
-006,-027
-006,-027
-006,-026
-006,-026
-006,-026
-006,-026
-006,-026
-006,-026
-006,-026
-006,-025
-006,-025
-006,-025
-006,-025
-006,-025
-006,-025
-006,-025
-006,-025
-006,-025
-006,-025
-006,-024
-006,-024
-006,-024
-006,-024
-006,-024
-006,-024
-006,-024
-006,-023
-009,-023
-008,-023
-008,-023
-008,-023
-008,-023
-008,-023
-008,-023
-008,-023
-008,-023
-008,-023
-008,-023
-008,-023
-008,-023
-008,-023
-008,-023
-008,-023
-008,-023
-008,-023
-008,-023
-008,-023
-008,-023
-008,-023
-008,-023
-008,-023
-008,-023
-008,-023
-008,-023
-008,-023
-008,-023
-008,-023
-008,-023
-008,-023
-008,-023
-008,-023
-008,-023
-008,-023
-008,-023
-007,-023
-007,-023
-007,-023
-007,-023
-007,-023
-007,-023
-007,-023
-006,-023
-006,-023
-006,-023
-006,-023
-006,-023
-006,-023
-005,-023
-005,-023
-005,-023
-005,-023
-005,-023
-005,-023
-005,-023
-004,-023
-004,-023
-004,-023
-004,-023
-004,-023
-004,-023
-004,-023
-004,-023
-004,-023
-004,-023
-003,-023
-003,-023
-003,-023
-003,-023
-003,-023
-003,-023
-003,-023
-003,-023
-003,-023
-003,-023
-002,-023
-002,-023
-002,-023
-002,-023
-002,-023
-002,-023
-002,-023
-002,-023
-002,-023
-002,-023
-001,-023
-001,-023
-001,-023
-001,-023
-001,-023
-001,-023
-001,-023
-001,-023
-001,-023
-000,-023
-000,-023
-000,-023
-000,-023
-000,-023
-000,-023
-000,-023
-000,-023
-000,-023
-000,-023
-000,-023
-000,-023
-000,-023
-000,-023
-000,-023
-000,-023
-001,-023
-001,-023
-001,-023
-001,-023
-001,-023
-001,-023
-001,-023
-001,-023
-001,-023
-001,-023
-001,-023
-001,-023
-001,-023
-001,-023
-001,-023
-001,-023
-001,-023
-001,-023
-001,-023
-001,-023
-001,-023
-001,-023
-001,-023
-001,-023
-001,-023
-001,-023
-001,-023
-001,-023
-001,-023
-001,-023
-001,-023
-001,-023
-001,-023
-001,-023
-001,-023
-001,-023
-001,-023
-001,-023
-001,-023
-001,-023
-001,-023
-001,-023
-001,-023
-001,-023
-001,-023
-001,-023
-001,-023
-001,-023
-001,-023
-001,-023
-001,-023
-001,-023
-001,-023
-001,-023
-001,-022
-001,-022
-002,-022
-002,-022
-002,-022
-002,-022
-002,-022
-002,-022
-002,-021
-002,-021
-002,-021
-002,-021
-002,-021
-002,-021
-002,-021
-002,-021
-002,-021
-002,-021
-002,-021
-005,-021
-005,-020
-005,-020
-005,-020
-005,-020
-005,-020
-005,-020
-005,-020
-005,-020
-005,-020
-005,-020
-005,-020
-005,-020
-005,-020
-005,-020
-005,-020
-005,-020
-005,-020
-005,-020
-005,-020
-005,-020
-005,-019
-005,-019
-005,-019
-005,-019
-005,-019
-005,-019
-005,-019
-005,-019
-005,-019
-005,-019
-005,-019
-005,-019
-005,-019
-005,-019
-005,-019
-005,-019
-005,-019
-005,-019
-005,-019
-005,-019
-005,-019
-005,-019
-005,-019
-005,-019
-005,-019
-005,-019
-005,-019
-005,-019
-005,-019
-005,-019
-005,-019
-005,-019
-005,-019
-005,-019
-005,-019
-005,-019
-005,-019
-005,-019
-005,-019
-005,-019
-005,-019
-005,-019
-005,-019
-005,-019
-005,-019
-005,-019
-005,-019
-005,-019
-004,-022
-004,-022
-004,-022
-004,-022
-004,-022
-004,-022
-003,-022
-003,-022
-003,-022
-003,-022
-003,-022
-003,-022
-003,-022
-003,-022
-003,-022
-003,-022
-003,-022
-003,-022
-003,-022
-003,-022
-002,-022
-002,-022
-002,-022
-002,-022
-002,-022
-002,-022
-002,-022
-002,-022
-002,-022
-002,-022
-002,-022
-002,-022
-002,-022
-002,-022
-002,-022
-002,-022
-002,-022
-002,-022
-002,-022
-002,-022
-002,-022
-002,-022
-002,-022
-002,-022
-002,-022
-002,-022
-002,-022
-002,-022
-002,-022
-002,-022
-002,-022
-002,-022
-005,-022
-004,-022
-004,-022
-004,-022
-004,-022
-004,-022
-004,-022
-004,-022
-004,-022
-004,-022
-004,-022
-004,-022
-004,-022
-004,-022
-004,-022
-004,-022
-004,-022
-004,-022
-004,-022
-004,-022
-007,-022
-007,-022
-007,-022
-007,-022
-007,-022
-007,-022
-007,-022
-007,-022
-007,-022
-007,-022
-007,-022
-007,-022
-007,-022
-007,-022
-007,-022
-007,-022
-007,-022
-007,-022
-007,-022
-007,-022
-007,-022
-007,-022
-007,-022
-007,-022
-007,-022
-007,-022
-007,-022
-007,-022
-007,-022
-007,-022
-007,-022
-007,-022
-007,-022
-007,-022
-007,-022
-007,-022
-007,-022
-007,-022
-007,-022
-007,-022
-007,-022
-007,-022
-007,-022
-007,-022
-007,-022
-007,-022
-007,-022
-007,-022
-007,-022
-007,-022
-007,-022
-007,-022
-007,-022
-007,-022
-007,-022
-007,-022
-007,-021
-007,-021
-007,-021
-007,-021
-007,-021
-007,-021
-007,-021
-007,-021
-007,-021
-007,-021
-007,-021
-007,-021
-007,-021
-007,-021
-007,-021
-007,-021
-007,-021
-007,-021
-007,-021
-007,-021
-007,-021
-007,-021
-007,-021
-007,-021
-007,-021
-007,-021
-007,-021
-007,-021
-007,-021
-007,-021
-007,-021
-007,-021
-007,-021
-007,-021
-007,-021
-007,-021
-007,-021
-007,-021
-007,-021
-007,-021
-007,-021
-007,-021
-007,-021
-007,-021
-007,-021
-007,-021
-007,-021
-007,-021
-007,-021
-006,-021
-006,-021
-006,-021
-006,-021
-006,-021
-006,-021
-006,-021
-005,-021
-005,-021
-005,-021
-005,-024
-005,-024
-005,-024
-005,-024
-005,-024
-005,-024
-004,-024
-004,-024
-004,-024
-004,-024
-004,-024
-004,-024
-004,-024
-004,-024
-004,-024
-004,-024
-004,-024
-004,-024
-004,-024
-004,-024
-004,-024
-004,-024
-004,-024
-004,-024
-004,-024
-004,-024
-004,-024
-004,-024
-004,-024
-004,-024
-004,-024
-004,-024
-004,-024
-004,-024
-004,-024
-004,-024
-004,-024
-004,-024
-004,-024
-004,-024
-004,-024
-004,-024
-004,-024
-004,-024
-004,-024
-004,-024
-004,-024
-004,-024
-004,-024
-004,-024
-004,-024
-004,-024
-004,-024
-004,-024
-004,-024
-007,-024
-006,-024
-006,-024
-006,-024
-006,-024
-006,-024
-006,-024
-006,-024
-006,-024
-006,-024
-006,-024
-006,-024
-006,-024
-006,-024
-006,-024
-006,-024
-006,-024
-006,-024
-006,-024
-006,-024
-006,-024
-006,-024
-009,-024
COP Area(S): 000565
COP Area(R): 001368