+000,-000
+000,-001
+001,-003
+002,-004
+002,-004
+002,-004
+002,-004
+002,-005
+002,-005
+002,-005
+002,-005
+002,-006
+002,-006
+002,-006
+002,-007
+002,-007
+002,-007
+002,-007
+002,-007
+000,-007
+000,-007
+000,-007
+000,-007
+000,-007
+000,-007
+000,-007
+000,-007
+000,-008
+000,-008
+000,-008
+000,-008
+000,-009
+000,-009
+000,-009
+000,-009
+000,-009
+000,-010
+000,-010
+000,-010
+000,-010
+000,-010
+000,-011
+000,-011
+000,-011
+000,-011
+000,-011
+000,-011
+002,-012
+002,-013
+002,-013
+002,-013
+002,-013
+002,-013
+002,-013
+002,-013
+002,-013
+002,-013
+002,-014
+002,-014
+002,-014
+002,-014
+002,-014
+002,-014
+002,-014
+002,-014
+002,-014
+002,-014
+002,-014
+002,-015
+002,-015
+002,-015
+000,-015
+000,-015
+000,-015
+000,-015
+002,-015
+002,-015
+002,-015
+002,-015
+004,-015
+004,-015
+004,-015
+006,-015
+006,-015
+006,-015
+006,-015
+008,-012
+008,-013
+008,-013
+008,-013
+008,-013
+008,-013
+010,-013
+010,-013
+010,-013
+010,-013
+010,-010
+010,-011
+010,-011
+010,-011
+010,-011
+010,-011
+010,-011
+010,-011
+010,-011
+008,-011
+008,-008
+008,-008
+006,-008
+006,-008
+006,-008
+006,-008
+006,-008
+006,-008
+004,-008
+004,-008
+004,-008
+004,-008
+002,-005
+002,-005
+002,-005
+002,-005
+002,-005
+002,-005
+000,-005
+000,-005
+000,-005
+000,-005
+000,-005
+000,-005
+000,-005
+002,-005
+002,-005
+002,-002
+002,-003
+002,-003
+002,-003
+002,-003
+004,-003
+004,-003
+004,-003
+004,-003
+004,-003
+004,-003
+004,-003
+006,-003
+006,-003
+006,-003
+006,-003
+006,-003
+006,-003
+006,-003
+006,-003
+006,-003
+006,-003
+006,-003
+006,-000
+006,-000
+008,-001
+008,-001
+008,-001
+008,-001
+008,-001
+008,-001
+008,-001
+008,-001
+008,-001
+008,-001
+008,-001
+008,-001
+008,-001
+008,-001
+008,-001
+008,-001
+008,-001
+008,-001
+008,-001
+008,-001
+008,-001
+008,-001
+008,-001
+008,-001
+008,-001
+008,-001
+008,-001
+008,-001
+008,-001
+010,-001
+010,-001
+010,-001
+010,-001
+010,-001
+010,-001
+010,-001
+010,-001
+010,-002
+010,-002
+010,-002
+010,-002
+010,-002
+010,-003
+010,-003
+010,-003
+010,-003
+010,-004
+010,-004
+010,-004
+010,-005
+010,-005
+010,-005
+010,-005
+010,-005
+010,-005
+010,-005
+010,-005
+010,-005
+010,-006
+010,-006
+010,-006
+010,-006
+010,-006
+010,-006
+010,-006
+010,-006
+010,-007
+010,-007
+010,-007
+010,-007
+010,-007
+010,-008
+010,-008
+010,-008
+010,-008
+010,-008
+010,-008
+010,-008
+010,-008
+010,-008
+010,-008
+010,-008
+010,-008
+010,-008
+010,-008
+010,-008
+010,-008
+010,-008
+010,-008
+010,-008
+010,-008
+010,-008
+010,-008
+010,-008
+010,-008
+008,-008
+008,-008
+008,-008
+006,-008
+006,-008
+006,-008
+004,-008
+004,-008
+004,-008
+002,-008
+002,-008
+002,-008
+002,-008
+002,-008
+002,-008
+002,-008
+000,-008
+000,-008
+000,-008
+000,-008
+002,-008
+002,-009
+002,-009
+002,-009
+002,-009
+002,-009
+002,-009
+002,-009
+002,-009
+002,-010
+002,-010
+002,-010
+002,-010
+002,-010
+002,-010
+002,-010
+002,-010
+002,-010
+002,-010
+002,-011
+002,-011
+002,-011
+002,-011
+002,-011
+002,-011
+002,-011
+002,-011
+002,-011
+002,-011
+002,-011
+002,-011
+002,-011
+002,-011
+002,-011
+002,-008
+002,-008
+000,-008
+000,-008
+000,-008
+000,-008
+000,-008
+000,-008
+000,-008
+000,-008
+000,-008
+000,-008
+000,-008
+000,-008
+002,-008
+002,-008
+002,-008
+002,-008
+002,-008
+002,-008
+002,-008
+002,-008
+002,-008
+002,-008
+000,-008
+000,-008
+000,-008
+000,-008
+000,-008
+000,-008
+000,-008
+000,-008
+000,-005
+000,-006
+000,-006
+000,-006
+000,-006
+000,-006
+000,-006
+000,-006
+000,-006
+000,-006
+000,-003
+000,-004
+000,-004
+000,-004
+000,-004
+000,-004
+000,-004
+000,-004
+002,-004
+002,-004
+002,-004
+002,-004
+002,-004
+002,-004
+002,-004
+002,-004
+002,-004
+002,-004
+002,-004
+002,-004
+002,-001
+002,-001
+002,-002
+002,-002
+002,-002
+002,-002
+002,-002
+002,-002
+002,-002
+002,-002
+002,-002
+002,-002
+002,-002
+002,-002
+002,-002
+002,-002
+002,-002
+002,-002
+002,-002
+002,-002
+002,-002
+002,-002
+002,-002
+002,-002
+002,-002
+002,-002
+002,-002
+002,-002
+002,-002
+002,-002
+002,-002
+002,-002
+002,-002
+002,-002
+002,-002
+002,-002
+002,-002
+002,-002
+002,-002
+002,-002
+002,-002
+000,-002
+000,-002
+000,-002
+000,-002
+000,-002
+000,-002
+000,-002
+000,-002
+000,-002
+000,-002
+000,-002
+000,-002
+000,-002
+000,-002
+002,-002
+002,-002
+002,-001
+002,-000
+002,-000
+002,-000
+002,-000
+004,-000
+004,-000
+004,-000
+004,-000
+004,-000
+004,-000
+006,-000
+006,-000
+006,-000
+006,-000
+006,-000
+006,-000
+006,-000
+006,-000
+006,-000
+006,-000
+006,-000
+006,-000
+006,-000
+006,-000
+006,-000
+006,-000
+006,-000
+006,-000
+006,-000
+006,-000
+006,-000
+006,-000
+006,-000
+006,-000
+006,-000
+006,-000
+006,-000
+006,-000
+006,-000
+006,-000
+006,-000
+006,-000
+006,-000
+006,-000
+006,-000
+006,-000
+006,-000
+006,-000
+006,-000
+006,-000
+006,-000
+006,-000
+006,-003
+006,-003
+006,-002
+006,-002
+006,-002
+006,-002
+006,-002
+006,-002
+006,-002
+006,-002
+006,-002
+006,-002
+006,-002
+006,-002
+006,-002
+006,-002
+006,-002
+006,-002
+006,-002
+006,-001
+006,-001
+006,-001
+006,-001
+006,-001
+006,-000
+006,-000
+006,-000
+006,-000
+006,-000
+006,-000
+006,-000
+006,-000
+006,-000
+006,-000
+006,-000
+006,-000
+006,-000
+006,-000
+006,-000
+008,-000
+008,-000
+008,-000
+008,-000
+008,-000
+008,-000
+008,-000
+008,-000
+010,-000
+010,-000
+010,-000
+010,-000
+010,-000
+010,-000
+010,-000
+010,-003
+010,-002
+010,-002
+010,-002
+010,-002
+010,-002
+010,-002
+010,-002
+010,-002
+010,-002
+010,-002
+010,-002
+010,-002
+010,-002
+010,-001
+010,-001
+010,-001
+010,-001
+010,-001
+010,-001
+010,-001
+010,-001
+010,-001
+010,-001
+010,-001
+010,-001
+010,-001
+008,-001
+008,-001
+008,-001
+008,-001
+008,-001
+008,-001
+008,-001
+008,-000
+008,-000
+008,-000
+008,-000
+006,-000
+006,-000
+006,-000
+006,-001
+006,-001
+006,-001
+006,-001
+006,-001
+006,-001
+004,-001
+004,-001
+004,-001
+004,-001
+004,-001
+004,-001
+004,-001
+002,-001
+002,-001
+002,-001
+002,-001
+000,-001
+000,-001
+000,-001
+000,-001
+000,-001
+000,-001
+002,-001
+002,-001
+002,-001
+002,-001
+002,-001
+002,-001
+002,-001
+002,-001
+002,-001
+004,-001
+004,-001
+004,-001
+004,-001
+004,-001
+004,-001
+004,-001
+004,-001
+004,-001
+004,-001
+004,-001
+004,-001
+004,-001
+004,-001
+004,-001
+004,-001
+004,-001
+004,-001
+004,-001
+004,-001
+004,-001
+006,-001
+006,-001
+006,-001
+006,-001
+006,-001
+006,-001
+006,-001
+006,-001
+006,-001
+006,-001
+006,-001
+006,-001
+006,-001
+006,-001
+006,-001
+006,-001
+006,-001
+006,-001
+006,-001
+006,-001
+006,-001
+006,-001
+006,-001
+006,-001
+006,-001
+006,-001
+006,-001
+006,-001
+006,-001
+006,-001
+006,-001
+006,-002
+006,-002
+006,-002
+006,-002
+006,-002
+006,-002
+006,-002
+006,-002
+006,-002
+006,-002
+006,-002
+004,-002
+004,-002
+004,-002
+004,-002
+004,-002
+004,-002
+002,-002
+002,-002
+002,-002
+002,-002
+000,-002
+000,-002
+000,-002
+000,-002
+000,-002
+000,-002
+002,-002
+002,-002
+002,-003
+002,-003
+002,-003
+004,-003
+004,-003
+004,-003
+004,-003
+004,-003
+004,-003
+004,-003
+004,-004
+004,-004
+004,-004
+004,-004
+004,-004
+004,-004
+004,-004
+004,-004
+004,-004
+004,-004
+004,-004
+004,-004
+004,-004
+004,-004
+004,-004
+004,-004
+004,-005
+004,-005
+004,-005
+004,-005
+004,-005
+004,-006
+004,-006
+004,-006
+004,-006
+004,-006
+004,-006
+004,-006
+004,-006
+004,-006
+004,-006
+004,-006
+004,-006
+004,-006
+004,-006
+004,-006
+004,-006
+004,-006
+004,-006
+004,-006
+002,-006
+002,-006
+002,-006
+002,-006
+002,-006
+002,-006
+002,-006
+002,-006
+002,-006
+002,-006
+002,-006
+002,-006
+002,-006
+002,-006
+002,-006
+002,-006
+002,-006
+002,-006
+002,-006
+002,-003
+002,-003
+002,-003
+002,-003
+000,-003
+000,-003
+000,-003
+000,-003
+000,-003
+000,-003
+000,-003
+000,-003
+002,-003
+002,-003
+002,-003
+002,-003
+002,-003
+002,-000
+002,-000
+002,-000
+002,-000
+004,-000
+004,-000
+004,-000
+004,-000
+004,-000
+004,-000
+004,-000
+004,-000
+004,-000
+004,-000
+004,-000
+004,-000
+004,-000
+004,-000
+004,-000
+004,-000
+004,-000
+004,-000
+004,-000
+004,-000
+004,-000
+004,-000
+004,-000
+004,-000
+004,-000
+004,-000
+004,-000
+004,-000
+004,-000
+004,-000
+006,-000
+006,-000
+006,-000
+006,-000
+006,-000
+006,-000
+006,-000
+006,-000
+006,-000
+006,-000
+006,-000
+006,-000
+006,-000
+006,-000
+006,-000
+006,-000
+006,-000
+006,-000
+006,-000
+006,-000
+006,-000
+006,-000
+006,-000
+006,-000
+006,-000
+008,-000
+008,-000
+008,-000
+008,-000
+008,-000
+008,-000
+008,-000
+008,-000
+008,-000
+008,-000
+008,-000
+008,-000
+008,-000
+008,-000
+008,-000
+008,-000
+008,-000
+006,-000
+006,-000
+006,-000
+006,-000
+006,-000
+006,-000
+006,-000
+006,-000
+006,-000
+006,-000
+004,-000
+004,-000
+004,-000
+004,-000
+004,-000
+004,-000
+004,-000
+002,-000
+002,-000
+002,-000
+002,-000
+002,-000
+002,-000
+000,-000
+000,-000
+000,-000
+000,-000
+000,-000
+000,-000
+002,-000
+002,-000
+002,-000
+002,-000
+002,-000
+004,-000
+004,-000
+004,-000
+004,-000
+004,-000
+004,-000
+006,-000
+006,-000
+006,-000
+006,-000
+006,-000
+006,-000
+006,-000
+006,-000
+006,-000
+006,-001
+008,-001
+008,-001
+008,-001
+008,-001
+008,-001
+008,-001
+008,-001
+008,-001
+008,-001
+008,-001
+008,-001
+008,-001
+008,-002
+008,-002
+008,-002
+008,-002
+008,-002
+008,-002
+008,-002
+008,-003
+008,-003
+008,-003
+008,-003
+008,-003
+010,-003
+010,-003
+010,-003
+010,-003
+010,-003
+010,-004
+010,-004
+010,-004
+010,-004
+010,-004
+010,-004
+010,-004
+010,-004
+010,-004
+010,-004
+010,-004
+010,-004
+008,-004
+008,-001
+008,-001
+008,-001
+008,-001
+008,-001
+008,-001
+008,-001
+008,-001
+006,-001
+006,-001
+006,-001
+006,-001
+006,-001
+004,-001
+004,-001
+004,-001
+004,-001
+004,-001
+004,-001
+004,-001
+004,-001
+004,-001
+004,-001
+002,-001
+002,-001
+002,-001
+002,-001
+002,-001
+002,-001
+002,-001
+002,-002
+002,-002
+002,-002
+002,-003
+002,-003
+002,-003
+000,-003
+000,-004
+000,-004
+000,-004
+000,-005
+000,-005
+000,-005
+000,-006
+000,-006
+000,-006
+000,-007
+000,-008
+000,-008
+000,-009
+000,-009
+000,-009
+000,-009
+000,-010
+000,-011
+000,-011
+002,-011
+002,-012
+002,-012
+002,-012
+002,-012
+002,-012
+000,-013
+000,-013
+000,-013
+000,-014
+000,-014
+000,-014
+000,-014
+000,-014
+000,-014
+000,-014
+000,-015
+000,-015
+000,-015
+000,-015
+000,-016
+000,-017
+000,-017
+000,-017
+000,-018
+000,-018
+000,-018
+000,-019
+000,-019
+000,-019
+000,-020
+000,-020
+000,-021
+000,-021
+000,-022
+000,-022
+000,-022
+000,-023
+000,-023
+000,-023
+000,-023
+000,-024
+000,-024
+000,-024
+000,-024
+000,-024
+000,-024
+000,-025
+000,-025
+000,-025
+000,-025
+000,-025
+000,-025
+000,-025
+000,-025
+000,-025
+000,-025
+000,-025
+000,-025
+000,-025
+000,-025
+000,-025
+000,-025
+000,-025
+000,-025
+000,-025
+000,-025
+000,-025
+000,-025
+000,-025
+000,-025
+000,-025
+000,-022
+000,-022
+000,-022
+000,-022
+000,-022
+000,-022
+000,-022
+000,-022
+000,-019
+000,-019
+000,-019
+000,-019
+000,-019
+000,-019
+000,-016
+000,-017
+000,-017
+000,-017
+000,-014
+000,-014
+002,-014
+002,-014
+002,-014
+002,-014
+002,-011
+002,-011
+002,-011
+004,-011
+004,-011
+004,-008
+004,-008
+004,-008
+004,-008
+004,-005
+004,-005
+004,-005
+004,-005
+004,-005
+004,-005
+004,-005
+004,-005
+006,-005
+006,-002
+006,-002
+006,-002
+006,-002
+006,-002
+006,-002
+006,-002
+006,-002
+006,-002
+008,-002
+008,-002
+008,-002
+008,-002
+008,-002
+008,-002
+008,-002
+008,-002
+008,-002
+008,-002
+008,-002
+008,-002
+010,-002
+010,-002
+010,-002
+010,-002
+010,-002
+010,-002
+010,-002
+010,-002
+010,-002
+010,-002
+010,-002
+010,-002
+010,-002
+010,-001
+010,-000
+010,-000
+010,-000
+010,-000
+010,-000
+010,-000
+010,-000
+010,-000
+010,-000
+010,-000
+010,-000
+010,-000
+010,-000
+010,-000
+010,-000
+010,-000
+010,-000
+010,-000
+010,-000
+010,-000
+010,-003
+010,-003
+010,-003
+010,-003
+010,-003
+010,-003
+010,-003
+010,-003
+010,-003
+010,-003
+010,-003
+010,-003
+010,-003
+010,-006
+010,-006
+010,-005
+010,-005
+010,-005
+010,-005
+010,-005
+010,-005
+010,-005
+010,-005
+010,-005
+010,-005
+010,-005
+010,-005
+010,-005
+010,-005
+010,-005
+010,-005
+010,-005
+010,-005
+012,-005
+012,-005
+012,-005
+012,-005
+012,-005
+012,-005
+012,-004
+012,-004
+012,-004
+012,-003
+012,-003
+012,-003
+012,-002
+012,-002
+012,-002
+014,-001
+014,-001
+014,-001
+014,-000
+014,-000
+014,-000
+014,-001
+014,-001
+014,-001
+014,-002
+014,-002
+014,-002
+014,-002
+014,-003
+014,-003
+014,-003
+014,-004
+014,-005
+014,-005
+014,-005
+014,-006
+014,-006
+014,-006
+014,-006
+014,-007
+014,-007
+014,-007
+014,-007
+014,-007
+014,-007
+014,-007
+012,-007
+012,-007
+012,-007
+012,-008
+010,-008
+010,-008
+010,-008
+010,-008
+010,-008
+010,-008
+010,-008
+010,-008
+010,-008
+008,-008
+008,-008
+008,-008
+008,-008
+006,-008
+006,-005
+006,-005
+004,-005
+004,-005
+004,-005
+004,-006
+004,-006
+002,-006
+002,-006
+002,-006
+002,-006
+002,-006
+002,-006
+002,-006
+002,-006
+002,-006
+002,-006
+000,-006
+000,-006
+000,-006
+000,-006
+000,-006
+000,-006
+000,-006
+000,-006
+000,-006
+000,-006
+000,-006
+000,-006
+002,-006
+002,-006
+002,-006
+002,-006
+002,-006
+002,-006
+002,-007
+002,-007
+002,-007
+002,-007
+002,-007
+004,-007
+004,-007
+004,-007
+004,-007
+004,-007
+004,-007
+004,-007
+004,-007
+004,-007
+004,-007
+004,-007
+004,-007
+004,-007
+004,-007
+004,-007
+004,-007
+004,-007
+004,-007
+004,-007
+004,-007
+004,-007
+004,-007
+004,-007
+004,-007
+004,-007
+004,-007
+004,-007
+004,-007
+004,-007
+004,-007
+004,-007
+004,-007
+004,-007
+004,-007
+004,-007
+004,-007
+006,-007
+006,-007
+006,-007
+006,-007
+006,-007
+006,-007
+008,-007
+008,-007
+008,-007
+008,-007
+010,-007
+010,-007
+010,-007
+010,-004
+010,-004
+010,-005
+010,-005
+010,-005
+010,-005
+010,-005
+010,-005
+010,-005
+010,-005
+010,-005
+010,-005
+010,-005
+010,-005
+010,-005
+010,-005
+010,-005
+010,-005
+010,-005
+010,-005
+010,-005
+010,-005
+010,-005
+010,-005
+010,-005
+010,-005
+008,-002
+008,-002
+008,-002
+008,-002
+008,-002
+008,-002
+008,-002
+008,-002
+008,-002
+008,-002
+006,-002
+006,-002
+006,-002
+006,-002
+006,-002
+006,-002
+004,-002
+004,-002
+004,-002
+004,-003
+004,-003
+004,-003
+004,-003
+004,-003
+004,-003
+004,-003
+002,-003
+002,-003
+002,-003
+002,-003
+002,-003
+002,-003
+002,-003
+002,-003
+002,-003
+002,-003
+002,-003
+002,-003
+002,-004
+002,-004
+002,-004
+002,-004
+002,-004
+002,-004
+002,-004
+002,-004
+002,-004
+002,-004
+002,-004
+002,-004
+002,-005
+002,-005
+002,-005
+000,-005
+000,-005
+000,-005
+000,-005
+000,-005
+000,-005
+000,-005
+000,-005
+000,-005
+002,-005
+002,-005
+002,-005
+002,-005
+002,-005
+002,-005
+002,-005
+002,-005
+002,-005
+002,-005
+002,-005
+004,-005
+004,-005
+004,-005
+004,-005
+004,-005
+004,-005
+004,-005
+004,-005
+004,-006
+004,-006
+007,-007
+007,-007
+007,-007
+007,-007
+007,-008
+007,-008
+007,-008
+007,-008
+007,-008
+007,-008
+007,-008
+007,-008
+007,-008
+007,-009
+007,-009
+007,-009
+007,-009
+007,-009
+005,-010
+005,-010
+005,-010
+005,-010
+005,-010
+005,-010
+005,-010
+003,-010
+003,-010
+003,-010
+003,-010
+003,-010
+003,-010
+003,-010
+003,-010
+003,-010
+003,-010
+001,-010
+001,-010
+001,-010
+001,-010
+001,-010
+001,-010
+001,-010
+001,-010
+001,-010
+001,-010
+001,-010
+001,-010
+001,-010
+003,-010
+003,-010
+003,-010
+003,-010
+003,-010
+003,-010
+003,-010
+003,-010
+003,-010
+003,-010
+003,-010
+003,-010
+003,-010
+003,-010
+003,-010
+003,-010
+003,-010
+003,-010
+003,-010
+003,-010
+003,-010
+003,-010
+003,-010
+003,-010
+003,-010
+003,-010
+003,-010
+003,-010
+003,-010
+003,-010
+003,-010
+003,-010
+003,-010
+003,-010
+003,-010
+003,-010
+003,-010
+003,-010
+003,-010
+003,-010
+003,-010
+003,-010
+003,-010
+003,-010
+003,-010
+003,-010
+003,-010
+003,-010
+003,-010
+003,-010
+003,-010
+003,-010
+001,-010
+001,-010
+001,-010
+001,-010
+001,-010
+001,-010
+001,-010
+001,-010
+001,-010
+001,-010
+001,-010
+001,-010
+001,-010
+001,-010
+001,-010
+001,-010
+001,-010
+003,-010
+003,-010
+003,-010
+003,-010
+003,-010
+003,-010
+003,-010
+003,-010
+003,-010
+003,-010
+003,-010
+003,-010
+003,-010
+003,-010
+003,-010
+003,-010
+003,-010
+003,-010
+003,-010
+003,-010
+003,-010
+003,-010
+003,-010
+005,-010
+005,-007
+005,-007
+005,-007
+005,-007
+005,-007
+005,-007
+005,-007
+005,-007
+005,-007
+005,-007
+005,-007
+005,-007
+005,-007
+005,-007
+005,-007
+005,-007
+007,-007
+007,-007
+007,-007
+007,-007
+007,-007
+007,-007
+007,-007
+007,-007
+007,-007
+007,-007
+007,-007
+007,-007
+007,-007
+007,-007
+007,-007
+007,-007
+007,-007
+007,-007
+007,-007
+007,-007
+007,-007
+007,-007
+007,-007
+007,-007
+007,-007
+007,-007
+007,-007
+007,-007
+007,-004
+007,-004
+007,-005
+007,-005
+007,-005
+007,-005
+007,-005
+007,-005
+007,-005
+007,-005
+005,-005
+005,-005
+005,-005
+005,-005
+005,-005
+005,-005
+005,-005
+005,-005
+005,-005
+003,-005
+003,-002
+003,-002
+003,-002
+001,-002
+001,-002
+001,-002
+001,-002
+001,-002
+001,-002
+001,-002
+001,-001
+003,-001
+003,-001
+003,-001
+003,-001
+005,-001
+005,-001
+005,-001
+005,-001
+005,-001
+007,-001
+007,-001
+007,-001
+007,-001
+007,-001
+007,-001
+007,-001
+009,-001
+009,-004
+009,-003
+009,-003
+009,-003
+009,-003
+009,-003
+011,-003
+011,-003
+011,-003
+011,-003
+011,-002
+011,-002
+011,-002
+011,-002
+011,-002
+011,-002
+011,-002
+011,-002
+011,-002
+011,-002
+011,-002
+011,-002
+011,-002
+011,-001
+011,-001
+011,-001
+011,-001
+011,-001
+013,-001
+013,-001
+013,-000
+013,-000
+013,-000
+013,-000
+013,-000
+013,-000
+013,-000
+013,-000
+013,-000
+013,-000
+011,-000
+011,-000
+011,-000
+011,-000
+011,-000
+009,-000
+009,-000
+009,-000
+009,-000
+007,-000
+007,-000
+005,-000
+005,-000
+005,-000
+005,-000
+003,-003
+003,-003
+003,-002
+003,-002
+001,-002
+001,-002
+001,-002
+001,-002
+001,-002
+001,-001
+001,-001
+001,-001
+001,-001
+001,-001
+001,-001
+001,-000
+001,-000
+001,-000
+003,-001
+003,-001
+003,-001
+003,-002
+003,-002
+003,-002
+003,-003
+003,-003
+003,-003
+003,-003
+003,-004
+003,-004
+003,-004
+003,-004
+003,-005
+003,-005
+003,-005
+003,-006
+003,-006
+003,-006
+003,-006
+003,-006
+003,-006
+003,-007
+003,-007
+003,-007
+003,-007
+005,-008
+005,-009
+005,-009
+005,-009
+005,-009
+005,-009
+005,-009
+005,-010
+005,-010
+005,-010
+005,-010
+005,-010
+005,-010
+005,-010
+005,-010
+005,-010
+003,-010
+003,-011
+003,-011
+003,-011
+003,-011
+003,-011
+001,-011
+001,-011
+001,-011
+001,-011
+001,-011
+001,-011
+001,-011
+001,-011
+001,-011
+001,-011
+003,-011
+003,-011
+003,-011
+003,-011
+003,-011
+003,-011
+003,-011
+005,-011
+005,-011
+005,-011
+005,-011
+005,-011
+005,-011
+005,-011
+007,-011
+007,-011
+007,-011
+007,-011
+007,-008
+007,-009
+007,-009
+007,-009
+009,-009
+009,-009
+009,-009
+009,-009
+009,-009
+009,-009
+009,-009
+009,-009
+009,-009
+009,-009
+009,-009
+009,-009
+009,-009
+009,-009
+009,-009
+009,-009
+009,-009
+009,-009
+009,-006
+009,-006
+009,-007
+009,-007
+009,-007
+009,-007
+009,-007
+009,-007
+009,-007
+009,-007
+009,-007
+009,-007
+009,-007
+009,-007
+009,-007
+009,-007
+009,-007
+009,-007
+009,-007
+009,-007
+009,-007
+009,-007
+009,-007
+009,-007
+009,-007
+009,-007
+009,-007
+009,-004
+009,-005
+007,-005
+007,-005
+007,-005
+007,-005
+007,-005
+007,-005
+007,-005
+007,-005
+007,-005
+007,-005
+007,-005
+007,-005
+007,-005
+007,-006
+007,-006
+007,-006
+007,-006
+007,-006
+007,-006
+007,-006
+007,-006
+009,-006
+009,-006
+009,-006
+009,-006
+009,-006
+009,-006
+009,-006
+009,-006
+009,-006
+009,-006
+009,-006
+007,-006
+007,-006
+007,-006
+007,-006
+007,-006
+007,-006
+007,-006
+005,-006
+005,-006
+005,-006
+005,-006
+005,-006
+005,-006
+005,-006
+005,-006
+005,-006
+005,-006
+005,-006
+003,-006
+003,-006
+003,-006
+003,-006
+003,-006
+003,-006
+003,-006
+003,-006
+003,-006
+003,-006
+001,-006
+001,-006
+001,-006
+001,-006
+001,-006
+001,-006
+001,-006
+001,-006
+001,-006
+001,-006
+001,-006
+001,-006
+001,-006
+001,-006
+001,-006
+001,-006
+001,-006
+001,-006
+001,-006
+001,-006
+001,-006
+001,-006
+001,-006
+001,-006
+001,-006
+001,-006
+001,-006
+001,-006
+001,-006
+001,-006
+001,-006
+001,-006
+001,-006
+001,-006
+001,-006
+001,-006
+001,-006
+001,-006
+001,-006
+001,-006
+001,-006
+001,-006
+001,-006
+001,-006
+001,-006
+001,-006
+001,-006
+001,-006
+001,-006
+001,-006
+001,-006
+001,-006
+001,-006
+001,-006
+001,-006
+001,-006
+001,-007
+001,-007
+001,-007
+001,-007
+001,-007
+001,-007
+001,-007
+001,-007
+001,-007
+001,-007
+001,-007
+001,-007
+001,-007
+001,-007
+001,-007
+001,-007
+001,-007
+001,-007
+001,-007
+001,-008
+001,-008
+001,-008
+003,-008
+003,-008
+003,-008
+003,-008
+003,-008
+003,-008
+003,-008
+005,-008
+005,-008
+005,-008
+005,-008
+005,-008
+005,-008
+005,-008
+005,-008
+005,-008
+005,-008
+007,-008
+007,-008
+007,-008
+007,-008
+007,-008
+007,-008
+007,-008
+007,-008
+007,-008
+007,-008
+007,-008
+007,-008
+007,-008
+007,-008
+007,-008
+007,-008
+007,-008
+007,-008
+007,-008
+007,-008
+007,-005
+007,-006
+007,-006
+007,-006
+007,-006
+007,-006
+007,-006
+007,-006
+007,-006
+007,-006
+007,-006
+007,-006
+007,-003
+007,-003
+007,-003
+007,-003
+007,-003
+007,-003
+007,-003
+007,-003
+007,-003
+007,-003
+005,-003
+005,-003
+005,-003
+005,-003
+005,-000
+005,-000
+005,-000
+003,-000
+003,-000
+003,-000
+003,-000
+003,-000
+003,-000
+003,-000
+003,-000
+001,-000
+001,-000
+001,-000
+001,-000
+001,-000
+001,-000
+001,-000
+001,-000
+001,-000
+001,-000
+001,-000
+001,-000
+003,-000
+003,-000
+003,-000
+003,-000
+003,-000
+003,-000
+003,-000
+003,-000
+003,-000
+005,-000
+005,-000
+005,-000
+005,-000
+005,-000
+005,-000
+005,-000
+005,-000
+005,-000
+005,-000
+005,-000
+005,-000
+005,-000
+005,-000
+005,-000
+003,-000
+003,-000
+003,-000
+003,-000
+003,-000
+003,-000
+003,-000
+003,-000
+003,-000
+001,-000
+001,-000
+001,-000
+001,-000
+001,-000
+001,-000
+001,-000
+001,-000
+001,-000
+001,-000
+001,-000
+001,-000
+001,-000
+001,-000
+001,-000
+001,-000
+001,-000
+001,-000
+001,-000
+001,-000
+001,-000
+003,-000
+003,-000
+003,-000
+003,-000
+003,-000
+003,-000
+003,-000
+003,-000
+003,-000
+001,-000
+001,-000
+001,-000
+001,-000
+001,-000
+001,-000
+001,-000
+001,-000
+001,-000
+001,-001
+001,-001
+001,-001
+001,-001
+001,-001
+001,-001
+001,-001
+001,-002
+001,-002
+001,-002
+001,-002
+001,-002
+001,-002
+001,-002
+001,-002
+001,-002
+001,-002
+001,-002
+001,-002
+001,-002
+001,-002
+001,-002
+001,-002
+001,-002
+001,-002
+001,-002
+001,-002
+001,-002
+001,-002
+001,-002
+001,-002
+001,-002
+001,-002
+001,-002
+001,-002
+001,-002
+001,-002
+001,-002
+001,-002
+001,-002
+001,-002
+001,-002
+001,-002
+001,-002
+001,-002
+001,-002
+001,-002
+001,-002
+001,-002
+001,-002
+001,-002
+001,-002
+001,-002
+001,-002
+001,-002
+001,-002
+001,-002
+001,-002
+001,-002
+001,-002
+001,-002
+001,-002
+001,-002
+001,-002
+001,-002
+001,-002
+001,-002
+001,-002
+001,-002
+001,-002
+001,-002
+001,-002
+001,-002
+001,-002
+001,-002
+001,-002
+001,-002
+001,-002
+001,-001
+001,-001
+001,-001
+001,-001
+001,-001
+001,-001
+001,-001
+001,-001
+001,-001
+001,-001
+001,-001
+001,-001
+001,-001
+001,-001
+001,-001
+001,-001
+001,-001
+001,-001
+001,-001
+001,-001
+001,-001
+001,-001
+001,-001
+001,-001
+001,-004
+001,-003
+001,-003
+001,-003
+001,-003
+001,-003
+001,-003
+001,-003
+001,-003
+001,-003
+001,-003
+001,-003
+001,-003
+001,-003
+001,-003
+001,-003
+001,-003
+001,-003
+001,-003
+001,-003
+001,-003
+001,-003
+001,-003
+001,-003
+001,-003
+001,-003
+001,-003
+001,-003
+001,-003
+001,-003
+001,-003
+001,-003
+001,-003
+001,-003
+001,-003
+003,-003
+003,-003
+003,-003
+003,-003
+003,-003
+003,-003
+003,-003
+003,-002
+003,-002
+003,-002
+003,-001
+003,-001
+005,-001
+005,-001
+005,-000
+005,-000
+005,-000
+005,-000
+005,-000
+007,-001
+007,-001
+007,-001
+007,-001
+007,-002
+007,-002
+007,-003
+009,-003
+009,-004
+009,-004
+009,-005
+009,-006
+009,-006
+009,-006
+009,-006
+009,-006
+009,-007
+009,-007
+011,-008
+011,-008
+011,-008
+011,-009
+011,-009
+011,-010
+011,-010
+011,-011
+011,-011
+011,-011
+011,-011
+011,-012
+011,-012
+011,-013
+011,-013
+011,-014
+011,-015
+011,-015
+011,-015
+011,-015
+011,-015
+011,-015
+011,-015
+011,-015
+011,-015
+011,-015
+011,-015
+011,-016
+011,-016
+011,-016
+011,-016
+011,-016
+011,-016
+011,-016
+011,-016
+011,-016
+011,-016
+011,-016
+011,-016
+011,-016
+011,-016
+011,-016
+011,-016
+011,-016
+011,-016
+011,-016
+011,-016
+011,-016
+009,-016
+009,-016
+009,-016
+009,-016
+009,-016
+009,-016
+009,-016
+009,-016
+007,-016
+007,-016
+007,-016
+007,-016
+007,-013
+005,-013
+005,-013
+005,-014
+005,-014
+005,-014
+003,-014
+003,-014
+003,-014
+003,-014
+003,-014
+003,-014
+003,-014
+003,-014
+003,-014
+003,-014
+003,-014
+003,-014
+003,-014
+003,-014
+003,-014
+001,-014
+001,-014
+001,-014
+001,-014
+001,-014
+001,-014
+001,-014
+001,-014
+001,-014
+001,-014
+001,-014
+001,-014
+001,-014
+001,-014
+001,-014
+001,-014
+001,-014
+001,-014
+001,-014
+001,-014
+001,-014
+001,-014
+001,-014
+001,-014
+001,-014
+001,-014
+001,-014
+001,-014
+001,-014
+001,-014
+001,-014
+001,-014
+001,-014
+001,-014
+001,-014
+001,-014
+001,-015
+001,-015
+001,-015
+001,-015
+001,-015
+001,-016
+001,-016
+001,-016
+001,-016
+001,-016
+001,-017
+001,-017
+001,-017
+001,-018
+001,-018
+001,-018
+001,-018
+001,-018
+001,-018
+001,-018
+001,-018
+001,-018
+001,-018
+001,-018
+001,-018
+001,-018
+001,-018
+001,-018
+001,-018
+001,-018
+001,-018
+001,-018
+001,-018
+001,-015
+001,-015
+001,-015
+001,-015
+001,-015
+001,-015
+001,-015
+001,-015
+001,-015
+001,-015
+001,-015
+001,-015
+001,-015
+001,-012
+001,-012
+001,-012
+001,-012
+001,-012
+001,-012
+001,-012
+001,-012
+003,-012
+003,-012
+003,-012
+003,-012
+003,-009
+003,-010
+003,-010
+003,-010
+003,-010
+003,-010
+003,-010
+003,-010
+003,-010
+003,-010
+003,-010
+003,-010
+003,-010
+003,-007
+003,-007
+003,-007
+003,-007
+003,-007
+003,-007
+003,-007
+003,-007
+003,-007
+003,-007
+003,-007
+003,-007
+003,-007
+003,-007
+003,-007
+003,-007
+003,-007
+003,-007
+003,-007
+003,-007
+003,-004
+003,-004
+003,-004
+003,-004
+003,-004
+003,-004
+003,-004
+003,-004
+003,-004
+003,-004
+003,-004
+003,-004
+003,-004
+001,-004
+001,-004
+001,-004
+001,-004
+001,-004
+001,-004
+001,-004
+001,-004
+001,-004
+001,-004
+001,-004
+003,-004
+003,-006
+003,-006
+003,-006
+003,-006
+003,-006
+003,-006
+003,-006
+003,-006
+003,-006
+003,-006
+003,-006
+003,-006
+003,-006
+003,-007
+003,-007
+003,-007
+003,-007
+003,-008
+003,-008
+003,-008
+003,-008
+003,-008
+003,-008
+003,-009
+003,-009
+003,-009
+003,-009
+003,-009
+003,-009
+003,-009
+003,-010
+003,-010
+003,-010
+003,-010
+003,-010
+003,-010
+003,-011
+003,-011
+003,-011
+003,-011
+003,-011
+003,-012
+003,-012
+001,-013
+001,-013
+001,-013
+001,-014
+001,-014
+001,-014
+001,-014
+001,-014
+001,-014
+001,-014
+001,-014
+001,-014
+001,-014
+001,-014
+001,-014
+001,-014
+001,-015
+001,-015
+001,-015
+001,-015
+001,-015
+001,-015
+001,-015
+001,-015
+001,-015
+001,-015
+001,-015
+001,-015
+001,-015
+001,-015
+001,-015
+001,-015
+001,-015
+001,-015
+001,-015
+001,-015
+001,-015
+001,-015
+001,-015
+001,-015
+001,-015
+001,-015
+001,-015
+001,-015
+001,-015
+001,-015
+001,-015
+001,-015
+001,-015
+001,-015
+001,-015
+001,-015
+001,-015
+001,-015
+001,-015
+001,-015
+001,-015
+001,-015
+001,-015
+001,-015
+001,-012
+001,-012
+001,-012
+001,-012
+001,-012
+001,-012
+001,-012
+001,-012
+001,-012
+001,-012
+001,-012
+001,-012
+001,-012
+001,-012
+001,-012
+001,-012
+001,-012
+001,-012
+001,-009
+001,-009
+001,-009
+001,-009
+003,-009
+003,-009
+003,-009
+003,-009
+003,-009
+003,-009
+003,-009
+003,-009
+003,-009
+003,-009
+003,-009
+003,-009
+003,-009
+003,-009
+003,-009
+003,-009
+003,-006
+003,-006
+003,-006
+003,-006
+003,-006
+003,-006
+003,-006
+003,-006
+003,-006
+003,-006
+003,-006
+003,-006
+003,-006
+003,-006
+005,-006
+005,-006
+005,-006
+005,-006
+005,-006
+005,-006
+005,-006
+005,-006
+005,-006
+005,-006
+005,-006
+005,-006
+005,-006
+005,-006
+005,-006
+005,-006
+005,-006
+005,-006
+005,-006
+005,-006
+005,-003
+005,-003
+005,-003
+005,-003
+005,-003
+005,-003
+005,-003
+005,-003
+005,-003
+005,-003
+005,-003
+005,-003
+005,-003
+005,-003
+005,-003
+005,-003
+005,-003
+005,-003
+005,-003
+005,-003
+005,-003
+005,-003
+005,-003
+005,-003
+005,-003
+003,-003
+003,-003
+003,-000
+003,-001
+003,-001
+003,-001
+003,-001
+003,-001
+003,-001
+003,-001
+003,-001
+003,-001
+003,-001
+003,-001
+003,-001
+003,-001
+001,-001
+001,-001
+001,-001
+001,-001
+001,-001
+001,-001
+001,-001
+001,-001
+001,-001
+001,-002
+001,-001
+001,-001
+001,-001
+001,-001
+003,-000
+003,-000
+003,-000
+003,-001
+003,-001
+003,-001
+003,-001
+003,-001
+003,-001
+003,-001
+005,-001
+005,-002
+005,-002
+005,-002
+005,-002
+005,-002
+005,-002
+005,-002
+005,-002
+005,-002
+005,-002
+005,-002
+005,-002
+005,-003
+005,-003
+005,-003
+005,-003
+005,-004
+005,-004
+005,-004
+005,-005
+005,-005
+005,-006
+005,-006
+005,-006
+005,-006
+005,-007
+005,-008
+005,-008
+005,-008
+005,-009
+005,-009
+005,-010
+005,-010
+005,-010
+005,-011
+005,-011
+005,-011
+005,-011
+005,-011
+005,-011
+005,-011
+005,-011
+005,-011
+005,-012
+005,-012
+005,-012
+005,-012
+005,-012
+005,-012
+005,-012
+005,-012
+005,-012
+005,-012
+005,-012
+005,-012
+005,-012
+005,-012
+005,-012
+005,-012
+005,-012
+005,-012
+005,-012
+005,-012
+005,-012
+005,-012
+005,-012
+005,-013
+005,-013
+003,-013
+003,-013
+003,-013
+003,-013
+003,-013
+003,-013
+003,-013
+003,-014
+003,-014
+003,-014
+003,-014
+003,-014
+003,-014
+001,-014
+001,-014
+001,-014
+001,-014
+001,-014
+001,-014
+001,-014
+001,-014
+001,-014
+001,-014
+001,-014
+001,-014
+001,-011
+001,-011
+001,-011
+001,-011
+001,-011
+001,-011
+001,-011
+001,-011
+001,-011
+001,-011
+001,-011
+001,-008
+001,-008
+001,-008
+001,-008
+001,-008
+001,-008
+001,-008
+001,-008
+001,-008
+001,-008
+001,-008
+001,-005
+001,-005
+001,-005
+001,-005
+001,-005
+001,-005
+001,-005
+001,-005
+001,-002
+001,-002
+001,-002
+001,-002
+001,-002
+001,-002
+001,-002
+001,-002
+001,-001
+001,-001
+001,-001
+001,-001
+003,-001
+003,-001
+003,-001
+003,-001
+003,-001
+003,-001
+003,-001
+003,-001
+003,-001
+003,-001
+003,-001
+003,-001
+003,-001
+003,-001
+003,-001
+003,-001
+003,-001
+003,-001
+003,-001
+003,-001
+003,-001
+003,-001
+003,-001
+003,-001
+003,-001
+003,-001
+003,-001
+001,-001
+001,-001
+001,-001
+001,-001
+001,-001
+001,-001
+001,-001
+001,-001
+001,-001
+001,-001
+001,-001
+001,-001
+001,-001
+001,-001
+001,-000
+001,-000
+001,-000
+001,-000
+001,-001
+001,-001
+001,-001
+003,-001
+003,-002
+003,-002
+005,-004
+005,-005
+005,-005
+005,-005
+005,-005
+005,-005
+007,-005
+007,-006
+007,-006
+007,-006
+007,-007
+007,-007
+009,-007
+009,-008
+009,-008
+009,-008
+009,-008
+009,-009
+009,-009
+009,-009
+009,-009
+009,-009
+009,-009
+009,-010
+009,-010
+009,-010
+009,-010
+009,-010
+011,-010
+011,-010
+011,-010
+011,-010
+011,-010
+011,-010
+011,-011
+011,-011
+011,-011
+011,-012
+011,-012
+011,-012
+011,-012
+011,-012
+011,-012
+009,-013
+009,-013
+009,-013
+009,-013
+009,-013
+009,-013
+009,-013
+009,-013
+009,-013
+009,-013
+009,-013
+009,-013
+009,-013
+009,-013
+007,-014
+007,-014
+007,-014
+007,-014
+007,-014
+007,-014
+007,-014
+007,-014
+007,-014
+007,-014
+007,-014
+007,-014
+007,-014
+007,-014
+007,-014
+007,-014
+007,-014
+007,-014
+007,-014
+007,-014
+007,-014
+007,-014
+007,-014
+007,-014
+007,-014
+007,-014
+007,-014
+007,-014
+007,-014
+007,-014
+007,-014
+007,-014
+007,-014
+007,-014
+007,-014
+007,-014
+007,-014
+007,-014
+007,-014
+005,-011
+005,-012
+005,-012
+005,-012
+005,-012
+005,-012
+005,-012
+005,-012
+003,-012
+003,-012
+003,-012
+003,-012
+003,-012
+003,-012
+001,-012
+001,-012
+001,-012
+001,-012
+001,-012
+001,-012
+001,-012
+001,-012
+001,-012
+001,-012
+003,-012
+003,-012
+003,-012
+003,-012
+003,-012
+003,-012
+003,-012
+003,-012
+003,-012
+003,-012
+003,-012
+003,-012
+003,-012
+003,-012
+003,-012
+001,-012
+001,-012
+001,-012
+001,-012
+001,-012
+001,-012
+001,-012
+001,-012
+001,-013
+001,-013
+001,-013
+001,-013
+001,-013
+001,-013
+001,-013
+001,-014
+001,-014
+001,-014
+001,-014
+001,-014
+001,-014
+001,-014
+001,-014
+001,-014
+001,-014
+001,-015
+001,-015
+003,-015
+003,-015
+003,-015
+003,-015
+003,-015
+003,-015
+003,-015
+003,-015
+003,-015
+003,-015
+003,-015
+003,-015
+003,-015
+003,-015
+003,-015
+003,-015
+003,-015
+003,-015
+003,-015
+003,-015
+003,-015
+003,-015
+003,-012
+003,-012
+003,-012
+003,-012
+003,-012
+003,-012
+003,-012
+003,-012
+003,-012
+003,-012
+003,-012
+003,-012
+003,-012
+003,-012
+003,-012
+003,-012
+003,-012
+003,-012
+005,-012
+005,-012
+005,-012
+005,-012
+005,-012
+005,-012
+005,-012
+005,-012
+005,-012
+005,-012
+005,-012
+005,-012
+005,-012
+005,-012
+005,-012
+005,-012
+005,-009
+005,-009
+005,-009
+005,-009
+005,-009
+005,-009
+005,-009
+005,-009
+005,-009
+005,-009
+005,-009
+005,-009
+005,-009
+005,-009
+005,-009
+005,-009
+003,-009
+003,-009
+003,-009
+003,-009
+003,-009
+003,-009
+003,-009
+003,-009
+003,-009
+003,-009
+003,-009
+003,-009
+003,-009
+003,-009
+003,-009
+003,-009
+003,-009
+003,-009
+003,-009
+001,-009
+001,-009
+001,-009
+001,-009
+001,-009
+001,-009
+001,-009
+001,-009
+001,-009
+001,-009
+001,-009
+001,-009
+001,-009
+001,-009
+001,-009
+001,-009
+001,-009
+001,-009
+001,-009
+001,-009
+001,-009
+001,-009
+001,-009
+001,-009
+001,-009
+001,-009
+001,-009
+001,-009
+001,-009
+001,-009
+001,-009
+003,-009
+003,-009
+003,-009
+003,-009
+003,-009
+003,-009
+003,-009
+003,-006
+003,-006
+003,-006
+005,-007
+005,-007
+005,-007
+005,-007
+005,-007
+005,-007
+005,-007
+005,-007
+005,-007
+005,-007
+005,-007
+005,-007
+005,-007
+005,-007
+005,-007
+005,-007
+005,-007
+005,-007
+005,-007
+005,-007
+005,-007
+005,-007
+005,-007
+005,-007
+005,-007
+005,-007
+005,-007
+005,-007
+005,-007
+005,-007
+005,-007
+005,-007
+005,-007
+005,-007
+005,-007
+005,-007
+005,-007
+005,-007
+005,-007
+005,-007
+005,-007
+005,-007
+005,-007
+005,-007
+005,-007
+005,-007
+005,-007
+005,-007
+003,-007
+003,-007
+003,-007
+003,-007
+003,-007
+003,-007
+003,-007
+003,-007
+003,-007
+003,-007
+001,-007
+001,-007
+001,-007
+001,-007
+001,-007
+001,-007
+001,-007
+001,-007
+001,-007
+001,-007
+001,-007
+001,-007
+001,-007
+001,-004
+001,-004
+001,-004
+001,-004
+001,-004
+001,-004
+001,-004
+001,-004
+001,-004
+001,-004
+001,-001
+001,-001
+001,-002
+001,-002
+001,-002
+001,-002
+001,-002
+001,-002
+001,-002
+001,-002
+001,-002
+001,-002
+001,-002
+001,-002
+001,-002
+001,-002
+001,-002
+001,-002
+001,-002
+001,-002
+001,-002
+001,-002
+001,-002
+001,-002
+001,-002
+001,-002
+001,-002
+001,-002
+001,-002
+001,-002
+001,-002
+003,-002
+003,-002
+003,-002
+003,-002
+003,-002
+003,-002
+003,-003
+003,-003
+003,-003
+003,-004
+005,-004
+005,-004
+005,-004
+005,-004
+005,-005
+005,-005
+005,-005
+005,-005
+005,-005
+005,-005
+005,-005
+005,-005
+005,-005
+005,-005
+005,-006
+005,-006
+005,-006
+003,-006
+003,-007
+003,-007
+003,-007
+003,-007
+003,-007
+003,-007
+003,-007
+003,-007
+003,-008
+003,-008
+003,-008
+003,-008
+003,-009
+003,-009
+003,-009
+003,-009
+001,-010
+001,-010
+001,-010
+001,-010
+001,-011
+001,-011
+001,-011
+001,-013
+001,-013
+001,-013
+001,-013
+001,-013
+001,-013
+001,-013
+001,-014
+001,-014
+001,-014
+001,-014
+001,-014
+001,-015
+001,-015
+001,-015
+001,-015
+001,-015
+001,-015
+001,-015
+001,-015
+001,-015
+001,-015
+001,-016
+001,-016
+001,-016
+001,-016
+001,-016
+001,-016
+001,-016
+001,-016
+001,-016
+001,-016
+001,-016
+001,-016
+001,-016
+003,-013
+003,-014
+003,-014
+003,-014
+003,-014
+003,-014
+003,-014
+003,-014
+003,-014
+003,-011
+003,-011
+003,-011
+003,-011
+003,-011
+003,-011
+003,-011
+003,-011
+003,-011
+003,-011
+003,-011
+003,-011
+003,-011
+003,-011
+003,-011
+003,-008
+003,-008
+003,-008
+003,-008
+003,-008
+003,-008
+003,-008
+003,-008
+003,-008
+005,-008
+005,-008
+005,-008
+005,-008
+005,-005
+005,-006
+005,-006
+005,-006
+005,-006
+005,-006
+005,-006
+005,-006
+005,-006
+005,-006
+005,-006
+003,-006
+003,-003
+003,-003
+003,-003
+003,-003
+003,-003
+003,-003
+003,-003
+003,-003
+003,-003
+003,-003
+003,-003
+003,-003
+003,-003
+003,-003
+003,-003
+003,-003
+003,-003
+003,-003
+003,-003
+003,-003
+003,-003
+003,-003
+003,-003
+003,-003
+003,-003
+003,-003
+003,-003
+005,-003
+005,-003
+005,-003
+005,-003
+005,-003
+005,-003
+005,-004
+005,-004
+005,-004
+005,-004
+005,-004
+005,-004
+005,-004
+005,-004
+005,-004
+005,-004
+005,-004
+005,-004
+005,-004
+005,-004
+005,-005
+005,-005
+005,-005
+005,-005
+005,-005
+005,-005
+005,-005
+005,-005
+005,-006
+005,-006
+005,-006
+005,-006
+003,-006
+003,-006
+003,-006
+003,-007
+003,-007
+003,-007
+003,-007
+003,-007
+003,-007
+003,-007
+003,-007
+003,-007
+003,-007
+003,-007
+001,-007
+001,-007
+001,-007
+001,-008
+001,-008
+001,-008
+001,-008
+001,-008
+001,-009
+001,-009
+001,-009
+001,-009
+001,-010
+001,-010
+001,-010
+001,-010
+001,-011
+001,-011
+001,-011
+001,-011
+001,-012
+001,-012
+001,-012
+001,-012
+001,-012
+001,-012
+001,-012
+001,-012
+001,-012
+001,-012
+001,-012
+003,-012
+003,-012
+003,-012
+003,-012
+003,-012
+003,-012
+003,-012
+003,-012
+003,-012
+003,-012
+003,-012
+003,-012
+003,-012
+003,-012
+003,-012
+003,-012
+003,-012
+003,-012
+003,-012
+003,-012
+003,-012
+003,-012
+003,-012
+003,-012
+003,-012
+003,-012
+003,-012
+003,-012
+003,-012
+003,-012
+003,-012
+003,-013
+003,-013
+003,-013
+003,-013
+003,-013
+003,-013
+003,-013
+003,-013
+003,-013
+003,-013
+003,-013
+003,-013
+003,-013
+003,-013
+003,-013
+003,-013
+003,-013
+003,-013
+003,-013
+003,-013
+003,-013
+003,-013
+003,-013
+003,-013
+003,-013
+003,-013
+001,-010
+001,-011
+001,-011
+001,-011
+001,-011
+001,-011
+001,-011
+001,-008
+001,-009
+001,-009
+001,-009
+001,-009
+001,-009
+001,-009
+001,-009
+001,-009
+001,-005
+001,-005
+001,-005
+001,-005
+001,-005
+003,-005
+003,-005
+003,-005
+003,-005
+003,-005
+003,-005
+003,-005
+003,-005
+003,-005
+003,-005
+003,-005
+003,-005
+003,-005
+003,-005
+003,-005
+003,-002
+003,-002
+003,-002
+003,-002
+003,-002
+003,-002
+003,-002
+003,-002
+003,-002
+003,-002
+003,-002
+003,-002
+003,-002
+003,-002
+003,-002
+003,-002
+003,-002
+003,-002
+003,-002
+003,-002
+003,-002
+003,-002
+003,-002
+003,-002
+003,-002
+003,-003
+003,-003
+003,-003
+003,-003
+003,-003
+003,-003
+003,-003
+003,-004
+003,-004
+003,-004
+003,-004
+003,-004
+003,-004
+003,-004
+003,-004
+003,-004
+003,-004
+003,-005
+003,-005
+003,-005
+003,-005
+001,-005
+001,-005
+001,-005
+001,-005
+001,-005
+001,-005
+001,-005
+001,-005
+001,-005
+001,-005
+001,-005
+001,-005
+001,-005
+001,-005
+001,-005
+001,-005
+001,-005
+001,-005
+001,-005
+001,-005
+001,-005
+001,-005
+001,-005
+001,-005
+001,-005
+001,-005
+001,-005
+001,-005
+001,-005
+003,-005
+003,-005
+003,-005
+003,-005
+003,-006
+003,-006
+003,-006
+003,-006
+003,-006
+003,-006
+003,-006
+003,-006
+003,-006
+003,-006
+003,-006
+003,-006
+003,-006
+005,-006
+005,-006
+005,-006
+005,-006
+005,-006
+005,-006
+005,-006
+005,-006
+005,-006
+005,-006
+005,-006
+005,-006
+005,-006
+005,-006
+005,-006
+005,-006
+005,-006
+005,-006
+005,-006
+005,-006
+005,-006
+005,-006
+005,-006
+005,-006
+005,-006
+005,-006
+005,-003
+005,-003
+005,-003
+005,-003
+005,-003
+005,-003
+005,-003
+003,-003
+003,-003
+003,-003
+003,-003
+003,-003
+003,-003
+003,-000
+003,-000
+003,-000
+003,-000
+003,-000
+003,-000
+003,-000
+003,-000
+003,-000
+003,-000
+003,-000
+003,-000
+003,-000
+001,-000
+001,-000
+001,-000
+001,-003
+001,-003
+001,-002
+001,-002
+001,-002
+001,-002
+001,-002
+001,-002
+001,-002
+001,-002
+001,-002
+001,-002
+001,-002
+001,-002
+001,-002
+001,-002
+001,-002
+001,-002
+001,-002
+001,-002
+001,-002
+001,-002
+001,-002
+001,-002
+001,-002
+001,-002
+001,-002
+001,-002
+001,-002
+001,-002
+001,-002
+003,-002
+003,-002
+003,-002
+003,-002
+003,-002
+003,-002
+003,-002
+003,-002
+003,-002
+003,-002
+003,-002
+003,-002
+003,-002
+003,-002
+003,-002
+003,-002
+005,-002
+005,-002
+005,-002
+005,-002
+005,-002
+005,-002
+005,-002
+005,-002
+005,-002
+005,-002
+005,-002
+005,-002
+005,-002
+005,-001
+005,-001
+005,-001
+005,-001
+005,-001
+005,-001
+005,-001
+005,-001
+005,-000
+005,-000
+005,-000
+005,-000
+005,-001
+007,-001
+007,-001
+007,-001
+007,-002
+007,-002
+007,-002
+007,-002
+007,-002
+007,-002
+007,-003
+007,-003
+007,-003
+007,-003
+007,-003
+007,-003
+007,-003
+007,-004
COP Area(S): 000104
COP Area(R): 000180