+000,+000
+000,+000
+000,+000
+000,+000
+000,+000
+000,+000
+000,+000
+000,+000
+000,+000
+000,+000
+000,+000
+000,+000
+000,+000
+000,+000
+000,+000
+000,+000
+000,+000
+000,+002
+000,+002
+000,+002
+000,+002
+000,+002
+000,+002
+000,+002
+000,+002
+000,+002
+000,+002
+000,+002
+000,+002
+000,+002
+000,+002
+000,+002
+000,+002
+000,+002
+000,+002
+000,+002
+000,+002
+000,+002
+000,+002
+000,+002
+000,+002
+000,+002
+000,+002
+000,+002
+000,+002
+000,+002
+000,+000
+000,+000
+000,+000
+000,+000
+000,+000
+000,+000
+000,+000
+000,+000
+000,+000
+000,+002
+000,+002
+000,+002
+000,+002
+000,+002
+000,+002
+000,+002
+000,+002
+000,+002
+000,+002
+000,+002
+000,+002
+000,+002
+000,+002
+000,+002
+000,+002
+000,+002
+000,+002
+000,+002
+000,+002
+000,+002
+000,+002
+000,+002
+000,+002
+000,+002
+000,+002
+000,+002
+000,+002
+000,+002
+000,+002
+000,+002
+000,+002
+000,+004
+000,+004
+000,+004
+000,+004
+000,+004
+000,+004
+000,+004
+000,+004
+000,+004
+000,+004
+000,+004
+000,+004
+000,+004
+000,+004
+000,+004
+000,+004
+000,+004
+000,+004
+000,+004
+000,+004
+000,+004
+000,+004
+000,+004
+000,+004
+000,+004
+000,+004
+000,+004
+000,+004
+000,+004
+000,+004
+000,+004
+000,+004
+000,+004
+000,+004
+000,+004
+000,+004
+000,+004
+000,+004
+000,+004
+002,+004
+002,+004
+002,+004
+004,+006
+002,+006
+002,+006
+004,+006
+004,+006
+004,+006
+004,+006
+004,+006
+004,+006
+004,+006
+004,+006
+004,+006
+004,+006
+004,+006
+004,+006
+004,+006
+004,+006
+004,+006
+004,+006
+004,+006
+004,+006
+004,+006
+004,+006
+004,+006
+004,+006
+004,+006
+004,+006
+004,+006
+004,+006
+004,+006
+004,+006
+004,+006
+004,+006
+004,+006
+006,+006
+006,+006
+006,+006
+006,+006
+006,+006
+006,+006
+006,+006
+006,+006
+006,+006
+006,+006
+006,+006
+006,+006
+006,+006
+006,+006
+006,+006
+006,+006
+006,+006
+008,+006
+008,+006
+008,+006
+008,+006
+008,+006
+008,+006
+008,+006
+008,+006
+008,+006
+008,+006
+008,+006
+008,+006
+008,+006
+008,+006
+008,+006
+008,+006
+008,+006
+008,+006
+008,+006
+008,+006
+008,+006
+008,+006
+008,+006
+008,+006
+008,+006
+008,+006
+008,+006
+008,+006
+008,+006
+008,+006
+008,+006
+008,+006
+008,+006
+008,+006
+008,+006
+008,+006
+008,+006
+008,+006
+008,+006
+008,+006
+008,+006
+008,+006
+008,+006
+008,+006
+008,+006
+008,+006
+008,+006
+008,+006
+008,+006
+008,+006
+008,+006
+008,+006
+008,+006
+008,+006
+008,+006
+008,+006
+008,+006
+008,+006
+008,+006
+008,+006
+008,+006
+008,+006
+008,+006
+008,+006
+008,+006
+008,+006
+008,+006
+008,+006
+008,+006
+008,+006
+008,+006
+008,+006
+008,+008
+008,+008
+008,+008
+008,+008
+008,+008
+008,+008
+008,+008
+008,+008
+008,+008
+008,+008
+008,+008
+008,+008
+008,+008
+009,+008
+009,+008
+009,+008
+009,+008
+009,+008
+009,+008
+009,+008
-010,+008
-010,+008
-010,+008
-010,+008
-010,+008
-010,+008
-010,+008
-011,+008
-011,+008
-011,+008
-011,+008
-011,+008
-011,+008
-011,+008
-011,+008
-011,+008
-011,+008
-012,+008
-012,+008
-012,+008
-012,+008
-012,+008
-013,+008
-013,+008
-013,+008
-014,+008
-014,+008
-014,+008
-014,+008
-014,+008
-015,+008
-015,+008
-016,+008
-016,+008
-016,+008
-016,+008
-016,+008
-017,+008
-017,+008
-017,+008
-017,+008
-017,+008
-017,+008
-017,+008
-017,+008
-017,+008
-017,+008
-017,+008
-017,+008
-017,+008
-017,+008
-017,+008
-017,+008
-017,+010
-017,+010
-017,+010
-017,+010
-017,+010
-017,+010
-017,+010
-014,+010
-014,+010
-014,+010
-014,+010
-014,+010
-014,+010
-014,+010
-014,+010
-014,+010
-014,+012
-014,+012
-014,+012
-014,+012
-014,+012
-014,+012
-014,+012
-014,+012
-014,+012
-014,+012
-014,+012
-014,+012
-014,+012
-014,+012
-014,+012
-014,+012
-014,+012
-014,+012
-014,+012
-014,+012
-014,+012
-014,+012
-011,+012
-011,+012
-011,+012
-011,+012
-011,+012
-011,+012
-011,+012
-011,+012
-011,+012
-011,+012
-011,+012
-011,+012
-011,+012
-011,+012
-011,+012
-011,+012
-011,+012
-011,+012
-011,+012
-011,+012
-011,+012
-012,+012
-012,+012
-012,+012
-012,+012
-012,+012
-013,+012
-013,+012
-013,+012
-013,+014
-013,+014
-013,+014
-014,+014
-014,+014
-014,+014
-014,+014
-014,+014
-014,+014
-014,+014
-014,+014
-015,+014
-015,+014
-015,+014
-015,+014
-015,+014
-015,+014
-015,+014
-015,+014
-015,+014
-015,+014
-016,+014
-016,+014
-016,+014
-017,+014
-017,+014
-017,+014
-017,+014
-017,+014
-017,+014
-017,+014
-017,+014
-017,+014
-017,+014
-017,+014
-017,+014
-017,+014
-017,+014
-017,+014
-017,+014
-017,+014
-017,+014
-017,+014
-017,+014
-017,+014
-017,+014
-017,+014
-017,+014
-017,+014
-017,+014
-017,+014
-017,+014
-017,+014
-017,+014
-017,+014
-014,+014
-014,+014
-014,+014
-014,+014
-014,+014
-014,+014
-014,+014
-014,+014
-014,+014
-014,+014
-014,+014
-014,+014
-014,+014
-014,+014
-014,+016
-014,+016
-014,+016
-014,+016
-014,+016
-011,+016
-011,+016
-011,+016
-011,+016
-011,+016
-011,+016
-011,+016
-011,+016
-011,+016
-011,+016
-011,+016
-011,+016
-011,+016
-011,+014
-011,+014
-011,+014
-011,+014
+009,+014
+009,+014
+009,+014
+009,+014
+009,+014
+009,+014
+009,+014
+009,+014
+009,+014
+009,+014
+009,+014
+009,+014
+009,+014
-010,+014
-010,+014
-010,+014
-010,+014
-010,+014
-010,+014
-010,+014
-011,+014
-011,+014
-011,+014
-011,+014
-011,+014
-011,+014
-011,+014
-011,+014
-011,+014
-011,+014
-011,+014
-011,+014
-011,+014
-011,+014
-011,+014
-011,+014
-011,+014
-011,+014
-011,+014
-011,+014
-011,+014
-011,+014
-011,+014
-011,+014
-011,+014
-011,+014
+009,+014
+009,+014
+009,+014
+009,+014
+009,+014
+009,+014
+009,+014
+009,+014
+009,+014
+009,+014
+009,+014
+009,+014
+009,+014
+009,+014
+009,+014
+009,+014
+009,+014
+009,+014
+009,+014
+009,+014
+009,+014
+009,+014
+009,+014
+009,+012
+009,+012
+007,+012
+007,+012
+007,+012
+007,+012
+007,+012
+007,+012
+007,+012
+007,+012
+007,+012
+007,+012
+007,+012
+007,+012
+007,+012
+007,+012
+007,+012
+007,+012
+007,+012
+007,+012
+007,+012
+007,+012
+007,+010
+007,+010
+007,+010
+007,+010
+007,+010
+007,+010
+007,+010
+007,+010
+007,+010
+007,+010
+007,+010
+007,+010
+007,+010
+005,+010
+005,+010
+005,+010
+005,+010
+005,+010
+005,+010
+005,+008
+005,+008
+005,+008
+005,+008
+005,+008
+005,+008
+005,+008
+005,+008
+005,+008
+005,+008
+005,+008
+005,+008
+005,+008
+005,+008
+005,+008
+005,+008
+003,+008
+001,+004
+001,+004
+001,+004
+001,+004
+001,+004
+001,+004
+001,+004
+001,+004
+001,+004
+001,+004
+001,+004
+001,+004
+001,+004
+001,+004
+001,+004
+001,+004
+001,+004
+001,+004
+001,+004
+001,+004
+001,+004
+001,+004
+001,+004
+001,+004
+001,+004
+001,+004
+001,+004
+001,+004
+001,+004
+001,+004
+001,+004
+001,+004
+001,+004
+001,+004
+001,+004
+001,+002
+001,+002
+001,+002
+001,+002
+001,+002
+001,+002
+001,+002
+001,+002
+001,+002
+001,+002
+001,+002
+001,+002
+001,+002
+001,+002
+001,+002
+001,+002
+001,+002
+001,+002
+001,+002
+003,+000
+003,+000
+003,+000
+003,+000
+003,+000
+003,+000
+003,+000
+003,+000
+003,+000
+003,+000
+003,+000
+003,+000
+003,+000
+003,+000
+003,+000
+003,+000
+003,+000
+003,+000
+003,+000
+005,+002
+005,+002
+005,+002
+005,+002
+005,+002
+005,+002
+005,+002
+005,+002
+005,+002
+007,+004
+007,+004
+007,+004
+007,+004
+007,+004
+007,+004
+007,+004
+007,+004
+007,+004
+007,+004
+007,+004
+007,+004
+007,+004
-010,+002
-010,+002
-010,+002
-010,+002
-011,+002
-011,+002
-011,+002
-011,+002
-011,+002
-011,+002
-011,+002
-012,+000
-012,+000
-012,+000
-012,+000
-012,+000
-013,+000
-013,+000
-013,+000
-013,+000
-013,+000
-014,+000
-014,+000
-014,+000
-014,+000
-014,+000
-014,+000
-014,+000
-014,+000
-015,+000
-015,+000
-015,+000
-015,+000
-015,+000
-015,+000
-015,+000
-015,+000
-015,+000
-015,+000
-015,+000
-015,+000
-015,+000
-015,+000
-015,+000
-015,+000
-015,+002
-015,+002
-015,+002
-015,+002
-015,+002
-015,+002
-015,+002
-015,+002
-015,+002
-015,+002
-015,+002
-015,+002
-015,+002
-015,+002
-015,+002
-015,+002
-015,+002
-015,+002
-015,+002
-015,+002
-012,+002
-012,+002
-012,+002
-012,+002
-012,+002
-012,+002
-012,+002
-012,+002
-012,+002
-012,+002
-012,+002
-012,+002
-012,+002
-012,+002
-012,+004
-012,+004
-012,+004
+009,+004
+009,+004
+009,+004
+009,+006
+009,+006
+009,+006
+009,+006
+009,+006
+009,+006
+009,+006
+009,+006
+009,+006
+009,+006
+009,+006
+009,+006
+009,+006
+009,+006
+009,+006
+009,+006
+009,+006
+009,+006
+009,+006
+009,+006
+009,+006
+009,+006
+009,+006
+009,+006
+009,+006
+009,+006
+009,+006
+009,+006
+009,+006
+009,+006
+009,+006
+009,+006
+009,+006
+009,+006
+009,+006
+009,+006
+009,+006
+009,+006
+009,+006
+009,+006
+009,+006
+009,+006
+009,+006
+009,+006
+009,+006
+009,+006
+009,+006
+009,+006
+009,+006
+009,+006
+009,+006
+009,+008
+009,+008
+009,+008
+009,+008
+009,+008
+009,+008
+009,+008
+009,+008
+009,+008
+009,+008
+009,+008
+009,+008
+009,+008
+009,+008
+009,+010
+009,+010
+009,+010
+009,+010
+009,+010
+009,+010
+009,+010
+009,+010
+009,+010
+009,+010
+009,+010
+009,+010
+009,+010
+009,+010
+009,+010
+009,+010
+007,+010
+007,+010
+007,+010
+007,+010
+007,+010
+007,+010
+007,+012
+007,+012
+007,+012
+007,+012
+007,+012
+005,+012
+005,+012
+005,+012
+005,+012
+005,+012
+005,+012
+005,+012
+005,+012
+005,+012
+005,+012
+005,+012
+005,+012
+005,+012
+005,+012
+005,+012
+005,+012
+003,+012
+003,+012
+003,+012
+003,+012
+003,+012
+003,+012
+003,+012
+003,+012
+003,+012
+003,+012
+003,+012
+003,+012
+003,+012
+003,+012
+003,+012
+003,+012
+003,+012
+003,+012
+003,+012
+003,+012
+003,+012
+003,+012
+003,+012
+003,+012
+003,+012
+003,+012
+003,+012
+003,+012
+003,+012
+003,+012
+003,+012
+003,+012
+003,+012
+003,+012
+003,+012
+003,+012
+003,+012
+003,+012
+003,+012
+003,+012
+003,+012
+005,+012
+005,+012
+005,+012
+005,+012
+005,+012
+005,+012
+005,+012
+005,+010
+005,+010
+005,+010
+005,+010
+005,+010
+005,+010
+005,+010
+005,+010
+005,+010
+005,+010
+005,+010
+005,+010
+007,+010
+007,+010
+007,+010
+007,+010
+007,+010
+007,+010
+007,+010
+007,+010
+007,+010
+007,+010
+007,+010
+007,+010
+007,+010
+007,+010
+007,+010
+007,+010
+007,+010
+007,+010
+007,+010
+007,+010
+007,+010
+007,+010
+007,+010
+007,+010
+007,+010
+007,+010
+007,+010
+007,+010
+007,+010
+007,+010
+007,+010
+007,+010
+007,+010
+007,+010
+007,+010
+007,+010
+007,+010
+007,+008
+007,+008
+007,+008
+007,+008
+007,+008
+007,+008
+007,+008
+007,+008
+007,+008
+007,+008
+007,+008
+007,+008
+007,+008
+007,+008
+007,+008
+007,+008
+007,+008
+007,+008
+007,+008
+007,+006
+007,+006
+007,+006
+007,+006
+007,+006
+007,+006
+007,+006
+007,+006
+007,+006
+005,+006
+005,+004
+005,+004
+005,+004
+003,+004
+003,+004
+003,+004
+003,+004
+003,+004
+003,+004
+003,+004
+003,+004
+003,+002
+003,+002
+003,+002
+003,+002
+003,+002
+003,+002
+003,+002
+003,+002
+003,+002
+003,+002
+003,+002
+003,+002
+003,+002
+003,+002
+003,+002
+003,+002
+003,+002
+003,+002
+003,+002
+003,+002
+001,+002
+001,+002
+001,+002
+001,+002
+001,+002
+001,+002
+001,+002
+001,+002
+001,+002
+001,+002
+001,+002
+001,+002
+001,+002
+001,+002
+001,+002
+001,+002
+001,+002
+001,+002
+001,+002
+001,+004
+001,+004
+001,+004
+001,+004
+001,+004
+001,+004
+001,+004
+001,+004
+001,+004
+001,+004
+001,+004
+001,+004
+001,+004
+003,+004
+003,+004
+003,+004
+003,+004
+003,+004
+003,+004
+003,+004
+003,+004
+003,+004
+003,+004
+003,+004
+003,+004
+003,+004
+003,+004
+003,+004
+003,+004
+003,+004
+003,+004
+003,+004
+003,+004
+003,+004
+003,+004
+003,+004
+003,+004
+003,+004
+003,+004
+003,+004
+003,+004
+003,+004
+003,+004
+003,+004
+003,+004
+003,+004
+003,+004
+003,+004
+003,+004
+003,+004
+003,+004
+003,+002
+003,+002
+003,+002
+003,+002
+003,+002
+003,+002
+003,+002
+003,+002
+003,+002
+003,+002
+003,+002
+003,+002
+003,+002
+003,+002
+003,+002
+003,+002
+003,+002
+003,+002
+003,+002
+003,+002
+001,+002
+001,+002
+001,+002
+001,+002
+001,+002
+001,+002
+001,+002
+001,+002
+001,+002
+001,+002
+001,+002
+001,+002
+001,+002
+001,+002
+001,+002
+001,+002
+001,+002
+001,+002
+001,+002
+001,+002
+001,+002
+001,+002
+001,+002
+001,+002
+001,+002
+001,+002
+001,+002
+001,+002
+001,+002
+001,+002
+001,+002
+001,+002
+001,+002
+001,+002
+001,+002
+001,+002
+001,+002
+001,+002
+001,+002
+001,+002
+001,+002
+001,+002
+001,+002
+003,+002
+003,+002
+003,+002
+003,+002
+003,+002
+003,+002
+003,+002
+003,+002
+003,+002
+003,+002
+003,+002
+003,+002
+003,+002
+003,+002
+003,+002
+003,+002
+003,+002
+003,+002
+003,+002
+003,+002
+003,+002
+003,+002
+003,+002
+003,+002
+003,+002
+003,+002
+003,+002
+003,+002
+003,+002
+003,+002
+003,+002
+003,+002
+003,+002
+003,+002
+003,+002
+003,+002
+003,+002
+003,+002
+003,+002
+003,+002
+003,+000
+003,+000
+003,+000
+003,+000
+003,+000
+003,+000
+003,+000
+003,+000
+003,+000
+003,+000
+003,+000
+003,+000
+003,+000
+003,+000
+003,+000
+003,+000
+003,+000
+003,+000
+003,+000
+003,+000
+003,+000
+003,+000
+001,+000
+001,+000
+001,+000
+001,+000
+001,+002
+001,+002
+001,+002
+001,+002
+001,+002
+001,+002
+001,+002
+001,+002
+001,+002
+001,+002
+001,+002
+001,+002
+001,+002
+001,+004
+001,+004
+001,+004
+001,+004
+001,+004
+003,+004
+003,+004
+003,+004
+003,+004
+003,+004
+003,+004
+003,+004
+003,+004
+003,+004
+003,+004
+003,+004
+003,+004
+003,+004
+003,+004
+003,+004
+003,+004
+003,+004
+003,+004
+003,+004
+003,+004
+003,+004
+003,+004
+003,+004
+003,+004
+003,+004
+003,+004
+003,+004
+003,+004
+003,+004
+003,+004
+003,+004
+003,+004
+003,+004
+003,+004
+003,+004
+003,+004
+003,+004
+003,+004
+003,+004
+003,+004
+003,+004
+003,+006
+003,+006
+003,+006
+003,+006
+003,+006
+003,+006
+003,+006
+003,+006
+003,+006
+003,+006
+003,+006
+003,+006
+003,+006
+003,+006
+003,+006
+003,+006
+003,+006
+003,+006
+003,+006
+003,+008
+003,+008
+003,+008
+003,+008
+003,+008
+003,+008
+003,+008
+003,+008
+003,+008
+003,+008
+003,+008
+003,+008
+003,+008
+003,+008
+003,+008
+003,+008
+003,+008
+003,+008
+003,+008
+003,+008
+003,+008
+003,+008
+003,+008
+003,+008
+003,+008
+003,+008
+003,+008
+003,+008
+003,+008
+003,+008
+003,+008
+003,+008
+003,+008
+003,+008
+003,+008
+003,+008
+003,+008
+003,+008
+003,+008
+003,+008
+003,+008
+003,+008
+003,+008
+003,+008
+003,+008
+003,+008
+001,+010
+001,+010
+001,+010
+001,+010
+001,+010
+001,+010
+001,+010
+001,+010
+001,+010
+001,+010
+001,+010
+001,+010
+001,+010
+001,+012
+001,+012
+001,+012
+001,+012
+001,+012
+001,+012
+001,+012
+001,+012
+001,+012
+001,+012
+001,+012
+001,+012
+001,+012
+001,+012
+001,+012
+001,+012
+001,+012
+001,+012
+001,+012
+001,+012
+001,+012
+003,+012
+003,+012
+003,+012
+003,+012
+003,+012
+003,+012
+003,+014
+003,+014
+003,+014
+003,+014
+003,+014
+003,+014
+003,+014
+003,+014
+003,+014
+003,+014
+003,+014
+003,+014
+003,+014
+003,+014
+003,+014
+003,+014
+003,+014
+003,+014
+003,+014
+003,+014
+003,+014
+003,+014
+003,+012
+003,+012
+003,+012
+003,+012
+003,+012
+003,+012
+003,+012
+003,+012
+003,+012
+003,+012
+003,+012
+003,+012
+003,+012
+003,+012
+003,+012
+003,+012
+003,+012
+003,+012
+003,+012
+003,+012
+003,+012
+003,+012
+003,+012
+005,+012
+005,+012
+005,+012
+005,+012
+005,+012
+005,+012
+005,+014
+005,+014
+005,+014
+005,+014
+005,+014
+005,+014
+005,+014
+005,+014
+005,+014
+005,+014
+005,+014
+005,+014
+005,+014
+005,+014
+005,+014
+005,+014
+005,+014
+005,+014
+005,+014
+005,+014
+005,+014
+005,+014
+005,+014
+005,+014
+005,+014
+005,+014
+005,+014
+005,+014
+005,+014
+005,+014
+005,+014
+005,+014
+005,+014
+005,+014
+005,+014
+005,+014
+005,+014
+005,+014
+005,+012
+005,+012
+005,+012
+005,+012
+005,+012
+005,+012
+005,+012
+005,+012
+005,+012
+005,+012
+005,+012
+005,+012
+005,+012
+005,+012
+005,+012
+005,+012
+005,+012
+005,+012
+005,+012
+005,+012
+005,+012
+005,+012
+005,+012
+005,+012
+005,+012
+005,+012
+005,+012
+005,+012
+005,+012
+005,+012
+005,+012
+005,+012
+005,+012
+005,+012
+005,+012
+005,+012
+005,+012
+005,+012
+005,+012
+005,+012
+005,+012
+005,+012
+005,+012
+005,+010
+005,+010
+005,+010
+005,+010
+005,+010
+005,+010
+005,+010
+005,+010
+005,+010
+005,+010
+005,+010
+005,+010
+005,+010
+005,+010
+005,+010
+005,+010
+005,+010
+005,+010
+003,+010
+003,+010
+003,+010
+003,+010
+003,+010
+003,+010
+003,+010
+003,+010
+003,+010
+003,+008
+003,+008
+003,+008
+001,+006
+001,+006
+001,+006
+001,+006
+001,+006
+001,+006
+001,+006
+001,+006
+001,+006
+001,+006
+001,+006
+001,+006
+001,+006
+001,+006
+001,+004
+001,+004
+001,+004
+001,+004
+001,+004
+001,+004
+001,+004
+001,+004
+001,+004
+001,+004
+001,+004
+001,+004
+001,+004
+001,+004
+001,+004
+001,+004
+001,+004
+001,+004
+001,+004
+001,+004
+001,+004
+001,+004
+001,+004
+001,+004
+001,+004
+001,+004
+001,+004
+001,+004
+001,+004
+001,+004
+001,+004
+001,+004
+001,+004
+001,+004
+001,+004
+001,+004
+001,+004
+001,+004
+001,+004
+001,+002
+001,+002
+001,+002
+001,+002
+001,+002
+001,+002
+001,+002
+001,+002
+001,+002
+001,+002
+001,+002
+001,+002
+001,+002
+001,+002
+001,+002
+001,+002
+001,+002
+001,+002
+001,+002
+001,+002
+001,+002
+001,+002
+001,+002
+001,+002
+001,+002
+001,+002
+001,+002
+001,+002
+001,+002
+001,+002
+001,+002
+001,+002
+001,+002
+001,+002
+001,+002
+001,+002
+001,+002
+001,+002
+001,+002
+001,+002
+001,+002
+001,+002
+001,+002
+001,+002
+001,+002
+001,+002
+001,+002
+001,+002
+001,+002
+001,+002
+001,+002
+001,+002
+001,+002
+001,+002
+001,+002
+001,+002
+001,+002
+001,+002
+001,+002
+001,+002
+001,+002
+001,+002
+001,+002
+003,+000
+003,+000
+003,+000
+003,+000
+003,+000
+003,+000
+003,+000
+003,+000
+003,+000
+003,+000
+003,+000
+003,+000
+003,+000
+003,+000
+003,+000
+003,+000
+003,+000
+003,+000
+003,+000
+003,+000
+003,+000
+003,+000
+003,+000
+003,+000
+003,+000
+003,+000
+003,+000
+003,+000
+003,+000
+003,+000
+003,+000
+003,+000
+003,+000
+003,+000
+003,+000
+003,+000
+003,+000
+003,+000
+003,+000
+003,+000
+003,+000
+003,+000
+003,+000
+003,+000
+003,+000
+003,+000
+003,+000
+003,+000
+003,+000
+003,+000
+003,+000
+003,+000
+001,+000
+001,+000
+001,+000
+001,+000
+001,+000
+001,+000
+001,+000
+001,+000
+001,+000
+001,+000
+001,+000
+001,+000
+001,+000
+001,+000
+001,+000
+001,+000
+001,+000
+001,+000
+001,+000
+001,+000
+001,+000
+001,+000
+001,+000
+001,+000
+001,+000
+001,+000
+001,+000
+001,+000
+001,+000
+001,+000
+001,+000
+003,+000
+003,+002
+003,+002
+003,+002
+003,+002
+003,+002
+003,+002
+003,+002
+003,+002
+003,+002
+003,+002
+005,+002
+005,+004
+005,+004
+007,+004
+007,+004
+007,+004
+007,+004
+007,+004
+007,+004
+007,+004
+009,+004
+009,+004
+009,+004
+009,+004
+009,+004
+009,+004
+009,+004
+009,+004
+009,+006
+009,+006
+009,+006
+009,+006
+009,+006
+009,+006
+009,+006
-010,+006
-010,+006
-010,+006
-011,+004
-012,+004
-012,+004
-012,+004
-013,+004
-013,+004
-013,+004
-013,+004
-013,+004
-013,+004
-013,+004
-013,+004
-013,+004
-014,+004
-014,+004
-014,+004
-014,+004
-014,+004
-014,+004
-014,+004
-014,+004
-014,+004
-014,+004
-015,+004
-015,+004
-015,+004
-015,+004
-015,+004
-015,+004
-015,+004
-015,+004
-015,+004
-015,+004
-015,+004
-015,+004
-015,+004
-015,+004
-015,+004
-015,+004
-015,+004
-015,+004
-015,+004
-015,+004
-015,+004
-015,+004
-015,+004
-015,+004
-015,+004
-015,+004
-015,+004
-015,+004
-015,+004
-015,+004
-015,+004
-015,+004
-015,+004
-015,+004
-015,+004
-015,+004
-012,+004
-013,+004
-013,+004
-010,+007
-010,+007
-010,+007
-010,+007
-010,+007
-010,+007
-010,+007
-010,+007
-010,+007
-010,+007
-010,+007
-010,+007
-010,+007
-010,+007
-010,+007
-010,+007
-010,+007
-010,+007
-010,+007
+008,+007
+008,+007
+008,+007
+008,+007
+008,+007
+008,+007
+008,+007
+008,+007
+008,+007
+008,+007
+008,+007
+008,+007
+008,+007
+008,+007
+008,+007
+008,+007
+008,+007
+008,+007
+008,+007
+008,+007
+008,+007
+008,+007
+008,+007
+008,+007
+008,+007
+008,+007
+008,+007
+008,+007
+008,+007
+008,+007
+008,+007
+008,+007
+008,+007
+008,+007
+008,+007
+008,+007
+008,+007
+008,+007
+008,+007
+006,+007
+006,+007
+006,+005
+006,+005
+006,+005
+006,+005
+004,+005
+004,+005
+004,+005
+004,+005
+006,+005
+006,+005
+006,+005
+006,+005
+006,+005
+006,+005
+006,+005
+006,+005
+006,+005
+006,+005
+006,+005
+008,+005
+008,+005
+008,+005
+008,+005
+008,+005
+008,+005
+008,+005
+008,+005
+008,+005
+008,+005
+008,+005
+008,+005
+008,+005
+008,+005
+008,+005
+008,+005
+008,+005
+008,+005
+008,+005
+008,+005
+008,+005
+008,+005
+008,+005
+008,+005
+008,+005
+008,+005
+008,+005
+008,+005
+008,+005
+008,+005
+008,+005
+008,+005
+008,+005
+008,+005
+008,+005
+008,+005
+008,+005
+008,+005
+008,+005
+008,+005
+008,+005
+008,+005
+008,+005
+008,+005
+008,+007
+008,+007
+008,+007
+008,+007
+008,+007
+008,+007
+008,+007
+008,+007
+008,+007
+008,+007
+006,+007
+006,+007
+006,+007
+006,+007
+006,+007
+006,+007
+006,+007
+004,+007
+004,+007
+004,+007
+004,+007
+004,+007
+004,+007
+004,+007
+002,+007
+002,+007
+002,+007
+002,+007
+002,+007
+002,+007
+002,+007
+002,+007
+002,+007
+002,+007
+002,+007
+002,+007
+002,+007
+002,+007
+002,+007
+002,+007
+002,+009
+002,+007
+002,+007
+002,+007
+002,+007
+002,+007
+002,+007
+002,+009
+002,+009
+002,+009
+002,+009
+000,+007
+000,+007
+000,+007
+000,+007
+000,+007
+000,+007
+000,+007
+000,+007
+000,+007
+000,+007
+000,+007
+000,+007
+000,+007
+000,+007
+000,+007
+000,+007
+000,+007
+000,+007
+000,+007
+000,+007
+000,+007
+000,+007
+000,+007
+000,+007
+000,+007
+000,+007
+000,+007
+000,+007
+000,+007
+000,+007
+000,+007
+000,+007
+000,+007
+000,+007
+000,+007
+000,+007
+000,+007
+000,+007
+000,+007
+000,+007
+000,+007
+000,+007
+002,+007
+002,+007
+002,+007
+002,+007
+002,+007
+002,+007
+002,+007
+002,+007
+002,+007
+002,+007
+002,+007
+002,+007
+002,+007
+002,+007
+002,+007
+002,+007
+002,+007
+004,+007
+004,+007
+004,+007
+004,+007
+004,+007
+004,+007
+004,+007
+004,+007
+004,+007
+002,+007
+002,+007
+002,+007
+002,+007
+002,+007
+002,+005
+002,+005
+002,+005
+002,+005
+002,+005
+002,+005
+002,+005
+000,+005
+000,+005
+000,+005
+000,+005
+000,+005
+000,+005
+000,+005
+000,+005
+000,+005
+000,+005
+000,+005
+000,+005
+000,+005
+000,+005
+002,+005
+002,+005
+002,+005
+002,+005
+002,+005
+002,+005
+002,+005
+002,+005
+004,+005
+004,+005
+004,+005
+004,+005
+004,+005
+004,+005
+004,+005
+004,+005
+004,+005
+004,+005
+004,+005
+006,+005
+006,+005
+006,+005
+006,+005
+006,+005
+006,+005
+006,+005
+006,+005
+006,+005
+008,+005
+008,+005
+008,+005
+008,+005
+008,+005
+008,+005
+008,+005
+008,+005
+008,+005
+008,+005
+008,+005
+008,+005
+008,+005
+008,+005
+008,+005
+008,+005
+008,+005
+010,+005
+010,+005
+010,+005
+010,+005
+010,+005
+010,+005
+010,+005
+010,+005
+010,+005
+010,+003
+010,+003
+012,+003
+012,+003
+012,+003
+012,+003
+012,+003
+012,+003
+012,+003
+012,+003
+012,+003
+012,+003
+012,+003
+012,+003
+012,+003
+012,+003
+012,+003
+012,+003
+012,+003
+014,+003
+014,+003
+014,+003
+014,+003
+014,+003
+014,+003
+014,+003
+014,+003
+014,+003
+014,+003
+014,+003
+014,+003
+014,+003
+014,+003
+014,+003
+016,+003
+016,+003
+016,+003
+016,+003
+016,+003
+016,+003
+016,+003
+016,+003
+016,+003
+016,+003
+016,+003
+016,+003
+016,+003
+016,+003
+018,+003
+018,+003
+018,+003
+018,+003
+018,+003
+018,+001
+018,+001
+018,+001
+018,+001
+018,+001
+020,+001
+020,+001
+020,+001
+020,+001
+020,+001
+020,+001
+020,+001
+020,+001
+020,+001
+020,+001
+020,+001
+020,+001
+020,+001
+020,+001
+020,+001
+020,+001
+020,+001
+020,+003
+020,+003
+020,+003
+020,+003
+020,+003
+020,+003
+020,+003
+020,+003
+020,+003
+020,+003
+020,+003
+020,+003
+020,+003
+020,+003
+020,+003
+020,+003
+020,+003
+020,+003
+020,+003
+020,+003
+020,+003
+020,+003
+020,+003
+020,+003
+020,+003
+020,+003
+020,+003
+020,+003
+020,+003
+020,+003
+020,+003
+020,+003
+020,+003
+020,+003
+020,+003
+020,+003
+020,+003
+020,+005
+020,+005
+020,+005
+020,+005
+020,+005
+020,+005
+022,+005
+022,+007
+022,+007
+022,+007
+022,+007
+022,+007
+022,+007
+022,+007
+022,+007
+020,+007
+020,+007
+020,+007
+020,+007
+020,+007
+020,+007
+018,+007
+018,+007
+018,+007
+018,+007
+018,+007
+018,+007
+018,+007
+018,+007
+018,+007
+016,+007
+016,+007
+016,+005
+016,+005
+016,+005
+016,+005
+016,+005
+016,+005
+016,+005
+016,+005
+016,+005
+016,+005
+016,+005
+016,+005
+016,+005
+016,+005
+016,+005
+016,+005
+016,+005
+016,+005
+016,+005
+016,+005
+016,+005
+016,+005
+016,+005
+016,+005
+016,+005
+016,+005
+016,+005
+016,+003
+016,+003
+016,+003
+016,+003
+016,+003
+016,+003
+016,+003
+016,+003
+016,+003
+018,+003
+018,+003
+018,+003
+018,+003
+018,+003
+018,+003
+018,+003
+018,+003
+020,+003
+020,+003
+020,+003
+020,+003
+020,+003
+020,+003
+020,+003
+022,+003
+022,+003
+022,+003
+022,+003
+022,+003
+022,+003
+022,+003
+022,+003
+022,+003
+022,+003
+022,+003
+022,+003
+022,+003
+022,+003
+022,+003
+022,+003
+022,+003
+022,+003
+022,+001
+022,+001
+022,+001
+022,+001
+022,+001
+022,+001
+022,+001
+022,+001
+022,+001
+022,+001
+022,+001
+022,+001
+022,+001
+022,+001
+022,+001
+022,+001
+022,+001
+022,+001
+022,+001
+022,+001
+022,+001
+022,+001
+022,+001
+020,+001
+020,+001
+020,+001
+020,+001
+020,+001
+020,+003
+020,+003
+020,+003
+020,+003
+020,+003
+020,+003
+020,+003
+020,+003
+020,+003
+020,+003
+020,+003
+020,+003
+018,+003
+018,+005
+018,+005
+018,+005
+018,+005
+018,+005
+018,+005
+016,+005
+016,+005
+016,+005
+016,+007
+016,+007
+016,+007
+016,+007
+016,+007
+014,+007
+014,+007
+014,+007
+014,+007
+014,+007
+014,+007
+014,+007
+014,+009
+012,+009
+012,+009
+012,+009
+012,+009
+012,+009
+012,+009
+012,+009
+012,+009
+012,+009
+012,+009
+010,+009
+010,+009
+010,+009
+010,+009
+010,+009
+010,+009
+010,+009
+010,+009
+010,+009
+010,+009
+010,+009
+010,+009
+010,+009
+010,+009
+010,+009
+010,+009
+010,+009
+010,+009
+010,+009
+010,+009
+010,+009
+010,+009
+010,+009
+010,+009
+010,+009
+010,+009
+010,+009
+010,+009
+010,+009
+010,+009
+010,+009
+010,+009
+010,+009
+010,+009
+010,+009
+010,+009
+010,+009
+008,+009
+008,+009
+008,+009
+008,+009
+008,+009
+008,+009
+008,+009
+008,+009
+008,+009
+008,+009
+008,+009
+008,+009
+008,+007
+008,+007
+008,+007
+008,+007
+006,+007
+006,+007
+006,+007
+006,+007
+006,+007
+006,+007
+006,+007
+004,+007
+004,+007
+004,+007
+004,+007
+004,+007
+004,+007
+004,+007
+004,+007
+004,+007
+004,+007
+002,+007
+002,+007
+002,+007
+002,+007
+002,+007
+002,+007
+002,+007
+002,+007
+002,+007
+002,+007
+002,+007
+002,+007
+002,+007
+002,+005
+002,+005
+002,+005
+002,+005
+002,+005
+002,+005
+002,+005
+002,+005
+002,+005
+002,+005
+002,+005
+002,+005
+002,+005
+002,+005
+002,+005
+002,+005
+002,+005
+002,+005
+002,+005
+002,+005
+002,+005
+002,+005
+002,+005
+002,+005
+002,+005
+002,+005
+002,+005
+002,+005
+002,+005
+002,+005
+002,+005
+002,+005
+004,+005
+004,+005
+004,+005
+004,+005
+004,+005
+004,+005
+004,+005
+004,+005
+004,+005
+004,+005
+004,+005
+004,+005
+004,+005
+004,+005
+004,+005
+004,+005
+004,+005
+004,+005
+004,+005
+004,+005
+004,+005
+004,+005
+004,+005
+004,+005
+004,+005
+004,+005
+004,+005
+004,+005
+004,+005
+004,+005
+004,+005
+004,+005
+004,+005
+004,+005
+004,+005
+004,+005
+004,+005
+004,+005
+004,+005
+004,+005
+004,+005
+004,+005
+004,+005
+004,+005
+004,+005
+004,+005
+004,+005
+004,+005
+004,+005
+004,+005
+004,+005
+004,+005
+004,+005
+004,+005
+004,+005
+004,+005
+004,+005
+004,+005
+004,+005
+004,+005
+004,+005
+004,+005
+004,+005
+004,+005
+004,+005
+004,+005
+004,+005
+004,+005
+004,+005
+004,+005
+004,+005
+004,+005
+004,+005
+004,+005
+004,+005
+004,+005
+004,+005
+004,+005
+004,+005
+004,+005
+004,+005
+004,+005
+002,+005
+002,+005
+002,+005
+002,+005
+002,+005
+002,+005
+002,+003
+002,+003
+002,+003
+002,+003
+002,+003
+002,+003
+002,+003
+002,+003
+002,+003
+002,+003
+002,+003
+002,+003
+002,+003
+002,+003
+002,+003
+004,+003
+004,+003
+004,+001
+004,+001
+004,+001
+004,+001
+004,+001
+004,+001
+004,+001
+004,+001
+004,+001
+004,+001
+004,+001
+004,+001
+004,+001
+004,+001
+004,+001
+004,+001
+004,+001
+004,+001
+004,+001
+004,+001
+004,+001
+004,+001
+004,+001
+004,+001
+004,+001
+004,+001
+006,+001
+006,+001
+006,+001
+006,+001
+006,+001
+006,+001
+006,+001
+006,+001
+006,+001
+006,+001
+006,+001
+006,+001
+008,+001
+008,+001
+008,+001
+008,+001
+008,+001
+008,+001
+008,+001
+008,+001
+008,+001
+008,+001
+008,+001
+008,+001
+008,+001
+008,+001
+008,+001
+008,+001
+008,+001
+008,+001
+008,+001
+008,+001
+008,+001
+008,+001
+008,+001
+008,+001
+008,+001
+008,+001
+008,+001
+008,+001
+008,+001
+008,+001
+008,+001
+008,+001
+008,+001
+008,+001
+008,+001
+008,+001
+008,+001
+008,+001
+008,+001
+008,+001
+008,+001
+008,+001
+008,+001
+008,+001
+008,+001
+008,+001
+008,+001
+008,+003
+008,+003
+008,+003
+008,+003
+008,+003
+008,+003
+008,+003
+008,+003
+008,+003
+008,+003
+008,+003
+008,+003
+008,+003
+008,+003
+008,+003
+008,+003
+008,+003
+008,+003
+008,+003
+008,+003
+008,+003
+008,+003
+008,+003
+008,+003
+008,+003
+008,+003
+008,+003
+008,+003
+008,+003
+008,+003
+008,+003
+008,+003
+008,+003
+008,+003
+008,+003
+008,+003
+008,+003
+008,+005
+008,+005
+008,+005
+008,+005
+008,+005
+008,+005
+008,+005
+008,+005
+008,+005
+008,+005
+008,+005
+008,+005
+008,+005
+008,+005
+008,+005
+008,+005
+008,+005
+008,+005
+008,+005
+008,+005
+008,+005
+008,+005
+008,+005
+008,+005
+008,+005
+008,+005
+008,+005
+008,+005
+008,+005
+008,+005
+008,+005
+008,+005
+008,+005
+008,+005
+008,+005
+008,+005
+008,+005
+008,+005
+008,+005
+008,+005
+008,+005
+008,+005
+008,+005
+008,+005
+008,+005
+006,+005
+006,+005
+006,+005
+006,+005
+006,+005
+006,+005
+006,+005
+006,+005
+006,+005
+006,+005
+004,+005
+004,+005
+004,+005
+004,+005
+004,+005
+004,+005
+004,+005
+004,+007
+004,+007
+002,+007
+002,+007
+002,+007
+002,+007
+002,+007
+002,+007
+002,+007
+002,+007
+002,+007
+002,+007
+002,+007
+002,+007
+002,+007
+002,+007
+002,+007
+002,+007
+002,+007
+002,+007
+002,+007
+002,+007
+002,+007
+002,+007
+002,+007
+000,+007
+000,+007
+000,+009
+000,+009
+000,+009
+000,+009
+000,+009
+000,+009
+000,+009
+000,+009
+000,+009
+000,+009
+000,+009
+000,+009
+000,+007
+000,+007
+000,+007
+000,+007
+000,+007
+000,+007
+000,+007
+000,+007
+000,+007
+002,+007
+002,+007
+002,+007
+002,+007
+002,+007
+002,+007
+002,+007
+002,+007
+002,+007
+002,+007
+002,+007
+002,+007
+002,+007
+002,+007
+002,+007
+002,+007
+002,+007
+002,+007
+002,+007
+002,+007
+002,+007
+002,+007
+002,+005
+002,+005
+002,+005
+002,+005
+002,+005
+002,+005
+002,+005
+002,+005
+002,+005
+002,+005
+002,+005
+002,+005
+002,+005
+002,+005
+002,+005
+002,+005
+002,+005
+004,+005
+004,+005
+004,+005
+004,+005
+004,+005
+004,+005
+004,+005
+004,+005
+004,+005
+004,+005
+004,+005
+004,+005
+004,+005
+004,+005
+006,+005
+006,+005
+006,+005
+006,+007
+006,+007
+006,+007
+006,+007
+006,+007
+006,+007
+006,+007
+006,+007
+006,+007
+006,+007
+006,+007
+006,+007
+006,+007
+006,+007
+006,+007
+006,+007
+006,+007
+006,+007
+006,+007
+006,+007
+006,+007
+006,+007
+006,+007
+006,+007
+006,+007
+006,+007
+006,+007
+006,+007
+006,+007
+006,+007
+006,+007
+006,+007
+006,+007
+006,+007
+006,+007
+006,+007
+006,+007
+006,+007
+006,+007
+006,+007
+006,+007
+006,+007
+006,+007
+006,+007
+006,+007
+006,+007
+006,+007
+006,+007
+006,+007
+006,+007
+006,+007
+006,+007
+006,+007
+006,+007
+006,+007
+006,+007
+006,+007
+006,+007
+006,+007
+004,+007
+004,+007
+004,+007
+004,+007
+004,+007
+004,+007
+004,+007
+006,+007
+006,+007
+006,+007
+006,+007
+006,+007
+006,+007
+006,+007
+006,+007
+006,+007
+006,+007
+006,+007
+006,+007
+006,+007
+006,+007
+006,+007
+006,+007
+006,+007
+006,+007
+006,+007
+006,+007
+006,+007
+006,+007
+006,+007
+006,+007
+006,+007
+006,+007
+006,+007
+006,+007
+006,+007
+006,+007
+006,+007
+006,+007
+006,+007
+006,+007
+006,+007
+006,+007
+006,+007
+006,+007
+006,+007
+006,+007
+006,+007
+006,+007
+006,+009
+006,+009
+006,+009
+006,+009
+006,+009
+004,+009
+004,+009
+004,+009
+004,+009
+004,+009
+004,+009
+004,+009
+004,+009
+004,+009
+004,+009
+004,+009
+004,+009
+004,+009
+004,+009
+004,+009
+004,+009
+004,+009
+004,+009
+004,+009
+004,+009
+004,+009
+004,+009
+004,+009
+002,+009
+002,+009
+002,+009
+002,+009
+002,+009
+002,+009
+002,+009
+002,+009
+002,+009
+002,+009
+002,+009
+002,+009
+002,+009
+002,+009
+002,+009
+002,+009
+000,+011
+000,+011
+000,+011
+000,+011
+000,+011
+000,+011
+000,+011
+000,+011
+000,+011
+000,+011
+000,+011
+000,+009
+000,+009
+000,+009
+000,+009
+000,+009
+000,+009
+000,+009
+000,+009
+000,+009
+000,+009
+000,+009
+000,+009
+000,+009
+000,+009
+002,+009
+002,+009
+002,+009
+002,+009
+002,+009
+002,+009
+002,+009
+002,+009
+002,+009
+002,+009
+002,+009
+002,+009
+002,+009
+002,+009
+002,+009
+002,+009
+002,+009
+002,+009
+002,+009
+002,+009
+002,+009
+002,+009
+002,+009
+002,+009
+002,+009
+002,+009
+002,+009
+004,+009
+004,+009
+004,+009
+004,+009
+004,+009
+004,+009
+004,+009
+004,+009
+004,+009
+004,+009
+004,+009
+004,+009
+004,+009
+004,+009
+004,+009
+004,+009
+004,+009
+004,+009
+004,+007
+004,+007
+004,+007
+004,+007
+004,+007
+004,+007
+004,+007
+004,+007
+004,+007
+004,+007
+004,+007
+004,+007
+004,+007
+004,+007
+004,+007
+004,+007
+004,+007
+004,+007
+004,+007
+004,+007
+004,+007
+004,+007
+004,+007
+004,+007
+004,+007
+004,+007
+004,+005
+004,+005
+004,+005
+004,+005
+004,+005
+004,+005
+004,+005
+004,+005
+004,+005
+004,+005
+004,+005
+004,+005
+004,+005
+004,+005
+004,+005
+006,+005
+006,+005
+006,+005
+006,+005
+006,+005
+006,+005
+006,+005
+006,+005
+006,+005
+006,+005
+006,+005
+006,+005
+006,+005
+006,+005
+006,+005
+006,+005
+006,+005
+006,+005
+006,+005
+006,+005
+006,+005
+006,+005
+006,+005
+006,+005
+006,+003
+006,+003
+006,+003
+006,+003
+006,+003
+006,+003
+006,+003
+006,+003
+006,+003
+006,+003
+006,+003
+006,+003
+006,+003
+006,+003
+004,+003
+004,+003
+004,+003
+004,+003
+004,+003
+004,+003
+004,+003
+004,+003
+004,+003
+004,+003
+004,+003
+004,+003
+004,+003
+004,+003
+004,+003
+004,+003
+004,+003
+004,+003
+004,+003
+004,+003
+004,+003
+004,+003
+004,+003
+004,+003
+004,+003
+004,+003
+004,+005
+004,+005
+002,+005
+002,+005
+002,+005
+002,+005
+002,+005
+002,+005
+002,+005
+002,+005
+002,+005
+002,+005
+002,+005
+002,+005
+002,+005
+002,+003
+002,+003
+002,+003
+002,+003
+002,+003
+002,+003
+002,+003
+002,+003
+002,+003
+002,+003
+002,+003
+002,+003
+002,+003
+002,+003
+002,+003
+002,+003
+002,+003
+002,+003
+002,+003
+002,+003
+002,+003
+002,+003
+002,+003
+002,+003
+002,+003
+002,+003
+002,+003
+002,+003
+002,+003
+004,+003
+004,+003
+004,+003
+004,+003
+004,+003
+004,+003
+004,+003
+004,+003
+004,+003
+006,+003
+006,+003
+006,+003
+006,+003
+006,+003
+006,+003
+006,+003
+006,+003
+008,+003
+008,+003
+008,+003
+008,+003
+008,+003
+008,+003
+010,+003
+010,+003
+010,+003
+010,+003
+010,+003
+010,+003
+010,+003
+010,+003
+010,+003
+010,+003
+010,+003
+010,+003
+010,+003
+010,+003
+010,+003
+010,+003
+010,+003
+010,+003
+010,+003
+010,+003
+010,+003
+010,+003
+010,+003
+010,+003
+010,+003
+010,+003
+010,+003
+010,+003
+010,+003
+010,+003
+010,+003
+010,+003
+010,+003
+010,+003
+010,+003
+010,+003
+010,+003
+010,+003
+010,+003
+010,+003
+010,+003
+010,+003
+010,+003
+010,+003
+010,+003
+010,+003
+010,+003
+010,+003
+010,+003
+010,+003
+010,+003
+010,+003
+010,+003
+010,+003
+010,+003
+010,+003
+010,+003
+010,+003
+010,+001
+010,+001
+010,+001
+010,+001
+010,+001
+010,+001
+010,+001
+010,+001
+010,+001
+010,+001
+010,+001
+010,+001
+010,+001
+010,+001
+010,+001
+010,+001
+010,+001
+010,+001
+010,+001
+010,+001
+010,+001
+010,+001
+010,+001
+010,+001
+010,+001
+010,+001
+010,+001
+010,+001
+010,+001
+010,+001
+010,+001
+010,+001
+010,+001
+010,+001
+010,+001
+010,+001
+010,+001
+010,+001
+010,+001
+010,+001
+010,+001
+010,+001
+010,+001
+010,+001
+010,+003
+010,+003
+010,+003
+010,+003
+010,+003
+010,+003
+010,+003
+010,+003
+010,+003
+010,+003
+010,+003
+010,+003
+010,+003
+010,+003
+010,+003
+010,+003
+010,+003
+010,+003
+010,+003
+010,+003
+010,+003
+010,+003
+010,+003
+012,+003
+012,+003
+012,+003
+012,+003
+012,+003
+012,+003
+012,+003
+012,+003
+012,+003
+012,+003
+012,+003
+012,+003
+012,+003
+012,+003
+012,+003
+012,+003
+012,+003
+012,+003
+012,+003
+012,+003
+012,+003
+012,+003
+012,+003
+012,+003
+012,+003
+012,+003
+012,+003
+012,+003
+012,+003
+012,+003
+012,+003
+012,+003
+012,+003
+012,+003
+012,+003
+012,+003
+012,+003
+012,+003
+012,+003
+012,+003
+012,+003
+012,+003
+012,+003
+012,+003
+012,+003
+012,+003
+012,+003
+012,+003
+012,+001
+012,+001
+012,+001
+012,+001
+012,+001
+012,+001
+012,+001
+012,+001
+012,+001
+012,+001
+012,+001
+012,+001
+012,+001
+012,+001
+012,+001
+012,+001
+012,+001
+012,+001
+012,+001
+012,+001
+012,+001
+012,+001
+010,+001
+010,+001
+010,+001
+010,+001
+010,+001
+010,+001
+010,+001
+010,+001
+010,+001
+010,+001
+010,+001
+010,+001
+010,+001
+010,+001
+010,+001
+010,+001
+010,+001
+010,+001
+008,+001
+008,+001
+008,+001
+008,+001
+008,+001
+008,+001
+008,+001
+008,+001
+008,+001
+006,+001
+006,+001
+006,+001
+006,+001
+006,+001
+006,+001
+006,+001
+006,+001
+006,+001
+006,+001
+006,+001
+006,+001
+006,+001
+006,+001
+006,+001
+006,+001
+006,+001
+006,+001
+006,+001
+006,+001
+006,+001
+006,+001
+006,+001
+006,+001
+006,+001
+006,+001
+006,+001
+006,+001
+006,+001
+006,+001
+006,+001
+006,+001
+006,+001
+006,+001
+006,+001
+006,+001
+006,+001
+006,+001
+006,+001
+006,+001
+006,+001
+006,+003
+006,+003
+006,+003
+006,+003
+006,+003
+006,+003
+006,+003
+006,+003
+006,+003
+006,+003
+006,+003
+006,+003
+006,+003
+006,+003
+006,+003
+006,+003
+006,+003
+006,+003
+006,+003
+006,+003
+006,+003
+006,+003
+006,+003
+006,+003
+006,+003
+006,+003
+006,+003
+006,+003
+006,+003
+006,+003
+006,+003
+006,+003
+006,+003
+006,+003
+006,+003
+006,+003
+006,+003
+006,+003
+006,+003
+006,+003
+006,+003
+006,+003
+006,+003
+006,+003
+006,+003
+006,+003
+006,+003
+006,+003
+006,+003
+006,+003
+006,+003
+006,+003
+006,+003
+006,+003
+006,+003
+006,+003
+006,+003
+008,+003
+008,+003
+008,+003
+008,+003
+008,+003
+008,+003
+008,+003
+008,+003
+008,+003
+008,+003
+008,+003
+008,+003
+010,+003
+010,+003
+010,+003
+010,+003
+010,+003
+010,+001
+010,+001
+010,+001
+010,+001
+010,+001
+010,+001
+010,+001
+010,+001
+010,+001
+010,+001
+012,+001
+012,+001
+012,+001
+012,+001
+012,+001
+012,+001
+012,+001
+012,+003
+012,+003
+012,+003
+012,+003
+012,+003
+012,+003
+012,+003
+012,+003
+012,+003
+012,+003
+012,+003
+012,+003
+012,+003
+012,+003
+012,+003
+012,+003
+012,+003
+012,+003
+012,+003
+012,+003
+012,+003
+012,+003
+012,+003
+012,+003
+012,+003
+012,+003
+012,+003
+012,+005
+012,+005
+012,+005
+012,+005
+012,+005
+012,+005
+012,+005
+012,+005
+012,+005
+012,+005
+012,+005
+012,+005
+012,+005
+012,+005
+012,+005
+012,+005
+012,+005
+012,+005
+012,+005
+012,+005
+012,+005
+012,+005
+010,+005
+010,+005
+010,+005
+010,+005
+010,+005
+010,+005
+010,+005
+010,+005
+010,+005
+010,+005
+010,+005
+010,+005
+010,+005
+010,+005
+010,+005
+010,+005
+010,+005
+010,+005
+010,+007
+010,+007
+010,+007
+010,+007
+010,+007
+010,+007
+010,+007
+010,+007
+010,+007
+010,+007
+008,+007
+008,+007
+008,+007
+008,+007
+008,+007
+008,+007
+008,+007
+008,+007
+008,+007
+008,+007
+008,+007
+008,+007
+008,+007
+008,+007
+008,+007
+008,+007
+008,+007
+008,+007
+008,+007
+008,+007
+008,+007
+008,+007
+008,+007
+008,+007
+008,+007
+008,+007
+008,+007
+008,+007
+008,+007
+008,+007
+008,+007
+008,+007
+008,+007
+008,+007
+008,+007
+008,+007
+008,+007
+008,+007
+008,+007
+008,+007
+008,+007
+008,+007
+008,+007
+008,+007
+008,+007
+008,+007
+008,+005
+008,+005
+008,+005
+008,+005
+008,+005
+008,+005
+008,+005
+008,+005
+008,+005
+008,+005
+008,+005
+008,+005
+008,+005
+008,+005
+008,+005
+008,+005
+008,+005
+008,+005
+010,+005
+010,+005
+010,+005
+010,+005
+010,+005
+010,+005
+010,+005
+010,+005
+010,+005
+010,+005
+010,+005
+010,+005
+010,+005
+010,+005
+010,+005
+010,+005
+010,+005
+010,+005
+010,+005
+010,+005
+010,+005
+012,+005
+012,+005
+012,+005
+012,+005
+012,+005
+012,+005
+012,+005
+012,+005
+012,+007
+012,+007
+012,+007
+012,+007
+012,+007
+012,+007
+012,+007
+012,+007
+012,+007
+012,+007
+012,+007
+012,+007
+012,+007
+012,+007
+012,+007
+012,+007
+012,+007
+012,+007
+012,+007
+012,+007
+012,+007
+012,+009
+012,+009
+012,+009
+012,+009
+012,+009
+012,+009
+012,+009
+012,+009
+012,+009
+012,+009
+012,+009
+012,+009
+012,+009
+012,+009
+012,+011
+012,+011
+012,+011
+012,+011
+012,+011
+012,+011
+012,+011
+012,+011
+012,+011
+012,+011
+012,+011
+012,+011
+012,+011
+012,+011
+012,+011
+012,+011
+012,+011
+012,+011
+012,+011
+012,+011
+012,+011
+012,+011
+012,+011
+012,+011
+012,+011
+012,+011
+012,+011
+012,+011
+012,+011
+012,+011
+012,+011
+012,+011
+012,+011
+012,+011
+012,+011
+012,+011
+012,+011
+012,+011
+012,+011
+012,+011
+012,+011
+012,+011
+012,+011
+012,+011
+012,+011
+012,+011
+012,+011
+012,+011
+012,+011
+012,+011
+012,+011
COP Area(S): 000159
COP Area(R): 000255