-000,-000
-000,-000
-000,-000
-000,-000
-000,-000
-001,-000
-001,-001
-001,-001
-001,-001
-001,-001
-001,-001
-002,-001
-002,-001
-002,-001
-002,-001
-002,-001
-002,-001
-003,-001
-003,-001
-003,-001
-003,-001
-003,-001
-003,-001
-003,-001
-003,-001
-003,-001
-003,-001
-003,-001
-004,-001
-004,-001
-004,-001
-004,-001
-004,-001
-004,-001
-004,-001
-004,-002
-004,-002
-004,-002
-004,-002
-004,-002
-004,-002
-004,-002
-004,-002
-004,-002
-004,-002
-004,-002
-004,-002
-004,-002
-004,-002
-004,-002
-004,-002
-004,-002
-004,-002
-004,-002
-004,-002
-004,-002
-004,-002
-004,-002
-004,-002
-004,-002
-004,-002
-004,-002
-004,-002
-004,-002
-004,-002
-004,-002
-004,-002
-004,-002
-004,-002
-004,-002
-004,-002
-004,-002
-004,-002
-004,-002
-004,-002
-001,-002
-001,-002
-001,-002
-001,-002
-001,-002
-001,-002
-001,-002
-001,-002
-001,-002
-001,-002
-001,-002
-001,-002
-001,-002
-001,-002
-001,-002
-001,-002
-001,-002
-001,-002
-001,-002
-001,-002
-001,-002
-001,-002
-001,-002
-001,-002
-001,-002
-001,-002
-001,-002
-001,-002
-001,-002
-001,-002
-001,-002
-001,-002
-001,-002
-001,-002
-001,-002
-001,-002
-001,-002
-001,-002
-002,-002
-002,-002
-002,-002
-002,-002
-002,-002
-002,-002
-002,-002
-002,-002
-002,-002
-002,-002
-002,-002
-002,-002
-002,-002
-002,-002
-002,-002
-002,-002
-002,-002
-002,-002
-002,-001
-002,-001
-002,-001
-002,-001
-002,-001
-005,-001
-005,-001
-005,-001
-005,-001
-005,-001
-005,-001
-005,-001
-005,-001
-005,-001
-005,-001
+007,-001
+007,-001
+007,-001
+007,-001
+009,-001
+009,-001
+009,-001
+009,-001
+009,-001
+009,-001
+011,-000
+011,-000
+011,-000
+011,-000
+011,-000
+011,-000
+011,-000
+011,-000
+011,-000
+011,-000
+011,-000
+011,-000
+011,-000
+011,-000
+011,-001
+011,-001
+011,-001
+011,-001
+011,-001
+011,-001
+013,-001
+013,-001
+013,-001
+013,-001
+013,-002
+013,-002
+013,-002
+013,-002
+013,-002
+013,-002
+013,-002
+013,-002
+013,-002
+013,-002
+013,-002
+013,-002
+013,-002
+013,-002
+013,-002
+013,-002
+013,-002
+013,-002
+013,-002
+013,-002
+013,-002
+013,-002
+013,-002
+013,-002
+013,-001
+013,-001
+013,-001
+013,-001
+013,-001
+013,-001
+013,-001
+013,-001
+013,-001
+013,-001
+011,-001
+011,-001
+011,-001
+011,-001
+009,-004
+009,-004
+009,-004
+009,-004
+009,-004
+009,-004
+009,-004
+009,-004
+009,-004
+009,-004
+009,-004
+009,-004
+009,-004
+009,-004
+009,-004
+009,-004
+009,-004
+009,-004
+009,-004
+009,-004
+009,-004
+009,-004
+009,-004
+009,-004
+009,-004
+009,-007
+009,-007
+009,-007
+009,-007
+009,-007
+009,-007
+009,-007
+009,-007
+011,-010
+011,-010
+013,-010
+013,-010
+013,-010
+013,-010
+013,-010
+013,-010
+013,-010
+013,-010
+013,-010
+013,-010
+013,-010
+013,-010
+013,-010
+013,-010
+013,-010
+013,-010
+013,-010
+013,-010
+013,-010
+013,-010
+013,-010
+013,-010
+013,-010
+013,-010
+013,-010
+013,-010
+013,-010
+013,-010
+013,-010
+013,-010
+013,-010
+013,-010
+013,-010
+013,-010
+013,-010
+013,-010
+013,-010
+013,-010
+013,-010
+013,-010
+015,-010
+015,-010
+015,-010
+015,-010
+015,-010
+015,-010
+015,-010
+015,-010
+015,-010
+015,-010
+015,-010
+015,-010
+015,-010
+015,-010
+015,-010
+015,-010
+015,-010
+015,-010
+015,-010
+015,-010
+015,-010
+015,-010
+015,-010
+015,-010
+015,-010
+015,-010
+015,-010
+015,-010
+015,-010
+015,-010
+015,-010
+015,-010
+015,-010
+015,-010
+015,-010
+015,-010
+013,-010
+013,-010
+013,-010
+013,-010
+013,-010
+013,-010
+013,-010
+013,-010
+013,-010
+013,-010
+013,-010
+013,-010
+013,-010
+013,-010
+011,-010
+011,-010
+009,-009
+009,-008
+009,-008
+009,-008
+009,-008
+009,-008
+009,-008
+007,-008
+007,-008
+007,-008
+007,-008
+007,-008
+007,-008
+007,-008
+007,-008
+007,-008
+006,-008
+006,-008
+006,-008
+006,-008
-005,-008
-005,-007
-005,-007
-005,-007
-005,-007
-005,-007
-004,-007
-004,-007
-004,-006
-004,-006
-004,-006
-004,-006
-003,-006
-003,-006
-003,-006
-003,-005
-003,-005
-003,-005
-003,-005
-003,-005
-002,-005
-002,-005
-002,-005
-002,-005
-002,-005
-002,-005
-002,-005
-002,-005
-002,-005
-002,-005
-001,-005
-001,-005
-001,-005
-001,-005
-001,-005
-001,-005
-001,-005
-000,-005
-000,-005
-000,-005
-000,-005
-000,-005
-000,-005
-000,-005
-000,-005
-000,-005
-000,-005
-000,-005
-000,-005
-000,-005
-000,-005
-000,-005
-000,-005
-000,-005
-000,-005
-000,-005
-000,-005
-000,-005
-000,-005
-000,-005
-000,-005
-000,-005
-000,-005
-000,-005
-003,-005
-003,-005
-003,-005
-003,-005
-003,-005
-003,-005
-003,-005
-003,-005
-003,-005
-003,-005
-003,-005
+006,-005
+006,-005
+006,-005
+006,-005
+006,-008
+006,-008
+006,-007
+006,-007
+006,-007
+006,-007
+006,-007
+006,-007
+006,-007
+006,-007
+006,-007
+006,-007
+006,-007
+006,-007
+006,-007
+006,-007
+008,-007
+008,-007
+008,-007
+008,-007
+008,-007
+008,-007
+008,-007
+008,-007
+008,-007
+008,-007
+008,-007
+008,-007
+008,-007
+008,-007
+008,-007
+008,-007
+008,-007
+008,-007
+008,-007
+008,-007
+008,-007
+008,-007
+008,-007
+008,-007
+008,-007
+008,-007
+008,-007
+008,-007
+008,-007
+008,-007
+008,-007
+008,-007
+008,-007
+008,-007
+008,-007
+008,-007
+008,-007
+008,-007
+008,-007
+008,-007
+008,-007
+008,-007
+008,-007
+008,-007
+008,-007
+008,-007
+008,-007
+008,-007
+008,-007
+008,-007
+008,-007
+008,-007
+008,-007
+008,-007
+008,-007
+008,-007
+008,-007
+008,-007
+008,-007
+008,-007
+008,-007
+008,-007
+008,-007
+008,-007
+008,-007
+008,-007
+008,-007
+008,-007
+008,-007
+008,-007
+008,-007
+010,-010
+010,-010
+010,-010
+012,-010
+012,-010
+012,-010
+012,-010
+012,-010
+012,-010
+012,-010
+012,-010
+012,-010
+012,-010
+012,-010
+012,-010
+012,-010
+012,-010
+012,-010
+012,-010
+012,-010
+012,-010
+012,-010
+012,-010
+012,-010
+012,-010
+012,-010
+012,-010
+012,-010
+012,-010
+012,-010
+012,-010
+012,-010
+012,-010
+012,-010
+012,-010
+012,-010
+012,-010
+012,-010
+012,-010
+012,-010
+012,-010
+012,-010
+014,-010
+014,-010
+014,-010
+014,-010
+014,-010
+014,-010
+014,-009
+014,-009
+016,-008
+016,-008
+016,-007
+016,-007
+016,-007
+016,-007
+016,-007
+016,-007
+016,-007
+016,-007
+016,-007
+016,-007
+016,-007
+016,-007
+016,-007
+016,-007
+016,-007
+016,-007
+016,-007
+016,-007
+016,-007
+016,-007
+016,-007
+016,-007
+016,-007
+014,-010
+014,-010
+014,-010
+014,-010
+014,-010
+014,-010
+014,-010
+014,-010
+014,-010
+014,-010
+014,-010
+014,-010
+014,-010
+014,-010
+014,-010
+014,-010
+014,-010
+014,-010
+014,-010
+014,-010
+014,-010
+014,-010
+014,-010
+014,-010
+014,-010
+014,-010
+014,-010
+014,-010
+014,-010
+014,-010
+014,-010
+014,-010
+014,-010
+014,-010
+014,-010
+014,-010
+014,-010
+014,-010
+014,-010
+014,-010
+014,-010
+014,-010
+014,-010
+014,-010
+014,-010
+014,-010
+014,-010
+014,-010
+014,-010
+014,-010
+014,-010
+014,-010
+014,-010
+014,-010
+014,-010
+014,-010
+012,-010
+012,-010
+012,-010
+012,-009
+010,-008
+010,-008
+010,-008
+010,-008
+010,-008
+010,-008
+010,-008
+010,-008
+010,-008
+010,-008
+010,-007
+010,-007
+010,-007
+010,-007
+010,-007
+010,-007
+010,-007
+010,-007
+008,-007
+008,-007
+008,-007
+008,-007
+008,-007
+008,-007
+008,-007
+008,-007
+008,-007
+008,-007
+008,-007
+008,-007
+008,-007
+008,-007
+008,-007
+008,-007
+008,-007
+006,-007
+006,-007
+006,-007
+006,-007
+006,-007
+006,-007
+006,-007
+006,-007
+006,-007
+006,-007
+006,-007
+006,-007
+006,-006
+006,-006
+006,-006
+006,-006
+006,-006
+006,-006
+006,-006
+006,-006
+006,-006
+006,-006
+006,-006
+006,-006
+006,-006
+006,-006
+006,-006
+006,-006
+006,-006
+006,-006
+006,-006
+006,-006
+006,-006
+006,-006
+006,-006
+006,-006
+006,-006
+006,-006
+006,-006
+006,-006
+006,-006
+006,-006
+006,-006
+006,-006
+006,-006
+006,-006
+006,-006
+006,-006
+006,-006
+006,-006
+006,-006
+006,-006
+006,-006
+006,-006
+006,-006
+006,-006
+006,-006
+006,-006
+006,-006
+008,-006
+008,-006
+008,-006
+008,-006
+008,-006
+008,-006
+008,-006
+008,-006
+008,-006
+008,-006
+008,-006
+008,-006
+008,-006
+008,-006
+008,-006
+008,-006
+008,-006
+008,-006
+008,-006
+008,-006
+008,-009
+008,-009
+010,-009
+010,-009
+010,-009
+010,-009
+012,-009
+012,-009
+012,-009
+012,-009
+012,-009
+012,-009
+012,-009
+012,-009
+012,-009
+012,-009
+012,-009
+012,-009
+012,+011
+012,+011
+012,+011
+012,+011
+012,+011
+012,+011
+012,+011
+012,+011
+012,+011
+012,+011
+012,+011
+012,+011
+012,+011
+012,+011
+012,+011
+012,+011
+012,+011
+012,+011
+012,+011
+012,+011
+012,+011
+012,+011
+012,+011
+012,+011
+012,+011
+012,+011
+012,+011
+012,+011
+012,+011
+012,+011
+012,+011
+012,+011
+012,+011
+012,+011
+012,+011
+012,+011
+012,+011
+012,+011
+012,+011
+012,+011
+012,+011
+012,+011
+012,+011
+012,+011
+012,+011
+012,+011
+012,+011
+012,+011
+012,+011
+012,+011
+012,+011
+012,+011
+012,+011
+012,+011
+012,+011
+012,+011
+012,+011
+012,+011
+012,+011
+012,+011
+012,+011
+012,+011
+012,+011
+012,+011
+012,+011
+012,+011
+012,+011
+012,+011
+012,+011
+012,+011
+012,+011
+012,+011
+012,+011
+012,+011
+012,+011
+012,+011
+012,+011
+012,+011
+012,+011
+012,+011
+012,+013
+012,+013
+012,+013
+012,+013
+012,+013
+012,+013
+012,+013
+012,+013
+012,+013
+012,+013
+012,+013
+012,+013
+012,+013
+012,+013
+012,+013
+012,+013
+012,+013
+012,+013
+012,+013
+012,+013
+012,+013
+012,+013
+012,+013
+012,+013
+012,+013
+012,+013
+012,+013
+012,+013
+012,+013
+012,+013
+012,+013
+012,+013
+012,+013
+012,+013
+012,+013
+012,+013
+012,+013
+012,+013
+012,+013
+012,+013
+012,+013
+012,+013
+012,+013
+012,+013
+012,+013
+012,+013
+012,+013
+012,+013
+012,+013
+012,+013
+012,+013
+012,+013
+012,+013
+012,+013
+012,+013
+012,+013
+012,+013
+012,+013
+012,+013
+012,+013
+012,+013
+012,+013
+012,+013
+010,+013
+010,+013
+010,+013
+010,+013
+010,+013
+010,+013
+010,+013
+010,+013
+010,+013
+010,+013
+010,+013
+010,+013
+010,+013
+010,+015
+010,+015
+010,+015
+010,+015
+010,+015
+010,+015
+010,+015
+010,+015
+010,+015
+010,+015
+010,+015
+010,+015
+010,+015
+010,+015
+010,+015
+010,+015
+010,+015
+008,+015
+008,+015
+008,+015
+008,+015
+008,+015
+008,+015
+008,+015
+008,+015
+008,+015
+008,+015
+008,+015
+008,+015
+008,+015
+008,+015
+008,+015
+008,+015
+008,+015
+008,+015
+008,+015
+008,+015
+008,+015
+008,+015
+008,+015
+008,+015
+008,+015
+008,+015
+008,+015
+008,+015
+008,+015
+008,+015
+008,+015
+008,+015
+008,+015
+008,+015
+008,+015
+008,+015
+008,+015
+008,+015
+008,+015
+008,+015
+008,+015
+008,+015
+008,+015
+008,+015
+008,+015
+008,+015
+008,+015
+008,+015
+008,+015
+008,+015
+008,+015
+008,+015
+008,+015
+008,+015
+008,+015
+008,+015
+008,+015
+008,+015
+008,+015
+008,+015
+008,+015
+008,+015
+008,+015
+008,+015
+008,+015
+008,+015
+008,+015
+008,+015
+008,+015
+008,+015
+008,+015
+008,+015
+008,+015
+008,+015
+008,+015
+008,+015
+008,+015
+008,+015
+008,+015
+008,+015
+008,+015
+008,+015
+008,+015
+008,+015
+008,+015
+008,+015
+008,+015
+008,+015
+008,+015
+008,+015
+008,+015
+008,+015
+008,+015
+008,+017
+008,+017
+008,+017
+008,+017
+008,+017
+008,+017
+008,+017
+008,+017
+008,+017
+008,+017
+008,+017
+008,+017
+008,+017
+008,+017
+008,+017
+008,+017
+008,+017
+008,+017
+008,+017
+008,+017
+008,+017
+008,+017
+008,+017
+008,+017
+008,+017
+006,+017
+006,+017
+006,+017
+006,+017
+006,+017
+006,+017
+006,+017
+006,+017
+006,+017
+006,+017
+006,+017
+006,+017
+006,+017
+006,+017
+006,+017
+006,+017
+006,+017
+006,+017
+006,+017
+006,+017
+006,+017
+006,+017
+006,+017
+006,+017
+006,+017
+006,+017
+006,+017
+006,+017
+006,+017
+006,+017
+006,+017
+006,+017
+006,+017
+006,+017
+006,+017
+006,+017
+006,+017
+006,+017
+006,+017
+006,+017
+006,+017
+006,+017
+006,+017
+006,+017
+006,+017
+006,+017
+006,+017
+006,+017
+006,+017
+006,+017
+006,+017
+006,+017
+006,+017
+006,+017
+006,+017
+006,+017
+006,+017
+006,+017
+006,+017
+006,+015
-005,+015
-005,+015
-004,+015
-004,+015
-004,+015
-004,+015
-004,+015
-004,+015
-004,+015
-004,+015
-004,+015
-004,+015
-004,+015
-004,+015
-003,+015
-003,+013
-003,+013
-003,+013
-003,+013
-003,+013
-003,+013
-003,+013
-003,+013
-003,+013
-003,+013
-003,+013
-003,+013
-003,+013
-003,+013
-003,+013
-003,+013
-003,+013
-003,+013
-003,+013
-003,+013
-003,+013
-003,+013
-003,+013
-003,+013
-003,+013
-003,+013
-003,+013
-003,+013
-003,+013
-003,+013
-003,+013
-003,+013
-003,+013
-003,+013
-003,+013
-003,+013
-003,+013
-003,+013
-003,+013
-003,+011
-003,+011
-003,+011
-003,+011
-003,+011
-003,+011
-003,+011
-003,+011
-003,+011
-003,+011
-003,+011
-003,+011
-003,+011
-003,+011
-003,+011
-003,+011
-003,+011
-003,+011
-003,+011
-003,+011
-003,+011
-003,+011
-003,+011
-003,+011
-003,+011
-003,+011
-003,+011
-003,+011
-003,+011
-003,+011
-003,+011
-003,+011
-003,+011
-003,+011
-003,+011
-003,+011
-003,+011
-003,+011
-003,+011
-003,+011
-003,+011
-003,+011
-003,+011
-003,+011
-003,+011
-003,+011
-003,+011
-003,-010
-003,-010
-003,-010
-003,-010
-003,-010
-003,-010
-003,-010
-003,-010
-003,-010
-003,-010
-003,-009
-003,-009
-003,-009
-003,-009
-003,-009
-003,-009
+006,-009
+006,-009
-005,-009
-005,-009
-005,-009
-005,-009
-005,-009
-005,-008
-005,-008
-005,-008
-005,-008
-005,-008
-005,-008
-005,-007
-005,-007
-005,-007
-005,-007
-005,-007
-005,-007
-005,-007
-005,-006
-005,-006
-005,-006
-005,-006
-005,-006
-005,-006
-005,-006
-005,-006
-005,-006
-005,-006
-005,-006
-005,-006
-005,-006
-005,-006
-005,-005
-005,-005
-005,-005
-005,-005
-005,-005
-005,-005
-005,-005
-005,-005
-005,-005
-005,-005
-005,-005
-005,-005
-005,-005
-005,-005
-005,-005
-005,-005
-005,-005
-005,-005
-005,-005
-005,-005
+007,-005
+007,-005
+007,-005
+007,-005
+007,-005
+007,-005
+007,-005
+007,-005
+007,-005
+007,-005
+007,-005
+007,-005
+007,-005
+007,-005
+007,-005
+007,-005
+007,-008
+007,-008
+009,-008
+009,-008
+009,-008
+009,-008
+009,-008
+009,-008
+009,-008
+009,-008
+009,-008
+009,-008
+009,-008
+009,-008
+009,-008
+009,-008
+009,-008
+009,-008
+011,-008
+011,-008
+011,-008
+011,-008
+011,-008
+011,-008
+011,-008
+011,-008
+011,-008
+011,-008
+011,-008
+011,-008
+011,-007
+011,-007
+011,-007
+011,-007
+011,-007
+011,-007
+011,-007
+011,-007
+011,-007
+011,-007
+011,-007
+011,-007
+011,-007
+011,-007
+011,-007
+011,-007
+011,-007
+011,-007
+011,-007
+011,-007
+011,-006
+011,-006
+009,-006
+009,-006
+009,-006
+009,-006
+009,-006
+009,-006
+009,-006
+009,-006
+009,-006
+009,-006
+009,-006
+009,-005
+009,-005
+009,-005
+009,-005
+009,-005
+009,-004
+009,-003
+009,-003
+009,-002
+011,-002
+011,-002
+011,-002
+011,-002
+011,-002
+011,-002
+011,-002
+011,-002
+011,-002
+011,-002
+011,-002
+009,-002
+009,-002
+009,-002
+009,-002
+009,-002
+009,-002
+009,-002
+009,-002
+009,-002
+009,-002
+009,-002
+009,-002
+009,-002
+009,-002
+009,-002
+007,-002
+007,-002
+007,-002
+007,-002
+007,-002
+007,-002
+007,-002
+007,-002
+007,-002
+007,-002
+007,-002
+007,-002
+007,-002
+007,-002
+007,-002
+007,-002
+007,-002
+007,-002
+007,-002
+007,-002
+007,-002
+007,-002
+007,-002
+007,-002
+007,-002
+007,-002
+007,-002
+007,-002
+007,-002
+007,-002
+007,-002
+007,-002
+007,-002
+007,-002
+007,-002
+007,-002
+007,-002
+007,-002
+007,-002
+007,-002
+007,-002
+007,-002
+007,-002
+007,-002
+007,-002
+009,-002
+009,-002
+009,-001
+009,-001
+009,-001
+009,-001
+011,-000
+011,-000
+011,-000
+011,-000
+011,-000
+011,-000
+011,-000
+011,-000
+011,-000
+011,-000
+011,-000
+011,-000
+011,-000
+011,-000
+011,-001
+011,-001
+011,-001
+011,-001
+013,-001
+013,-001
+013,-001
+013,-001
+013,-001
+013,-001
+013,-002
+013,-002
+013,-002
+013,-002
+013,-002
+013,-002
+013,-002
+013,-002
+013,-002
+013,-002
+013,-002
+013,-002
+013,-002
+013,-002
+013,-002
+013,-002
+013,-002
+013,-002
+013,-002
+013,-002
+013,-002
+013,-002
+013,-002
+013,-002
+013,-002
+013,-002
+013,-002
+013,-002
+013,-002
+013,-002
+013,-002
+013,-002
+013,-002
+013,-002
+013,-002
+013,-002
+013,-002
+013,-002
+013,-002
+013,-002
+013,-002
+013,-002
+013,-002
+013,-002
+013,-002
+013,-002
+013,-002
+013,-002
+013,-002
+013,-002
+013,-002
+013,-002
+013,-002
+013,-002
+013,-002
+013,-002
+013,-002
+013,-002
+013,-002
+013,-002
+013,-002
+013,-002
+013,-002
+013,-002
+013,-002
+013,-002
+013,-002
+013,-002
+013,-002
+013,-002
+013,-002
+013,-002
+013,-002
+013,-003
+013,-003
+013,-003
+013,-003
+013,-003
+013,-003
+013,-003
+013,-003
+013,-003
+013,-003
+013,-003
+013,-003
+013,-003
+013,-003
+013,-003
+013,-003
+013,-003
+013,-003
+013,-003
+013,-003
+013,-003
+013,-003
+013,-003
+013,-003
+013,-003
+013,-003
+013,-003
+013,-003
+013,-003
+013,-003
+013,-003
+013,-003
+013,-003
+013,-003
+013,-003
+013,-003
+013,-003
+013,-003
+013,-003
+013,-003
+013,-003
+013,-003
+013,-003
+013,-003
+013,-003
+013,-003
+013,-003
+013,-003
+013,-003
+013,-003
+013,-003
+013,-003
+013,-003
+013,-000
+013,-001
+013,-001
+013,-001
+013,-001
+013,-001
+013,-001
+013,-001
+013,-001
+013,-001
+013,-001
+013,-001
+013,-001
+013,-001
+013,-001
+011,-001
+011,-001
+011,-001
+011,-001
+011,-001
+011,-001
+011,-001
+011,-001
+011,-001
+011,-001
+011,-001
+011,-001
+011,-001
+011,-001
+011,-001
+011,-001
+011,-001
+011,-001
+011,-001
+011,-001
+011,-001
+011,-001
+011,-001
+011,-001
+011,-001
+011,-001
+011,-001
+011,-001
+011,-001
+011,-001
+011,-001
+011,-001
+011,-001
+011,-001
+011,-001
+011,-001
+011,-001
+011,-001
+011,-002
+011,-001
+011,-001
+011,-001
+011,-001
+011,-001
+011,-001
+011,-001
+011,-001
+011,-001
+011,-001
+011,-001
+011,-001
+011,-001
+011,-001
+011,-001
+011,-001
+011,-001
+011,-001
+011,-001
+011,-001
+011,-004
+011,-004
+011,-004
+009,-004
+009,-004
+009,-004
+009,-004
+009,-004
+009,-004
+009,-004
+009,-004
+009,-004
+009,-004
+009,-004
+009,-004
+009,-004
+009,-004
+009,-004
+009,-004
+009,-004
+009,-004
+009,-004
+009,-004
+009,-004
+009,-004
+009,-004
+009,-004
+009,-004
+009,-004
+009,-004
+009,-004
+009,-004
+009,-004
+009,-004
+007,-004
+007,-004
+007,-004
+007,-004
+007,-004
+007,-004
+007,-004
+007,-004
+007,-004
+007,-004
+007,-004
+007,-004
+007,-004
+007,-004
+007,-004
+007,-004
+007,-004
+007,-004
+007,-004
+007,-004
+007,-004
+007,-004
+007,-004
+007,-004
+007,-004
+007,-004
+007,-004
+007,-004
+007,-004
+007,-004
+007,-004
+007,-004
+007,-004
+007,-004
+007,-004
+007,-004
+007,-004
+007,-004
+007,-004
+007,-004
+007,-003
+007,-003
+007,-003
+007,-003
+007,-003
+007,-003
+007,-003
+007,-003
+007,-003
+007,-003
+007,-003
+007,-003
+007,-003
+007,-003
+007,-003
+007,-003
+007,-003
+007,-003
+007,-003
+007,-003
+007,-003
+007,-003
+007,-003
+007,-003
+007,-003
+007,-003
+007,-003
+007,-003
+009,-002
+009,-002
+009,-002
+009,-001
+009,-001
+009,-001
+009,-001
+009,-001
+011,-001
+011,-001
+011,-001
+011,-001
+011,-001
+011,-001
+011,-001
+011,-001
+011,-001
+011,-001
+011,-001
+011,-001
+011,-001
+011,-001
+011,-001
+011,-001
+011,-001
+011,-000
+011,-000
+011,-000
+011,-000
+011,-000
+011,-000
+011,-000
+011,-000
+011,-000
+011,-000
+011,-000
+011,-000
+011,-000
+011,-000
+011,-000
+011,-000
+011,-000
+011,-000
+011,-000
+011,-000
+011,-000
+011,-000
+011,-000
+011,-000
+011,-000
+011,-000
+011,-000
+011,-000
+011,-000
+011,-000
+011,-000
+011,-000
+011,-000
+011,-000
+011,-000
+011,-000
+011,-000
+011,-000
+011,-000
+011,-000
+011,-001
+011,-001
+011,-001
+011,-001
+011,-001
+011,-001
+011,-001
+011,-001
+011,-001
+011,-001
+011,-001
+011,-001
+011,-001
+011,-001
+011,-001
+011,-001
+011,-001
+011,-001
+011,-001
+011,-001
+011,-001
+011,-001
+011,-001
+011,-001
+011,-001
+011,-001
+011,-001
+011,-001
+011,-001
+011,-001
+011,-001
+011,-001
+011,-001
+011,-001
+011,-001
+009,-001
+009,-001
+009,-001
+009,-001
+009,-001
+009,-001
+009,-001
+009,-001
+009,-001
+009,-001
+009,-001
+009,-001
+007,-001
+007,-001
+007,-001
+007,-001
+007,-001
+007,-001
+007,-001
+007,-001
+006,-001
+006,-001
+006,-001
+006,-001
+006,-001
+006,-001
+006,-001
+006,-001
-005,-001
-005,-001
-005,-001
-005,-001
-005,-001
-005,-001
-005,-001
-005,-001
-005,-001
-004,-001
-004,-001
-004,-001
-004,-001
-004,-001
-004,-001
-004,-001
-004,-001
-004,-001
-004,-001
-004,-001
-004,-001
-004,-001
-004,-001
-004,-001
-004,-001
-004,-001
-004,-001
-004,-001
-004,-001
-004,-001
-004,-001
-004,-001
-004,-001
-004,-001
-004,-001
-004,-001
-004,-001
-004,-001
-004,-001
-004,-001
-004,-001
-004,-001
-004,-001
-004,-001
-004,-001
-004,-001
-004,-001
-004,-001
-004,-001
-004,-001
-004,-001
-004,-001
-004,-001
-004,-001
-004,-001
-004,-001
-004,-001
-004,-001
+006,-001
+006,-001
+006,-001
+006,-001
+008,-001
+008,-001
+008,-001
+008,-001
+008,-001
+008,-001
+008,-001
+008,-001
+008,-001
+008,-001
+008,-002
+008,-002
+008,-002
+008,-002
+008,-002
+008,-002
+008,-002
+008,-005
+008,-005
+008,-005
+008,-005
+008,-005
+008,-005
+008,-005
+008,-005
+008,-005
+008,-005
+008,-005
+008,-005
+008,-005
+008,-005
+008,-005
+008,-005
+008,-005
+008,-005
+008,-005
+008,-005
+008,-005
+008,-004
+008,-004
+008,-004
+008,-004
+008,-004
+008,-004
+008,-004
+008,-004
+008,-004
+008,-004
+008,-004
+008,-004
+008,-004
+008,-004
+008,-003
+008,-003
+010,-002
+010,-002
+010,-001
+010,-001
+010,-001
+010,-001
+010,-001
+010,-001
+010,-000
+010,-000
+010,-000
+010,-000
+010,-000
+010,-000
+010,-000
+010,-001
+010,-001
+010,-001
+010,-001
+010,-001
+010,-001
+010,-001
+010,-001
+010,-002
+010,-002
+010,-002
+010,-002
+010,-002
+010,-002
+010,-002
+010,-002
+010,-002
+010,-002
+010,-002
+010,-002
+010,-002
+010,-002
+010,-002
+010,-002
+010,-002
+010,-002
+010,-002
+010,-002
+010,-002
+010,-002
+010,-002
+010,-002
+010,-002
+010,-002
+010,-002
+010,-002
+010,-002
+010,-002
+010,-002
+010,-002
+010,-002
+010,-002
+010,-002
+010,-002
+010,-002
+010,-002
+010,-002
+010,-002
+010,-002
+010,-002
+010,-002
+010,-002
+010,-002
+010,-002
+010,-002
+010,-002
+010,-002
+010,-002
+010,-002
+010,-002
+010,-002
+010,-002
+010,-002
+010,-002
+010,-002
+010,-002
+010,-002
+010,-002
+010,-002
+010,-002
+010,-002
+010,-002
+010,-002
+010,-002
+010,-002
+010,-002
+010,-002
+010,-002
+010,-002
+010,-002
+010,-002
+010,-002
+010,-002
+010,-002
+012,-002
+012,-002
+012,-002
+012,-002
+012,-002
+012,-002
+012,-002
+012,-002
+012,-002
+012,-002
+012,-002
+012,-002
+012,-002
+012,-002
+012,-002
+012,-002
+012,-002
+012,-002
+012,-002
+012,-002
+012,-002
+012,-002
+012,-002
+012,-002
+012,-002
+012,-002
+012,-002
+012,-002
+012,-002
+012,-002
+012,-002
+012,-002
+012,-002
+012,-002
+012,-002
+012,-002
+012,-002
+012,-002
+012,-002
+014,-002
+014,-002
+014,-002
+014,-002
+014,-002
+014,-002
+014,-002
+014,-002
+014,-002
+014,-002
+014,-002
+014,-002
+014,-002
+014,-002
+014,-002
+014,-002
+014,-002
+014,-002
+014,-002
+014,-002
+014,-002
+014,-002
+014,-002
+014,-002
+014,-002
+014,-002
+014,-002
+014,-002
+014,-002
+014,-002
+014,-002
+014,-002
+014,-002
+014,-002
+014,-002
+014,-002
+014,-002
+014,-002
+014,-002
+014,-002
+014,-002
+014,-002
+014,-002
+014,-002
+014,-002
+014,-002
+014,-002
+014,-002
+014,-002
+014,-002
+014,-002
+014,-002
+014,-002
+016,-002
+016,-002
+016,-002
+016,-002
+016,-003
+016,-003
+016,-003
+016,-003
+016,-003
+016,-003
+016,-003
+016,-003
+016,-003
+016,-003
+016,-003
+016,-003
+016,-003
+016,-003
+016,-003
+016,-003
+016,-003
+016,-003
+016,-003
+016,-003
+016,-003
+016,-003
+016,-003
+016,-003
+016,-003
+016,-003
+016,-003
+016,-003
+016,-003
+016,-003
+016,-003
+016,-003
+016,-003
+016,-003
+016,-003
+016,-003
+016,-003
+016,-003
+016,-003
+016,-003
+016,-003
+016,-003
+016,-003
+016,-003
+014,-003
+014,-003
+014,-003
+014,-003
+014,-003
+014,-003
+014,-003
+014,-003
+014,-003
+014,-003
+014,-003
+014,-003
+014,-003
+014,-003
+014,-003
+014,-003
+014,-003
+014,-003
+014,-003
+014,-003
+014,-003
+014,-003
+014,-003
+014,-003
+014,-003
+014,-003
+014,-003
+014,-003
+014,-003
+014,-003
+014,-003
+014,-003
+014,-003
+014,-003
+014,-003
+014,-003
+014,-003
+014,-000
+014,-001
+014,-001
+014,-001
+014,-001
+014,-001
+014,-001
+014,-001
+014,-001
+014,-001
+014,-001
+014,-001
+014,-001
+014,-001
+014,-001
+014,-001
+014,-001
+014,-001
+014,-001
+014,-001
+014,-001
+014,-001
+014,-001
+014,-001
+014,-001
+014,-001
+014,-001
+014,-001
+014,-001
+014,-001
+014,-001
+014,-001
+014,-001
+014,-001
+014,-001
+014,-001
+014,-001
+014,-001
+014,-001
+014,-001
+014,-001
+014,-001
+014,-001
+014,-001
+014,-001
+014,-001
+014,-001
+014,-001
+014,-001
+014,-001
+014,-001
+014,-001
+014,-001
+014,-001
+014,-001
+014,-001
+014,-001
+014,-001
+014,-001
+014,-001
+014,-001
+014,-001
+014,-001
+014,-001
+014,-001
+016,-001
+016,-001
+016,-001
+016,-001
+016,-001
+016,-001
+016,-001
+016,-001
+016,-001
+016,-001
+016,-001
+016,-001
+016,-001
+016,-001
+016,-001
+016,-001
+016,-001
+016,-001
+016,-001
+016,-001
+016,-001
+016,-001
+016,-001
+016,-001
+016,-001
+016,-001
+016,-001
+016,-001
+016,-001
+016,-001
+016,-001
+016,-001
+016,-001
+016,-001
+016,-001
+018,-001
+018,-001
+018,-001
+018,-002
+018,-002
+018,-002
+018,-002
+018,-002
+018,-002
+018,-002
+018,-002
+018,-002
+020,-002
+020,-002
+020,-002
+020,-002
+018,-002
+018,-002
+018,-001
+018,-001
+018,-001
+018,-001
+018,-001
+016,-001
+016,-001
+016,-000
+016,-000
+016,-000
+016,-000
+016,-000
+016,-000
+016,-000
+016,-000
+016,-000
+016,-000
+016,-000
+016,-000
+016,-000
+016,-000
+016,-000
+016,-000
+016,-000
+016,-000
+016,-000
+016,-000
+016,-000
+016,-000
+016,-000
+016,-000
+016,-000
+016,-000
+016,-000
+016,-000
+014,-000
+014,-000
+014,-000
+014,-000
+014,-000
+014,-000
+014,-000
+014,-000
+014,-000
+014,-000
+014,-000
+014,-000
+014,-000
+014,-000
+014,-000
+014,-000
+014,-000
+012,-000
+012,-000
+012,-000
+012,-000
+012,-000
+012,-000
+012,-000
+012,-000
+012,-000
+012,-000
+012,-000
+012,-000
+012,-000
+010,-000
+010,-000
+010,-000
+010,-000
+010,-000
+008,-003
+008,-003
+008,-003
+008,-003
+008,-003
+008,-003
+008,-003
+008,-003
+008,-003
+008,-003
+008,-003
+008,-003
+008,-003
+008,-003
+008,-003
+008,-003
+008,-003
+008,-003
+008,-003
+008,-003
+008,-003
+008,-003
+008,-003
+008,-003
+008,-003
+008,-003
+008,-003
+008,-003
+008,-003
+008,-003
+008,-003
+008,-003
+008,-003
+008,-003
+008,-003
+008,-003
+008,-003
+008,-003
+008,-003
+008,-003
+008,-003
+008,-003
+008,-003
+008,-003
+008,-003
+008,-003
+008,-003
+008,-003
+008,-003
+008,-003
+008,-003
+008,-003
+008,-003
+008,-003
+008,-003
+008,-003
+008,-003
+008,-003
+008,-003
+008,-003
+008,-003
+008,-003
+008,-003
+008,-003
+008,-003
+008,-003
+008,-003
+008,-003
+008,-006
+008,-006
+008,-006
+008,-006
+008,-006
+008,-006
+008,-006
+008,-006
+008,-006
+008,-006
+008,-006
+008,-006
+008,-006
+008,-006
+008,-006
+008,-006
+008,-006
+008,-006
+008,-006
+008,-006
+008,-006
+008,-006
+008,-006
+008,-006
+008,-006
+008,-006
+008,-006
+008,-006
+008,-006
+008,-006
+008,-006
+008,-006
+008,-006
+008,-006
+008,-006
+008,-006
+008,-006
+008,-006
+008,-006
+008,-006
+008,-006
+008,-006
+008,-006
+008,-006
+008,-006
+008,-006
+008,-006
+008,-006
+008,-009
+008,-008
+008,-008
+008,-008
+008,-008
+008,-008
+008,-008
+008,-008
+008,-008
+008,-008
+010,-008
+010,-008
+010,-008
+010,-008
+012,+011
+012,+011
+012,+011
+012,+011
+012,+011
+012,+011
+012,+011
+012,+011
+012,+011
+012,+011
+012,+011
+012,+011
+012,+011
+012,+011
+012,+011
+012,+011
+012,+011
+012,+011
+012,+011
+012,+011
+012,+011
+012,+011
+012,+011
+012,+011
+012,+011
+012,+011
+012,+011
+012,+011
+012,+011
+012,+011
+012,+011
+012,+011
+012,+011
+012,+011
+012,+011
+012,+011
+012,+011
+012,+011
+012,+011
+012,+011
+012,+011
+012,+011
+012,+011
+012,+011
+012,+011
+012,+011
+012,+011
+012,+011
+012,+011
+012,+011
+012,+011
+012,+011
+012,+011
+012,+011
+012,+011
+012,+011
+012,+011
+012,+011
+012,+011
+012,+011
+012,+011
+012,+011
+012,+011
+012,+011
+012,+011
+012,+011
+012,+011
+012,+011
+012,+011
+012,+011
+012,+011
+012,+011
+012,+011
+012,+011
+012,+011
+012,+011
+012,+011
+012,+011
+012,+011
+012,+011
+012,+011
+012,+011
+012,+011
+012,+011
+012,+011
+012,+011
+012,+011
+012,+011
+012,+011
+012,+011
+012,+011
+012,+011
+012,+011
+012,+011
+012,+011
+012,+011
+012,+011
+012,+011
+012,+011
+012,+011
+014,+011
+014,+011
+014,+011
+014,+011
+014,+011
+014,+011
+014,+011
+014,+011
+014,+011
+014,+011
+014,+011
+014,+011
+014,+011
+014,+011
+014,+011
+014,+011
+014,+011
+014,+011
+014,+011
+014,+011
+014,+011
+014,+011
+014,+011
+014,+011
+014,+011
+014,+011
+014,+011
+014,+011
+014,+011
+014,+011
+014,+011
+014,+011
+014,+011
+014,+011
+014,+011
+014,+011
+014,+011
+014,+011
+014,+011
+014,+011
+014,+011
+014,+011
+014,+011
+014,+011
+014,+011
+014,+011
+014,+011
+014,+011
+014,+011
+014,+011
+014,-010
+014,-010
+014,-010
+014,-010
+014,-010
+016,-009
+016,-009
+016,-009
+016,-008
+016,-008
+016,-008
+016,-008
+016,-008
+016,-008
+016,-008
+016,-008
+016,-008
+018,-007
+018,-007
+018,-007
+018,-007
+018,-007
+018,-007
+018,-007
+018,-007
+018,-007
+018,-007
+018,-007
+018,-007
+018,-007
+018,-007
+018,-007
+018,-007
+018,-007
+018,-007
+018,-007
+018,-007
+018,-007
+018,-007
+018,-007
+018,-007
+018,-007
+018,-007
+018,-007
+018,-007
+018,-007
+018,-007
+018,-007
+018,-007
+018,-007
+018,-007
+018,-007
+018,-007
+018,-007
+018,-007
+018,-007
+018,-007
+018,-007
+018,-007
+018,-007
+018,-007
+018,-007
+018,-007
+018,-007
+018,-007
+018,-007
+018,-007
+018,-007
+018,-007
+018,-007
+018,-007
+018,-007
+018,-007
+018,-007
+018,-007
+018,-007
+018,-007
+018,-007
+018,-007
+018,-007
+015,-010
+015,-010
+015,-010
+015,-010
+015,-010
+015,-010
+015,-010
+015,-010
+015,-010
+015,-010
+015,-010
+015,-010
+015,-010
+015,-010
+015,-010
+015,-010
+015,-010
+015,-010
+015,-010
+015,-010
+015,-010
+015,-010
+015,-010
+015,-010
+015,-010
+013,-010
+013,-010
+013,-010
+013,-010
+013,-010
+013,-010
+013,-010
+013,-010
+013,-010
+013,-010
+013,-010
+013,-010
+013,-010
+013,-010
+013,-010
+013,-010
+013,-010
+013,-010
+013,-010
+013,-010
+013,-010
+013,-010
+013,-010
+013,-010
+013,-010
+013,-010
+013,-010
+013,-010
+013,-010
+013,-010
+013,-010
+013,-010
+013,-010
+013,-010
+013,-010
+013,-010
+013,-010
+013,-010
+013,-010
+013,-010
+013,-010
+013,-010
+013,-010
+013,-010
+013,-010
+013,-010
+013,-010
+013,-010
+013,-010
+013,-010
+013,-010
+013,-010
+013,-010
+013,-010
+013,-010
+013,-010
+013,-010
+013,-010
+013,-010
+013,-010
+013,-010
+013,-010
+013,-010
+013,-010
+013,-010
+013,-010
+013,-010
+013,-010
+013,-010
+013,-010
+013,-010
+013,-010
+013,-010
+013,-010
+013,-010
+013,-010
+013,-010
+013,-010
+011,-009
+011,-009
+011,-009
+011,-009
+011,-009
+011,-009
+011,-009
+011,-009
+011,-009
+011,-009
+011,-009
+011,-009
+011,-009
+011,-009
+011,-009
+011,-009
+011,-009
+011,-009
+011,-009
+011,-009
+011,-009
+011,-009
+011,-009
+011,-009
+011,-009
+011,-009
+011,-009
+011,-009
+011,-009
+011,-009
+011,-009
+011,-008
+011,-008
+011,-008
+011,-008
+011,-008
+011,-008
+011,-008
+011,-008
+011,-008
+011,-008
+011,-008
+011,-008
+011,-008
+011,-008
+011,-008
+011,-008
+011,-008
+011,-008
+011,-008
+011,-008
+013,-008
+013,+011
+013,-010
+013,-010
+013,-010
+013,-010
+013,-010
+013,-010
+013,-010
+013,-010
+013,-010
+013,-010
+013,-010
+013,-010
+013,-010
+013,-010
+013,-009
+011,-009
+011,-009
+011,-008
+011,-008
+011,-008
+011,-008
+011,-008
+011,-008
+011,-008
+011,-008
+011,-008
+011,-008
+011,-008
+011,-008
+011,-008
+011,-008
+011,-008
+011,-008
+011,-008
+011,-008
+011,-008
+011,-008
+011,-008
+011,-008
+011,-008
+011,-008
+011,-008
+011,-008
+011,-008
+011,-008
+011,-008
+011,-008
+011,-008
+011,-008
+011,-008
+011,-008
+011,-007
+011,-007
+011,-007
+011,-007
+011,-007
+011,-007
+011,-007
+011,-007
+011,-007
+011,-007
+011,-007
+011,-007
+011,-007
+011,-007
+011,-010
+011,-010
+011,-010
+013,-010
+013,-010
+013,-010
+013,-010
+013,-010
+013,-010
+013,-010
+013,-010
+013,-010
+013,-010
+013,-010
+013,-010
+013,-010
+013,-010
+013,-010
+013,-010
+013,-010
+013,-010
+013,-010
+013,-010
+013,-010
+013,-010
+013,-010
+013,-010
+013,-010
+013,-010
+013,-010
+013,-010
+013,-010
+013,-010
+013,-010
+013,-010
+013,-010
+013,-010
+013,-010
+013,-010
+013,-010
+013,-010
+013,-010
+013,-010
+013,-010
+013,-010
+015,-010
+015,-009
+015,-008
+017,-008
+017,-007
+017,-007
+017,-007
+017,-007
+017,-007
+017,-007
+017,-007
+017,-007
+017,-007
+017,-007
+017,-007
+017,-007
+017,-007
+017,-007
+017,-007
+017,-007
+017,-007
+017,-006
+017,-006
+017,-006
+017,-006
+017,-006
+017,-006
+017,-006
+017,-006
+017,-006
+017,-006
+017,-006
+017,-006
+017,-006
+017,-006
+017,-006
+017,-006
+017,-006
+017,-006
+017,-006
+017,-006
+017,-006
+017,-006
+017,-006
+017,-006
+017,-006
+017,-006
+017,-006
+017,-006
+017,-006
+017,-006
+017,-006
+017,-006
+017,-006
+017,-006
+017,-006
+017,-006
+017,-006
+017,-006
+017,-006
+017,-006
+017,-006
+017,-006
+017,-006
+017,-006
+017,-006
+017,-006
+017,-006
+017,-006
+017,-006
+017,-006
+015,-006
+015,-010
+015,-010
+015,-010
+015,-010
+015,-010
+015,-010
+015,-010
+013,-010
+013,-010
+013,-009
+013,-009
+013,-008
+013,-008
+011,-008
+011,-007
+011,-007
+011,-007
+011,-007
+011,-007
+011,-007
+011,-007
+011,-007
+011,-007
+011,-007
+009,-006
+009,-006
+009,-006
+009,-006
+009,-006
+009,-006
+009,-006
+009,-006
+009,-006
+009,-006
+009,-006
+009,-006
+009,-005
+009,-005
+009,-005
+009,-005
+009,-005
+009,-005
+009,-005
+009,-005
+009,-005
+009,-005
+009,-005
+009,-005
+009,-005
+009,-005
+009,-005
+009,-005
+009,-005
+009,-005
+009,-005
+009,-005
+009,-004
+009,-004
+009,-004
+009,-004
+009,-004
+009,-004
+009,-004
+009,-004
+009,-004
+009,-004
+009,-004
+009,-004
+009,-004
+009,-004
+009,-004
+009,-004
+009,-004
+009,-004
+009,-004
+009,-004
+009,-004
+009,-004
+009,-004
+009,-004
+009,-003
+011,-003
+011,-002
+011,-002
+011,-002
+011,-002
+013,-002
+013,-002
+013,-002
+013,-002
+013,-002
+013,-002
+013,-002
+013,-002
+013,-002
+013,-002
+013,-002
+013,-002
+013,-002
+013,-002
+013,-001
+013,-001
+015,-001
+015,-001
+015,-001
+015,-001
+015,-001
+015,-001
+015,-001
+015,-001
+015,-001
+015,-001
+015,-001
+015,-001
+015,-001
+015,-001
+017,-001
+017,-001
+017,-001
+017,-001
+017,-001
+019,-001
+019,-001
+019,-004
+019,-004
+019,-004
+019,-004
+019,-004
+019,-004
+019,-004
+019,-004
+019,-004
+019,-004
+019,-004
+019,-004
+019,-004
+019,-003
+019,-003
+019,-003
+019,-003
+017,-002
+017,-002
+017,-002
+017,-002
+017,-002
+017,-002
+017,-002
+017,-002
+019,-002
+019,-002
+019,-002
+019,-005
+019,-005
+019,-005
+019,-005
+019,-004
+019,-004
+019,-004
+019,-004
+019,-004
+019,-004
+019,-004
+019,-004
+019,-004
+017,-003
+017,-002
+017,-002
+015,-002
+015,-002
+015,-002
+015,-002
+015,-002
+015,-002
+015,-002
+015,-002
+015,-002
+015,-002
+015,-002
+015,-002
+015,-002
+015,-002
+015,-002
+015,-002
+015,-002
+015,-002
+015,-002
+015,-002
+013,-002
+013,-002
+013,-001
+013,-001
+013,-001
+013,-001
+013,-001
+013,-001
+013,-001
+013,-001
+013,-001
+013,-001
+013,-001
+013,-001
+011,-001
+011,-001
+011,-001
+011,-001
+011,-001
+011,-001
+011,-001
+011,-001
+011,-001
+011,-001
+011,-001
+011,-001
+011,-001
+011,-001
+011,-004
+011,-004
+011,-004
+009,-004
+009,-004
+009,-004
+009,-004
+009,-004
+009,-004
+009,-004
+009,-004
+009,-004
+009,-004
+009,-004
+009,-004
+009,-004
+009,-004
+009,-004
+009,-004
+009,-004
+009,-004
+009,-004
+011,-004
+011,-003
+011,-003
+011,-003
+011,-003
+011,-003
+011,-003
+011,-003
+011,-003
+011,-003
+011,-003
+011,-003
+011,-003
+011,-003
+011,-003
+011,-003
+011,-003
+011,-003
+011,-003
+011,-003
+011,-003
+011,-003
+011,-003
+011,-003
+011,-003
+011,-003
+011,-003
+011,-003
+011,-003
+011,-003
+009,-003
+009,-003
+009,-003
+009,-003
+009,-003
+009,-003
+009,-003
+009,-003
+009,-003
+009,-003
+009,-003
+009,-003
+009,-003
+009,-003
+007,-003
+007,-003
+007,-003
+007,-003
+007,-003
+007,-003
+007,-003
+007,-003
+007,-003
+007,-003
+007,-003
+007,-003
+007,-003
+007,-003
+007,-003
+007,-003
+007,-003
+007,-003
+007,-003
+007,-003
+006,-003
+006,-003
+006,-003
+006,-002
+006,-002
+006,-002
+006,-002
+006,-002
+006,-002
+006,-002
+006,-002
+006,-002
+006,-002
+006,-002
+006,-002
+006,-002
+006,-002
+006,-002
+006,-002
+006,-002
+006,-002
+006,-002
+006,-002
+006,-002
+006,-002
+006,-002
+006,-002
+006,-002
+006,-002
+006,-002
+006,-002
+006,-002
+006,-002
+006,-002
+006,-002
+006,-002
+006,-002
+006,-002
+006,-002
+006,-002
+006,-002
+008,-002
+008,-002
+010,-001
+010,-000
+010,-000
+010,-000
+010,-000
+010,-000
+010,-000
+012,-000
+012,-001
+012,-001
+012,-001
+012,-001
+012,-001
+012,-001
+012,-001
+012,-001
+012,-001
+012,-001
+012,-001
+012,-001
+012,-001
+012,-001
+012,-001
+012,-001
+012,-001
+012,-002
+012,-002
+012,-002
+012,-002
+012,-002
+012,-002
+012,-002
+012,-002
+012,-002
+012,-002
+012,-002
+012,-002
+012,-002
+012,-002
+012,-002
+012,-002
+012,-002
+012,-002
+012,-002
+012,-002
+012,-002
+012,-002
+012,-002
+012,-002
+012,-002
+012,-002
+012,-002
+012,-002
+012,-002
+012,-002
+012,-002
+012,-002
+012,-001
+012,-001
+012,-001
+012,-001
+012,-001
+012,-001
+012,-001
+012,-001
+012,-001
+012,-001
+012,-001
+012,-001
+012,-001
+012,-001
+012,-001
+012,-001
+012,-001
+012,-001
+012,-001
+012,-001
+012,-001
+012,-001
+012,-001
+012,-001
+012,-001
+012,-001
+012,-001
+012,-001
+012,-001
+012,-001
+012,-001
+012,-001
+012,-001
+012,-001
+012,-001
+012,-004
+012,-003
+012,-003
+012,-003
+010,-003
+010,-003
+010,-003
+010,-003
+010,-003
+010,-003
+010,-003
+010,-003
+010,-003
+010,-003
+010,-003
+010,-003
+010,-003
+010,-003
+010,-006
+010,-006
+010,-005
+010,-005
+010,-005
+010,-005
+010,-005
+010,-005
+010,-005
+010,-005
+010,-005
+010,-005
+010,-005
+010,-005
+008,-005
+008,-005
+008,-005
+008,-005
+008,-005
+008,-005
+008,-005
+008,-005
+008,-005
+008,-005
+008,-005
+008,-005
+008,-005
+008,-005
+008,-005
+008,-005
+008,-005
+008,-005
+008,-005
+008,-005
+008,-005
+008,-005
+008,-005
+008,-005
+008,-005
+008,-005
+008,-005
+008,-005
+008,-005
+008,-005
+008,-005
+008,-005
+008,-008
+008,-008
+008,-008
+008,-008
+008,-008
+008,-008
+008,-008
+008,-008
+008,-008
+008,-008
+008,-008
+008,-008
+008,-008
+008,-008
+008,-008
+008,-008
+008,-008
+008,-008
+008,-008
+008,-008
+008,-008
+008,-008
+008,-008
+008,-008
+008,-008
+008,-008
+008,-008
+008,-008
+008,-008
+008,-008
+008,-008
+008,-008
+008,-008
+008,-008
+008,-008
+008,-008
+008,-008
+008,-008
+008,-008
+008,-008
+008,-008
+008,-008
+008,-008
+010,-008
+010,-008
+010,-008
+010,-008
+010,-008
+010,-008
+010,-008
+010,-008
+010,-008
+010,-008
+010,-008
+010,-008
+010,-008
+010,-008
+012,+011
+012,+011
+012,+011
+012,+011
+012,+011
+012,+011
+012,+011
+012,+011
+012,+011
+012,+011
+012,+011
+012,+011
+012,+011
+012,+011
+012,+011
+012,+011
+012,+011
+012,+011
+012,+011
+012,+011
+012,+011
+012,+011
+012,+011
+012,+011
+012,+011
+012,+011
+012,+011
+012,+011
+012,+011
+012,+011
+012,+011
+012,+011
+012,+011
+012,+011
+012,+011
+012,+011
+012,+011
+012,+011
+012,+011
+012,+011
+012,+011
+012,+011
+012,+011
+012,+011
+012,+011
+012,+011
+012,+011
+012,+011
+012,+011
+012,+013
+012,+013
+012,+013
+012,+013
+012,+013
+012,+013
+012,+013
+012,+013
+012,+013
+012,+013
+012,+013
+012,+013
+012,+013
+012,+013
+012,+013
+012,+013
+012,+013
+012,+013
+012,+013
+012,+013
+012,+013
+012,+013
+012,+013
+012,+013
+012,+013
+012,+013
+012,+013
+012,+013
+012,+013
+012,+013
+012,+013
+012,+013
+012,+013
+012,+013
+012,+013
+010,+013
+010,+013
+010,+013
+010,+013
+010,+013
+010,+013
+010,+013
+010,+013
+010,+013
+010,+013
+010,+013
+010,+013
+010,+013
+010,+013
+010,+013
+010,+013
+010,+013
+010,+013
+010,+013
+010,+013
+010,+013
+010,+013
+010,+013
+010,+013
+010,+013
+010,+013
+010,+013
+010,+013
+010,+013
+010,+013
+010,+013
+010,+013
+010,+013
+010,+013
+010,+013
+010,+013
+010,+013
+010,+013
+010,+013
+010,+013
+010,+013
+010,+013
+010,+013
+010,+013
+010,+013
+010,+013
+010,+013
+010,+013
+010,+013
+010,+013
+010,+013
+010,+013
+010,+013
+010,+013
+010,+013
+010,+013
+010,+013
+010,+013
+010,+013
+010,+013
+010,+013
+010,+013
+010,+013
+010,+013
+010,+013
+010,+013
+010,+013
+010,+013
+010,+013
+010,+013
+010,+013
+010,+013
+010,+013
+010,+013
+010,+013
+010,+011
+010,+011
+008,+011
+008,+011
+008,+011
+008,+011
+008,+011
+008,-010
+006,-010
+006,-010
+006,-010
+006,-010
+006,-010
+006,-010
+006,-010
+006,-010
+006,-009
+006,-009
+006,-009
+006,-009
+006,-008
+006,-008
-005,-008
-005,-008
-005,-008
-005,-008
-005,-007
-005,-007
-005,-007
-005,-007
-005,-007
-004,-007
-004,-007
-004,-006
-004,-006
-004,-006
-004,-006
-004,-006
-004,-006
-003,-005
-003,-005
-003,-005
-003,-005
-003,-005
-003,-005
-003,-005
-003,-005
-003,-005
-003,-005
-003,-005
-003,-005
-002,-005
-002,-005
-002,-005
-002,-005
-002,-005
-002,-004
-002,-004
-002,-004
-002,-004
-002,-004
-002,-004
-002,-004
-002,-004
-002,-004
-002,-004
-002,-004
COP Area(S): 000248
COP Area(R): 000444