+000,-000
+000,-000
+000,-000
+000,-000
+000,-000
+002,-000
+002,-000
+002,-000
+002,-000
+002,-000
+002,-000
+002,-000
+002,-000
+002,-000
+002,-003
+002,-003
+002,-003
+002,-003
+000,-003
+000,-006
+000,-006
+000,-006
+000,-006
+000,-006
+002,-006
+002,-009
+002,-009
+002,-009
+002,-009
+002,-009
+002,-009
+002,-009
+002,-009
+004,-009
+004,-009
+004,-009
+004,-009
+004,-009
+004,-009
+004,-009
+004,-009
+004,-009
+004,-009
+002,-009
+002,-009
+002,-009
+002,-009
+002,-012
+002,-012
+002,-012
+002,-012
+002,-012
+000,-012
+000,-012
+000,-012
+000,-012
+000,-012
+000,-015
+002,-015
+002,-015
+002,-015
+002,-015
+002,-015
+002,-015
+004,-018
+004,-018
+004,-018
+004,-018
+004,-018
+004,-018
+004,-018
+004,-018
+004,-021
+004,-021
+006,-021
+006,-021
+006,-021
+006,-021
+006,-021
+006,-024
+006,-024
+006,-024
+006,-024
+006,-024
+006,-027
+006,-027
+004,-027
+004,-027
+004,-027
+004,-027
+004,-027
+004,-027
+004,-027
+002,-027
+002,-027
+002,-030
+002,-030
+002,-029
+002,-029
+002,-029
+002,-029
+002,-029
+002,-029
+002,-029
+002,-029
+000,-029
+000,-029
+000,-029
+000,-029
+000,-029
+000,-029
+000,-029
+000,-029
+000,-028
+000,-028
+000,-028
+000,-028
+000,-028
+000,-028
+000,-028
+000,-028
+000,-028
+000,-028
+000,-028
+003,+031
+003,+031
+003,-030
+003,-030
+003,-030
+005,-030
+005,-030
+005,-030
+005,-030
+005,+032
+005,+032
+005,+032
+007,+032
+007,+032
+007,+034
+007,+034
+007,+034
+007,+034
+009,+034
+009,+034
+009,+034
+009,+034
+009,+034
+009,+036
+009,+036
+009,+036
+009,+036
+009,+036
+011,+036
+011,+036
+011,+036
+011,+036
+011,+036
+011,+036
+011,+036
+013,+036
+013,+036
+013,+036
+013,+036
+013,+036
+015,+036
+015,+036
+015,+036
+015,+036
+015,+038
+017,+038
+017,+038
+017,+038
+017,+038
+017,+038
-018,+038
-018,+038
-018,+038
-019,+038
-019,+038
-019,+038
-019,+036
-019,+036
-019,+036
-019,+036
-019,+036
-019,+036
-019,+036
-019,+036
-019,+036
-019,+036
-019,+036
-019,+036
-019,+034
-019,+034
+017,+034
+017,+034
+017,+034
+017,+034
+017,+034
+017,+032
+015,+032
+015,+032
+015,+032
+013,+032
+013,+032
+013,+032
+011,+031
+011,+031
+011,+031
+009,-030
+009,-030
+007,-030
+007,-030
+005,-030
+005,-029
+002,-029
+000,-027
+000,-027
+000,-027
+002,-027
+002,-027
+002,-027
+004,-027
+004,-026
+004,-026
+006,-026
+006,-025
+006,-025
+008,-025
+008,-024
+008,-024
+008,-024
+008,-024
+008,-024
+008,-024
+008,-024
+008,-023
+008,-023
+008,-023
+008,-023
+008,-023
+008,-023
+008,-022
+008,-022
+008,-022
+008,-022
+008,-021
+008,-021
+008,-020
+008,-020
+008,-019
+008,-019
+008,-018
+008,-018
+008,-017
+008,-017
+008,-016
+008,-016
+008,-015
+008,-015
+008,-014
+008,-014
+008,-013
+008,-013
+008,-013
+010,-012
+010,-012
+010,-012
+010,-012
+010,-012
+010,-012
+010,-012
+010,-012
+010,-012
+010,-012
+012,-012
+012,-012
+012,-012
+012,-012
+012,-012
+012,-012
+012,-012
+012,-012
+012,-012
+012,-012
+014,-012
+014,-015
+014,-015
+014,-015
+014,-015
+014,-015
+016,-015
+016,-015
+016,-015
+016,-015
+018,-018
+018,-018
+020,-018
+020,-018
+020,-018
+022,-018
+022,-018
+022,-018
+024,-021
+026,-021
+028,-021
+028,-021
+028,-021
+028,-024
+028,-024
+028,-024
+028,-024
+030,-024
+030,-024
+030,-024
+030,-024
+030,-024
+032,-024
+032,-027
+032,-027
+032,-027
+032,-027
+034,-027
+034,-027
+034,-027
+034,-027
+036,-027
+036,-027
+036,-027
+036,-026
+036,-026
+036,-026
+036,-026
+036,-026
+036,-026
+036,-026
+038,-025
+038,-025
+038,-025
+038,-025
+038,-025
+038,-025
+036,-025
+036,-024
+036,-024
+036,-024
+034,-024
+034,-024
+034,-024
+034,-024
+032,-024
+032,-024
+030,-024
+030,-024
+028,-024
+028,-024
+028,-024
+028,-024
+026,-024
+026,-024
+026,-024
+024,-024
+022,-023
+022,-023
+020,-023
+020,-022
+018,-022
+018,-022
+018,-022
+016,-022
+016,-022
+016,-022
+014,-021
+014,-021
+014,-021
+014,-021
+014,-020
+012,-020
+012,-020
+012,-020
+012,-020
+012,-020
+012,-020
+010,-020
+010,-020
+010,-020
+010,-020
+010,-020
+010,-023
+008,-023
+008,-023
+008,-023
+008,-023
+008,-023
+008,-023
+008,-023
+006,-023
+006,-023
+006,-026
+006,-026
+006,-026
+004,-026
+004,-026
+004,-026
+004,-026
+004,-026
+004,-026
+004,-026
+004,-029
+004,-029
+004,-029
+004,-029
+002,-029
+002,-029
+002,-029
+002,-029
+002,-029
+002,-029
+000,-029
+000,+031
+000,+031
+000,+031
+000,+031
+002,+031
+002,+031
+002,+031
+002,+031
+002,-030
+002,-030
+002,-029
+002,-029
+004,-028
+004,-027
+004,-027
+004,-026
+004,-026
+004,-025
+004,-025
+006,-024
+006,-024
+006,-023
+006,-023
+006,-022
+006,-022
+006,-021
+008,-021
+008,-020
+008,-020
+008,-020
+008,-019
+010,-019
+010,-018
+010,-018
+010,-017
+010,-017
+010,-016
+010,-016
+010,-015
+010,-015
+010,-015
+010,-015
+010,-014
+010,-014
+010,-014
+010,-014
+008,-014
+008,-013
+008,-013
+008,-013
+008,-013
+006,-013
+006,-013
+006,-012
+006,-012
+006,-012
+006,-012
+006,-012
+006,-012
+006,-012
+006,-012
+004,-012
+004,-012
+004,-012
+004,-012
+004,-012
+004,-012
+004,-012
+004,-012
+004,-012
+004,-012
+004,-012
+004,-012
+004,-012
+004,-011
+004,-011
+004,-011
+004,-011
+004,-011
+004,-011
+004,-011
+004,-011
+004,-011
+004,-011
+002,-011
+002,-011
+002,-011
+002,-011
+002,-011
+002,-011
+000,-011
+000,-011
+000,-011
+000,-011
+000,-011
+000,-011
+002,-011
+002,-011
+002,-011
+002,-011
+004,-011
+004,-011
+004,-011
+004,-011
+004,-011
+004,-011
+004,-011
+004,-011
+006,-011
+006,-011
+006,-011
+006,-010
+006,-010
+006,-010
+006,-010
+006,-010
+006,-009
+006,-009
+006,-009
+006,-009
+006,-009
+006,-009
+006,-009
+006,-009
+006,-009
+006,-009
+006,-009
+006,-009
+006,-009
+006,-009
+006,-009
+006,-009
+006,-009
+006,-009
+006,-009
+004,-009
+004,-009
+004,-009
+004,-009
+004,-009
+004,-009
+004,-009
+004,-009
+004,-009
+004,-009
+004,-009
+004,-008
+004,-008
+002,-008
+002,-008
+002,-007
+002,-007
+002,-007
+002,-007
+002,-007
+002,-006
+002,-006
+002,-006
+002,-006
+002,-006
+002,-005
+002,-005
+002,-005
+002,-004
+002,-004
+002,-004
+002,-004
+002,-004
+002,-004
+002,-004
+002,-004
+002,-004
+002,-004
+002,-004
+002,-004
+002,-004
+002,-004
+002,-004
+002,-004
+002,-004
+002,-004
+002,-007
+004,-007
+004,-007
+004,-007
+004,-007
+004,-007
+004,-007
+004,-007
+004,-007
+004,-010
+004,-010
+004,-010
+004,-010
+004,-010
+004,-013
+004,-013
+006,-013
+006,-013
+006,-013
+006,-016
+006,-016
+006,-016
+006,-016
+006,-016
+006,-016
+006,-016
+006,-016
+006,-016
+006,-016
+008,-016
+008,-016
+008,-019
+008,-018
+008,-018
+008,-018
+008,-018
+008,-018
+008,-018
+008,-018
+008,-018
+008,-018
+008,-018
+010,-018
+010,-018
+010,-018
+010,-018
+010,-018
+010,-018
+010,-018
+010,-018
+010,-018
+010,-018
+010,-018
+010,-018
+010,-017
+012,-017
+012,-016
+012,-016
+012,-016
+012,-015
+012,-014
+012,-014
+012,-013
+012,-013
+012,-013
+012,-012
+012,-012
+012,-012
+012,-011
+012,-011
+012,-011
+012,-011
+012,-010
+012,-010
+012,-010
+012,-010
+012,-010
+012,-010
+012,-010
+014,-009
+014,-009
+014,-009
+014,-009
+014,-008
+014,-008
+014,-008
+014,-008
+014,-008
+014,-008
+016,-007
+016,-007
+016,-007
+016,-007
+016,-007
+016,-007
+016,-007
+016,-006
+016,-006
+016,-006
+016,-005
+016,-005
+016,-005
+016,-005
+016,-004
+016,-004
+016,-004
+016,-004
+016,-004
+016,-004
+016,-003
+016,-003
+016,-003
+016,-003
+016,-003
+016,-003
+016,-002
+016,-002
+016,-002
+016,-002
+016,-002
+016,-002
+016,-002
+016,-002
+016,-002
+016,-002
+016,-002
+016,-002
+016,-002
+016,-002
+016,-002
+016,-002
+016,-002
+016,-002
+016,-002
+014,-002
+014,-002
+014,-002
+014,-002
+014,-002
+014,-002
+014,-002
+014,-002
+014,-001
+014,-001
+014,-001
+014,-001
+014,-001
+014,-001
+014,-001
+014,-001
+014,-001
+014,-001
+014,-001
+014,-001
+014,-001
+014,-001
+014,-001
+012,-001
+012,-001
+012,-001
+012,-001
+012,-001
+012,-001
+012,-001
+012,-001
+012,-001
+012,-001
+012,-001
+012,-001
+012,-001
+012,-004
+012,-004
+012,-004
+012,-004
+012,-004
+012,-004
+010,-004
+010,-004
+010,-004
+010,-004
+010,-004
+010,-007
+010,-007
+010,-007
+010,-007
+010,-007
+010,-007
+008,-007
+008,-007
+008,-007
+008,-007
+008,-007
+008,-007
+008,-007
+008,-007
+008,-007
+008,-007
+008,-007
+008,-007
+008,-007
+008,-007
+008,-007
+008,-007
+008,-007
+008,-007
+008,-007
+008,-007
+006,-007
+006,-007
+006,-007
+006,-007
+006,-007
+006,-007
+006,-007
+006,-007
+006,-007
+006,-007
+006,-007
+006,-007
+006,-007
+006,-007
+006,-007
+006,-007
+006,-007
+006,-007
+006,-007
+006,-007
+004,-007
+004,-007
+004,-007
+004,-007
+004,-007
+004,-007
+004,-007
+004,-007
+004,-007
+004,-007
+004,-007
+004,-007
+004,-007
+004,-007
+004,-007
+004,-007
+004,-007
+004,-007
+004,-007
+006,-007
+006,-007
+006,-007
+006,-007
+006,-007
+006,-007
+006,-007
+006,-007
+006,-007
+006,-007
+006,-007
+006,-007
+006,-007
+006,-007
+006,-007
+008,-007
+008,-007
+008,-007
+008,-007
+008,-007
+008,-007
+010,-007
+010,-007
+010,-007
+010,-007
+010,-007
+010,-007
+010,-007
+010,-007
+012,-007
+012,-007
+012,-007
+012,-007
+012,-007
+012,-007
+012,-007
+012,-007
+012,-006
+012,-006
+012,-006
+012,-006
+012,-006
+012,-006
+012,-005
+012,-005
+012,-005
+012,-005
+012,-004
+012,-004
+012,-004
+012,-004
+012,-004
+012,-004
+012,-004
+012,-004
+012,-004
+012,-004
+012,-003
+012,-003
+012,-003
+012,-003
+012,-003
+012,-003
+012,-003
+012,-003
+012,-003
+012,-003
+012,-003
+012,-003
+012,-003
+012,-003
+012,-003
+012,-003
+012,-003
+012,-003
+012,-003
+012,-003
+012,-003
+012,-003
+012,-003
+012,-003
+012,-003
+012,-003
+012,-006
+012,-006
+012,-006
+012,-006
+012,-006
+012,-006
+012,-006
+012,-006
+012,-006
+012,-009
+012,-009
+012,-009
+012,-009
+012,-009
+012,-009
+012,-009
+012,-009
+012,-009
+012,-009
+012,-009
+012,-009
+012,-009
+012,-009
+012,-009
+012,-009
+012,-012
+012,-012
+012,-012
+012,-012
+012,-012
+012,-012
+012,-012
+012,-012
+012,-012
+012,-012
+012,-012
+012,-012
+012,-012
+012,-012
+012,-015
+012,-014
+012,-014
+012,-014
+012,-014
+012,-014
+012,-014
+012,-014
+014,-014
+014,-014
+014,-014
+014,-014
+014,-014
+014,-014
+014,-014
+014,-014
+014,-014
+014,-014
+014,-017
+014,-017
+014,-017
+014,-017
+014,-017
+014,-017
+014,-017
+014,-017
+014,-017
+014,-017
+014,-017
+014,-017
+014,-017
+014,-020
+014,-020
+014,-020
+014,-020
+014,-020
+014,-020
+014,-020
+014,-020
+014,-020
+014,-023
+014,-023
+014,-023
+014,-023
+014,-023
+014,-023
+014,-023
+014,-023
+014,-023
+014,-023
+014,-023
+014,-023
+014,-023
+014,-023
+016,-023
+016,-023
+016,-023
+016,-023
+016,-023
+016,-023
+016,-023
+016,-023
+016,-023
+016,-023
+016,-023
+016,-023
+016,-023
+016,-023
+016,-023
+016,-023
+016,-023
+016,-023
+016,-023
+016,-023
+016,-023
+016,-023
+016,-023
+014,-023
+014,-023
+014,-023
+014,-023
+014,-023
+014,-023
+014,-023
+014,-023
+014,-023
+014,-023
+014,-023
+014,-023
+014,-023
+012,-023
+012,-023
+012,-023
+012,-023
+012,-023
+012,-023
+012,-026
+012,-026
+012,-026
+010,-026
+010,-026
+010,-026
+010,-026
+010,-026
+010,-026
+010,-026
+010,-026
+010,-026
+010,-026
+008,-026
+008,-026
+008,-026
+008,-026
+008,-026
+008,-026
+008,-026
+008,-026
+008,-026
+008,-026
+008,-026
+008,-026
+008,-026
+008,-026
+006,-026
+006,-026
+006,-026
+006,-026
+006,-026
+006,-026
+006,-026
+006,-026
+006,-026
+006,-026
+006,-026
+006,-026
+006,-026
+004,-026
+004,-026
+004,-026
+004,-026
+004,-026
+004,-026
+004,-026
+004,-026
+004,-026
+004,-026
+004,-026
+004,-026
+004,-026
+004,-026
+004,-026
+004,-026
+004,-026
+004,-026
+004,-026
+004,-026
+004,-026
+004,-026
+004,-026
+002,-026
+002,-026
+002,-026
+002,-026
+002,-026
+002,-026
+002,-026
+002,-026
+002,-026
+002,-026
+002,-026
+002,-026
+002,-026
+002,-026
+002,-026
+002,-026
+002,-026
+002,-025
+002,-025
+002,-025
+002,-025
+002,-025
+002,-025
+002,-025
+002,-025
+002,-025
+002,-025
+002,-025
+002,-025
+002,-025
+002,-025
+002,-025
+002,-025
+002,-025
+002,-025
+002,-025
+002,-025
+002,-025
+002,-028
+002,-028
+002,-028
+001,+031
+001,-029
+001,-029
+001,+031
+001,+031
+001,+031
+001,+031
+001,+031
+001,+031
+001,+031
+001,+031
+001,+031
+001,+031
+003,+031
+003,+031
+003,+031
+003,+031
+003,+031
+003,+031
+003,+031
+003,+031
+003,+031
+003,+031
+003,-030
+003,-030
+003,-030
+003,-030
+003,-030
+003,-029
+003,-029
+003,-029
+003,-029
+003,-029
+003,-029
+003,-029
+003,-029
+003,-029
+003,-029
+003,-027
+003,-027
+003,-027
+001,-026
+001,-026
+001,-026
+001,-026
+001,-025
+001,-025
+001,-025
+001,-025
+001,-025
+001,-025
+001,-025
+001,-025
+001,-025
+001,-025
+001,-025
+001,-025
+001,-025
+001,-025
+001,-025
+003,-024
+003,-023
+003,-023
+003,-023
+003,-022
+005,-022
+005,-022
+005,-021
+005,-021
+005,-020
+005,-020
+005,-019
+005,-019
+005,-019
+005,-019
+005,-018
+005,-018
+005,-018
+005,-017
+007,-017
+007,-017
+007,-017
+007,-017
+007,-017
+007,-016
+007,-016
+007,-016
+007,-016
+007,-016
+007,-016
+007,-016
+007,-016
+007,-016
+007,-015
+007,-015
+007,-015
+007,-015
+007,-015
+007,-015
+007,-015
+007,-015
+007,-015
+007,-015
+007,-015
+007,-015
+007,-015
+007,-015
+007,-015
+007,-015
+007,-015
+005,-015
+005,-015
+005,-015
+005,-015
+005,-015
+005,-015
+005,-018
+005,-018
+005,-018
+005,-018
+005,-018
+003,-018
+003,-018
+003,-018
+003,-018
+003,-018
+003,-018
+003,-021
+003,-020
+003,-020
+003,-020
+003,-020
+001,-020
+001,-020
+001,-020
+001,-020
+001,-023
+001,-023
+001,-023
+001,-023
+001,-023
+001,-023
+001,-023
+001,-023
+001,-023
+001,-023
+001,-023
+001,-023
+001,-023
+001,-022
+001,-022
+001,-022
+001,-022
+001,-022
+001,-022
+001,-022
+001,-022
+001,-022
+001,-021
+001,-021
+001,-021
+001,-021
+001,-021
+001,-021
+001,-021
+001,-021
+001,-021
+001,-021
+001,-021
+001,-021
+001,-021
+001,-021
+003,-021
+003,-021
+003,-021
+003,-021
+003,-021
+003,-021
+003,-021
+003,-021
+003,-021
+003,-021
+003,-021
+003,-021
+003,-021
+003,-021
+003,-024
+005,-024
+005,-024
+005,-027
+005,-027
+005,-027
+005,-027
+005,-027
+005,-027
+005,-027
+005,-030
+005,-030
+005,-030
+005,-030
+005,-030
+005,-030
+005,-030
+005,-030
+005,-030
+005,-030
+007,-030
+007,-030
+007,-030
+007,-030
+007,-030
+007,-030
+007,-030
+007,-030
+007,-030
+007,-030
+007,-030
+007,-030
+007,-030
+007,-030
+007,-030
+007,-030
+007,-030
+007,-030
+007,-030
+007,-030
+007,-030
+007,-029
+007,-029
+007,-029
+007,-029
+007,-029
+007,-029
+005,-029
+005,-028
+005,-028
+005,-028
+005,-028
+005,-028
+005,-028
+005,-028
+005,-028
+005,-028
+005,-028
+003,-028
+003,-028
+003,-028
+003,-028
+000,-026
+000,-026
+000,-026
+000,-026
+000,-026
+000,-026
+000,-026
+000,-026
+000,-026
+000,-026
+000,-025
+002,-025
+002,-025
+002,-025
+002,-025
+002,-024
+002,-024
+002,-024
+002,-024
+002,-024
+004,-024
+004,-024
+004,-024
+004,-024
+004,-023
+006,-023
+006,-023
+006,-023
+006,-023
+008,-023
+008,-023
+008,-023
+010,-023
+010,-022
+010,-022
+010,-022
+012,-022
+012,-022
+012,-022
+014,-022
+014,-021
+014,-021
+014,-021
+016,-020
+016,-020
+016,-020
+016,-019
+016,-019
+016,-019
+016,-019
+016,-018
+016,-018
+016,-018
+016,-018
+016,-018
+016,-018
+016,-018
+016,-018
+016,-018
+016,-018
+016,-018
+016,-018
+016,-018
+016,-018
+016,-018
+016,-018
+016,-018
+014,-018
+014,-018
+014,-018
+014,-018
+014,-018
+014,-018
+014,-018
+014,-018
+014,-018
+014,-018
+014,-018
+012,-018
+012,-018
+012,-018
+012,-018
+012,-018
+012,-017
+012,-017
+012,-017
+012,-017
+012,-017
+012,-017
+012,-017
+012,-017
+012,-017
+012,-017
+012,-017
+012,-017
+012,-017
+012,-017
+012,-017
+012,-017
+012,-017
+012,-017
+012,-017
+012,-017
+012,-017
+012,-017
+012,-017
+012,-017
+012,-017
+012,-017
+012,-017
+012,-017
+012,-017
+012,-017
+012,-017
+012,-017
+012,-017
+012,-017
+012,-017
+012,-017
+012,-017
+012,-017
+010,-017
+010,-017
+010,-017
+010,-017
+010,-017
+010,-017
+010,-017
+010,-017
+010,-017
+010,-017
+010,-017
+010,-017
+010,-017
+008,-017
+008,-020
+008,-020
+008,-020
+008,-020
+008,-020
+008,-020
+008,-020
+008,-020
+008,-020
+006,-020
+006,-020
+006,-020
+006,-020
+006,-020
+006,-020
+006,-020
+004,-023
+004,-023
+004,-023
+004,-023
+004,-023
+004,-023
+002,-022
+002,-022
+002,-022
+002,-022
+002,-022
+002,-022
+002,-022
+002,-021
+002,-021
+002,-021
+002,-021
+002,-021
+002,-021
+002,-021
+002,-021
+002,-021
+002,-020
+002,-020
+000,-020
+000,-020
+000,-020
+000,-020
+000,-020
+000,-020
+000,-020
+000,-020
+000,-019
+000,-019
+000,-019
+000,-019
+000,-019
+000,-019
+000,-019
+000,-019
+000,-019
+000,-019
+000,-019
+000,-019
+000,-019
+000,-022
+000,-022
+000,-022
+000,-022
+000,-022
+000,-022
+000,-022
+000,-022
+000,-025
+000,-025
+000,-025
+000,-025
+000,-025
+000,-025
+000,-025
+000,-025
+000,-025
+000,-025
+000,-025
+000,-025
+000,-025
+000,-025
+000,-025
+000,-025
+000,-025
+000,-025
+000,-028
+000,-028
+002,-028
+004,-028
+004,-028
+004,-028
+004,-028
+004,-028
+004,-028
+004,-028
+004,-028
+004,-028
+004,-028
+004,-028
+004,-027
+004,-027
+004,-027
+004,-027
+002,-025
+002,-025
+004,-025
+004,-024
+004,-024
+004,-024
+004,-024
+004,-024
+004,-023
+004,-023
+004,-023
+004,-023
+004,-023
+004,-023
+004,-022
+004,-022
+004,-022
+004,-022
+004,-021
+002,-021
+002,-021
+002,-021
+002,-020
+002,-020
+002,-020
+002,-020
+002,-020
+002,-019
+002,-019
+002,-019
+002,-019
+002,-019
+002,-019
+002,-018
+000,-018
+000,-018
+000,-018
+000,-018
+000,-018
+000,-018
+000,-017
+000,-017
+002,-017
+002,-017
+002,-017
+002,-017
+002,-017
+002,-017
+002,-017
+002,-017
+002,-017
+002,-017
+002,-017
+004,-017
+004,-017
+004,-017
+004,-017
+004,-017
+004,-017
+004,-017
+004,-017
+004,-017
+004,-017
+004,-017
+004,-017
+004,-017
+004,-017
+004,-017
+004,-017
+004,-017
+004,-017
+004,-017
+004,-017
+004,-017
+004,-017
+004,-017
+004,-017
+004,-017
+004,-017
+004,-017
+004,-017
+004,-017
+004,-017
+004,-017
+004,-017
+004,-017
+004,-017
+004,-017
+004,-017
+004,-017
+004,-017
+004,-017
+002,-017
+002,-017
+002,-017
+002,-017
+002,-017
+002,-017
+002,-017
+002,-017
+002,-017
+002,-017
+002,-017
+002,-017
+002,-017
+002,-017
+002,-017
+002,-017
+002,-017
+002,-017
+002,-017
+002,-017
+002,-017
+002,-017
+002,-017
+002,-017
+002,-017
+002,-017
+002,-017
+002,-017
+002,-017
+002,-017
+002,-017
+002,-017
+002,-017
+002,-017
+002,-017
+002,-017
+002,-017
+002,-017
+002,-017
+000,-017
+000,-017
+000,-017
+000,-017
+000,-017
+000,-017
+000,-017
+000,-017
+000,-017
+000,-017
+000,-017
+002,-017
+002,-017
+002,-017
+002,-017
+002,-017
+002,-017
+002,-017
+004,-017
+004,-017
+004,-017
+004,-017
+004,-017
+004,-017
+004,-017
+004,-017
+004,-017
+004,-017
+004,-017
+004,-017
+006,-017
+006,-017
+006,-017
+006,-017
+006,-017
+006,-017
+006,-017
+006,-017
+006,-017
+006,-017
+006,-017
+006,-017
+006,-017
+006,-017
+006,-017
+006,-017
+006,-017
+006,-017
+006,-017
+006,-017
+006,-017
+006,-017
+006,-017
+006,-017
+006,-017
+006,-017
+006,-017
+006,-020
+006,-020
+006,-020
+006,-020
+006,-020
+006,-020
+006,-020
+008,-023
+008,-022
+005,-021
+007,-021
+007,-021
+005,-021
+007,-021
+007,-024
+007,-022
+007,-022
+007,-022
+007,-025
+007,-025
+007,-025
+007,-025
+007,-025
+007,-025
+007,-025
+007,-025
+007,-025
+007,-025
+007,-025
+007,-025
+007,-025
+007,-025
+007,-025
+007,-025
+007,-025
+007,-025
+007,-025
+007,-025
+007,-025
+007,-025
+007,-025
+007,-025
+007,-025
+007,-025
+007,-028
+007,-028
+007,-028
+007,-028
+007,-028
+007,-028
+007,-028
+007,-028
+007,-028
+007,-028
+007,-028
+007,-028
+007,-028
+007,-028
+007,+031
+007,+031
+007,+031
+007,+031
+007,+031
+007,+031
+007,+031
+007,+031
+007,+031
+007,+033
+007,+033
+007,+033
+007,+033
+007,+033
+007,+033
+007,+033
+005,+035
+005,+035
+005,+035
+005,+035
+005,+035
+005,+035
+005,+035
+005,+035
+005,+035
+005,+035
+005,+035
+005,+035
+003,+035
+003,+035
+003,+035
+003,+035
+003,+035
+003,+035
+003,+035
+003,+035
+003,+035
+003,+035
+001,+035
+001,+035
+001,+035
+001,+035
+001,+035
+001,+035
+001,+035
+001,+035
+001,+035
+001,+035
+001,+035
+001,+035
+001,+035
+001,+035
+001,+035
+001,+035
+003,+033
+003,+033
+003,+033
+003,+033
+006,+031
+006,+031
+006,+031
+006,+031
+006,+031
+006,+031
+006,+031
+006,+031
+006,+031
+006,+031
+006,+031
+006,+031
+006,+031
+006,+031
+006,+031
+006,+031
+006,+031
+006,+031
+003,+031
+005,+031
+005,+031
+003,+033
+003,+033
+003,+033
+003,+033
+003,+033
+003,+033
+003,+033
+003,+033
+003,+033
+003,+033
+003,+033
+003,+033
+003,+033
+001,+033
+001,+033
+001,+033
+001,+033
+001,+033
+001,+033
+001,+033
+001,+033
+001,+033
+001,+033
+001,+033
+001,+033
+001,+033
+001,+033
+001,+033
+001,+033
+001,+033
+001,+033
+001,+033
+001,+033
+001,+033
+003,+033
+003,+033
+003,+033
+003,+033
+003,+033
+003,+033
+003,+033
+003,+033
+003,+033
+005,+035
+005,+035
+005,+035
+005,+035
+005,+035
+005,+035
+005,+035
+005,+035
+005,+035
+007,+035
+007,+035
+007,+035
+007,+035
+007,+035
+007,+035
+007,+035
+007,+035
+007,+035
+007,+035
+007,+035
+007,+035
+009,+035
+009,+035
+009,+035
+009,+035
+009,+035
+009,+035
+009,+035
+009,+035
+009,+035
+009,+035
+011,+035
+011,+033
+011,+033
+011,+033
+011,+033
+011,+033
+011,+033
+011,+033
+011,+033
+011,+033
+011,+033
+011,+033
+011,+033
+011,+033
+011,+033
+011,+033
+011,+033
+011,+033
+011,+033
+011,+033
+011,+033
+011,+033
+011,+033
+011,+033
+011,+033
+011,+033
+011,+033
+011,+033
+011,+033
+011,+033
+009,+033
+009,+033
+009,+033
+009,+033
+007,+033
+007,+033
+007,+035
+007,+035
+007,+035
+007,+035
+007,+035
+007,+035
+007,+037
+005,+037
+005,+037
+005,+037
+005,+037
+005,+037
+005,+037
+005,+037
+005,+039
+005,+039
+005,+039
+005,+039
+003,+039
+003,+039
+003,+039
+003,+039
+003,+039
+003,+039
+003,+039
+003,+039
+003,+039
+003,+039
+003,+039
+003,+039
+003,+037
+003,+037
+003,+037
+003,+037
+003,+037
+003,+037
+003,+037
+003,+035
+003,+035
+003,+035
+003,+035
+003,+035
+003,+035
+003,+035
+003,+033
+003,+033
+003,+033
+003,+033
+003,+033
+003,+033
+003,+033
+003,+033
+003,+033
+003,+033
+005,+033
+005,+033
+005,+031
+005,+031
+005,+031
+005,+031
+005,+031
+005,+031
+005,+031
+005,+031
+005,-030
+005,-030
+005,-030
+005,-029
+005,-028
+002,-027
+002,-027
+002,-025
+002,-025
+002,-024
+002,-024
+002,-024
+002,-023
+002,-023
+002,-023
+002,-022
+002,-022
+002,-022
+002,-022
+002,-022
+002,-021
+002,-021
+002,-021
+002,-021
+002,-021
+002,-021
+002,-021
+002,-021
+002,-021
+002,-020
+002,-020
+002,-020
+002,-020
+002,-020
+002,-020
+002,-020
+002,-020
+002,-020
+002,-020
+002,-020
+002,-019
+002,-019
+002,-019
+002,-019
+002,-018
+002,-018
+002,-018
+002,-018
+002,-018
+002,-018
+002,-018
+002,-017
+002,-017
+002,-017
+002,-017
+002,-017
+002,-017
+002,-017
+002,-016
+002,-016
+002,-016
+002,-016
+002,-016
+002,-016
+002,-016
+002,-016
+002,-016
+002,-016
+002,-016
+002,-016
+002,-016
+002,-016
+002,-016
+002,-016
+002,-016
+002,-016
+002,-016
+002,-016
+002,-016
+002,-016
+002,-016
+002,-016
+002,-016
+002,-019
+002,-019
+002,-019
+002,-019
+002,-019
+002,-019
+002,-019
+002,-019
+002,-019
+002,-019
+002,-019
+002,-019
+002,-019
+002,-019
+002,-019
+002,-019
+002,-019
+002,-019
+002,-019
+002,-019
+002,-019
+002,-019
+002,-019
+002,-019
+002,-019
+002,-019
+002,-019
+002,-019
+002,-019
+002,-019
+002,-019
+002,-019
+002,-019
+002,-019
+002,-019
+002,-019
+002,-019
+002,-019
+002,-019
+002,-019
+002,-019
+002,-019
+002,-019
+002,-019
+002,-019
+000,-019
+000,-019
+000,-019
+000,-018
+000,-018
+000,-018
+000,-017
+000,-017
+000,-017
+000,-017
+000,-017
+000,-017
+000,-016
+000,-016
+000,-016
+002,-016
+002,-015
+002,-015
+002,-015
+002,-014
+002,-013
+002,-013
+004,-013
+004,-012
+004,-012
+004,-011
+004,-011
+004,-011
+004,-010
+004,-010
+006,-010
+006,-010
+006,-010
+006,-010
+006,-010
+006,-010
+006,-010
+006,-010
+006,-010
+006,-010
+006,-010
+006,-010
+006,-010
+006,-010
+008,-010
+008,-013
+008,-013
+008,-013
+008,-013
+008,-013
+008,-013
+008,-013
+010,-016
+010,-016
+010,-016
+010,-016
+010,-016
+010,-016
+010,-016
+010,-016
+010,-016
+010,-016
+012,-016
+012,-016
+012,-016
+012,-016
+012,-016
+012,-016
+012,-016
+012,-016
+012,-016
+012,-016
+012,-016
+012,-016
+012,-016
+012,-016
+012,-016
+012,-016
+012,-016
+012,-016
+012,-016
+012,-016
+012,-016
+012,-016
+012,-016
+012,-016
+014,-016
+014,-016
+014,-016
+014,-016
+014,-016
+014,-016
+014,-016
+014,-016
+014,-016
+014,-016
+016,-016
+016,-016
+016,-016
+016,-016
+016,-016
+016,-016
+016,-016
+018,-016
+018,-016
+018,-016
+018,-016
+018,-016
+018,-016
+018,-016
+020,-016
+020,-016
+020,-016
+020,-016
+020,-016
+020,-016
+020,-016
+022,-016
+022,-019
+024,-019
+024,-019
+024,-019
+024,-019
+024,-019
+024,-019
+024,-019
+026,-019
+026,-019
+026,-019
+026,-019
+026,-019
+026,-019
+026,-019
+026,-019
+026,-019
+026,-019
+026,-019
+026,-019
+026,-019
+026,-019
+026,-019
+026,-019
+026,-019
+026,-019
+026,-019
+026,-019
+026,-019
+026,-019
+026,-019
+026,-019
+026,-019
+026,-019
+026,-022
+026,-022
+026,-022
+026,-022
+026,-022
+026,-022
+026,-022
+026,-022
+026,-022
+026,-022
+026,-022
+026,-022
+026,-022
+026,-025
+026,-025
+026,-025
+026,-025
+026,-025
+026,-025
+026,-025
+024,-028
+024,-028
+024,-028
+024,-028
+024,-028
+024,-028
+024,-028
+024,-028
+024,-028
+024,-028
+024,-028
+024,-028
+024,-028
+024,-028
+024,-028
+024,-028
+024,-028
+024,-028
+024,-028
+024,-028
+024,-028
+024,-028
+024,+031
+022,+031
+022,+031
+022,-030
+022,-030
+022,-030
+022,-030
+022,-030
+022,-030
+022,-030
+022,-030
+022,-030
+022,-030
+022,-030
+022,-030
+022,-030
+022,-030
+022,-030
+020,-030
+020,-030
+020,-030
+020,-030
+020,-030
+020,-030
+020,-030
+020,-030
+020,-030
+018,-030
+018,-030
+018,-030
+018,-030
+018,-030
+018,-030
+018,-030
+018,-030
+018,-030
+018,-030
+018,-030
+018,-030
+018,-030
+018,-030
+018,-030
+018,-029
+015,-028
+015,-027
+015,-027
+015,-027
+013,-027
+013,-027
+013,-027
+013,-026
+013,-026
+013,-026
+013,-026
+013,-026
+013,-026
+013,-026
+013,-026
+013,-026
+013,-026
+013,-026
+013,-026
+013,-026
+013,-026
+011,-026
+011,-026
+011,-026
+011,-026
+011,-026
+011,-026
+011,-026
+011,-026
+011,-026
+011,-026
+011,-026
+011,-026
+011,-026
+011,-026
+011,-026
+011,-026
+011,-026
+011,-029
+011,-029
+011,-029
+011,-029
+011,-029
+011,-029
+011,-029
+011,+031
+011,+031
+013,+033
+013,+033
+013,+033
+013,+033
+013,+033
+013,+033
+013,+035
+013,+035
+013,+035
+013,+035
+013,+035
+011,+035
+011,+035
+011,+035
+011,+035
+011,+035
+011,+035
+011,+035
+009,+038
+011,+036
+011,+036
+008,+039
+008,+039
+008,+039
+008,+039
+008,+039
+008,+039
+008,+039
+008,+039
+008,+039
+008,+039
+008,+039
+008,+039
+008,+039
+008,+039
+008,+039
+008,+039
+008,+039
+008,+039
+008,+039
+008,+039
+008,+039
+008,+039
+008,+039
+008,+039
+008,+039
+008,+039
+008,+039
+008,+039
+008,+039
+008,+039
+008,+039
+008,+039
+008,+039
+008,+039
+008,+037
+011,+037
+011,+037
+011,+037
+011,+035
+011,+035
+011,+035
+011,+035
+013,+035
+013,+035
+013,+035
+013,+035
+013,+035
+013,+035
+013,+035
+013,+035
+013,+035
+013,+037
+013,+037
+013,+037
+015,+037
+015,+037
+015,+037
+015,+037
+015,+037
+015,+039
+015,+039
+015,+039
+015,+039
+015,+039
+015,+039
+015,+039
+015,+039
+015,+039
+015,+039
+015,+039
+015,+039
+015,+039
+015,+041
+013,+041
+013,+041
+013,+041
+011,+041
+011,+043
+011,+043
+011,+043
+009,+043
+009,+043
+009,+043
+009,+043
+009,+043
+009,+043
+009,+043
+007,+043
+007,+043
+007,+043
+007,+043
+007,+043
+007,+043
+007,+043
+007,+043
+007,+043
+007,+043
+007,+043
+007,+043
+007,+043
+007,+043
+007,+043
+007,+043
+005,+043
+005,+043
+005,+041
+005,+041
+005,+041
+005,+041
+005,+041
+005,+041
+005,+041
+005,+039
+003,+037
+003,+037
+003,+037
+003,+037
+003,+035
+003,+035
+003,+035
+003,+035
+003,+033
+003,+033
+001,+033
+001,+033
+001,+033
+001,+033
+001,+031
+001,+031
+001,+031
+001,+031
+001,+031
+001,+031
+001,+031
+001,-030
+004,-028
+004,-028
+004,-028
+004,-028
+004,-028
+004,-027
+004,-027
+004,-027
+004,-027
+004,-027
+004,-027
+004,-027
+004,-026
+004,-026
+004,-026
+004,-026
+004,-026
+004,-026
+004,-026
+004,-025
+004,-025
+004,-025
+004,-025
+004,-025
+004,-025
+004,-025
+004,-024
+004,-024
+004,-024
+004,-024
+004,-024
+004,-024
+004,-024
+004,-024
+004,-024
+004,-024
+004,-023
+004,-023
+004,-023
+004,-023
+004,-023
+004,-023
+004,-023
+006,-023
+006,-023
+006,-023
+006,-023
+006,-023
+006,-023
+006,-023
+006,-023
+006,-023
+006,-023
+006,-023
+006,-023
+006,-023
+006,-023
+006,-023
+006,-023
+006,-023
+006,-023
+006,-023
+006,-023
+006,-023
+006,-023
+006,-023
+006,-023
+006,-023
+006,-023
+006,-023
+006,-023
+006,-023
+006,-023
+006,-023
+006,-023
+006,-023
+006,-026
+006,-026
+006,-026
+006,-026
+006,-026
+006,-026
+006,-026
+006,-026
+006,-026
+006,-026
+006,-026
+006,-026
+006,-029
+006,-029
+006,-029
+006,-029
+006,-029
+006,-029
+006,-029
+006,-029
+006,-029
+006,-029
+006,-029
+006,-029
+006,-029
+006,-029
+006,-029
+006,-029
+006,-029
+008,-029
+008,-029
+008,-029
+008,-029
+008,-029
+008,+031
+008,+031
+008,+031
+008,+031
+008,+031
+010,+031
+010,+033
+012,+033
+012,+033
+012,+033
+012,+033
+012,+033
+012,+033
+012,+033
+012,+033
+012,+033
+012,+033
+012,+033
+012,+033
+012,+033
+012,+033
+012,+033
+012,+033
+014,+033
+014,+033
+014,+033
+014,+033
+014,+033
+014,+033
+014,+033
+014,+035
+014,+035
+014,+035
+014,+035
+014,+035
+014,+035
+014,+035
+014,+037
+014,+037
+016,+037
+016,+037
+016,+037
+016,+039
+016,+039
+016,+039
+018,+039
+018,+041
+018,+041
+018,+041
+018,+041
+018,+043
+018,+043
+018,+043
+018,+043
+020,+043
+020,+043
+020,+045
+020,+045
+020,+045
+020,+045
+020,+045
+020,+045
+020,+045
+020,+045
+020,+045
+020,+045
+020,+045
+020,+045
+020,+045
+020,+045
+020,+045
+020,+045
+020,+045
+020,+045
+020,+045
+020,+045
+020,+045
+020,+043
+020,+043
+020,+043
+020,+043
+020,+043
+018,+043
+018,+041
+018,+041
+018,+041
+018,+041
+018,+041
+018,+041
+018,+041
+018,+041
+018,+041
+018,+039
+018,+039
+016,+039
+016,+039
+016,+039
+016,+039
+016,+039
+016,+037
+016,+037
+016,+037
+016,+037
+016,+037
+016,+035
+016,+035
+016,+035
+016,+035
+016,+035
+016,+035
+016,+035
+016,+035
+016,+035
+016,+035
+016,+035
+016,+035
+016,+035
+016,+035
+016,+035
+016,+035
+016,+035
+014,+035
+014,+035
+014,+035
+014,+035
+014,+035
+014,+035
+014,+035
+014,+035
+014,+035
+012,+033
+010,+033
+010,+031
+010,+031
+010,+031
+008,+031
+008,+031
+008,+031
+008,+031
+008,+031
+008,+031
+008,+031
+006,+031
+006,-030
+006,-030
+006,-030
+006,-030
+006,-030
+006,-030
+004,-030
+004,-030
+002,+032
+002,+032
+002,+032
+002,+032
+002,+032
+002,+032
+000,+032
+000,+034
+000,+034
+000,+034
+002,+034
+002,+034
+002,+034
+002,+034
+002,+034
+004,+034
+004,+034
+004,+034
+004,+036
+004,+036
+006,+036
+006,+036
+006,+036
+006,+036
+006,+036
+008,+036
+008,+034
+008,+034
+008,+034
+008,+034
+010,+034
+010,+034
+010,+034
+010,+034
+010,+034
+010,+032
+012,+032
+012,+032
+012,+032
+012,+032
+012,+032
+012,+032
+012,+032
+014,+032
+014,+032
+014,+032
+014,+032
+014,+032
+014,+032
+014,+032
+014,+031
+014,+031
+014,+031
+014,+031
+014,+031
+016,-030
+016,-030
+016,-030
+016,-030
+016,-030
+016,-029
+016,-029
+016,-029
+016,-029
+016,-029
+017,-028
+017,-028
+017,-028
-018,-028
-018,-028
-018,-028
-018,-028
-019,-028
-019,-028
-019,-028
-019,-028
-020,-028
-020,-028
-021,-028
-021,-028
-021,+031
-022,+031
-022,+031
-022,+031
-023,+031
-023,+031
-023,+031
-024,+033
-024,+033
-024,+033
-024,+035
-025,+035
-025,+035
-025,+035
-026,+037
-026,+037
-026,+037
-027,+037
-029,+040
-029,+040
-029,+040
-029,+040
-029,+040
-029,+040
-030,+040
-030,+040
-030,+040
-030,+040
-031,+040
-031,+040
-031,+040
-032,+040
-032,+040
-032,+038
-032,+038
-033,+038
-033,+038
-033,+038
-033,+038
-033,+038
-033,+035
-033,+035
-033,+035
-030,+035
-030,+035
-030,+035
-030,+033
-030,+033
-030,+033
-030,+033
-030,+033
-030,+033
-030,+031
-027,+031
-027,+031
-027,+031
-027,+031
-027,+031
-027,+031
-024,-030
-024,-030
-024,-030
-024,-029
-021,-029
-021,-029
-021,-028
-018,-028
-018,-028
-018,-027
-018,-027
+016,-026
+016,-026
+014,-025
+014,-025
+014,-024
+012,-023
+012,-023
+010,-022
+010,-022
+010,-021
+008,-020
+006,-019
+006,-017
+006,-017
+006,-017
+004,-017
+004,-017
+004,-016
+004,-016
+004,-016
+004,-016
+004,-016
+004,-015
+002,-015
+002,-015
+002,-015
+002,-015
+002,-015
+002,-015
+002,-015
+002,-015
+002,-015
+000,-015
+000,-015
+000,-015
+000,-015
+000,-015
+002,-015
+002,-015
+002,-015
+002,-015
+002,-015
+004,-015
+004,-015
+004,-018
+004,-018
+004,-018
+004,-018
+006,-018
+006,-018
+006,-018
+006,-018
+006,-018
+006,-018
+006,-018
+006,-018
+006,-018
+006,-018
+006,-018
+006,-018
+006,-018
+006,-018
+006,-018
+006,-018
+006,-018
+006,-018
+006,-018
+006,-018
+006,-018
+006,-018
+006,-018
+006,-018
+006,-018
+006,-018
+006,-018
+006,-018
+006,-018
+006,-018
+006,-018
+006,-018
+006,-018
+006,-018
+006,-018
+006,-018
+006,-018
+006,-018
+006,-018
+006,-018
+006,-018
+006,-018
+006,-018
+006,-018
+006,-018
+006,-018
+006,-018
+006,-021
+006,-021
+006,-021
+006,-021
+006,-021
+006,-021
+006,-021
+006,-024
+006,-024
+006,-024
+006,-024
+008,-024
+008,-027
+008,-027
+010,-027
+010,-030
+010,-030
+013,+032
+013,+032
+013,+034
+013,+034
+013,+034
+013,+034
+013,+034
+013,+036
+015,+036
+015,+036
+015,+038
+015,+038
+015,+038
+015,+038
+015,+038
+015,+038
+015,+038
+015,+040
+015,+040
+015,+040
+015,+040
+015,+040
+015,+040
+015,+040
+015,+040
+015,+040
+015,+038
+015,+038
+015,+038
+015,+038
+015,+038
+015,+038
+015,+038
+015,+036
+015,+036
+015,+036
+015,+036
+015,+036
+015,+036
+015,+036
+015,+036
+015,+036
+015,+036
+013,+036
+013,+036
+013,+036
+013,+036
+013,+036
+013,+036
+013,+036
+013,+036
+013,+036
+013,+034
+011,+034
+011,+034
+011,+034
+011,+034
+011,+034
+011,+034
+011,+034
+011,+034
+011,+034
+011,+034
+011,+034
+011,+034
+011,+036
+009,+036
+009,+036
+009,+036
+009,+036
+009,+036
+009,+036
+009,+038
+009,+038
+009,+038
+009,+038
+009,+038
+009,+038
+009,+038
+009,+040
+009,+040
+009,+040
+009,+040
+009,+040
+009,+040
+009,+040
+009,+040
+009,+040
+009,+040
+009,+040
+009,+040
+011,+038
+009,+040
+009,+040
+009,+040
+007,+040
+007,+040
+007,+040
+007,+040
+007,+040
+007,+040
+007,+040
+007,+040
+007,+040
+007,+040
+007,+040
+007,+040
+007,+040
+007,+040
+007,+040
+007,+040
+004,+038
+004,+038
+004,+038
+004,+038
+004,+038
+004,+036
+004,+036
+004,+036
+004,+036
+004,+034
+004,+034
+004,+034
+004,+034
+004,+034
+004,+032
+004,+032
+004,+031
+004,-030
+004,-030
+004,-030
+004,-029
+004,-029
+004,-029
+004,-028
+004,-028
+004,-027
+004,-027
+004,-027
+002,-027
+002,-027
+002,-027
+002,-027
+002,-027
+004,-026
+004,-026
+002,-029
+002,-027
+002,-027
+002,-030
+002,-030
+002,-030
+002,-030
+002,-030
+004,-030
+004,+032
+004,+032
+004,+032
+006,+032
+004,+032
+004,+032
+006,+032
+006,+032
+006,+032
+006,+032
+006,+032
+006,+032
+004,+032
+004,+032
+004,+032
+004,+032
+004,+032
+004,+031
+004,+031
+004,-030
+004,-030
+004,-029
+004,-029
+004,-028
+004,-027
+004,-027
+004,-027
+004,-026
+004,-026
+004,-026
+004,-026
+004,-025
+002,-025
+002,-025
+002,-025
+002,-025
+002,-024
+002,-024
+002,-024
+002,-024
+000,-024
+000,-024
+000,-024
+000,-024
+000,-023
+000,-023
+000,-023
+000,-023
+002,-022
+002,-022
+002,-021
+002,-021
+002,-020
+002,-020
+002,-019
+004,-019
+004,-018
+004,-018
+004,-017
+004,-017
+004,-017
+004,-016
+004,-016
+004,-016
+004,-016
+004,-015
+004,-015
+004,-015
+004,-015
+004,-015
+004,-015
+004,-015
+004,-015
+004,-015
+004,-015
+006,-015
+006,-015
+006,-015
+006,-015
+006,-015
+006,-015
+006,-015
+006,-015
+006,-018
+006,-018
+006,-018
+006,-018
+006,-018
+006,-018
+006,-018
+006,-018
+006,-018
+006,-018
+006,-018
+006,-018
+006,-017
+006,-017
+006,-017
+006,-017
+006,-017
+006,-016
+006,-016
+006,-016
+006,-016
+006,-016
+006,-016
+006,-015
+006,-015
+006,-015
+006,-015
+006,-015
+006,-015
+006,-015
+006,-015
+006,-015
+006,-015
+006,-015
+006,-015
+006,-015
+006,-015
+006,-015
+006,-015
+006,-015
+006,-014
+006,-014
+006,-014
+006,-014
+006,-014
+006,-014
+006,-014
+006,-014
+006,-014
+006,-014
+006,-013
+006,-013
+006,-013
+006,-013
+006,-013
+006,-013
+006,-013
+006,-013
+006,-013
+006,-013
+006,-012
+006,-012
+006,-012
+006,-012
+006,-012
+006,-011
+006,-011
+006,-011
+006,-011
+006,-011
+006,-011
+004,-011
+004,-011
+004,-011
+004,-011
+004,-011
+004,-011
+004,-011
+004,-011
+004,-011
+004,-011
+004,-011
+004,-011
+004,-011
+004,-011
+004,-011
+004,-011
+004,-014
+004,-014
+004,-014
+004,-014
+004,-014
+004,-014
+004,-014
+004,-014
+004,-017
+004,-017
+004,-017
+004,-017
+002,-017
+002,-017
+002,-017
+002,-017
+002,-017
+002,-017
+002,-020
+002,-020
+002,-020
+002,-020
+002,-020
+002,-020
+002,-020
+002,-020
+002,-020
+000,-020
+000,-020
+000,-023
+000,-023
+000,-023
+000,-023
+000,-023
+000,-023
+000,-023
+000,-023
+000,-023
+002,-023
+002,-023
+002,-023
+002,-026
+002,-026
+002,-026
+002,-026
+002,-026
+002,-026
+002,-029
+002,-029
+004,-028
+004,-028
+002,+031
+004,-030
+004,-030
+002,-030
+002,-030
+002,-030
+002,+032
+002,+032
+002,+032
+002,+032
+002,+032
+002,+032
+002,+032
+002,+032
+002,+032
+002,+032
+002,+032
+002,+032
+002,+032
+002,+032
+002,+032
+002,+032
+002,+032
+002,+034
+000,+034
+000,+034
+000,+034
+000,+034
+000,+034
+000,+034
+000,+034
+000,+034
+000,+034
+000,+034
+000,+034
+000,+034
+000,+034
+000,+034
+000,+034
+000,+034
+000,+034
+000,+034
+000,+034
+000,+034
+000,+036
+000,+036
+000,+036
+000,+036
+000,+036
+000,+036
+000,+038
+000,+038
+000,+038
+002,+038
+002,+040
+004,+040
+004,+040
+004,+040
+004,+040
+004,+040
+004,+042
+004,+042
+004,+042
+004,+042
+006,+042
+006,+042
+006,+042
+006,+042
+006,+042
+006,+042
+006,+042
+008,+042
+008,+042
+008,+042
+008,+042
+008,+042
+010,+042
+010,+042
+010,+042
+010,+044
+010,+044
+012,+044
+012,+044
+012,+044
+012,+044
+015,+042
+015,+042
+015,+042
+015,+042
+015,+042
+015,+042
+015,+042
+015,+042
+015,+042
+017,+042
+017,+042
+017,+042
+017,+042
+017,+042
+017,+040
+017,+040
+017,+040
+017,+040
+017,+040
+017,+040
+017,+040
+017,+040
+017,+038
+017,+038
+017,+038
+017,+038
+017,+038
+017,+036
+017,+036
+019,+036
+019,+036
+019,+036
+019,+034
+019,+034
+019,+034
+019,+034
+019,+034
+019,+034
+019,+034
+021,+034
+021,+034
+021,+034
+021,+034
+021,+034
+021,+034
+021,+032
+023,+032
+023,+032
+023,+032
+023,+032
+023,+032
+023,+032
+023,+032
+025,+032
+025,+032
+025,+032
+025,+032
+025,+032
+025,+032
+027,+032
+027,+032
+027,+032
+027,+031
+027,+031
+027,+031
+029,+031
+029,+031
+029,-030
+029,-030
+029,-030
+031,-029
+031,-029
+031,-029
+031,-029
+031,-029
+033,-029
+033,-028
+033,-028
+033,-028
+033,-028
+033,-028
+033,-028
+035,-028
+035,-028
+035,-028
+035,-028
+035,-028
+035,-027
+035,-027
+035,-027
+035,-027
+035,-027
+035,-027
+037,-027
+037,-027
+037,-027
+037,-027
+037,-027
+037,-027
+037,-027
+037,-027
+035,-027
+035,-027
+035,-027
+035,-027
+035,-027
+035,-027
+035,-027
+033,-027
+033,-027
+033,-027
+033,-027
+033,-027
+033,-027
+033,-027
+031,-027
+031,-027
+031,-027
+031,-027
+031,-027
+031,-027
+029,-027
+029,-027
+029,-027
+029,-027
+027,-027
+027,-027
+027,-027
+027,-027
+025,-027
+025,-027
+025,-027
+025,-027
+025,-026
+025,-026
+025,-026
+025,-026
+025,-026
+023,-026
+023,-026
+023,-025
+023,-025
+023,-025
+023,-025
+023,-024
+023,-024
+023,-024
+023,-023
+023,-023
+023,-022
+021,-020
+021,-020
+021,-020
+021,-019
+021,-019
+019,-019
+019,-019
+019,-019
+019,-018
+019,-018
+019,-018
+019,-018
+019,-018
+019,-018
+017,-018
+017,-018
+017,-018
+017,-018
+017,-018
+017,-018
+015,-018
+015,-018
+015,-018
+015,-018
+015,-018
+015,-021
+015,-021
+013,-021
+013,-021
+013,-021
+013,-021
+013,-021
+013,-021
+013,-021
+013,-021
+011,-021
+011,-021
+011,-021
+011,-021
+011,-021
+011,-021
+009,-021
+009,-021
+009,-020
+009,-020
+007,-020
+007,-020
+007,-020
+007,-020
+007,-019
+007,-019
+007,-019
+005,-018
+005,-018
+005,-018
+005,-017
+005,-017
+005,-017
+005,-017
+005,-016
+005,-016
+005,-016
+005,-016
+005,-016
+005,-016
+005,-016
+005,-015
+005,-015
+005,-015
+005,-015
+005,-015
+005,-015
+005,-015
+005,-015
+005,-015
+005,-015
+005,-015
+005,-018
+005,-018
+005,-018
+005,-018
+007,-018
+007,-018
+007,-018
+007,-018
+007,-018
+007,-018
+007,-018
+007,-018
+007,-018
+007,-018
+007,-018
+007,-018
+007,-018
+007,-018
+007,-018
+007,-018
+007,-018
+007,-018
+007,-018
+007,-018
+007,-018
+007,-018
+007,-018
+007,-018
+007,-018
+007,-018
+007,-018
+007,-018
+007,-018
+007,-018
+007,-018
+007,-018
+007,-018
+007,-018
+007,-018
+007,-018
+007,-018
+007,-017
+009,-017
+009,-017
+009,-017
+009,-016
+009,-016
+009,-016
+009,-015
+011,-015
+011,-015
+011,-015
+011,-015
+011,-015
+011,-015
+013,-015
+013,-015
+013,-015
+013,-015
+013,-015
+013,-015
+013,-015
+013,-015
+015,-015
+015,-015
+015,-015
COP Area(S): 000849
COP Area(R): 001972