+000,-000
+000,-001
+000,-001
+000,-001
+000,-001
+000,-001
+000,-000
+000,-000
+000,-000
+000,-000
+000,-000
+000,-000
+000,-000
+000,-000
+000,-000
+000,-001
+000,-001
+000,-001
+000,-001
+000,-001
+000,-001
+002,-001
+002,-002
+002,-002
+002,-002
+002,-002
+002,-002
+002,-002
+002,-002
+002,-003
+002,-003
+002,-003
+002,-003
+002,-003
+002,-003
+002,-004
+002,-004
+002,-004
+002,-004
+002,-004
+002,-004
+002,-004
+002,-004
+002,-004
+002,-004
+002,-004
+002,-004
+002,-004
+002,-004
+002,-004
+002,-004
+002,-004
+002,-004
+002,-004
+002,-004
+002,-004
+002,-004
+002,-004
+002,-004
+002,-004
+002,-004
+002,-004
+002,-004
+002,-004
+002,-004
+002,-004
+002,-004
+002,-004
+002,-004
+002,-004
+002,-004
+002,-004
+002,-004
+002,-004
+002,-004
+002,-004
+002,-004
+002,-004
+002,-004
+002,-004
+002,-004
+002,-001
+002,-001
+002,-001
+002,-001
+002,-001
+002,-001
+002,-001
+002,-001
+002,-001
+002,-001
+002,-001
+002,-001
+002,-001
+002,-001
+002,-001
+002,-001
+002,-001
+002,-001
+002,-001
+004,-001
+004,-001
+004,-001
+004,-001
+004,-001
+004,-002
+004,-002
+004,-002
+004,-002
+004,-002
+004,-002
+004,-002
+004,-002
+004,-002
+004,-002
+004,-002
+004,-002
+004,-002
+004,-002
+004,-002
+004,-002
+004,-002
+004,-002
+004,-002
+004,-002
+004,-002
+004,-002
+004,-002
+004,-002
+004,-002
+004,-002
+004,-002
+004,-001
+004,-001
+004,-001
+004,-001
+004,-001
+004,-001
+004,-001
+004,-001
+004,-001
+004,-001
+004,-001
+004,-001
+004,-001
+004,-001
+004,-001
+004,-001
+004,-001
+004,-001
+004,-001
+004,-001
+004,-001
+006,-000
+006,-000
+006,-000
+006,-000
+006,-000
+006,-000
+006,-000
+006,-000
+006,-000
+006,-000
+006,-000
+006,-000
+006,-000
+006,-000
+006,-000
+006,-000
+006,-000
+006,-000
+006,-000
+006,-000
+006,-000
+006,-000
+006,-000
+006,-000
+006,-000
+006,-000
+006,-000
+006,-000
+006,-000
+006,-000
+006,-000
+006,-000
+006,-000
+006,-000
+006,-001
+006,-001
+006,-001
+006,-001
+006,-001
+008,-001
+008,-001
+008,-001
+008,-001
+008,-001
+008,-001
+008,-001
+008,-001
+008,-001
+008,-001
+008,-001
+008,-001
+008,-001
+008,-001
+008,-001
+008,-001
+008,-001
+008,-001
+008,-001
+008,-001
+008,-001
+008,-001
+008,-001
+008,-001
+008,-001
+008,-001
+008,-001
+008,-001
+008,-001
+008,-001
+008,-001
+008,-002
+008,-002
+008,-002
+008,-002
+008,-002
+008,-002
+008,-002
+008,-002
+008,-003
+008,-003
+008,-003
+008,-003
+008,-003
+008,-003
+008,-003
+008,-003
+008,-003
+008,-003
+008,-003
+008,-003
+008,-003
+008,-003
+008,-003
+008,-003
+008,-003
+008,-003
+008,-003
+008,-003
+008,-003
+008,-003
+008,-003
+008,-003
+008,-003
+008,-003
+008,-003
+008,-003
+008,-000
+008,-000
+006,-000
+006,-000
+006,-000
+006,-000
+006,-001
+006,-001
+006,-001
+006,-001
+006,-001
+006,-001
+006,-001
+006,-001
+006,-001
+006,-001
+006,-001
+006,-001
+006,-001
+006,-001
+004,-001
+004,-001
+004,-001
+004,-001
+004,-001
+004,-001
+004,-001
+004,-001
+004,-001
+004,-001
+004,-001
+004,-002
+004,-002
+004,-002
+004,-002
+004,-002
+004,-002
+004,-002
+004,-002
+004,-002
+004,-002
+004,-002
+002,-002
+002,-002
+002,-002
+002,-002
+002,-002
+002,-002
+002,-002
+002,-002
+002,-002
+002,-002
+002,-002
+002,-002
+002,-002
+002,-002
+002,-002
+002,-002
+002,-002
+002,-002
+002,-002
+002,-002
+002,-002
+002,-002
+002,-002
+002,-002
+002,-002
+002,-002
+002,-002
+002,-002
+002,-002
+002,-002
+002,-002
+002,-002
+002,-002
+002,-002
+002,-002
+002,-002
+002,-002
+002,-002
+002,-002
+002,-002
+002,-002
+002,-002
+002,-002
+002,-002
+002,-002
+002,-002
+002,-002
+002,-002
+002,-002
+002,-002
+002,-002
+002,-002
+002,-002
+002,-002
+002,-002
+002,-002
+002,-002
+002,-002
+002,-002
+002,-002
+002,-002
+002,-002
+002,-002
+002,-002
+002,-002
+002,-002
+002,-002
+002,-002
+002,-002
+002,-002
+002,-002
+002,-002
+002,-002
+002,-002
+002,-002
+002,-002
+002,-001
+002,-001
+002,-001
+002,-001
+002,-001
+002,-001
+002,-001
+002,-001
+002,-001
+002,-001
+002,-001
+002,-001
+002,-001
+002,-001
+002,-001
+002,-001
+002,-001
+002,-001
+002,-001
+002,-001
+002,-001
+002,-001
+002,-001
+002,-001
+002,-001
+002,-001
+002,-001
+004,-001
+004,-001
+004,-001
+004,-001
+004,-001
+004,-001
+004,-001
+004,-001
+004,-001
+004,-001
+004,-001
+004,-001
+004,-001
+004,-001
+004,-001
+004,-001
+004,-001
+004,-001
+004,-001
+004,-001
+004,-001
+004,-001
+004,-001
+004,-001
+004,-001
+004,-001
+004,-001
+004,-001
+004,-001
+004,-001
+004,-001
+004,-001
+004,-001
+004,-001
+004,-001
+004,-001
+004,-001
+004,-001
+004,-001
+004,-001
+004,-001
+004,-001
+004,-001
+004,-001
+006,-001
+006,-001
+006,-001
+006,-001
+006,-001
+006,-001
+006,-001
+006,-001
+006,-001
+006,-000
+006,-000
+006,-000
+006,-000
+006,-000
+006,-000
+006,-000
+006,-000
+006,-000
+006,-000
+006,-000
+006,-000
+006,-000
+006,-000
+006,-000
+006,-000
+006,-000
+006,-000
+006,-000
+006,-000
+006,-000
+006,-000
+006,-000
+006,-000
+006,-000
+006,-000
+006,-000
+006,-000
+004,-000
+004,-000
+004,-000
+004,-000
+004,-000
+004,-000
+004,-000
+004,-000
+004,-000
+004,-000
+004,-000
+004,-000
+004,-003
+004,-002
+004,-002
+002,-002
+002,-002
+002,-002
+002,-002
+002,-002
+002,-002
+002,-002
+002,-002
+002,-002
+002,-002
+002,-002
+002,-002
+002,-002
+002,-002
+002,-002
+002,-002
+002,-002
+002,-002
+002,-002
+002,-002
+002,-002
+002,-005
+002,-005
+002,-005
+002,-005
+002,-005
+002,-005
+000,-005
+000,-005
+000,-005
+000,-005
+000,-005
+000,-005
+000,-005
+000,-005
+000,-005
+000,-005
+000,-005
+000,-005
+000,-005
+000,-005
+000,-005
+000,-005
+000,-005
+000,-005
+000,-005
+000,-005
+000,-005
+000,-005
+000,-005
+000,-005
+000,-005
+000,-005
+000,-005
+000,-005
+000,-005
+000,-005
+000,-005
+000,-005
+000,-005
+000,-005
+000,-005
+000,-005
+000,-005
+000,-005
+000,-005
+000,-005
+000,-005
+000,-005
+000,-005
+000,-005
+000,-005
+000,-005
+000,-005
+000,-005
+000,-005
+000,-005
+000,-005
+000,-005
+000,-005
+000,-005
+000,-005
+000,-005
+000,-005
+000,-005
+000,-005
+000,-005
+000,-005
+000,-005
+000,-005
+000,-005
+000,-005
+000,-005
+000,-005
+000,-005
+000,-005
+000,-005
+000,-005
+000,-005
+000,-005
+000,-005
+000,-005
+000,-005
+000,-005
+000,-005
+000,-005
+000,-005
+000,-005
+000,-005
+000,-005
+000,-005
+000,-005
+000,-005
+000,-005
+000,-005
+000,-005
+000,-005
+000,-005
+000,-005
+000,-005
+000,-005
+000,-005
+000,-005
+000,-005
+000,-005
+000,-005
+000,-005
+000,-005
+000,-005
+000,-005
+000,-005
+000,-005
+000,-005
+000,-005
+000,-005
+000,-005
+000,-005
+000,-005
+000,-005
+000,-005
+000,-005
+000,-005
+000,-005
+000,-005
+000,-005
+000,-005
+000,-005
+000,-005
+000,-005
+000,-005
+000,-005
+000,-005
+000,-005
+000,-005
+000,-005
+000,-005
+000,-005
+000,-005
+000,-005
+000,-005
+000,-005
+000,-005
+000,-005
+000,-005
+000,-005
+000,-005
+000,-005
+000,-005
+000,-005
+000,-005
+000,-005
+000,-005
+000,-005
+000,-005
+000,-005
+000,-005
+000,-005
+000,-005
+000,-005
+000,-005
+000,-005
+000,-005
+000,-005
+000,-005
+000,-005
+000,-005
+000,-005
+000,-005
+002,-005
+002,-005
+002,-005
+002,-005
+002,-005
+002,-005
+002,-005
+002,-005
+002,-005
+002,-004
+002,-004
+002,-004
+002,-004
+002,-004
+002,-004
+002,-004
+002,-004
+002,-004
+002,-004
+002,-004
+002,-004
+002,-004
+002,-004
+002,-004
+002,-004
+002,-004
+002,-004
+002,-004
+002,-004
+002,-004
+002,-004
+002,-004
+002,-004
+002,-004
+002,-004
+002,-004
+002,-004
+002,-004
+002,-004
+002,-004
+002,-004
+002,-004
+002,-004
+002,-004
+002,-004
+000,-004
+000,-004
+000,-004
+000,-004
+000,-004
+000,-004
+000,-004
+000,-004
+000,-004
+000,-004
+000,-004
+000,-004
+000,-004
+000,-004
+000,-004
+000,-004
+000,-004
+000,-004
+000,-004
+000,-004
+000,-004
+000,-004
+000,-004
+000,-004
+000,-004
+000,-004
+000,-004
+000,-004
+000,-004
+000,-004
+000,-004
+000,-004
+000,-004
+000,-004
+000,-004
+000,-004
+000,-004
+000,-004
+000,-004
+000,-004
+000,-004
+000,-004
+002,-004
+002,-004
+002,-004
+002,-004
+002,-004
+002,-004
+002,-004
+002,-004
+002,-004
+002,-004
+002,-004
+002,-004
+002,-004
+002,-004
+002,-004
+002,-004
+002,-004
+002,-004
+002,-004
+002,-004
+002,-004
+002,-004
+002,-004
+002,-004
+002,-004
+002,-004
+002,-007
+002,-007
+002,-007
+002,-007
+002,-007
+002,-007
+002,-007
+002,-007
+002,-007
+002,-007
+002,-007
+002,-007
+002,-007
+002,-007
+002,-007
+002,-007
+002,-007
+002,-007
+002,-007
+002,-007
+002,-007
+002,-007
+002,-007
+000,-006
+000,-006
+000,-006
+000,-006
+000,-006
+000,-006
+000,-006
+000,-006
+000,-006
+000,-006
+000,-006
+000,-006
+000,-006
+000,-006
+000,-006
+000,-006
+000,-006
+000,-006
+000,-006
+000,-006
+000,-006
+000,-006
+000,-006
+000,-006
+002,-006
+002,-006
+002,-006
+002,-006
+002,-006
+002,-006
+002,-006
+002,-005
+002,-005
+002,-005
+002,-005
+002,-005
+002,-005
+002,-005
+002,-005
+002,-005
+004,-005
+004,-005
+004,-005
+004,-004
+004,-004
+004,-004
+004,-004
+004,-004
+004,-004
+004,-004
+004,-004
+004,-003
+004,-003
+004,-003
+004,-003
+004,-003
+004,-003
+004,-003
+004,-003
+004,-003
+004,-002
+004,-002
+004,-002
+004,-002
+004,-002
+004,-002
+004,-002
+004,-002
+004,-002
+004,-002
+004,-002
+004,-002
+004,-001
+004,-001
+004,-001
+004,-001
+004,-001
+006,-001
+006,-001
+006,-001
+006,-001
+006,-001
+006,-001
+006,-001
+006,-001
+006,-001
+006,-001
+006,-001
+006,-001
+006,-001
+006,-001
+006,-001
+006,-001
+006,-001
+006,-000
+006,-000
+006,-000
+006,-000
+006,-000
+006,-000
+006,-000
+006,-000
+006,-000
+006,-000
+006,-000
+006,-000
+006,-000
+006,-000
+006,-000
+008,-000
+008,-000
+008,-000
+008,-000
+008,-000
+008,-000
+008,-000
+008,-000
+008,-000
+008,-000
+008,-000
+008,-000
+008,-000
+008,-000
+008,-000
+008,-000
+008,-000
+008,-000
+008,-001
+008,-001
+008,-001
+008,-001
+008,-002
+008,-002
+010,-002
+010,-002
+010,-002
+010,-002
+010,-002
+010,-003
+010,-003
+010,-003
+010,-003
+010,-003
+010,-003
+010,-003
+010,-004
+010,-004
+010,-004
+010,-004
+010,-004
+010,-004
+010,-004
+010,-004
+010,-004
+010,-004
+010,-004
+010,-004
+010,-004
+010,-004
+010,-004
+010,-004
+010,-004
+010,-004
+010,-004
+010,-004
+010,-004
+010,-004
+010,-004
+010,-004
+010,-004
+010,-004
+010,-004
+010,-004
+010,-001
+010,-001
+010,-001
+010,-001
+010,-001
+010,-001
+010,-001
+010,-001
+010,-001
+010,-001
+008,-001
+008,-001
+008,-001
+008,-001
+008,-001
+008,-001
+008,-001
+008,-001
+008,-001
+008,-001
+008,-001
+008,-001
+008,-001
+008,-001
+008,-001
+008,-001
+008,-001
+008,-001
+008,-001
+008,-001
+008,-001
+008,-001
+008,-001
+008,-001
+008,-001
+008,-001
+008,-001
+008,-001
+008,-001
+008,-001
+008,-001
+008,-001
+008,-001
+008,-001
+008,-001
+008,-001
+008,-001
+008,-001
+008,-001
+008,-001
+008,-001
+008,-001
+008,-001
+008,-001
+006,-001
+006,-001
+006,-001
+006,-001
+006,-001
+006,-001
+006,-001
+006,-001
+006,-001
+006,-001
+006,-001
+006,-001
+006,-001
+006,-001
+006,-001
+006,-001
+006,-001
+006,-001
+006,-001
+006,-001
+006,-001
+006,-001
+006,-001
+006,-001
+006,-001
+006,-001
+006,-001
+006,-001
+006,-001
+006,-001
+006,-001
+006,-001
+006,-001
+006,-001
+006,-001
+006,-001
+006,-001
+006,-001
+006,-001
+006,-001
+006,-001
+006,-001
+006,-001
+006,-001
+006,-001
+006,-001
+006,-001
+006,-001
+006,-001
+006,-001
+006,-001
+006,-001
+006,-001
+006,-001
+006,-001
+006,-001
+006,-001
+006,-001
+006,-001
+006,-001
+006,-001
+008,-001
+008,-001
+008,-001
+008,-001
+008,-001
+008,-001
+008,-001
+008,-001
+008,-001
+008,-001
+008,-001
+008,-001
+008,-001
+008,-001
+008,-001
+008,-001
+008,-001
+008,-001
+008,-001
+008,-001
+008,-001
+008,-001
+008,-001
+008,-001
+008,-001
+008,-001
+008,-001
+008,-001
+008,-001
+008,-001
+008,-001
+008,-001
+008,-001
+008,-001
+008,-001
+008,-001
+008,-001
+008,-001
+008,-001
+008,-001
+008,-001
+008,-001
+010,-001
+010,-002
+010,-001
+010,-001
+012,-001
+012,-001
+012,-001
+012,-001
+012,-001
+012,-001
+012,-001
+012,-001
+010,-001
+010,-001
+012,-001
+010,-000
+010,-000
+010,-000
+010,-000
+010,-001
+010,-001
+010,-001
+010,-001
+010,-001
+010,-001
+010,-001
+010,-001
+010,-001
+010,-001
+010,-001
+010,-001
+010,-001
+010,-001
+010,-001
+010,-001
+010,-001
+010,-001
+010,-001
+010,-001
+010,-001
+010,-001
+010,-001
+010,-001
+010,-001
+010,-002
+010,-002
+010,-002
+010,-002
+010,-002
+010,-002
+010,-002
+010,-002
+010,-002
+010,-002
+010,-002
+010,-002
+010,-002
+010,-002
+010,-002
+010,-002
+010,-002
+010,-002
+010,-002
+010,-002
+010,-002
+010,-002
+010,-002
+010,-002
+010,-002
+010,-002
+010,-002
+010,-002
+010,-002
+010,-002
+010,-002
+010,-002
+010,-002
+010,-002
+010,-002
+010,-002
+010,-002
+010,-002
+010,-002
+010,-002
+010,-002
+010,-002
+010,-002
+010,-002
+010,-002
+010,-002
+010,-002
+010,-002
+010,-003
+010,-003
+010,-003
+010,-003
+010,-003
+010,-003
+010,-003
+010,-003
+010,-003
+010,-003
+010,-003
+010,-003
+010,-004
+010,-004
+010,-004
+010,-004
+010,-004
+010,-004
+010,-004
+010,-004
+010,-004
+010,-004
+010,-004
+010,-004
+010,-004
+010,-004
+010,-004
+010,-004
+010,-004
+010,-004
+010,-004
+010,-004
+010,-004
+010,-004
+010,-004
+010,-004
+010,-004
+010,-004
+010,-004
+010,-004
+010,-004
+010,-004
+010,-004
+010,-001
+010,-001
+010,-001
+010,-001
+010,-001
+010,-001
+010,-001
+010,-001
+010,-001
+010,-001
+010,-001
+010,-001
+008,-001
+008,-001
+008,-001
+008,-001
+008,-001
+008,-001
+008,-001
+008,-001
+008,-001
+008,-001
+008,-001
+008,-001
+008,-001
+008,-001
+008,-001
+008,-001
+008,-001
+008,-001
+008,-001
+008,-002
+008,-001
+008,-001
+008,-001
+008,-001
+008,-001
+008,-001
+008,-001
+008,-001
+008,-001
+008,-001
+008,-000
+008,-000
+008,-000
+008,-000
+008,-000
+008,-000
+008,-000
+006,-000
+006,-000
+006,-000
+006,-000
+006,-000
+006,-000
+006,-000
+006,-000
+006,-000
+006,-000
+006,-000
+006,-000
+006,-000
+006,-000
+006,-000
+006,-000
+006,-000
+006,-000
+006,-000
+006,-000
+006,-000
+006,-000
+004,-000
+004,-000
+004,-000
+004,-000
+004,-003
+004,-003
+004,-003
+004,-003
+004,-003
+004,-003
+004,-003
+004,-003
+004,-003
+004,-003
+004,-003
+004,-003
+004,-003
+004,-003
+004,-003
+004,-003
+004,-003
+004,-003
+004,-003
+004,-003
+004,-003
+004,-003
+004,-003
+004,-003
+004,-003
+004,-003
+004,-003
+004,-003
+004,-003
+004,-003
+004,-003
+004,-003
+004,-003
+004,-003
+004,-003
+004,-003
+004,-003
+004,-003
+004,-003
+004,-003
+004,-003
+004,-003
+004,-003
+004,-003
+004,-003
+004,-003
+004,-003
+004,-003
+004,-003
+004,-003
+004,-003
+004,-003
+004,-003
+004,-003
+004,-003
+004,-003
+004,-003
+004,-003
+004,-003
+004,-003
+004,-003
+004,-003
+004,-003
+004,-003
+004,-003
+004,-003
+004,-003
+004,-003
+004,-003
+004,-003
+002,-003
+002,-003
+002,-003
+002,-003
+002,-003
+002,-003
+002,-003
+002,-003
+002,-003
+002,-003
+002,-003
+002,-003
+002,-003
+002,-003
+002,-003
+002,-003
+002,-003
+002,-006
+002,-006
+000,-006
+000,-006
+000,-006
+000,-006
+000,-006
+000,-006
+000,-006
+000,-006
+000,-006
+000,-006
+000,-006
+000,-006
+000,-006
+000,-006
+000,-006
+000,-006
+000,-006
+000,-006
+000,-006
+000,-006
+000,-006
+000,-006
+000,-006
+000,-006
+000,-006
+000,-006
+000,-006
+000,-006
+000,-006
+000,-006
+000,-006
+000,-006
+000,-006
+000,-006
+000,-006
+000,-006
+000,-006
+000,-006
+000,-006
+000,-006
+000,-006
+002,-006
+002,-006
+002,-006
+002,-006
+002,-006
+002,-006
+002,-006
+002,-006
+002,-006
+002,-006
+004,+009
+004,+009
+004,-008
+004,-008
+004,-008
+004,-008
+004,-008
+004,-008
+004,-008
+006,-008
+006,-008
+006,-008
+006,-008
+006,-008
+006,-008
+006,-008
+006,-008
+006,-008
+006,-008
+006,-008
+006,-008
+006,-008
+006,-008
+006,-008
+006,-008
+008,-008
+008,-008
+008,-008
+008,-008
+008,-008
+008,-008
+008,-008
+008,-008
+008,-008
+008,-008
+008,-008
+008,-008
+008,-008
+008,-008
+008,-008
+008,-008
+008,-008
+008,-007
+008,-007
+008,-007
+010,-007
+010,-007
+010,-007
+010,-007
+010,-007
+010,-007
+010,-007
+010,-007
+010,-007
+010,-007
+010,-007
+010,-007
+010,-007
+010,-007
+010,-007
+010,-007
+010,-007
+010,-007
+010,-007
+010,-007
+010,-007
+010,-007
+010,-007
+010,-007
+010,-007
+010,-007
+010,-007
+010,-007
+010,-007
+010,-007
+010,-007
+010,-007
+010,-007
+010,-007
+010,-007
+010,-007
+010,-007
+010,-007
+010,-007
+010,-007
+010,-007
+010,-007
+010,-006
+010,-006
+010,-006
+010,-006
+010,-006
+010,-006
+010,-006
+010,-006
+010,-006
+010,-006
+010,-006
+010,-006
+010,-006
+010,-006
+010,-006
+008,-006
+008,-006
+008,-006
+008,-006
+008,-006
+008,-006
+008,-006
+008,-006
+008,-006
+008,-006
+008,-006
+008,-006
+008,-006
+008,-006
+008,-006
+008,-006
+008,-006
+008,-006
+008,-006
+008,-006
+008,-006
+008,-006
+008,-006
+008,-006
+008,-006
+008,-006
+008,-006
+008,-006
+008,-006
+008,-006
+008,-006
+008,-006
+008,-006
+008,-006
+008,-006
+008,-006
+008,-006
+008,-006
+008,-006
+008,-006
+008,-006
+008,-006
+008,-006
+008,-006
+008,-006
+008,-006
+008,-006
+008,-006
+010,-006
+010,-006
+010,-006
+010,-006
+010,-006
+010,-006
+010,-006
+010,-006
+010,-006
+010,-006
+010,-006
+010,-006
+010,-006
+010,-006
+010,-006
+010,-006
+008,-006
+008,-006
+008,-006
+008,-006
+008,-006
+008,-006
+008,-006
+008,-006
+008,-006
+008,-006
+008,-006
+008,-006
+008,-006
+008,-006
+008,-006
+008,-006
+008,-006
+008,-006
+008,-006
+008,-006
+008,-006
+008,-006
+008,-006
+006,-005
+006,-005
+006,-005
+006,-005
+006,-005
+006,-005
+006,-004
+006,-004
+006,-004
+006,-004
+006,-004
+006,-004
+006,-003
+006,-003
+006,-003
+006,-003
+006,-003
+006,-003
+006,-003
+006,-003
+006,-003
+006,-003
+006,-003
+006,-003
+006,-003
+006,-003
+006,-003
+006,-003
+008,-006
+008,-006
+008,-006
+008,-006
+008,-006
+008,-006
+008,-006
+008,-006
+008,-006
+008,-006
+008,-006
+008,-006
+008,-006
+008,-006
+008,-006
+008,-006
+008,-006
+008,-006
+008,-006
+008,-006
+008,-006
+008,-006
+008,-006
+008,-006
+008,-006
+008,-006
+008,+009
+008,+009
+008,+009
+008,+009
+008,+009
+008,+009
+008,+009
+008,+009
+008,+009
+008,+009
+008,+009
+008,+009
+008,+009
+008,+009
+008,+009
+008,+009
+008,+009
+008,+009
+008,+009
+008,+009
+008,+009
+008,-008
+008,-008
+008,-008
+008,-008
+008,-008
+008,-008
+008,-008
+008,-008
+008,-008
+008,-008
+008,-008
+008,-007
+008,-007
+008,-007
+008,-007
+008,-007
+008,-007
+008,-007
+008,-007
+008,-007
+008,-007
+008,-007
+008,-007
+008,-007
+008,-007
+008,-006
+008,-006
+008,-006
+008,-006
+008,-006
+008,-006
+008,-006
+008,-006
+008,-006
+008,-006
+008,-006
+008,-006
+008,-006
+008,-006
+008,-006
+008,-006
+008,-006
+008,-006
+008,-006
+008,-006
+008,-006
+008,-006
+008,-006
+008,-005
+008,-005
+008,-005
+006,-005
+006,-005
+008,-005
+008,-005
+006,-004
+008,-004
+008,-004
+006,-004
+006,-004
+006,-004
+006,-004
+006,-004
+006,-004
+006,-004
+006,-004
+006,-003
+006,-003
+006,-003
+006,-003
+006,-003
+006,-003
+006,-003
+006,-003
+006,-003
+006,-003
+006,-003
+006,-003
+006,-003
+006,-003
+006,-003
+006,-003
+006,-003
+006,-003
+006,-003
+006,-003
+006,-003
+006,-003
+006,-003
+006,-003
+006,-002
+006,-002
+006,-002
+006,-002
+006,-002
+006,-002
+006,-002
+006,-001
+006,-001
+006,-001
+006,-001
+006,-001
+006,-001
+006,-001
+006,-001
+006,-001
+006,-001
+006,-001
+006,-001
+006,-001
+006,-001
+006,-001
+006,-000
+006,-000
+006,-000
+006,-000
+006,-000
+006,-000
+006,-000
+006,-000
+006,-000
+006,-000
+006,-000
+006,-000
+006,-000
+006,-000
+006,-000
+006,-000
+006,-000
+006,-000
+006,-000
+006,-000
+006,-000
+006,-000
+006,-000
+006,-000
+006,-000
+006,-000
+006,-000
+006,-000
+006,-000
+006,-000
+006,-000
+006,-000
+006,-000
+006,-000
+006,-000
+006,-000
+006,-000
+006,-000
+006,-000
+006,-000
+006,-000
+006,-000
+006,-000
+006,-000
+006,-000
+006,-000
+006,-000
+006,-000
+006,-000
+006,-000
+006,-000
+006,-000
+006,-000
+006,-000
+006,-000
+006,-000
+006,-000
+006,-000
+006,-000
+006,-000
+006,-000
+006,-000
+006,-000
+006,-000
+006,-000
+006,-000
+006,-000
+006,-000
+006,-000
+006,-000
+006,-000
+006,-000
+006,-000
+006,-000
+006,-000
+006,-000
+006,-000
+006,-000
+006,-000
+006,-000
+006,-000
+006,-000
+006,-000
+006,-000
+006,-000
+006,-000
+006,-000
+006,-000
+006,-000
+006,-000
+006,-000
+006,-000
+006,-000
+006,-000
+006,-000
+006,-000
+008,-000
+008,-000
+008,-000
+008,-000
+008,-000
+008,-000
+008,-000
+008,-000
+008,-000
+008,-000
+008,-000
+008,-000
+008,-000
+008,-000
+008,-000
+008,-000
+008,-000
+008,-000
+008,-000
+008,-000
+008,-000
+008,-000
+008,-000
+008,-000
+008,-000
+008,-000
+008,-000
+008,-000
+008,-000
+008,-000
+008,-000
+008,-000
+008,-000
+008,-000
+008,-000
+008,-000
+008,-000
+008,-000
+008,-000
+008,-000
+008,-000
+008,-000
+008,-000
+008,-000
+008,-000
+008,-000
+008,-000
+008,-000
+008,-003
+008,-003
+008,-002
+008,-002
+010,-002
+010,-002
+010,-002
+010,-002
+010,-002
+010,-002
+010,-002
+010,-002
+010,-002
+010,-002
+010,-005
+010,-004
+010,-004
+010,-004
+010,-004
+010,-004
+010,-004
+010,-004
+008,-003
+008,-003
+010,-003
+008,-003
+008,-003
+010,-003
+010,-003
+008,-002
+008,-002
+010,-002
+008,-002
+008,-002
+010,-002
+010,-002
+010,-001
+010,-001
+010,-001
+008,-001
+010,-001
+010,-001
+010,-000
+010,-000
+010,-000
+010,-000
+010,-000
+010,-000
+010,-000
+010,-000
+010,-000
+010,-000
+010,-000
+010,-000
+010,-000
+010,-000
+010,-000
+010,-000
+010,-000
+010,-000
+010,-000
+010,-000
+010,-000
+010,-000
+010,-000
+010,-000
+010,-000
+010,-000
+010,-000
+010,-000
+010,-001
+010,-001
+010,-001
+010,-001
+010,-001
+010,-001
+010,-001
+010,-001
+010,-001
+010,-001
+010,-001
+010,-001
+010,-001
+010,-001
+010,-001
+010,-001
+010,-001
+010,-001
+010,-001
+010,-001
+012,-001
+012,-001
+010,-001
+010,-001
+013,-002
+011,-000
+011,-000
+013,-000
+013,-000
+011,-000
+013,-000
+013,-000
+011,-000
+011,-000
+013,-000
+013,-000
+013,-000
+013,-000
+013,-000
+013,-000
+013,-000
+013,-000
+013,-000
+013,-000
+013,-000
+013,-000
+013,-000
+013,-000
+013,-000
+013,-000
+013,-000
+013,-000
+011,-000
+011,-000
+011,-000
+011,-000
+011,-000
+011,-000
+011,-000
+011,-000
+011,-000
+011,-000
+011,-000
+011,-000
+011,-000
+011,-000
+011,-000
+011,-000
+011,-000
+011,-000
+011,-001
+009,-001
+009,-001
+009,-001
+009,-001
+009,-001
+009,-001
+009,-001
+009,-001
+009,-001
+009,-001
+009,-001
+009,-001
+009,-001
+009,-001
+009,-001
+009,-001
+009,-001
+009,-001
+009,-001
+009,-001
+009,-001
+009,-001
+009,-001
+009,-001
+009,-001
+009,-001
+009,-001
+009,-001
+009,-001
+009,-001
+009,-001
+009,-001
+009,-001
+009,-001
+009,-001
+009,-001
+012,-001
+012,-001
+010,-001
+012,-002
+012,-002
+012,-001
+012,-001
+012,-001
+012,-001
+012,-001
+012,-001
+012,-001
+012,-001
+012,-001
+012,-001
+012,-001
+012,-001
+012,-001
+012,-001
+012,-001
+012,-001
+012,-001
+012,-001
+012,-004
+012,-004
+012,-004
+012,-004
+012,-004
+012,-004
+012,-004
+012,-004
+012,-004
+012,-004
+014,-004
+014,-004
+014,-004
+014,-004
+014,-004
+014,-004
+014,-004
+014,-004
+014,-004
+014,-004
+014,-004
+014,-004
+014,-004
+014,-004
+014,-004
+014,-004
+014,-004
+014,-004
+014,-004
+014,-004
+014,-004
+014,-004
+014,-004
+014,-004
+014,-004
+014,-004
+014,-004
+014,-004
+014,-004
+014,-004
+014,-004
+014,-004
+014,-004
+014,-004
+014,-004
+014,-004
+014,-004
+014,-004
+014,-004
+014,-004
+014,-004
+012,-004
+012,-004
+012,-004
+012,-004
+012,-004
+012,-004
+012,-004
+012,-004
+012,-004
+012,-004
+010,-004
+010,-004
+010,-004
+010,-004
+010,-004
+010,-004
+010,-004
+010,-004
+010,-004
+008,-004
+008,-004
+008,-004
+008,-007
+008,-007
+008,-006
+008,-006
+008,-006
+006,-005
+006,-004
+006,-004
+006,-004
+006,-004
+006,-004
+006,-004
+006,-004
+006,-004
+006,-004
+006,-004
+006,-004
+006,-004
+006,-004
+006,-004
+006,-004
+006,-004
+006,-004
+006,-007
+006,-007
+006,-007
+006,-007
+006,-007
+006,-007
+006,-007
+008,-007
+008,-007
+008,-007
+008,-007
+008,-007
+008,-007
+008,-007
+008,-007
+008,-007
+008,-007
+008,-007
+008,-007
+008,-007
+008,-007
+008,-007
+008,-007
+008,-007
+008,-007
+008,-007
+008,-007
+008,-007
+008,-007
+008,-007
+008,-007
+008,-007
+008,-007
+008,-007
+008,-007
+008,-007
+008,-007
+008,-007
+008,-007
+008,-007
+008,-007
+008,-007
+008,-007
+008,-007
+008,-007
+008,+009
+008,+009
+008,+009
+008,+009
+008,+009
+008,+009
+008,+009
+008,+009
+008,+009
+008,+009
+008,+009
+006,+009
+006,+009
+006,+009
+006,+009
+006,+009
+006,+009
+006,+009
+006,+009
+006,+009
+006,+009
+006,+009
+006,+009
+006,+009
+006,+009
+006,+009
+006,+009
+006,+009
+006,+009
+006,+009
+006,+009
+006,+009
+006,+009
+006,+009
+006,+009
+006,+009
+006,+009
+006,+009
+006,+009
+006,+009
+006,+009
+006,+009
+006,+009
+006,+009
+006,+009
+006,+009
+006,+009
+006,+009
+004,+009
+004,+009
+004,+009
+004,+009
+004,+009
+004,+009
+004,+009
+004,+009
+004,+009
+004,+009
+004,+009
+004,+009
+004,+009
+004,+009
+004,+009
+004,+009
+004,+009
+004,+009
+004,+009
+004,+009
+004,+009
+004,+009
+004,+009
+004,+009
+004,+009
+004,+009
+004,+009
+004,+009
+004,+009
+004,+009
+004,+009
+006,+009
+006,+009
+006,+009
+006,+009
+006,+009
+006,+009
+006,+009
+006,+009
+006,+009
+006,+009
+006,+009
+006,+009
+006,+009
+006,+009
+006,+009
+006,+009
+006,+009
+008,+009
+008,+009
+008,+009
+008,+009
+008,+009
+008,+009
+008,+009
+008,+009
+008,+009
+008,+009
+008,+009
+008,+009
+008,+009
+008,+009
+008,+009
+008,+009
+008,+009
+008,+009
+008,+009
+010,+009
+010,+009
+010,+009
+010,+009
+010,+009
+010,+009
+010,+009
+010,+009
+010,+009
+010,+009
+010,+009
+010,+009
+010,+009
+010,+009
+010,+009
+010,+009
+010,+009
+010,+009
+010,+009
+010,+009
+010,+009
+010,+009
+010,+009
+010,+009
+010,+009
+010,+009
+010,+009
+010,+009
+010,+009
+010,+009
+010,+009
+010,+009
+010,+009
+010,+009
+010,+009
+010,+009
+010,+009
+010,+009
+010,+009
+010,+009
+010,+009
+010,+009
+010,+009
+010,+009
+010,+009
+010,+009
+010,+009
+010,+009
+010,+009
+010,+009
+010,+009
+010,+009
+010,+009
+010,+009
+010,+009
+010,+009
+010,+009
+010,+009
+010,+009
+010,+009
+010,+009
+010,+009
+010,+009
+010,+009
+010,+009
+010,+009
+008,+009
+008,+009
+008,+009
+008,+009
+008,+009
+008,+009
+008,+009
+008,+009
+008,+009
+008,+009
+008,+009
+008,+009
+008,+009
+008,+009
+008,+009
+008,+009
+008,+009
+008,+009
+008,+009
+006,+009
+006,+009
+006,+009
+006,+009
+006,+009
+006,+009
+006,+009
+006,+009
+006,+009
+006,+009
+006,+009
+006,+009
+006,+009
+006,+009
+006,+009
+006,+009
+006,+009
+006,+009
+006,+009
+006,+009
+006,+009
+006,+009
+006,+009
+006,+009
+006,+009
+006,+009
+006,+009
+006,+009
+006,+009
+006,+009
+006,+009
+006,+009
+006,+009
+006,+009
+006,+009
+006,+009
+006,+009
+006,+009
+006,+009
+006,+009
+006,+009
+006,+009
+006,+009
+006,+009
+006,+009
+006,+009
+006,+009
+006,+009
+006,+009
+006,+009
+006,+009
+006,+009
+006,+009
+006,+009
+006,+009
+006,+009
+008,+009
+008,+009
+008,+009
+008,+011
+008,+011
+008,+011
+008,+011
+008,+011
+008,+011
+008,+011
+008,+011
+008,+011
+008,+011
+008,+011
+008,+011
+008,+011
+008,+011
+008,+011
+008,+011
+008,+011
+008,+011
+008,+011
+008,+011
+008,+011
+008,+011
+008,+011
+008,+011
+008,+011
+008,+011
+008,+011
+008,+011
+008,+011
+008,+011
+008,+011
+008,+011
+006,+011
+006,+011
+006,+011
+006,+011
+006,+011
+006,+011
+006,+011
+006,+011
+006,+011
+006,+011
+006,+011
+006,+011
+006,+011
+006,+011
+006,+011
+006,+011
+006,+011
+006,+011
+006,+011
+006,+011
+006,+011
+006,+011
+006,+011
+006,+011
+006,+011
+006,+011
+006,+011
+006,+009
+006,+009
+006,+009
+006,+009
+006,+009
+006,+009
+006,+009
+006,+009
+006,+009
+006,+009
+006,+009
+006,+009
+006,+009
+006,+009
+006,+009
+006,+009
+006,+009
+006,+011
+006,+011
+006,+011
+006,+011
+006,+011
+006,+011
+006,+011
+006,+011
+008,+011
+008,+011
+008,+011
+008,+011
+008,+011
+008,+011
+008,+011
+008,+011
+008,+011
+008,+011
+008,+011
+008,+011
+008,+011
+008,+011
+008,+011
+008,+011
+008,+011
+008,+011
+008,+011
+008,+011
+008,+011
+008,+011
+008,+011
+008,+011
+008,+011
+008,+011
+008,+011
+008,+011
+008,+011
+008,+011
+008,+013
+008,+013
+008,+013
+008,+013
+008,+013
+008,+013
+008,+013
+008,+013
+008,+013
+008,+013
+008,+013
+008,+013
+008,+013
+008,+013
+008,+013
+008,+013
+008,+013
+008,+013
+008,+013
+008,+013
+008,+013
+008,+013
+008,+013
+008,+013
+008,+013
+008,+013
+008,+013
+008,+013
+008,+013
+008,+013
+008,+013
+008,+013
+008,+013
+008,+013
+008,+013
+008,+013
+008,+013
+008,+013
+008,+013
+008,+013
+008,+013
+008,+015
+008,+015
+008,+015
+008,+015
+008,+015
+008,+015
+008,+015
+008,+015
+008,+015
+008,+015
+008,+015
+008,+015
+008,+015
+008,+015
+008,+015
+008,+015
+008,+015
+008,+015
+008,+015
+008,+015
+008,+015
+008,+015
+008,+015
+008,+015
+008,+015
+008,+017
+008,+017
+008,+017
+008,+017
+008,+017
+008,+017
+008,+017
+008,+017
+008,+017
+008,+017
+008,+017
+008,+017
+008,+017
+008,+017
+008,+017
+008,+017
+008,+017
+008,+017
+008,+017
+008,+017
+008,+017
+008,+017
+008,+017
+008,+017
+008,+017
+008,+017
+008,+017
+008,+017
+008,+017
+008,+017
+008,+017
+008,+019
+008,+019
+008,+019
+008,+019
+008,+019
+008,+019
+008,+019
+008,+021
+008,+021
+008,+021
+008,+021
+008,+021
+008,+021
+008,+021
+008,+021
+008,+021
+008,+021
+008,+021
+008,+021
+008,+021
+008,+021
+008,+021
+008,+021
+008,+021
+008,+021
+008,+021
+008,+021
+008,+021
+008,+021
+008,+021
+008,+021
+008,+021
+006,+021
+006,+021
+006,+021
+006,+021
+006,+021
+006,+021
+006,+021
+006,+021
+006,+021
+006,+021
+006,+021
+006,+021
+006,+021
+006,+021
+006,+021
+006,+021
+006,+021
+006,+021
+006,+021
+006,+021
+006,+021
+006,+021
+006,+021
+006,+021
+006,+021
+006,+021
+006,+021
+006,+023
+006,+023
+006,+023
+006,+023
+006,+023
+006,+023
+006,+023
+006,+025
+006,+025
+006,+025
+006,+025
+006,+025
+006,+025
+004,+027
+004,+027
+002,+029
+002,+029
+002,+029
+002,+029
+002,+029
+002,+029
+002,+029
+002,+029
+002,+029
+002,+029
+002,+029
+002,+029
+002,+029
+002,+029
+002,+029
+002,+029
+002,+029
+002,+029
+002,+029
+002,+029
+002,+029
+002,+029
+002,+029
+002,+029
+002,+029
+002,+029
+002,+029
+002,+029
+002,+029
+002,+029
+002,+029
+002,+029
+002,+029
+002,+029
+002,+029
+002,+029
+002,+029
+002,+029
+002,+029
+004,+027
+004,+025
+004,+025
+004,+025
+004,+025
+004,+025
+004,+025
+004,+025
+004,+025
+004,+025
+004,+025
+004,+025
+004,+025
+004,+025
+004,+025
+004,+025
+004,+025
+004,+025
+004,+025
+004,+025
+004,+023
+004,+023
+004,+023
+004,+023
+004,+023
+004,+023
+004,+023
+004,+023
+004,+023
+004,+023
+004,+023
+004,+023
+004,+023
+004,+023
+004,+023
+006,+023
+006,+023
+006,+023
+006,+023
+006,+023
+006,+023
+006,+023
+006,+023
+006,+023
+006,+023
+006,+023
+006,+023
+006,+023
+006,+023
+006,+023
+006,+023
+006,+023
+006,+023
+006,+023
+006,+023
+006,+023
+006,+023
+006,+023
+006,+023
+006,+023
+006,+023
+006,+021
+006,+021
+006,+021
+006,+021
+006,+021
+006,+021
+006,+021
+006,+021
+006,+021
+006,+021
+006,+021
+006,+021
+006,+021
+006,+021
+008,+021
+008,+021
+008,+021
+008,+021
+008,+021
+008,+021
+008,+021
+008,+021
+008,+021
+008,+021
+008,+021
+008,+021
+008,+021
+008,+021
+008,+021
+008,+021
+008,+019
+008,+019
+010,+019
+010,+019
+010,+019
+010,+019
+010,+019
+010,+019
+010,+019
+010,+019
+010,+019
+010,+019
+010,+019
+010,+019
+010,+019
+010,+019
+010,+019
+010,+019
+010,+019
+010,+019
+010,+019
+010,+019
+010,+019
+010,+019
+010,+017
+010,+017
+010,+017
+010,+017
+010,+017
+010,+017
+010,+017
+010,+017
+010,+017
+010,+017
+010,+017
+010,+017
+010,+017
+010,+017
+010,+017
+010,+017
+010,+017
+010,+017
+010,+017
+010,+017
+010,+017
+010,+017
+010,+017
+010,+017
+010,+017
+010,+017
+010,+017
+010,+017
+012,+017
+012,+017
+012,+017
+012,+017
+012,+017
+012,+017
+012,+017
+012,+017
+012,+017
+012,+017
+012,+017
+012,+017
+012,+017
+012,+017
+012,+017
+012,+017
+012,+017
+012,+017
+012,+017
+012,+017
+012,+017
+012,+017
+012,+017
+012,+017
+012,+017
+012,+017
+012,+017
+012,+017
+012,+017
+012,+017
+012,+017
+012,+017
+012,+017
+012,+017
+012,+017
+012,+017
+012,+017
+012,+017
+012,+017
+012,+017
+012,+017
+012,+017
+012,+017
+012,+017
+012,+017
+012,+017
+012,+017
+012,+017
+012,+017
+012,+015
+012,+015
+012,+015
+012,+015
+012,+015
+012,+015
+012,+015
+012,+015
+012,+015
+012,+015
+012,+015
+012,+015
+012,+015
+012,+015
+012,+015
+014,+015
+014,+015
+014,+015
+014,+015
+014,+015
+014,+013
+014,+013
+014,+013
+014,+013
+014,+013
+014,+011
+014,+011
+014,+011
+014,+011
+014,+011
+014,+011
+014,+011
+014,+011
+014,+011
+014,+011
+014,+011
+014,+011
+014,+011
+014,+011
+014,+011
+014,+011
+014,+011
+014,+011
+014,+011
+014,+011
+014,+011
+014,+011
+014,+011
+014,+011
+014,+011
+014,+011
+014,+011
+014,+011
+014,+011
+014,+011
+014,+011
+014,+011
+014,+011
+014,+011
+014,+011
+014,+011
+014,+011
+014,+011
+014,+011
+014,+011
+014,+011
+014,+011
+014,+011
+014,+011
+014,+011
+014,+011
+014,+011
+014,+011
+014,+011
+014,+011
+014,+011
+014,+011
+014,+011
+014,+011
+014,+011
+014,+011
+014,+011
+014,+011
+014,+011
+014,+011
+014,+011
+014,+011
+014,+011
+014,+011
+014,+013
+014,+013
+014,+013
+014,+013
+014,+013
+014,+013
+014,+013
+014,+013
+014,+013
+014,+013
+014,+013
+014,+013
+014,+013
+014,+013
+014,+013
+014,+013
+014,+013
+014,+013
+014,+013
+014,+013
+014,+013
+014,+013
+014,+013
+014,+013
+014,+013
+014,+013
+014,+013
+014,+013
+014,+013
+014,+013
+014,+013
+014,+013
+014,+013
+014,+013
+014,+013
+014,+013
+014,+013
+014,+013
+014,+013
+014,+013
+014,+013
+014,+013
+014,+013
+014,+013
+014,+013
+014,+013
+014,+013
+014,+013
+014,+013
+014,+013
+014,+013
+014,+013
+014,+013
+014,+013
+014,+013
+014,+013
+014,+013
+012,+013
+012,+013
+012,+013
+012,+013
+012,+013
+012,+013
+012,+013
+012,+013
+012,+013
+012,+013
+012,+013
+012,+013
+012,+013
+012,+013
+012,+013
+012,+013
+012,+013
+012,+013
+012,+013
+012,+013
+012,+013
+010,+013
+010,+013
+010,+013
+010,+013
+010,+013
+010,+013
+010,+013
+010,+013
+010,+013
+010,+013
+010,+013
+010,+013
+010,+013
+010,+013
+010,+013
+010,+013
+010,+013
+010,+013
+010,+013
+010,+013
+010,+013
+010,+013
+010,+013
+010,+013
+010,+013
+010,+013
+010,+013
+010,+013
+010,+013
+010,+013
+010,+013
+010,+013
+010,+013
+010,+013
+010,+013
+010,+013
+010,+013
+010,+013
+010,+013
+010,+013
+010,+013
+010,+013
+010,+013
+010,+013
+008,+013
+008,+013
+008,+013
+008,+013
+008,+013
+008,+013
+008,+013
+008,+013
+008,+013
+008,+013
+008,+013
+008,+013
+008,+013
+008,+013
+008,+013
+008,+013
+008,+013
+008,+013
+008,+013
+008,+013
+008,+013
+008,+013
+008,+013
+008,+013
+008,+013
+008,+013
+008,+013
+008,+013
+008,+013
+008,+013
+008,+013
+008,+011
+008,+011
+008,+011
+008,+011
+008,+011
+008,+011
+008,+011
+008,+011
+008,+011
+008,+011
+008,+011
+008,+011
+008,+011
+008,+011
+008,+011
+008,+011
+008,+011
+008,+011
+008,+011
+008,+011
+008,+011
+008,+011
+008,+011
+008,+011
+008,+009
+008,+009
+008,+009
+008,+009
+008,+009
+008,+009
+008,+009
+008,+009
+008,+009
+008,+009
+008,+009
+008,+009
+008,+009
+008,+009
+008,+009
+008,+009
+008,+009
+010,+009
+010,+009
+010,+009
+010,+009
+010,+009
+010,+009
+010,+009
+010,+009
+010,+009
+010,+009
+010,+009
+010,+009
+010,+009
+010,+009
+010,+009
+010,+009
+010,+009
+010,+009
+010,+009
+010,+009
+010,+009
+010,+009
+010,+009
+010,+009
+010,+009
+010,+009
+010,+009
+010,+009
+010,+009
+010,+009
+010,+009
+010,+009
+010,+009
+010,+009
+010,+009
+010,+009
+010,+009
+010,+009
+010,+009
+010,+009
+010,+009
+010,+009
+010,+009
+010,+009
+010,+009
+010,+009
+010,+009
+010,+009
+010,+009
+010,+009
+010,+009
+010,+009
+010,+009
+010,+009
+010,+009
+010,+009
+010,+009
+010,+009
+010,+009
+010,+009
+010,+009
+010,+009
+010,+009
+010,+009
+010,+009
+010,+009
+010,+009
+010,+009
+010,+009
+010,+009
+010,+009
+010,+009
+010,+009
+010,+009
+010,+009
+010,+009
+010,+009
+010,-008
+010,-008
+010,-008
+010,-008
+010,-008
+010,-008
+010,-008
+010,-008
+010,-008
+010,-008
+010,-008
+010,-008
+010,-008
+010,-007
+010,-007
+010,-007
+010,-007
+010,-007
+010,-007
+010,-007
+010,-007
+010,-007
+010,-007
+010,-007
+010,-007
+010,-007
+010,-007
+010,-007
+010,-007
+010,-007
+010,-007
+010,-007
+010,-007
+010,-007
+010,-007
+010,-007
+010,-007
+010,-007
+010,-007
+010,-007
+010,-007
+010,-007
+010,-007
+010,-007
+010,-007
+010,-007
+010,-007
+010,-007
+010,-007
+010,-007
+010,-007
+010,-007
+010,-007
+010,-007
+010,-007
+010,-007
+010,-007
+010,-007
+010,-007
+010,-007
+010,-007
+010,-007
+010,-007
+010,-007
+010,-007
+010,-007
+010,-007
+010,-007
+010,-007
+010,-007
+010,-007
+010,-007
+010,-007
+010,-007
+010,-007
+010,-007
+010,-007
+010,-007
+010,-007
+010,-007
+010,-007
+010,-007
+010,-007
+010,-007
+010,-007
+010,-007
+010,-007
+010,-007
+010,-007
+010,-007
+010,-007
+010,-007
+010,-007
+010,-007
+010,-007
+010,-007
+010,-007
+010,-007
+010,-007
+010,-007
+010,-006
+010,-006
+010,-006
+010,-006
+010,-006
+010,-006
+010,-006
+010,-006
+010,-006
+010,-006
+010,-006
+010,-006
+010,-006
+010,-006
+010,-006
+010,-006
+010,-006
+010,-006
+010,-006
+010,-006
+010,-006
+010,-006
+010,-006
+010,-006
+010,-006
+010,-006
+010,-006
+010,-006
+010,-006
+010,-006
+010,-006
+012,-006
+012,-006
+012,-006
+012,-006
+012,-006
+012,-006
+012,-006
+012,-006
+012,-006
+012,-006
+012,-006
+012,-006
+012,-006
+012,-006
+012,-006
+012,-006
+012,-006
+012,-006
+012,-006
+012,-006
+012,-006
+012,-006
+012,-006
+012,-006
+012,-006
+012,-005
+012,-005
+012,-005
+012,-005
+012,-005
+010,-005
+010,-005
+010,-005
+010,-005
+010,-005
+010,-005
+010,-005
+010,-005
+010,-005
+010,-005
+010,-005
+010,-004
+010,-004
+010,-004
+010,-004
+010,-004
+010,-004
+010,-004
+010,-004
+010,-004
+010,-004
+010,-004
+010,-003
+010,-003
+010,-003
+010,-003
+010,-003
+010,-003
+010,-003
+010,-003
+010,-003
+010,-003
+010,-003
+010,-003
+010,-003
+010,-003
+010,-003
+010,-003
+010,-003
+010,-003
+010,-003
+010,-003
+010,-003
+010,-003
+010,-003
+010,-003
+010,-003
+010,-003
+010,-003
+010,-003
+010,-003
+010,-003
+010,-003
+010,-003
+010,-003
+010,-003
+010,-003
+010,-003
+010,-003
+010,-003
+010,-003
+010,-003
+010,-003
+010,-003
+010,-003
+008,-003
+008,-003
+008,-003
+008,-003
+006,-002
+008,-002
+008,-002
+006,-002
+006,-002
+006,-002
+006,-002
+006,-002
+006,-002
+006,-002
+006,-002
+006,-002
+006,-002
+006,-002
+006,-002
+006,-002
+006,-002
+006,-002
+006,-001
+006,-001
+006,-001
+006,-001
+006,-001
+006,-001
+006,-001
+006,-001
+006,-001
+006,-001
+006,-001
+006,-001
+006,-001
+006,-001
+006,-001
+006,-001
+006,-001
+006,-001
+006,-001
+006,-001
+006,-001
+006,-001
+006,-001
+006,-001
+006,-001
+006,-001
+006,-001
+004,-001
+004,-001
+004,-001
+004,-001
+004,-000
+004,-000
+004,-000
+004,-000
+004,-000
+004,-000
+004,-000
+004,-000
+004,-000
+004,-000
+004,-000
+004,-000
+004,-000
+004,-000
+004,-000
+004,-000
+004,-000
+004,-000
+004,-000
+004,-000
+004,-000
+004,-000
+004,-000
+004,-000
+004,-000
+004,-000
+004,-000
+004,-000
+004,-000
+004,-000
+004,-000
+004,-000
+004,-000
+004,-000
+004,-000
+004,-000
+004,-000
+004,-000
+004,-000
+004,-000
+004,-000
+004,-000
+004,-000
+004,-000
+004,-000
+004,-000
+004,-000
+004,-000
+004,-000
+004,-000
+004,-000
+004,-000
+004,-000
+004,-000
+004,-000
+004,-000
+004,-000
+004,-000
+004,-000
+004,-000
+004,-000
+004,-000
+004,-000
+004,-000
+004,-000
+004,-000
+004,-000
+004,-000
+004,-000
+004,-000
+004,-000
+004,-000
+004,-000
+004,-000
+004,-000
+004,-000
+004,-000
+004,-000
+004,-000
+004,-000
+004,-003
+004,-003
+004,-003
+004,-003
+004,-003
+004,-003
+004,-003
+004,-003
+004,-003
+004,-003
+004,-003
+004,-003
+004,-003
+004,-003
+004,-003
+004,-003
+004,-003
+004,-003
+004,-003
+004,-003
+004,-003
+004,-003
+002,-003
+002,-003
+002,-003
+002,-003
+002,-003
+002,-003
+002,-003
+002,-003
+002,-003
+002,-003
+002,-003
+002,-003
+002,-003
+002,-003
+002,-003
+002,-003
+002,-003
+002,-003
+000,-003
+000,-003
+000,-003
+000,-003
+000,-003
+000,-003
+000,-003
+000,-003
+000,-003
+000,-003
+000,-003
+000,-003
+000,-003
+000,-003
+000,-003
+000,-003
+000,-003
+000,-006
+000,-006
+002,-006
+002,-006
+002,-006
+002,-006
+002,-006
+002,-006
+002,-006
+002,-006
+002,-006
+002,-006
+002,-006
+002,-006
+002,-006
+002,-006
+002,-006
+002,-006
+002,-006
+002,-006
+002,-006
+002,-006
+002,-006
+002,-006
+002,-006
+002,-006
+002,-006
+002,-006
+002,-006
+002,-006
+002,-006
+002,-006
+002,+009
+002,+009
+002,+009
+002,+009
+002,+009
+002,+009
+002,+009
+002,+009
+002,+009
+002,+009
+002,+009
+002,+009
+002,+009
+002,+009
+002,+009
+002,+009
+002,+009
+002,+009
+002,+009
+004,+009
+004,+009
+004,+009
+004,+009
+004,+009
+004,+009
+004,+009
+004,+009
+004,+009
+004,+009
+004,+009
+004,+009
+004,+009
+004,+009
+004,+009
+004,+009
+004,+009
+004,+009
+004,+009
+004,+009
+004,+009
+004,+009
+004,+009
+004,+009
+004,+009
+004,+009
+004,+009
+004,+009
+004,+009
+004,+009
+004,+009
+004,+009
+004,+009
COP Area(S): 000168
COP Area(R): 000265