-000,-000
-000,-000
-000,-000
-000,-000
-000,-000
-000,-000
-000,-000
-000,-000
-000,-000
-000,-000
-000,-000
-000,-000
-000,-000
-000,-000
-000,-001
-000,-001
-000,-001
-000,-001
-000,-001
-000,-001
-000,-001
-000,-001
-000,-001
-000,-001
-000,-001
-000,-001
-000,-001
-000,-001
-000,-001
-000,-001
-000,-001
-000,-001
-000,-002
-000,-002
-000,-002
-000,-002
-000,-002
-000,-002
-000,-002
-000,-002
-000,-002
-000,-002
-000,-002
-000,-002
-000,-002
-000,-002
-000,-002
-000,-002
-000,-002
-000,-002
-000,-002
-000,-002
-000,-002
-000,-002
-000,-002
-000,-002
-000,-002
-000,-002
-000,-002
-000,-002
-000,-002
-000,-002
-000,-002
-000,-002
-000,-002
-000,-002
-000,-002
-000,-002
-000,-002
-000,-002
-000,-002
-000,-002
-000,-002
-000,-002
-000,-002
-000,-002
-000,-002
-000,-002
-000,-002
-000,-002
-000,-002
-000,-002
-000,-002
-000,-002
-000,-002
-000,-002
-000,-002
-000,-002
-000,-002
-000,-002
-000,-002
-000,-002
-000,-002
-000,-002
-000,-002
-000,-002
-000,-002
-000,-002
-000,-002
-000,-002
-000,-002
-000,-002
-000,-002
-000,-002
-000,-002
-000,-002
-000,-002
-000,-002
-000,-002
-000,-002
-000,-002
-000,-002
-001,-002
-001,-002
-001,-002
-001,-003
-001,-003
-001,-003
-001,-003
-001,-003
-001,-003
-001,-003
-001,-003
-001,-003
-001,-003
-001,-004
-001,-004
-002,-004
-002,-004
-002,-004
-002,-004
-002,-004
-002,-004
-002,-004
-002,-004
-002,-004
-002,-004
-002,-004
-002,-005
-002,-005
-002,-005
-002,-005
-002,-005
-002,-005
-002,-005
-002,-006
-002,-006
-002,-006
-002,-006
-002,-006
-002,-006
-002,-006
-003,-007
-003,-007
-003,-007
-003,-007
-003,-007
-003,-008
-003,-008
-003,-008
-003,-008
-003,-008
-003,-008
-003,-008
-003,-008
-003,-008
-003,-008
-003,-008
-003,-008
-003,-008
-003,-008
-003,-008
-003,-008
-003,-008
-003,-008
-003,-008
-003,-008
-003,-008
-003,-008
-003,-008
-003,-008
-003,-008
-003,-008
-003,-008
-003,-008
-003,-008
-003,-008
-003,-008
-003,-008
-003,-008
-003,-008
-003,-008
-003,-008
-003,-008
-003,-008
-003,-008
-003,-008
-003,-008
-003,-008
-003,-008
-003,-008
-003,-008
-003,-008
-003,-008
-003,-005
-003,-006
-003,-006
-003,-006
-003,-006
-003,-006
-003,-006
-003,-006
-003,-006
-003,-006
-003,-006
-003,-006
-003,-006
-003,-006
-003,-006
-003,-006
-003,-006
-003,-006
-000,-006
-001,-006
-001,-006
-001,-006
-001,-006
-001,-006
-001,-006
-001,-006
-001,-006
-001,-006
-001,-006
-001,-006
-001,-006
-001,-006
-001,-006
-001,-006
-001,-006
-001,-006
-001,-006
-001,-006
-001,-006
-001,-006
-001,-006
-001,-006
-001,-006
-001,-006
-001,-006
-001,-006
-001,-006
-001,-006
-001,-006
-001,-006
-001,-006
-001,-006
-002,-006
-002,-006
-002,-006
-002,-006
-002,-006
-002,-006
-002,-006
-002,-006
-002,-006
-002,-006
-002,-006
-002,-006
-002,-006
-002,-006
-002,-006
-002,-006
-002,-006
-002,-006
-002,-006
-002,-006
-002,-006
-002,-006
-002,-006
-002,-006
-002,-006
-002,-006
-002,-006
-003,-006
-003,-006
-003,-006
-003,-006
-003,-006
-003,-006
-003,-006
-003,-006
-003,-006
-003,-006
-003,-006
-003,-006
-003,-006
-003,-006
-003,-006
-003,-006
-003,-006
-003,-006
-003,-006
-003,-006
-003,-006
-003,-006
-003,-006
-003,-006
-003,-006
-003,-006
-003,-006
-003,-006
-003,-006
-003,-006
-004,-006
-004,-006
-004,-006
-004,-006
-004,-006
-004,-006
-004,-006
-004,-006
-004,-006
-004,-006
-004,-006
-004,-006
-004,-006
-004,-006
-004,-006
-004,-006
-004,-006
-004,-006
-004,-006
-004,-006
-004,-006
-004,-006
-004,-006
-004,-006
-004,-006
-004,-006
-004,-006
-004,-006
-004,-006
-004,-006
-004,-006
-004,-006
-004,-006
-004,-006
-004,-006
-004,-006
-004,-006
-004,-006
-004,-006
-004,-006
-004,-006
-004,-006
-004,-006
-004,-006
-004,-006
-004,-006
-004,-006
-004,-006
-004,-006
-004,-006
-004,-006
-004,-006
-004,-006
-004,-006
-004,-006
-004,-006
-004,-006
-004,-006
-004,-006
-004,-006
-004,-006
-004,-006
-004,-006
-004,-006
-004,-006
-004,-006
-004,-006
-004,-006
-004,-006
-004,-006
-004,-006
-004,-006
-004,-006
-004,-006
-004,-006
-004,-006
-004,-006
-004,-006
-004,-006
-004,-006
-004,-006
-004,-006
-004,-006
-004,-006
-004,-006
-004,-006
-004,-006
-004,-006
-004,-006
-004,-006
-004,-006
-004,-006
-004,-006
-004,-006
-004,-006
-004,-006
-004,-006
-004,-006
-004,-006
-004,-006
-004,-006
-004,-006
-004,-006
-004,-006
-004,-006
-004,-006
-004,-006
-004,-006
-004,-006
-004,-006
-004,-006
-004,-006
-004,-006
-004,-006
-004,-006
-004,-006
-004,-006
-004,-006
-004,-006
-004,-006
-004,-006
-004,-006
-004,-006
-004,-006
-004,-006
-004,-006
-004,-006
-004,-006
-004,-006
-004,-006
-004,-006
-004,-006
-004,-006
-004,-006
-004,-006
-004,-006
-004,-006
-004,-006
-004,-006
-004,-006
-004,-006
-004,-006
-004,-006
-004,-006
-004,-006
-004,-006
-004,-006
-004,-006
-004,-006
-004,-006
-004,-006
-004,-006
-004,-006
-004,-006
-004,-006
-004,-006
-004,-006
-004,-006
-004,-006
-004,-006
-004,-006
-004,-006
-004,-006
-004,-006
-004,-006
-004,-006
-004,-006
-004,-006
-004,-006
-004,-006
-004,-006
-004,-006
-004,-006
-004,-006
-004,-006
-004,-006
-004,-006
-004,-006
-004,-006
-004,-006
-004,-006
-004,-006
-004,-006
-004,-006
-004,-006
-004,-006
-004,-006
-004,-006
-004,-006
-004,-006
-004,-006
-004,-006
-004,-006
-004,-006
-004,-006
-004,-006
-004,-006
-004,-006
-004,-006
-004,-006
-004,-006
-004,-006
-004,-006
-004,-006
-004,-006
-004,-006
-004,-006
-004,-006
-004,-006
-004,-006
-004,-006
-004,-006
-004,-006
-004,-006
-004,-006
-004,-006
-004,-006
-004,-006
-004,-006
-004,-006
-004,-006
-004,-006
-004,-006
-004,-006
-004,-006
-004,-006
-004,-006
-004,-006
-004,-006
-004,-006
-004,-006
-004,-006
-004,-006
-004,-006
-004,-006
-004,-006
-004,-003
-004,-003
-004,-003
-004,-003
-004,-003
-004,-003
-004,-003
-004,-003
-004,-003
-004,-003
-004,-003
-004,-003
-004,-003
-004,-003
-004,-003
-004,-003
-004,-003
-004,-003
-004,-003
-004,-003
-004,-003
-004,-003
-004,-003
-004,-003
-004,-003
-004,-003
-004,-003
-004,-003
-004,-003
-004,-003
-004,-004
-004,-004
-004,-004
-004,-004
-004,-004
-004,-004
-004,-004
-004,-004
-004,-004
-004,-004
-004,-004
-004,-004
-004,-004
-004,-004
-004,-004
-004,-005
-004,-005
-004,-005
-004,-005
-004,-005
-004,-005
-004,-005
-004,-005
-004,-005
-004,-005
-004,-005
-004,-005
-004,-005
-004,-005
-004,-005
-004,-005
-004,-005
-004,-005
-004,-005
-004,-005
-004,-005
-004,-005
-004,-005
-004,-005
-004,-005
-004,-005
-004,-005
-004,-005
-004,-005
-004,-005
-004,-005
-004,-005
-004,-005
-004,-005
-004,-005
-004,-005
-004,-005
-004,-005
-004,-005
-004,-005
-004,-005
-004,-005
-004,-005
-004,-005
-004,-005
-004,-005
-004,-005
-004,-005
-004,-005
-004,-005
-004,-005
-004,-005
-004,-005
-004,-005
-004,-005
-004,-005
-004,-005
-004,-005
-004,-005
-004,-005
-004,-005
-004,-005
-004,-005
-004,-005
-004,-005
-004,-005
-004,-005
-004,-005
-004,-005
-004,-005
-004,-005
-004,-005
-004,-005
-004,-005
-004,-005
-004,-005
-004,-005
-004,-005
-004,-005
-004,-005
-004,-005
-004,-005
-004,-005
-004,-005
-004,-006
-004,-006
-004,-006
-004,-006
-004,-006
-004,-006
-004,-006
-004,-006
-004,-006
-004,-006
-004,-006
-004,-006
-004,-006
-004,-006
-001,-006
-002,-006
-002,-007
-002,-007
-002,-007
-002,-007
-002,-007
-002,-007
-002,-007
-002,-007
-002,-007
-002,-007
-002,-007
-002,-007
-002,-007
-002,-008
-002,-008
-002,-008
-002,-008
-002,-008
-002,-008
-002,-008
-002,-008
-002,-008
-002,-008
-002,-008
-002,-008
-002,-008
-002,-008
-002,-008
-002,-009
-002,-009
-002,-009
-002,-009
-002,-009
-002,-009
-002,-009
-002,-009
-002,-009
-002,-009
-002,-010
-002,-010
-002,-010
-002,-010
-002,-010
-002,-010
-002,-010
-002,-010
-002,-010
-002,-010
-002,-010
-002,-010
-002,-010
-002,-010
-002,-010
-002,-010
-002,-010
-002,-010
-002,-010
-002,-010
-002,-010
-002,-010
-002,-011
-002,-011
-002,-011
-002,-011
-002,-011
-002,-011
-002,-011
-002,-011
-002,-011
-002,-011
-002,-011
-002,-011
-002,-011
-002,-011
-002,-011
-002,-011
-002,-011
-002,-011
-002,-011
-002,-011
-002,-011
-002,-011
-002,-011
-002,-011
-002,-011
-002,-011
-002,-011
-002,-011
-001,-011
-000,-011
-000,-011
-000,-011
-000,-011
-000,-011
-000,-011
-000,-011
-000,-011
-000,-011
-000,-011
-000,-011
-000,-011
-000,-011
-000,-011
-000,-011
-000,-011
-000,-011
-000,-011
-000,-011
-000,-011
-000,-011
-000,-011
-000,-011
-000,-011
-000,-008
-000,-009
-000,-009
-000,-009
-000,-009
-000,-009
-000,-009
-000,-009
-000,-009
-000,-009
-000,-009
-000,-009
-000,-009
-000,-009
-000,-009
-000,-009
-000,-009
-000,-009
-000,-009
-000,-009
-000,-009
-000,-009
-000,-009
-000,-009
-000,-009
-000,-009
-000,-009
-000,-009
-000,-009
-000,-009
-000,-009
-000,-009
-000,-009
-000,-009
-000,-009
-000,-009
-001,-009
-001,-009
-001,-009
-001,-009
-001,-009
-001,-010
-001,-010
-001,-010
-001,-010
-001,-010
-001,-010
-001,-010
-001,-010
-001,-010
-001,-010
-001,-010
-001,-010
-002,-010
-002,-010
-002,-010
-002,-010
-002,-010
-002,-010
-002,-010
-002,-010
-002,-010
-002,-010
-002,-010
-002,-010
-002,-010
-002,-010
-002,-010
-002,-011
-002,-011
-002,-011
-002,-011
-002,-011
-002,-011
-002,-011
-002,-011
-002,-011
-002,-011
-002,-011
-002,-011
-002,-011
-002,-011
-002,-011
-002,-011
-002,-011
-002,-012
-002,-012
-002,-012
-002,-012
-002,-012
-002,-012
-002,-012
-002,-012
-002,-012
-002,-012
-002,-012
-002,-012
-002,-012
-002,-012
-002,-012
-002,-012
-002,-012
-002,-012
-002,-012
-002,-012
-002,-013
-002,-013
-002,-013
-002,-013
-002,-013
-002,-013
-002,-013
-002,-013
-002,-013
-002,-013
-002,-013
-002,-013
-002,-013
-002,-013
-002,-013
-002,-013
-002,-013
-002,-013
-002,-013
-002,-013
-002,-013
-003,-013
-003,-013
-003,-013
-003,-013
-003,-013
-003,-013
-003,-013
-003,-013
-003,-013
-003,-013
-003,-013
-003,-013
-003,-013
-003,-013
-003,-013
-003,-013
-003,-013
-003,-013
-003,-013
-003,-013
-003,-013
-003,-013
-003,-013
-003,-013
-003,-013
-003,-013
-003,-013
-003,-013
-003,-013
-003,-013
-003,-013
-003,-013
-003,-013
-003,-013
-003,-013
-003,-013
-003,-013
-003,-013
-003,-013
-003,-013
-003,-013
-003,-013
-003,-013
-003,-013
-003,-013
-003,-013
-003,-013
-003,-013
-003,-013
-003,-013
-003,-013
-003,-013
-003,-013
-003,-013
-004,-013
-004,-013
-004,-013
-004,-013
-004,-013
-004,-013
-004,-013
-004,-013
-004,-013
-004,-013
-004,-013
-004,-013
-004,-013
-004,-010
-004,-010
-004,-011
-004,-011
-004,-011
-004,-011
-004,-011
-004,-011
-004,-011
-004,-011
-004,-011
-005,-011
-005,-011
-005,-011
-005,-011
-005,-011
-005,-011
-005,-011
-005,-011
-005,-011
-005,-011
-005,-011
-005,-011
-005,-011
-005,-011
-005,-011
-005,-011
-005,-011
-005,-011
-005,-011
-005,-011
-005,-011
-005,-011
-005,-011
-005,-011
-005,-011
-005,-011
-005,-011
-005,-011
-005,-011
-005,-011
-005,-011
-005,-011
-005,-011
-005,-011
-005,-011
-005,-011
-005,-011
-005,-011
-005,-011
-005,-011
-005,-011
-005,-011
-005,-011
-005,-011
-005,-011
-005,-011
-005,-011
-005,-011
-005,-011
-005,-011
-005,-011
-005,-011
-005,-011
-005,-011
-005,-011
-005,-011
-005,-011
-005,-011
-005,-011
-005,-011
-005,-011
-005,-011
-005,-011
-006,-011
-006,-011
-006,-008
-006,-008
-006,-008
-006,-008
-006,-008
-006,-008
-006,-008
-006,-008
-006,-008
-006,-008
-006,-008
-006,-008
-006,-008
-006,-008
-006,-008
-006,-008
-006,-008
-006,-008
-006,-008
-006,-008
-006,-008
-006,-008
-006,-008
-006,-008
-006,-008
-006,-008
-006,-008
-006,-008
-006,-008
-006,-008
-006,-008
-006,-008
-006,-008
-006,-008
-006,-008
-006,-008
-006,-008
-006,-008
-006,-008
-006,-008
-006,-008
-006,-008
-006,-008
-006,-008
-006,-008
-006,-008
-006,-008
-006,-008
-006,-008
-006,-008
-006,-008
-006,-008
-006,-008
-006,-008
-006,-008
-006,-008
-006,-008
-006,-008
-006,-008
-006,-008
-006,-008
-006,-008
-006,-008
-006,-008
-006,-008
-006,-008
-006,-008
-006,-008
-006,-008
-006,-008
-006,-008
-006,-008
-006,-008
-006,-008
-006,-008
-006,-008
-006,-008
-006,-008
-006,-008
-006,-008
-006,-008
-006,-008
-006,-008
-006,-008
-006,-008
-006,-008
-006,-008
-006,-008
-006,-008
-006,-008
-006,-008
-006,-008
-006,-008
-006,-008
-006,-008
-006,-008
-006,-008
-006,-008
-006,-008
-006,-008
-006,-008
-006,-008
-006,-008
-006,-008
-006,-008
-006,-008
-006,-008
-006,-008
-006,-008
-006,-008
-006,-008
-006,-008
-006,-008
-006,-009
-006,-009
-006,-009
-006,-009
-006,-009
-006,-010
-006,-010
-006,-010
-006,-010
-006,-010
-006,-011
-006,-011
-006,-011
-006,-011
-006,-011
-006,-011
-006,-012
-006,-012
-006,-012
-006,-012
-006,-012
-006,-012
-006,-012
-006,-012
-006,-012
-006,-012
-006,-012
-006,-012
-006,-012
-006,-012
-006,-012
-006,-012
-006,-012
-006,-012
-006,-012
-006,-012
-006,-012
-006,-012
-006,-012
-006,-012
-006,-012
-006,-012
-006,-012
-006,-012
-006,-012
-006,-012
-006,-012
-006,-012
-006,-012
-006,-012
-006,-012
-006,-012
-006,-012
-006,-012
-006,-012
-006,-012
-006,-012
-006,-012
-006,-012
-006,-012
-006,-012
-006,-012
-006,-012
-006,-012
-006,-012
-006,-012
-006,-012
-006,-012
-006,-012
-006,-012
-006,-012
-006,-012
-006,-012
-006,-012
-006,-012
-006,-012
-003,-012
-004,-012
-004,-012
-004,-012
-004,-012
-004,-012
-004,-012
-004,-012
-004,-012
-004,-012
-004,-012
-004,-012
-004,-012
-004,-012
-004,-012
-004,-012
-004,-012
-004,-012
-004,-012
-004,-012
-004,-012
-004,-012
-004,-012
-004,-012
-004,-012
-004,-012
-004,-012
-004,-012
-004,-012
-004,-012
-004,-012
-004,-012
-004,-012
-004,-012
-004,-012
-004,-012
-004,-012
-004,-012
-004,-012
-004,-012
-004,-012
-004,-012
-004,-012
-004,-012
-004,-012
-004,-012
-004,-012
-004,-012
-004,-012
-004,-012
-004,-012
-004,-012
-004,-012
-004,-012
-004,-012
-004,-012
-004,-012
-004,-012
-004,-012
-004,-012
-004,-012
-004,-012
-004,-012
-004,-012
-004,-012
-004,-012
-004,-012
-004,-012
-004,-012
-004,-012
-004,-012
-004,-012
-004,-012
-004,-012
-004,-012
-004,-012
-004,-012
-004,-012
-004,-012
-004,-012
-004,-012
-004,-012
-004,-012
-004,-012
-004,-012
-004,-012
-004,-012
-004,-012
-004,-012
-004,-012
-004,-012
-004,-012
-004,-012
-004,-012
-004,-012
-004,-012
-004,-012
-001,-012
-002,-012
-002,-012
-002,-012
-002,-012
-002,-012
-002,-012
-002,-012
-002,-012
-002,-012
-002,-012
-002,-012
-002,-012
-002,-012
-002,-012
-002,-012
-002,-012
-002,-012
-002,-012
-002,-012
-002,-012
-002,-012
-002,-009
-002,-010
-002,-010
-002,-010
-002,-010
-002,-010
-002,-010
-002,-010
-002,-010
-002,-010
-002,-010
-002,-010
-002,-010
-002,-010
-002,-010
-002,-010
-002,-010
-002,-010
-002,-010
-002,-010
-002,-010
-002,-010
-002,-010
-002,-010
-002,-010
-002,-010
-002,-010
-002,-010
-002,-010
-002,-010
-002,-010
-002,-010
-002,-010
-002,-010
-002,-010
-002,-011
-002,-011
-002,-011
-002,-011
-002,-011
-002,-011
-002,-011
-002,-011
-002,-011
-002,-011
-002,-011
-002,-011
-002,-011
-002,-011
-002,-011
-003,-011
-003,-011
-003,-011
-003,-011
-003,-011
-003,-011
-003,-011
-003,-011
-003,-011
-003,-011
-003,-011
-003,-011
-003,-011
-003,-011
-003,-011
-003,-011
-003,-011
-003,-011
-003,-011
-003,-011
-003,-011
-003,-011
-003,-011
-003,-011
-003,-011
-003,-011
-003,-011
-003,-011
-003,-011
-003,-011
-003,-011
-003,-011
-003,-011
-003,-008
-003,-009
-003,-009
-003,-009
-003,-009
-003,-009
-003,-009
-003,-009
-003,-009
-003,-009
-003,-009
-003,-009
-003,-009
-003,-009
-003,-009
-003,-009
-003,-009
-003,-009
-003,-009
-003,-009
-003,-009
-003,-009
-003,-009
-003,-009
-003,-009
-003,-009
-003,-009
-003,-009
-003,-009
-003,-009
-003,-006
-003,-006
-003,-006
-003,-006
-003,-006
-003,-006
-003,-006
-004,-006
-004,-006
-004,-006
-004,-006
-004,-006
-004,-006
-004,-006
-004,-006
-004,-007
-004,-007
-004,-007
-004,-007
-004,-007
-005,-007
-005,-007
-005,-007
-005,-007
-005,-007
-005,-007
-005,-007
-005,-007
-005,-007
-005,-007
-005,-007
-005,-007
-005,-007
-005,-007
-005,-007
-005,-007
-005,-007
-005,-007
-005,-008
-005,-008
-005,-008
-005,-008
-005,-008
-005,-008
-005,-008
-005,-008
-005,-008
-005,-008
-005,-008
-005,-008
-005,-008
-005,-008
-005,-008
-005,-008
-005,-008
-005,-008
-005,-008
-005,-008
-005,-008
-005,-008
-005,-008
-005,-008
-005,-008
-005,-008
-005,-008
-005,-008
-005,-008
-005,-008
-005,-008
-005,-008
-006,-008
-006,-008
-006,-008
-006,-008
-006,-008
-006,-008
-006,-008
-006,-008
-006,-008
-006,-008
-006,-008
-006,-005
-006,-006
-006,-006
-006,-006
-006,-006
-006,-006
-006,-006
-006,-006
-006,-006
-006,-006
-006,-006
-006,-006
-006,-006
-006,-006
-006,-006
-006,-006
-006,-006
-006,-006
-006,-006
-006,-006
-006,-006
-006,-006
-006,-003
-006,-004
-006,-004
-006,-004
-006,-004
-006,-004
-006,-004
-006,-004
-006,-004
-006,-004
-006,-004
-006,-004
-006,-004
-006,-004
-006,-004
-006,-004
-006,-004
-006,-004
-006,-004
-006,-005
-006,-005
-006,-005
-006,-005
-006,-005
-006,-005
-006,-005
-006,-005
-006,-005
-006,-005
-006,-005
-006,-005
-006,-005
-006,-005
-006,-005
-006,-005
-006,-005
-006,-005
-006,-005
-006,-005
-006,-005
-006,-005
-006,-005
-006,-005
-006,-005
-006,-005
-006,-005
-006,-005
-006,-005
-006,-005
-006,-005
-006,-005
-006,-005
-006,-005
-006,-005
-006,-005
-006,-005
-006,-005
-006,-005
-006,-005
-006,-005
-006,-005
-006,-005
-006,-005
-006,-005
-006,-005
-006,-005
-006,-005
-006,-005
-006,-005
-006,-005
-006,-005
-006,-005
-006,-005
-006,-005
-006,-005
-006,-005
-006,-005
-006,-005
-006,-005
-006,-005
-006,-005
-006,-005
-006,-005
-006,-005
-006,-005
-006,-005
-006,-005
-006,-005
-006,-005
-006,-005
-006,-002
-006,-003
-006,-003
-006,-003
-006,-003
-006,-003
-006,-003
-006,-003
-006,-003
-006,-003
-006,-003
-006,-003
-006,-003
-006,-003
-006,-003
-006,-003
-006,-003
-006,-003
-006,-003
-006,-003
-006,-003
-006,-003
-006,-003
-006,-003
-006,-003
-006,-003
-006,-003
-006,-003
-006,-003
-006,-003
-006,-003
-006,-003
-006,-003
-006,-003
-006,-003
-006,-003
-006,-003
-006,-003
-006,-003
-006,-003
-006,-003
-006,-003
-006,-003
-006,-003
-006,-003
-006,-003
-006,-003
-006,-003
-006,-004
-006,-004
-006,-004
-006,-004
-006,-004
-006,-004
-006,-004
-006,-004
-006,-004
-006,-004
-006,-004
-006,-004
-006,-004
-006,-004
-006,-004
-006,-004
-006,-004
-006,-004
-006,-004
-006,-004
-006,-004
-006,-004
-006,-004
-006,-004
-006,-004
-006,-004
-006,-004
-006,-004
-006,-004
-006,-004
-006,-004
-006,-004
-006,-004
-006,-004
-006,-004
-006,-004
-006,-004
-006,-004
-006,-004
-006,-004
-006,-004
-006,-004
-006,-004
-006,-004
-006,-004
-006,-004
-006,-004
-006,-004
-006,-004
-006,-004
-006,-004
-006,-005
-006,-005
-006,-005
-006,-005
-006,-005
-006,-005
-006,-005
-006,-005
-006,-005
-006,-005
-006,-005
-006,-005
-006,-005
-006,-005
-006,-005
-006,-005
-006,-005
-006,-005
-006,-005
-006,-006
-006,-006
-006,-006
-006,-006
-006,-006
-006,-006
-006,-006
-006,-007
-006,-007
-006,-007
-006,-007
-006,-007
-006,-007
-006,-007
-006,-008
-006,-008
-006,-008
-006,-008
-006,-008
-006,-008
-006,-009
-006,-009
-006,-009
-006,-009
-006,-009
-006,-009
-006,-009
-006,-009
-006,-009
-006,-009
-006,-009
-006,-009
-006,-009
-006,-009
-006,-009
-006,-009
-006,-009
-006,-009
-006,-009
-006,-009
-006,-009
-006,-009
-006,-009
-006,-009
-006,-009
-006,-009
-006,-009
-006,-009
-006,-009
-006,-009
-006,-009
-006,-009
-006,-009
-006,-009
-006,-009
-006,-009
-006,-009
-006,-009
-006,-009
-006,-009
-006,-009
-006,-009
-006,-009
-006,-009
-006,-009
-006,-009
-006,-009
-006,-009
-006,-009
-006,-009
-006,-009
-006,-009
-006,-009
-006,-009
-006,-009
-006,-009
-006,-009
-006,-009
-006,-009
-006,-009
-006,-009
-006,-009
-006,-009
-006,-009
-006,-009
-006,-009
-006,-009
-006,-009
-006,-009
-006,-009
-006,-009
-006,-009
-006,-009
-006,-009
-006,-009
-006,-009
-006,-009
-006,-009
-006,-009
-006,-009
-006,-009
-006,-009
-006,-009
-006,-009
-006,-009
-006,-009
-006,-009
-006,-009
-006,-009
-006,-009
-006,-009
-006,-009
-006,-009
-006,-009
-006,-009
-006,-009
-006,-009
-006,-009
-006,-009
-006,-009
-006,-009
-006,-009
-006,-009
-006,-009
-006,-009
-006,-009
-006,-009
-006,-009
-006,-009
-006,-009
-006,-009
-006,-009
-006,-009
-006,-009
-006,-009
-006,-009
-006,-009
-006,-009
-006,-009
-006,-009
-006,-009
-006,-010
-006,-010
-006,-010
-006,-010
-006,-010
-006,-010
-006,-010
-006,-010
-006,-010
-006,-010
-006,-010
-006,-010
-006,-010
-006,-010
-006,-010
-006,-010
-006,-010
-007,-010
-007,-010
-007,-010
-007,-010
-007,-010
-007,-010
-007,-010
-007,-010
-007,-010
-007,-010
-007,-010
-007,-010
-007,-010
-007,-010
-007,-010
-007,-010
-007,-010
-007,-010
-007,-010
-007,-010
-007,-010
-007,-010
-007,-010
-007,-010
-007,-010
-007,-010
-007,-010
-007,-010
-007,-010
-007,-010
-007,-010
-007,-010
-007,-010
-007,-010
-007,-010
-007,-010
-007,-010
-007,-010
-007,-010
-007,-010
-007,-010
-007,-010
-007,-010
-007,-010
-007,-010
-007,-010
-007,-010
-007,-010
-007,-010
-007,-010
-007,-010
-007,-010
-007,-010
-007,-010
-007,-010
-007,-010
-007,-010
-007,-010
-007,-010
-007,-010
-007,-010
-007,-010
-007,-010
-007,-010
-007,-010
-008,-010
-008,-010
-008,-010
-008,-010
-008,-010
-008,-010
-008,-010
-008,-010
-008,-010
-008,-010
-008,-010
-008,-010
-008,-010
-008,-010
-008,-010
-008,-010
-008,-010
-008,-010
-008,-010
-008,-010
-008,-010
-008,-010
-008,-010
-008,-010
-008,-010
-008,-010
-008,-010
-008,-010
-008,-010
-008,-010
-008,-010
-008,-010
-008,-010
-008,-010
-008,-010
-008,-010
-008,-010
-008,-010
-008,-010
-008,-010
-008,-010
-008,-010
-008,-010
-008,-010
-008,-010
-008,-010
-008,-010
-008,-010
-008,-010
-008,-010
-008,-010
-008,-010
-008,-010
-008,-010
-008,-010
-008,-010
-008,-010
-008,-010
-008,-010
-008,-010
-008,-010
-008,-010
-008,-010
-008,-010
-008,-010
-008,-010
-008,-010
-008,-010
-008,-010
-008,-010
-008,-010
-008,-010
-008,-010
-008,-010
-008,-010
-008,-010
-008,-010
-008,-010
-008,-010
-008,-010
-008,-010
-008,-010
-008,-010
-009,-010
-009,-010
-009,-010
-009,-010
-009,-010
-009,-010
-009,-010
-009,-010
-009,-010
-009,-010
-010,-010
-010,-010
-010,-010
-010,-010
-010,-010
-010,-010
-010,-010
-010,-010
-010,-010
-011,-010
-011,-007
-011,-008
-011,-008
-011,-008
-011,-008
-011,-008
-011,-008
-011,-008
-011,-008
-012,-008
-012,-008
-012,-008
-012,-008
-012,-008
-012,-008
-012,-008
-012,-008
-012,-008
-012,-008
-012,-008
-012,-008
-012,-008
-012,-008
-012,-008
-012,-008
-012,-008
-012,-008
-012,-008
-012,-008
-012,-008
-012,-008
-012,-008
-012,-008
-012,-008
-012,-008
-012,-008
-012,-008
-012,-008
-012,-008
-012,-008
-012,-005
-012,-006
-012,-006
-012,-006
-012,-006
-012,-006
-012,-006
-012,-006
-012,-006
-012,-006
-012,-006
-012,-006
-012,-006
-012,-006
-012,-006
-012,-006
-012,-006
-012,-006
-012,-006
-012,-006
-012,-006
-012,-006
-012,-006
-012,-006
-012,-006
-012,-006
-012,-006
-012,-006
-012,-006
-012,-006
-012,-006
-012,-006
-012,-006
-012,-006
-012,-007
-012,-007
-012,-007
-012,-007
-009,-007
-009,-007
-009,-007
-009,-007
-009,-008
-009,-008
-009,-008
-009,-008
-009,-008
-009,-008
-009,-008
-009,-008
-009,-008
-009,-008
-009,-008
-009,-008
-009,-008
-009,-008
-009,-008
-009,-008
-009,-008
-009,-008
-009,-008
-009,-008
-009,-008
-009,-008
-009,-008
-009,-008
-009,-008
-009,-008
-009,-008
-009,-008
-009,-008
-009,-008
-009,-008
-009,-008
-009,-008
-009,-008
-009,-008
-009,-005
-009,-006
-009,-006
-009,-006
-009,-006
-009,-006
-009,-006
-009,-006
-009,-006
-009,-006
-009,-006
-009,-006
-009,-006
-009,-006
-009,-006
-009,-006
-009,-006
-009,-006
-009,-006
-009,-003
-009,-003
-009,-003
-009,-003
-009,-003
-009,-003
-009,-003
-009,-003
-009,-003
-009,-003
-009,-003
-009,-003
-009,-003
-009,-003
-009,-003
-009,-003
-009,-003
-009,-003
-009,-003
-009,-003
-009,-003
-009,-003
-009,-003
-009,-003
-009,-003
-009,-003
-009,-003
-009,-003
-009,-003
-009,-003
-009,-003
-009,-003
-009,-003
-009,-003
-009,-003
-009,-003
-009,-003
-009,-003
-009,-003
-009,-003
-009,-003
-009,-003
-009,-003
-009,-003
-009,-003
-009,-003
-009,-003
-009,-003
-009,-003
-009,-003
-009,-003
-009,-003
-009,-003
-009,-003
-009,-003
-009,-003
-009,-003
-009,-003
-009,-003
-009,-003
-009,-003
-009,-003
-009,-003
-009,-003
-009,-003
-009,-003
-009,-003
-009,-003
-009,-003
-009,-003
-009,-003
-009,-003
-009,-003
-009,-003
-009,-003
-009,-003
-009,-003
-009,-003
-009,-003
-009,-003
-009,-003
-009,-003
-009,-003
-009,-003
-009,-003
-009,-003
-009,-003
-009,-003
-009,-003
-009,-003
-009,-000
-009,-001
-009,-001
-009,-001
-009,-001
-009,-001
-009,-001
-009,-001
-009,-001
-009,-001
-009,-001
-009,-001
-009,-001
-009,-001
-009,-001
-009,-001
-009,-001
-009,-001
-009,-001
-009,-001
-009,-001
-009,-001
-009,-001
-009,-001
-009,-001
-009,-001
-009,-002
-009,-002
-009,-002
-009,-002
-009,-002
-009,-002
-009,-002
-009,-002
-009,-002
-009,-002
-009,-002
-009,-002
-009,-002
-009,-002
-009,-002
-009,-002
-009,-002
-009,-002
-009,-002
-009,-002
-009,-002
-009,-002
-009,-002
-009,-002
-009,-002
-009,-002
-009,-002
-009,-002
-009,-002
-009,-002
-009,-002
-009,-002
-009,-002
-009,-002
-009,-002
-009,-002
-009,-002
-009,-002
-009,-002
-009,-002
-009,-002
-009,-002
-009,-002
-009,-002
-009,-002
-009,-002
-009,-002
-009,-002
-009,-002
-009,-002
-009,-002
-009,-002
-009,-002
-009,-002
-009,-001
-009,-001
-009,-000
-009,-000
-009,-000
-009,-000
-009,-000
-009,-000
-009,-000
-009,-000
-009,-000
-009,-000
-009,-000
-009,-000
-009,-000
-009,-000
-009,-000
-009,-000
-009,-000
-009,-000
-009,-000
-009,-000
-009,-000
-009,-000
-009,-000
-009,-000
-009,-000
-009,-000
-009,-000
-009,-000
-009,-000
-009,-000
-009,-000
-009,-000
-009,-000
-009,-000
-009,-000
-009,-000
-009,-000
-009,-000
-009,-000
-009,-000
-009,-000
-009,-000
-009,-000
-009,-000
-009,-000
-009,-000
-009,-000
-009,-000
-009,-000
-009,-000
-009,-000
-009,-000
-009,-000
-009,-000
-009,-000
-009,-000
-009,-000
-009,-000
-009,-000
-009,-000
-009,-000
-009,-000
-009,-000
-009,-000
-009,-000
-009,-000
-009,-000
-009,-000
-010,-000
-010,-000
-010,-000
-010,-000
-010,-000
-010,-000
-010,-000
-010,-000
-010,-000
-010,-000
-010,-000
-010,-000
-010,-000
-010,-000
-010,-000
-010,-000
-010,-000
-010,-000
-010,-000
-010,-000
-010,-000
-010,-000
-010,-000
-010,-000
-010,-000
-010,-000
-010,-000
-010,-000
-010,-000
-010,-000
-010,-000
-010,-000
-010,-000
-010,-000
-010,-000
-010,-000
-010,-000
-010,-000
-010,-000
-010,-000
-010,-000
-010,-000
-010,-000
-010,-000
-010,-000
-010,-000
-010,-000
-010,-000
-010,-000
-010,-000
-010,-000
-010,-000
-010,-000
-010,-000
-010,-000
-010,-001
-010,-001
-010,-001
-010,-001
-010,-001
-010,-001
-010,-001
-010,-001
-010,-002
-010,-002
-010,-002
-010,-002
-010,-002
-010,-002
-010,-002
-010,-002
-010,-002
-010,-002
-010,-002
-010,-002
-010,-003
-010,-003
-010,-003
-010,-003
-010,-003
-010,-003
-010,-003
-010,-004
-010,-004
-010,-004
-010,-004
-010,-004
-010,-004
-010,-005
-010,-005
-010,-005
-010,-005
-010,-005
-010,-005
-010,-005
-010,-005
-010,-006
-010,-006
-010,-006
-010,-006
-010,-006
-010,-006
-010,-007
-007,-007
-008,-007
-008,-007
-008,-007
-008,-007
-008,-007
-008,-007
-008,-007
-008,-007
-008,-007
-008,-007
-008,-007
-008,-007
-008,-007
-008,-007
-008,-007
-008,-007
-008,-007
-008,-007
-008,-007
-008,-007
-008,-007
-008,-007
-008,-007
-008,-007
-008,-007
-008,-007
-008,-007
-008,-007
-008,-007
-008,-007
-008,-007
-008,-007
-008,-007
-008,-007
-008,-007
-008,-007
-008,-007
-008,-007
-008,-007
-008,-007
-008,-007
-008,-007
-008,-007
-008,-007
-008,-007
-008,-007
-008,-007
-008,-007
-008,-007
-008,-008
-008,-008
-008,-008
-008,-008
-008,-008
-008,-008
-008,-008
-008,-008
-008,-008
-008,-008
-008,-008
-008,-008
-008,-008
-008,-008
-008,-008
-008,-008
-008,-008
-008,-008
-008,-008
-008,-008
-008,-008
-008,-008
-008,-008
-008,-008
-008,-008
-008,-008
-008,-008
-008,-008
-008,-008
-008,-008
-008,-008
-008,-008
-008,-008
-008,-008
-008,-008
-008,-008
-008,-008
-008,-008
-008,-008
-008,-008
-008,-008
-008,-008
-008,-008
-008,-008
-008,-008
-008,-008
-008,-008
-008,-008
-008,-008
-008,-008
-008,-008
-008,-008
-008,-008
-008,-008
-008,-008
-008,-008
-008,-008
-008,-008
-008,-008
-008,-008
-008,-008
-008,-005
-005,-006
-005,-006
-006,-006
-006,-006
-006,-006
-006,-006
-006,-006
-006,-006
-006,-006
-006,-006
-006,-006
-006,-006
-006,-006
-006,-007
-006,-007
-006,-007
-006,-007
-006,-007
-006,-007
-006,-007
-006,-007
-006,-007
-006,-007
-006,-008
-006,-008
-006,-008
-006,-008
-006,-008
-006,-008
-006,-008
-006,-008
-006,-008
-006,-008
-006,-008
-006,-009
-006,-009
-006,-009
-006,-009
-006,-009
-006,-009
-006,-009
-006,-009
-006,-009
-006,-009
-006,-009
-006,-009
-006,-009
-006,-010
-006,-010
-006,-010
-006,-010
-006,-010
-006,-010
-006,-010
-006,-011
-006,-011
-006,-011
-006,-011
-006,-011
-006,-011
-006,-011
-006,-011
-006,-011
-006,-012
-006,-012
-006,-012
-006,-012
-006,-012
-006,-012
-006,-012
-006,-012
-006,-012
-006,-012
-006,-012
-006,-012
-006,-012
-006,-012
-006,-012
-006,-012
-006,-012
-006,-012
-006,-013
-006,-013
-006,-013
-006,-013
-006,-013
-006,-013
-006,-013
-006,-013
-006,-013
-006,-013
-006,-013
-006,-013
-006,-013
-003,-013
-003,-013
-004,-013
-004,-014
-004,-014
-004,-014
-004,-014
-004,-014
-004,-014
-004,-014
-004,-014
-004,-014
-004,-014
-004,-015
-004,-015
-004,-015
-004,-015
-004,-015
-004,-015
-004,-015
-004,-015
-004,-015
-004,-015
-004,-016
-004,-016
-004,-016
-004,-016
-004,-016
-004,-016
-004,-016
-004,-016
-004,-017
-004,-017
-004,-017
-004,-017
-004,-017
-004,-017
-004,-017
-004,-018
-004,-018
-004,-018
-004,-018
-004,-018
-004,-018
-004,-018
-004,-018
-004,-018
-004,-018
-004,-018
-004,-018
-004,-018
-004,-018
-004,-018
-004,-018
-004,-018
-004,-018
-004,-018
-004,-018
-004,-018
-004,-018
-004,-018
-004,-018
-004,-018
-004,-018
-004,-018
-004,-018
-004,-018
-004,-018
-004,-018
-004,-018
-004,-018
-004,-018
-004,-018
-004,-018
-004,-018
-004,-018
-004,-018
-004,-018
-004,-018
-004,-018
-004,-018
-004,-018
-004,-018
-004,-018
-004,-018
-004,-018
-004,-018
-004,-018
-004,-018
-004,-018
-004,-018
-004,-018
-004,-018
-004,-019
-004,-019
-004,-019
-004,-019
-004,-019
-004,-019
-004,-019
-004,-019
-004,-019
-004,-019
-004,-020
-004,-020
-004,-020
-004,-020
-004,-020
-004,-020
-004,-020
-004,-020
-004,-020
-004,-020
-004,-020
-004,-020
-004,-020
-004,-020
-004,-020
-004,-021
-004,-021
-004,-021
-004,-021
-004,-021
-004,-021
-004,-021
-004,-021
-004,-021
-004,-021
-004,-021
-004,-021
-004,-021
-004,-021
-004,-021
-004,-021
-004,-021
-004,-021
-004,-021
-004,-021
-004,-021
-004,-021
-004,-021
-004,-021
-004,-021
-004,-021
-004,-021
-004,-021
-004,-021
-004,-021
-004,-018
-004,-018
-004,-018
-004,-018
-004,-018
-004,-018
-004,-018
-004,-018
-004,-018
-004,-018
-004,-018
-004,-018
-004,-018
-004,-018
-004,-018
-004,-015
-004,-015
-004,-016
-004,-016
-004,-016
-004,-016
-004,-016
-004,-016
-004,-016
-004,-016
-004,-016
-004,-016
-004,-016
-004,-016
-004,-016
-004,-016
-004,-016
-004,-016
-004,-016
-004,-016
-004,-016
-004,-016
-004,-016
-004,-016
-004,-016
-001,-016
-001,-016
-002,-016
-002,-016
-002,-016
-002,-016
-002,-016
-002,-017
-002,-017
-002,-017
-002,-017
-002,-017
-002,-017
-002,-017
-002,-017
-002,-018
-002,-018
-002,-018
-002,-018
-002,-018
-002,-018
-002,-018
-002,-019
-002,-019
-002,-019
-002,-019
-002,-019
-002,-019
-002,-019
-002,-019
-002,-020
-002,-020
-002,-020
-002,-020
-002,-020
-002,-020
-002,-020
-001,-021
-000,-021
-000,-021
-000,-021
-000,-021
-000,-021
-000,-021
-000,-021
-000,-021
-000,-021
-000,-021
-000,-021
-000,-021
-000,-021
-000,-021
-000,-021
-000,-021
-000,-021
-000,-021
-000,-021
-000,-021
-000,-021
-000,-021
-000,-021
-000,-021
-001,-021
-001,-021
-001,-021
-001,-021
-001,-021
-001,-021
-001,-018
-001,-018
-001,-018
-001,-018
-001,-018
-001,-018
-001,-018
-002,-018
-002,-018
-002,-018
-002,-018
-002,-018
-002,-018
-002,-018
-002,-018
-002,-018
-002,-018
-002,-015
-003,-016
-003,-016
-003,-016
-003,-016
-003,-016
-003,-016
-003,-016
-003,-016
-003,-016
-003,-016
-003,-016
-003,-016
-003,-016
-003,-016
-003,-016
-003,-016
-003,-016
-003,-016
-003,-016
-003,-016
-003,-016
-003,-016
-003,-016
-003,-016
-003,-016
-003,-016
-003,-016
-003,-016
-003,-016
-003,-016
-003,-016
-003,-016
-003,-016
-003,-016
-003,-016
-003,-016
-003,-016
-003,-016
-003,-016
-003,-016
-003,-016
-003,-016
-003,-016
-003,-016
-003,-016
-003,-016
-003,-016
-003,-016
-003,-016
-003,-016
-003,-016
-003,-016
-003,-016
-003,-016
-003,-016
-003,-016
-003,-016
-003,-016
-003,-016
-003,-016
-003,-016
-003,-016
-003,-016
-003,-016
-003,-016
-003,-016
-003,-016
-003,-016
-003,-016
-000,-016
-000,-016
-000,-016
-000,-016
-000,-016
-000,-016
-000,-016
-000,-016
-000,-016
-000,-016
-000,-016
-000,-016
-000,-016
-000,-016
-000,-016
-000,-016
-000,-016
-000,-016
-000,-016
-000,-016
-000,-016
-000,-016
-000,-016
-000,-016
-000,-016
-000,-016
-000,-016
-000,-016
-000,-016
-000,-016
-000,-016
-000,-016
-000,-016
-000,-016
-000,-016
-000,-016
-000,-016
-000,-016
-000,-016
-000,-016
-000,-016
-000,-016
-000,-016
-000,-016
-000,-016
-000,-016
-000,-016
-000,-016
-000,-016
-000,-016
-000,-016
-000,-016
-000,-016
-000,-016
-000,-013
-000,-014
-000,-014
-000,-014
-000,-014
-000,-014
-000,-014
-000,-014
-000,-014
-000,-014
-000,-014
-000,-014
-000,-014
-000,-014
-000,-014
-000,-014
-000,-014
-000,-014
-000,-014
-000,-011
-000,-011
-000,-011
-000,-011
-000,-011
-000,-011
-000,-011
-000,-011
-000,-011
-000,-011
-000,-011
-000,-011
-000,-011
-000,-011
-000,-011
-000,-011
-000,-011
-000,-011
-001,-011
-001,-011
-001,-011
-001,-011
-001,-011
-001,-011
-001,-011
-001,-011
-001,-011
-001,-011
-001,-011
-001,-011
-001,-011
-001,-011
-001,-011
-001,-011
-001,-011
-001,-011
-001,-011
-001,-011
-001,-011
-001,-011
-001,-011
-001,-011
-002,-011
-002,-011
-002,-011
-002,-011
-002,-011
-002,-011
-002,-011
-002,-011
-002,-011
-002,-011
-002,-011
-002,-011
-002,-011
-002,-012
-002,-012
-002,-012
-002,-012
-002,-012
-002,-012
-002,-012
-002,-012
-002,-012
-002,-012
-002,-012
-002,-013
-002,-013
-002,-013
-002,-013
-002,-013
-002,-013
-002,-013
-002,-013
-002,-013
-002,-013
-002,-013
-002,-013
-002,-013
-002,-014
-002,-014
-002,-014
-002,-014
-002,-014
-002,-014
-002,-014
-002,-014
-002,-014
-002,-014
-002,-014
-002,-014
-002,-014
-002,-014
-002,-014
-002,-014
-002,-014
-002,-015
-002,-015
-002,-015
-002,-015
-002,-015
-002,-015
-002,-015
-002,-015
-002,-015
-002,-015
-002,-015
-002,-015
-002,-015
-002,-015
-002,-015
-002,-015
-002,-016
-002,-016
-002,-016
-002,-016
-002,-016
-002,-016
-002,-016
-002,-016
-002,-016
-002,-016
-002,-016
-002,-016
-002,-016
-002,-017
-002,-017
-002,-017
-002,-017
-002,-017
-002,-017
-002,-017
-002,-017
-002,-017
-002,-017
-002,-017
-002,-017
-002,-017
-002,-017
-002,-017
-002,-017
-002,-017
-002,-017
-002,-017
-002,-017
-002,-017
-002,-017
-002,-017
-002,-017
-002,-017
-002,-017
-002,-017
-002,-017
-002,-017
-002,-017
-002,-017
-002,-017
-002,-017
-002,-017
-002,-017
-002,-017
-002,-017
-002,-017
-002,-017
-002,-017
-002,-017
-002,-017
-002,-017
-002,-017
-002,-017
-002,-017
-002,-017
-002,-017
-002,-017
-002,-017
-002,-017
-002,-017
-002,-017
-002,-017
-002,-017
-002,-017
-002,-017
-002,-017
-002,-017
-002,-017
-002,-017
-002,-017
-002,-017
-002,-017
-002,-017
-002,-017
-002,-017
-002,-017
-002,-017
-002,-017
-002,-017
-002,-017
-002,-017
-002,-017
-002,-017
-002,-017
-002,-017
-002,-017
-002,-017
-002,-017
-002,-017
-002,-017
-002,-017
-002,-017
-002,-017
-002,-017
-002,-017
-002,-017
-002,-017
-002,-017
-002,-017
-002,-017
-002,-017
-002,-017
-002,-017
-002,-017
-002,-017
-002,-017
-002,-017
-002,-017
-002,-017
-002,-017
-003,-017
-003,-017
-003,-017
-003,-017
-003,-017
-003,-017
-003,-017
-003,-017
-003,-017
-003,-017
-003,-017
-003,-017
-003,-017
-003,-017
-003,-017
-003,-017
-003,-017
-003,-017
-003,-017
-003,-017
-003,-017
-003,-017
-004,-017
-004,-017
-004,-017
-004,-017
-004,-017
-004,-017
-004,-017
-004,-017
-004,-017
-004,-017
-004,-017
-004,-017
-004,-017
-004,-017
-004,-017
-004,-017
-004,-017
-004,-017
-004,-014
-004,-014
-004,-014
-004,-014
-004,-014
-004,-014
-004,-014
-004,-014
-004,-014
-004,-014
-004,-014
-004,-014
-004,-014
-004,-014
-004,-014
-004,-014
-004,-014
-004,-014
-004,-014
-004,-014
-004,-014
-004,-014
-004,-014
-004,-014
-004,-014
-004,-014
-004,-014
-004,-014
-004,-014
-004,-014
-005,-014
-005,-014
-005,-014
-005,-014
-005,-014
-005,-014
-005,-014
-005,-014
-005,-014
-005,-014
-005,-014
-005,-014
-005,-014
-005,-014
-005,-014
-005,-014
-005,-014
-005,-014
-005,-014
-005,-014
-005,-014
-005,-014
-005,-014
-005,-014
-005,-014
-005,-014
-005,-014
-005,-014
-005,-014
-005,-014
-005,-014
-005,-014
-005,-014
-005,-014
-005,-014
-005,-014
-005,-014
-005,-014
-005,-014
-005,-014
-005,-014
-005,-014
-005,-014
-005,-014
-005,-014
-005,-014
-005,-014
-005,-014
-005,-014
-005,-014
-005,-014
-005,-014
-005,-014
-002,-014
-003,-014
-003,-014
-003,-014
-003,-014
-003,-014
-003,-014
-003,-014
-003,-014
-003,-014
-003,-014
-003,-014
-003,-014
-003,-014
-003,-014
-003,-014
-003,-014
-003,-014
-003,-014
-003,-014
-003,-014
-003,-014
-003,-014
-003,-014
-003,-014
-003,-014
-003,-014
-003,-014
-003,-014
-003,-014
-003,-014
-003,-014
-003,-014
-003,-014
-003,-014
-003,-014
-003,-014
-003,-014
-003,-014
-003,-014
-003,-014
-003,-014
-003,-014
-003,-014
-003,-014
-003,-014
-003,-014
-003,-014
-003,-014
-003,-014
-003,-014
-003,-014
-003,-014
-003,-014
-003,-014
-003,-014
-003,-014
-003,-014
-003,-014
-003,-015
-003,-015
-003,-015
-003,-015
-003,-015
-003,-015
-003,-015
-003,-015
-003,-015
-003,-015
-003,-015
-003,-015
-003,-015
-003,-015
-003,-015
-003,-015
-003,-015
-003,-015
-003,-015
-003,-015
-003,-015
-003,-015
-003,-015
-003,-015
-003,-015
-003,-015
-003,-015
-003,-015
-003,-015
-003,-015
-003,-015
-003,-015
-003,-015
-003,-015
-003,-015
-003,-015
-003,-015
-003,-015
-003,-015
-003,-015
-003,-015
-003,-015
-003,-015
-003,-015
-003,-015
-003,-015
-003,-015
-003,-015
-003,-015
-003,-015
-003,-015
-003,-015
-003,-015
-003,-015
-003,-015
-003,-015
-003,-015
-003,-015
-003,-015
-003,-015
-003,-015
-003,-015
-003,-015
-003,-015
-003,-015
-003,-015
-003,-015
-003,-015
-003,-015
-003,-015
-003,-015
-003,-015
-003,-015
-003,-015
-003,-015
-003,-015
-003,-015
-003,-015
-003,-015
-003,-015
-003,-015
-003,-015
-003,-015
-003,-015
-003,-015
-003,-015
-003,-015
-003,-015
-003,-015
-003,-015
-003,-015
-003,-015
-003,-015
-003,-015
-003,-015
-003,-015
-003,-015
-003,-015
-003,-015
-003,-015
-003,-015
-003,-015
-003,-015
-003,-015
-003,-015
-003,-015
-003,-015
-003,-015
-003,-015
-003,-015
-003,-015
-003,-015
-003,-015
-003,-015
-003,-015
-003,-015
-003,-015
-003,-015
-003,-015
-003,-015
-003,-016
-003,-016
-003,-016
-003,-016
-003,-016
-003,-016
-003,-016
-003,-016
-003,-016
-003,-016
-003,-016
-003,-016
-003,-016
-003,-016
-003,-016
-003,-016
-003,-016
-003,-016
-003,-016
-003,-016
-003,-016
-003,-016
-003,-016
-003,-017
-003,-017
-003,-017
-003,-017
-003,-017
-003,-017
-003,-017
-003,-017
-003,-017
-003,-017
-003,-018
-003,-018
-003,-018
-003,-018
-003,-018
-003,-018
-003,-018
-003,-019
-003,-019
-003,-019
-003,-019
-003,-019
-003,-019
-003,-020
-003,-020
-003,-020
-003,-020
-003,-021
-003,-021
-003,-021
-003,-021
-003,-021
-003,-021
-003,-021
-003,-022
-003,-022
-003,-022
-003,-023
-003,-023
-003,-023
-003,-023
-003,-023
-003,-023
-003,-023
-003,-023
-003,-023
-003,-023
-003,-023
-003,-023
-003,-023
-003,-023
-003,-023
-003,-023
-003,-023
-003,-023
-003,-023
-003,-023
-003,-023
-003,-023
-003,-023
-003,-023
-003,-023
-003,-023
-003,-023
-003,-023
-003,-023
-003,-023
-003,-023
-003,-020
-003,-020
-003,-020
-003,-020
-003,-020
-003,-020
-003,-020
-003,-020
-003,-020
-003,-020
-003,-020
-003,-020
-003,-020
-003,-020
-003,-020
-003,-020
-003,-020
-003,-020
-003,-020
-003,-020
-003,-020
-003,-020
-003,-020
-003,-020
-003,-020
-003,-020
-003,-020
-003,-017
-003,-017
-003,-018
-003,-018
-003,-018
-003,-018
-003,-018
-003,-018
-003,-018
-003,-018
-003,-018
-003,-018
-003,-018
-003,-018
-003,-018
-003,-018
-003,-018
-003,-018
-003,-018
-003,-018
-004,-018
-004,-018
-004,-018
-004,-018
-004,-018
-004,-018
-004,-018
-004,-018
-004,-018
-004,-018
-004,-018
-004,-018
-004,-018
-004,-018
-004,-018
-004,-018
-004,-018
-004,-018
-004,-018
-004,-018
-004,-018
-004,-018
-004,-018
-004,-018
-004,-018
-004,-018
-004,-018
-004,-018
-004,-018
-004,-018
-004,-018
-004,-018
-004,-018
-004,-018
-004,-018
-004,-018
-004,-018
-004,-018
-004,-018
-005,-018
-005,-018
-005,-018
-005,-018
-005,-018
-005,-018
-005,-018
-005,-018
-005,-018
-005,-018
-005,-018
-005,-018
-005,-018
-005,-018
-005,-018
-005,-018
-005,-018
-005,-018
-005,-018
-005,-018
-005,-018
-005,-018
-005,-018
-005,-018
-005,-018
-005,-018
-005,-018
-005,-018
-005,-018
-005,-018
-005,-018
-005,-018
-005,-018
-005,-018
-005,-018
-005,-018
-005,-018
-005,-018
-005,-018
-005,-018
-005,-018
-005,-018
-005,-018
-005,-018
-005,-018
-005,-018
-005,-018
-005,-018
-005,-018
-005,-018
-005,-018
-005,-018
-005,-018
-005,-018
-005,-018
-005,-018
-005,-018
-005,-018
-005,-018
COP Area(S): 000180
COP Area(R): 000371