+000,-000
+001,-000
+001,-000
+001,-000
+001,-000
+001,-000
+001,-000
+001,-000
+001,-000
+001,-000
+001,-001
+001,-001
+001,-001
+001,-001
+001,-001
+001,-002
+001,-002
+001,-002
+001,-002
+003,-002
+003,-002
+003,-003
+003,-003
+003,-003
+003,-004
+005,-004
+005,-004
+005,-005
+005,-005
+005,-005
+005,-006
+005,-006
+007,-007
+007,-007
+007,-007
+007,-007
+009,-008
+009,-009
+009,-009
+009,-009
+010,-009
+010,-010
-011,-010
-012,-010
-012,-011
-013,-011
-014,-011
-014,-011
-015,-011
-016,-011
-016,-011
-016,-011
-017,-011
-017,-011
-017,-011
-017,-008
-018,-008
-018,-008
-018,-008
-018,-008
-018,-005
-018,-005
-018,-005
-018,-005
-018,-005
-018,-005
-018,-002
-018,-002
-018,-002
-015,-002
-015,+001
-015,+001
-015,+001
-015,+001
-015,+003
-015,+003
-015,+003
-012,+003
-012,+005
-012,+005
-012,+005
-012,+007
-012,+007
-012,+007
-012,+007
-012,+007
-012,+007
-012,+009
-012,+009
-012,+009
-012,+009
-012,+009
-012,+009
-012,+009
+010,+009
+010,+009
+010,+009
+010,+009
+010,+009
+010,+009
+010,+009
+010,+009
+010,+009
+010,+009
+010,+009
+010,+009
+010,+011
+010,+011
+010,+011
+010,+011
+010,+011
+010,+011
+010,+013
+010,+013
+010,+013
+010,+013
+010,+013
+010,+013
+010,+015
+010,+015
+010,+015
+010,+015
+010,+015
+010,+015
+010,+015
+010,+015
+010,+015
+010,+015
+010,+015
+010,+015
+010,+015
+010,+015
-011,+015
-011,+015
-011,+015
-011,+015
-011,+015
-011,+015
-011,+013
-011,+013
-011,+013
-011,+013
-011,+013
-011,+013
-011,+011
-011,+011
-011,+011
-011,+011
-011,+011
-011,+011
-011,+009
-011,+009
-011,+009
-011,+009
-011,+009
-011,+009
-011,+009
-011,+007
-011,+007
-011,+007
-011,+007
-011,+007
-011,+007
-011,+005
-011,+005
-011,+005
-011,+005
-011,+003
-011,+003
-011,+003
-011,+001
-011,+001
-011,+001
-011,+001
-011,-000
-011,-001
-011,-001
-011,-002
-011,-002
-011,-002
-011,-002
-011,-002
-011,-002
-011,-003
-012,-003
-012,-003
-012,-003
-012,-004
-012,-004
-012,-004
-012,-005
-012,-005
-013,-005
-013,-005
-013,-006
-013,-006
-013,-006
-013,-006
-013,-007
-014,-007
-014,-007
-014,-007
-014,-008
-015,-008
-015,-008
-015,-008
-015,-008
-015,-008
-015,-009
-015,-009
-015,-009
-015,-009
-015,-009
-015,-009
-015,-010
-015,-010
-015,-010
-015,-010
-015,-010
-015,-010
-015,-010
-015,-010
-015,-010
-015,-010
-015,-010
-015,-010
-015,-010
-015,-010
-015,-010
-015,-010
-015,-010
-012,-010
-012,-010
-012,-010
-012,-010
-012,-010
-012,-007
-012,-007
-012,-007
-012,-007
-012,-007
-012,-007
-012,-003
-012,-003
-012,-003
-012,-003
-012,-003
+010,-000
+010,-000
+010,-000
+010,-000
+010,+002
+010,+002
+010,+002
+008,+004
+008,+004
+008,+006
+008,+006
+008,+006
+008,+008
+008,+008
+006,+008
+006,+010
+006,+010
+006,+010
+006,+010
+006,+012
+006,+012
+006,+012
+006,+012
+006,+014
+006,+014
+006,+014
+006,+014
+006,+014
+006,+014
+006,+016
+006,+016
+006,+016
+006,+016
+006,+016
+006,+016
+006,+016
+006,+016
+006,+016
+006,+016
+006,+016
+006,+016
+006,+016
+006,+016
+006,+016
+006,+016
+008,+016
+008,+016
+008,+016
+008,+016
+008,+016
+008,+016
+008,+016
+008,+016
+008,+016
+008,+016
+008,+016
+010,+016
+010,+016
+010,+016
+010,+016
+010,+016
+010,+016
+010,+016
-011,+016
-011,+016
-011,+018
-012,+018
-012,+018
-012,+018
-012,+018
-012,+018
-012,+018
-012,+020
-012,+020
-013,+020
-013,+020
-013,+020
-013,+020
-013,+020
-013,+020
-013,+020
-013,+020
-013,+020
-013,+020
-013,+020
-013,+020
-013,+018
-013,+018
-013,+018
-013,+016
-013,+016
-013,+016
-013,+016
-013,+014
-013,+014
-013,+012
-014,+012
-014,+012
-014,+012
-014,+010
-014,+010
-014,+008
-015,+008
-015,+006
-015,+006
-015,+006
-016,+004
-016,+004
-016,+004
-016,+004
-017,+002
-017,+002
-017,+002
-018,+002
-018,+002
-018,+002
-018,+002
-018,+001
-018,+001
-018,+001
-018,+001
-018,+001
-019,+001
-019,+001
-019,+001
-019,+001
-019,+001
-019,+001
-019,+001
-020,+001
-020,+001
-020,+001
-020,+001
-020,+001
-020,+001
-020,+001
-020,+001
-020,+001
-020,+001
-020,+001
-020,+001
-020,+001
-020,+001
-020,+001
-020,+001
-020,+001
-020,+001
-020,+001
-020,+001
-020,+001
-020,+001
-020,+001
-020,+001
-020,+001
-020,+001
-020,+001
-020,+001
-020,+001
-020,+001
-020,+001
-020,+001
-020,+001
-020,+001
-020,+001
-020,-000
-020,-000
-020,-000
-020,-000
-020,-000
-020,-000
-020,-000
-020,-001
-020,-001
-020,-001
-020,-001
-020,-001
-020,-001
-020,-001
-020,-001
-020,-001
-017,-001
-017,-001
-017,-001
-017,-001
-017,-001
-017,-001
-017,-001
-017,-001
-017,-001
-017,-001
-017,-001
-017,-001
-017,+001
-017,+001
-017,+001
-017,+001
-017,+001
-017,+003
-017,+003
-017,+003
-017,+003
-017,+003
-017,+005
-017,+005
-017,+005
-017,+005
-017,+007
-017,+007
-017,+007
-014,+007
-014,+007
-014,+007
-014,+009
-014,+009
-014,+009
-014,+009
-014,+009
-014,+009
-014,+009
-014,+009
-014,+009
-014,+009
-014,+009
-014,+009
-014,+009
-014,+009
-014,+009
-014,+009
-014,+009
-014,+009
-014,+009
-014,+007
-014,+007
-014,+007
-014,+007
-014,+007
-014,+007
-014,+007
-014,+007
-014,+007
-014,+007
-014,+005
-014,+005
-014,+005
-011,+005
-012,+005
-012,+005
-012,+005
-012,+005
-012,+005
-012,+005
-012,+005
-012,+005
-012,+005
-012,+005
-012,+005
-012,+005
-012,+005
-012,+005
-012,+007
-012,+007
-012,+007
-012,+007
-012,+007
-012,+007
-012,+007
-012,+007
-012,+007
-012,+007
-012,+009
-012,+009
-012,+009
-012,+009
-013,+009
-013,+009
-013,+009
-013,+009
-013,+009
-013,+009
-014,+009
-014,+009
-014,+009
-015,+011
-015,+011
-015,+011
-016,+011
-016,+011
-016,+011
-017,+011
-017,+011
-018,+011
-018,+013
-018,+013
-018,+013
-019,+013
-019,+013
-019,+013
-019,+013
-020,+013
-020,+013
-020,+013
-020,+013
-020,+013
-020,+013
-020,+013
-020,+013
-020,+013
-021,+013
-021,+013
-021,+013
-021,+013
-021,+011
-021,+011
-021,+011
-021,+011
-021,+011
-021,+011
-021,+009
-021,+009
-021,+009
-021,+009
-021,+009
-021,+009
-021,+009
-021,+007
-021,+007
-021,+007
-021,+007
-021,+007
-021,+007
-018,+007
-018,+007
-018,+007
-018,+007
-018,+007
-018,+007
-018,+007
-018,+007
-018,+007
-015,+005
-015,+005
-015,+005
-015,+005
-015,+005
-015,+005
-015,+005
-012,+005
-012,+005
-012,+005
-012,+005
-012,+003
+010,+003
+010,+003
+010,+003
+010,+003
+010,+003
+010,+003
+010,+003
+008,+003
+008,+003
+008,+003
+008,+003
+008,+003
+008,+003
+008,+003
+008,+003
+008,+003
+006,+003
+006,+003
+006,+003
+006,+003
+006,+003
+006,+003
+006,+003
+006,+003
+006,+003
+006,+005
+004,+005
+004,+005
+004,+005
+004,+005
+004,+005
+004,+007
+004,+007
+004,+007
+004,+007
+002,+009
+002,+009
+002,+009
+002,+009
+002,+009
+002,+009
+002,+009
+002,+009
+002,+009
+002,+011
+002,+011
+002,+011
+002,+011
+002,+011
+002,+011
+002,+011
+002,+011
+002,+011
+002,+011
+002,+011
+002,+011
+004,+011
+004,+011
+004,+011
+004,+011
+004,+011
+004,+011
+004,+011
+004,+011
+004,+011
+004,+011
+004,+011
+004,+011
+004,+011
+004,+011
+004,+011
+004,+011
+004,+011
+004,+011
+004,+011
+004,+011
+004,+011
+004,+011
+004,+011
+004,+011
+004,+011
+004,+011
+004,+011
+004,+011
+004,+011
+004,+011
+004,+011
+004,+011
+004,+011
+004,+011
+004,+011
+004,+011
+004,+011
+004,+011
+004,+011
+004,+011
+004,+011
+004,+011
+004,+013
+004,+013
+004,+013
+004,+013
+004,+013
+004,+013
+004,+013
+004,+013
+004,+013
+004,+013
+004,+015
+004,+015
+004,+015
+004,+015
+004,+015
+004,+015
+004,+015
+004,+015
+004,+015
+004,+015
+004,+015
+004,+015
+004,+015
+004,+015
+004,+015
+004,+015
+004,+015
+004,+015
+004,+015
+004,+015
+004,+015
+004,+015
+004,+015
+004,+015
+004,+015
+004,+013
+004,+013
+004,+013
+004,+013
+004,+011
+004,+011
+004,+011
+004,+011
+004,+011
+004,+009
+004,+009
+004,+009
+004,+009
+004,+009
+002,+009
+002,+009
+002,+009
+002,+009
+002,+009
+002,+009
+002,+009
+002,+009
+002,+009
+002,+009
+002,+009
+002,+009
+002,+009
+000,+009
+000,+009
+000,+009
+000,+011
+000,+011
+000,+011
+002,+011
+002,+011
+002,+013
+002,+013
+004,+013
+004,+013
+004,+013
+004,+013
+004,+015
+004,+015
+006,+015
+006,+015
+006,+015
+006,+015
+006,+015
+006,+015
+006,+015
+006,+015
+008,+015
+008,+015
+008,+015
+008,+015
+008,+015
+008,+015
+008,+015
+008,+015
+008,+013
+008,+013
+008,+013
+008,+013
+008,+013
+008,+013
+008,+013
+008,+011
+008,+011
+008,+011
+008,+011
+008,+011
+008,+011
+008,+011
+008,+011
+008,+009
+006,+009
+006,+009
+006,+009
+006,+009
+006,+009
+006,+007
+006,+007
+006,+007
+006,+007
+006,+007
+004,+007
+004,+005
+004,+005
+004,+005
+004,+005
+002,+005
+002,+005
+002,+005
+002,+005
+002,+005
+000,+005
+000,+005
+000,+005
+000,+005
+002,+005
+002,+005
+002,+007
+002,+007
+002,+007
+004,+007
+004,+007
+004,+007
+004,+007
+006,+009
+006,+009
+006,+009
+006,+009
+006,+011
+006,+011
+006,+011
+008,+011
+008,+011
+008,+011
+008,+011
+008,+011
+008,+011
+008,+013
+008,+013
+008,+013
+010,+013
+010,+013
+010,+013
+010,+013
+010,+013
+010,+013
+010,+013
+010,+013
-011,+013
-011,+013
-011,+013
-012,+013
-012,+011
-012,+011
-012,+011
-013,+011
-013,+011
-013,+011
-013,+011
-013,+011
-014,+009
-014,+009
-014,+009
-014,+009
-015,+009
-015,+009
-015,+007
-015,+007
-015,+007
-015,+007
-015,+007
-015,+007
-015,+007
-015,+007
-015,+007
-015,+007
-015,+005
-015,+005
-015,+005
-015,+005
-015,+005
-015,+005
-015,+005
-015,+005
-015,+005
-015,+005
-015,+005
-015,+005
-015,+005
-012,+005
-012,+005
-013,+005
-013,+005
-013,+005
-013,+005
-013,+005
-013,+003
-013,+003
-013,+003
-013,+003
-013,+003
-013,+003
-013,+003
-013,+003
-013,+003
-013,+003
-013,+003
-013,+003
-013,+003
-013,+003
-013,+003
-013,+003
-013,+003
+010,+001
+010,+001
+010,+001
+010,+001
+010,+001
+010,+001
+010,+001
+010,+001
+010,+001
+010,+001
+010,+001
+010,+001
+010,+001
+010,+001
+010,+001
+010,+001
+010,+001
+010,+001
+010,+001
+010,+001
+010,+001
+010,+001
+010,+001
+010,+001
+010,+001
+010,+001
+010,+001
+010,+001
+010,+001
+010,+001
+010,+001
+010,+003
+010,+003
+010,+003
+010,+003
+010,+003
+010,+005
+010,+005
+010,+005
+010,+007
+010,+007
+010,+007
+010,+007
+010,+009
+010,+009
+010,+009
+010,+009
+010,+009
+010,+011
+010,+011
+010,+011
+010,+011
+010,+011
+010,+011
+010,+011
+010,+013
+010,+013
+010,+013
+010,+013
+010,+013
+010,+013
+010,+013
+010,+013
+010,+013
+010,+013
+010,+013
+008,+013
+008,+013
+008,+013
+008,+013
+008,+013
+008,+013
+008,+013
+008,+013
+008,+013
+008,+013
+008,+013
+008,+013
+008,+013
+008,+013
+008,+013
+008,+013
+008,+013
+008,+013
+008,+013
+008,+013
+008,+013
+008,+013
+008,+013
+008,+013
+008,+013
+008,+013
+008,+013
+008,+013
+008,+013
+008,+013
+008,+013
+008,+013
+008,+013
+008,+013
+008,+013
+008,+015
+010,+015
+010,+015
+010,+015
+010,+015
+010,+015
+010,+015
+010,+017
+010,+017
+010,+017
+010,+017
-011,+017
-011,+017
-011,+017
-011,+017
-011,+017
-011,+019
-011,+019
-012,+019
-012,+019
-012,+019
-012,+019
-012,+019
-012,+019
-012,+019
-012,+019
-012,+019
-012,+019
-012,+019
-012,+019
-012,+017
-012,+017
-012,+017
-012,+017
-012,+017
-012,+017
-012,+017
-012,+015
-012,+015
+010,+015
+010,+015
+010,+015
+010,+013
+010,+013
+010,+013
+010,+013
+010,+013
+010,+013
+010,+013
+010,+013
+010,+011
+010,+011
+008,+011
+008,+011
+008,+011
+008,+011
+008,+011
+008,+011
+008,+011
+008,+011
+008,+011
+008,+011
+006,+011
+006,+011
+006,+011
+006,+011
+006,+011
+006,+011
+006,+011
+006,+011
+006,+013
+006,+013
+006,+013
+004,+013
+004,+013
+004,+013
+004,+013
+004,+015
+004,+015
+004,+015
+004,+015
+004,+015
+002,+015
+002,+015
+002,+015
+002,+015
+002,+015
+002,+015
+002,+015
+002,+015
+002,+017
+002,+017
+002,+017
+002,+017
+002,+017
+000,+017
+000,+017
+000,+019
+000,+019
+000,+019
+000,+019
+000,+019
+000,+019
+000,+019
+000,+019
+000,+019
+002,+019
+002,+019
+002,+019
+002,+019
+002,+019
+002,+019
+002,+019
+002,+019
+002,+019
+002,+019
+002,+019
+002,+019
+002,+019
+002,+019
+002,+019
+004,+019
+004,+019
+004,+019
+004,+019
+004,+019
+004,+019
+004,+019
+004,+019
+004,+019
+004,+019
+004,+019
+004,+019
+004,+019
+004,+019
+004,+019
+004,+019
+004,+019
+004,+019
+004,+019
+004,+017
+004,+017
+004,+017
+004,+017
+004,+017
+004,+017
+004,+017
+004,+017
+004,+019
+004,+019
+004,+019
+004,+019
+004,+019
+004,+019
+004,+019
+004,+021
+004,+021
+004,+021
+004,+021
+004,+021
+004,+021
+004,+021
+004,+021
+004,+021
+004,+021
+004,+021
+002,+023
+002,+023
+002,+023
+002,+023
+002,+023
+002,+023
+002,+023
+002,+025
+000,+025
+000,+025
+000,+025
+000,+025
+000,+025
+002,+025
+002,+025
+002,+025
+002,+025
+004,+025
+004,+025
+004,+025
+004,+025
+004,+025
+006,+025
+006,+025
+006,+025
+008,+023
+008,+023
+008,+023
+008,+023
+010,+023
+010,+023
-011,+023
-011,+021
-012,+021
-013,+021
-013,+019
-014,+019
-014,+019
-015,+019
-016,+017
-016,+017
-016,+015
-017,+015
-017,+015
-018,+013
-018,+013
-018,+013
-018,+013
-018,+013
-019,+013
-019,+013
-019,+013
-019,+013
-019,+013
-019,+013
-019,+013
-019,+013
-019,+013
-019,+013
-019,+013
-019,+013
-019,+013
-019,+011
-019,+011
-019,+011
-019,+011
-019,+011
-019,+011
-019,+011
-019,+011
-019,+011
-019,+011
-019,+011
-020,+011
-020,+011
-020,+011
-020,+011
-020,+011
-020,+011
-020,+011
-020,+011
-020,+011
-020,+009
-020,+009
-020,+009
-020,+009
-020,+009
-020,+009
-020,+009
-020,+009
-020,+009
-020,+009
-020,+009
-020,+009
-020,+009
-020,+009
-020,+009
-020,+009
-020,+007
-020,+007
-020,+007
-020,+007
-020,+007
-020,+007
-020,+007
-020,+007
-020,+007
-020,+007
-020,+007
-020,+007
-020,+007
-021,+007
-021,+007
-021,+007
-021,+007
-021,+007
-021,+007
-021,+007
-021,+007
-022,+007
-022,+007
-022,+007
-022,+007
-022,+007
-022,+007
-022,+007
-022,+007
-022,+007
-022,+007
-022,+007
-022,+007
-022,+007
-022,+007
-022,+007
-022,+007
-019,+009
-019,+009
-019,+009
-019,+009
-019,+009
-019,+009
-019,+009
-016,+009
-016,+009
-016,+009
-016,+009
-016,+009
-016,+009
-016,+011
-016,+011
-016,+011
-016,+011
-016,+011
-013,+011
-013,+011
-013,+011
-013,+011
-013,+011
-013,+011
-013,+011
-013,+011
-013,+011
+010,+011
+010,+011
+010,+011
+010,+011
+010,+011
+010,+011
+010,+011
+010,+011
+010,+011
+010,+011
+008,+011
+008,+011
+008,+011
+008,+011
+008,+011
+006,+013
+006,+013
+006,+013
+006,+013
+006,+013
+006,+013
+006,+013
+006,+013
+006,+013
+004,+013
+004,+015
+004,+015
+004,+015
+004,+015
+004,+015
+004,+015
+004,+015
+004,+017
+004,+017
+002,+017
+002,+017
+002,+017
+002,+017
+002,+017
+002,+019
+002,+019
+002,+019
+002,+019
+002,+019
+002,+019
+002,+019
+002,+019
+002,+019
+002,+019
+002,+019
+002,+019
+002,+019
+002,+019
+002,+019
+002,+019
+002,+019
+002,+019
+002,+019
+002,+019
+002,+019
+002,+019
+002,+019
+002,+019
+002,+019
+002,+019
+002,+019
+002,+019
+002,+019
+002,+019
+002,+019
+002,+019
+002,+019
+002,+019
+002,+019
+002,+019
+002,+019
+002,+019
+002,+019
+002,+019
+002,+019
+002,+019
+002,+019
+002,+019
+002,+019
+002,+019
+002,+019
+002,+019
+002,+019
+002,+019
+002,+019
+002,+019
+002,+017
+002,+017
+002,+017
+002,+017
+002,+017
+002,+017
+002,+017
+002,+017
+002,+017
+002,+017
+002,+017
+002,+017
+002,+017
+002,+017
+002,+017
+002,+017
+002,+017
+002,+017
+004,+017
+004,+017
+004,+017
+004,+017
+004,+017
+004,+017
+004,+017
+006,+017
+006,+017
+006,+017
+006,+017
+006,+015
+006,+015
+006,+015
+006,+015
+006,+015
+006,+015
+006,+015
+006,+015
+006,+015
+006,+015
+006,+015
+006,+015
+006,+015
+006,+013
+006,+013
+006,+013
+006,+013
+006,+013
+006,+013
+006,+013
+006,+013
+006,+013
+006,+013
+006,+013
+006,+011
+006,+011
+006,+011
+006,+011
+006,+011
+006,+009
+006,+009
+006,+009
+006,+009
+006,+009
+006,+009
+006,+009
+006,+009
+006,+007
+006,+007
+006,+007
+004,+007
+004,+007
+004,+007
+004,+007
+004,+007
+004,+007
+004,+007
+002,+007
+002,+007
+002,+007
+002,+007
+002,+007
+002,+007
+000,+007
+000,+007
+000,+007
+000,+007
+002,+007
+002,+009
+002,+009
+004,+009
+004,+009
+004,+009
+004,+009
+006,+011
+006,+011
+006,+011
+006,+011
+006,+011
+006,+013
+008,+013
+008,+013
+008,+013
+008,+015
+008,+015
+008,+015
+008,+015
+008,+015
+008,+015
+008,+015
+008,+015
+010,+017
+010,+017
+010,+017
+010,+017
+010,+017
+010,+017
+010,+017
+010,+017
+010,+017
+010,+017
+012,+017
+012,+017
+012,+017
+012,+017
+012,+017
+012,+017
+012,+017
+014,+017
+014,+017
+014,+017
+014,+017
+014,+017
+014,+017
+014,+017
+014,+017
+014,+017
+016,+017
+016,+017
+016,+015
+016,+015
+016,+015
+016,+015
+016,+015
+018,+013
+018,+013
+018,+013
+018,+013
+018,+013
+018,+013
+018,+011
+018,+011
+018,+011
+018,+011
+018,+011
+018,+011
+018,+011
+018,+011
+018,+011
+018,+011
+018,+011
+018,+011
+018,+011
+018,+011
+018,+011
+018,+011
+018,+011
+018,+011
+018,+011
+018,+011
+018,+011
+018,+011
+018,+011
+018,+011
+018,+011
+018,+011
+018,+011
+018,+011
+018,+011
+018,+011
+018,+011
+018,+011
+018,+011
+020,+011
+020,+009
+020,+009
+020,+009
+020,+009
+020,+009
+020,+009
+020,+009
+020,+009
+020,+009
+020,+009
+020,+009
+020,+009
+020,+009
+020,+009
+020,+007
+020,+007
+020,+007
+020,+007
+020,+007
+020,+007
+020,+007
+020,+007
+020,+007
+020,+007
+020,+007
+020,+007
+020,+005
+020,+005
+020,+005
+020,+005
+020,+005
+020,+005
+020,+005
+020,+005
+018,+003
+018,+003
+018,+003
+018,+003
+018,+001
+018,+001
+018,+001
+016,+001
+016,-000
+016,-000
+016,-001
+016,-001
+016,-002
+016,-003
+016,-003
+016,-004
+016,-004
+016,-004
+016,-005
+014,-006
+014,-006
+014,-006
+014,-006
+014,-006
+012,-006
+012,-006
+012,-006
+012,-006
+012,-006
+010,-006
+010,-006
+010,-006
+010,-006
+010,-006
+010,-006
+010,-006
+008,-006
+008,-006
+008,-003
+008,-003
+008,-003
+008,-003
+008,-003
+008,-003
+006,-003
+006,-003
+006,-003
+006,-003
+006,-003
+006,-003
+006,-003
+006,-003
+006,-003
+006,-003
+006,-003
+006,-003
+004,-003
+004,-003
+004,-003
+004,-003
+004,-003
+004,-000
+002,-000
+002,-000
+002,-000
+002,-000
+002,-001
+002,-001
+000,-001
+000,-001
+000,-001
+000,-001
+000,-001
+000,-001
+002,-001
+002,-001
+002,-002
+002,-002
+002,-002
+002,-003
+002,-003
+002,-003
+002,-003
+002,-004
+002,-004
+002,-004
+002,-004
+002,-004
+002,-004
+002,-005
+002,-005
+002,-005
+002,-005
+002,-005
+002,-005
+002,-005
+002,-005
+002,-005
+002,-005
+002,-005
+002,-005
+002,-005
+002,-005
+002,-005
+002,-005
+002,-005
+002,-005
+002,-005
+002,-002
+002,-002
+002,-002
+002,-002
+000,-002
+000,-002
+000,-002
+000,-002
+000,-002
+000,-002
+000,-002
+000,-002
+000,-002
+000,-002
+002,-002
+002,-002
+002,-002
+002,-002
+004,-002
+004,-002
+004,-002
+004,-002
+004,-002
+004,-002
+004,+001
+004,+001
+004,+001
+004,+001
+006,+001
+006,+001
+006,+001
+006,+001
+006,+001
+006,+001
+006,+001
+006,+001
+006,+001
+006,+003
+006,+003
+006,+003
+006,+003
+006,+005
+006,+005
+008,+005
+008,+005
+008,+007
+008,+007
+008,+007
+008,+007
+008,+009
+008,+009
+008,+009
+010,+009
+010,+009
+010,+011
+010,+011
+010,+011
+010,+011
+010,+011
+010,+011
+010,+013
+010,+013
+010,+013
+010,+013
+010,+013
+010,+013
+010,+013
+010,+013
+010,+013
+010,+013
+010,+013
+010,+013
+010,+013
+010,+013
+010,+013
+010,+013
+010,+013
+010,+013
+010,+013
+010,+013
+010,+013
+010,+011
+010,+011
+010,+011
+010,+011
+012,+011
+012,+011
+012,+011
+012,+009
+012,+009
+012,+009
+012,+009
+012,+009
+012,+009
+012,+009
+012,+009
+012,+009
+012,+009
+012,+007
+012,+007
+012,+007
+012,+007
+012,+007
+012,+007
+012,+007
+010,+007
+010,+007
+010,+007
+010,+007
+010,+007
+010,+005
+010,+005
+010,+005
+010,+005
+010,+005
+010,+005
+010,+005
+010,+005
+010,+005
+010,+005
+010,+005
+010,+005
+010,+003
+010,+003
+010,+003
+010,+003
+008,+003
+008,+003
+008,+003
+008,+003
+008,+003
+008,+003
+008,+003
+008,+003
+008,+003
+006,+003
+006,+003
+006,+003
+006,+003
+006,+003
+006,+003
+004,+003
+004,+003
+004,+003
+004,+003
+004,+003
+002,+003
+002,+003
+002,+001
+002,+001
+002,+001
+000,+001
+000,+001
+000,+001
+000,+001
+000,+001
+002,+001
+002,+001
+002,-000
+002,-000
+002,-000
+002,-001
+002,-001
+002,-001
+002,-001
+004,-002
+004,-002
+004,-002
+004,-002
+004,-002
+004,-002
+004,-003
+004,-003
+004,-003
+004,-003
+004,-003
+004,-003
+004,-003
+006,-003
+006,-003
+006,-003
+006,-003
+006,-003
+006,-003
+006,-003
+006,-004
+006,-004
+006,-004
+006,-004
+006,-004
+006,-004
+006,-004
+006,-004
+006,-004
+006,-004
+006,-004
+006,-004
+006,-004
+006,-004
+006,-004
+006,-004
+006,-004
+006,-004
+006,-004
+006,-004
+006,-004
+006,-004
+006,-004
+006,-004
+006,-004
+006,-004
+006,-004
+006,-004
+006,-004
+006,-004
+006,-004
+006,-004
+006,-004
+006,-004
+006,-004
+006,-004
+006,-004
+006,-004
+006,-004
+006,-004
+006,-004
+006,-001
+006,-001
+006,-001
+006,-001
+004,-001
+004,-001
+004,-001
+004,-001
+004,-001
+004,-001
+004,+001
+004,+001
+004,+001
+004,+001
+004,+003
+004,+003
+004,+003
+004,+003
+004,+003
+004,+003
+004,+003
+004,+003
+004,+005
+004,+005
+004,+005
+004,+005
+004,+005
+004,+005
+004,+005
+004,+005
+004,+007
+004,+007
+004,+007
+004,+007
+004,+007
+004,+007
+004,+009
+004,+009
+004,+009
+004,+009
+004,+009
+004,+009
+004,+009
+004,+011
+004,+011
+004,+011
+004,+011
+004,+011
+004,+011
+004,+011
+004,+011
+004,+011
+004,+011
+004,+011
+004,+011
+002,+011
+002,+011
+002,+011
+002,+011
+002,+011
+002,+011
+002,+011
+002,+011
+002,+011
+002,+011
+002,+011
+002,+011
+002,+011
+002,+011
+002,+011
+002,+011
+002,+011
+002,+011
+002,+011
+002,+011
+002,+011
+002,+011
+002,+013
+002,+013
+002,+013
+002,+013
+002,+013
+002,+013
+002,+013
+002,+013
+002,+013
+002,+013
+002,+013
+002,+013
+000,+013
+000,+013
+000,+013
+000,+013
+000,+013
+000,+013
+000,+013
+000,+013
+000,+013
+000,+013
+000,+013
+000,+013
+000,+013
+000,+013
+000,+013
+000,+013
+000,+013
+000,+013
+000,+013
+000,+013
+000,+013
+000,+013
+000,+013
+000,+013
+000,+013
+000,+013
+000,+013
+000,+013
+000,+013
+000,+013
+000,+013
+000,+013
+000,+013
+000,+013
+000,+013
+000,+013
+000,+013
+000,+013
+000,+013
+000,+013
+000,+013
+000,+013
+000,+013
+000,+013
+000,+013
+000,+013
+000,+013
+000,+011
+000,+011
+000,+011
+000,+011
+000,+011
+000,+011
+000,+011
+000,+011
+000,+011
+000,+011
+002,+011
+002,+011
+002,+011
+002,+011
+002,+011
+002,+011
+002,+011
+002,+011
+004,+011
+004,+011
+004,+011
+004,+011
+004,+009
+004,+009
+004,+009
+004,+009
+006,+009
+006,+009
+006,+009
+006,+009
+006,+009
+006,+009
+006,+009
+006,+009
+008,+009
+008,+009
+008,+009
+008,+009
+008,+009
+008,+009
+008,+009
+008,+009
+008,+009
+008,+009
+008,+009
+008,+009
+008,+009
+008,+009
+008,+009
+008,+009
+008,+009
+008,+009
+008,+009
+006,+009
+006,+009
+006,+009
+006,+009
+006,+009
+006,+009
+006,+009
+006,+009
+006,+009
+006,+009
+006,+009
+006,+009
+006,+009
+004,+007
+004,+007
+004,+007
+004,+007
+004,+007
+004,+007
+002,+007
+002,+007
+002,+007
+002,+007
+002,+007
+002,+007
+000,+007
+000,+007
+000,+007
+000,+007
+002,+007
+002,+007
+002,+007
+002,+007
+002,+007
+004,+007
+004,+007
+004,+007
+004,+007
+004,+007
+004,+007
+004,+007
+004,+007
+004,+007
+004,+007
+004,+007
+004,+007
+004,+007
+004,+007
+004,+007
+004,+007
+004,+007
+004,+007
+004,+007
+004,+007
+004,+007
+004,+007
+004,+007
+004,+007
+004,+007
+004,+007
+004,+007
+004,+007
+004,+007
+004,+007
+004,+007
+004,+007
+004,+007
+004,+007
+006,+007
+006,+007
+006,+005
+006,+005
+006,+005
+006,+005
+006,+005
+006,+005
+006,+005
+006,+005
+006,+005
+006,+005
+006,+005
+006,+005
+006,+005
+006,+005
+006,+005
+006,+005
+006,+005
+006,+005
+006,+005
+006,+005
+006,+005
+006,+005
+006,+005
+006,+003
+006,+003
+006,+003
+006,+003
+006,+003
+006,+003
+006,+003
+006,+003
+006,+003
+006,+003
+006,+003
+006,+003
+006,+003
+006,+003
+006,+003
+006,+003
+006,+003
+006,+003
+008,+003
+008,+003
+008,+003
+008,+003
+008,+003
+008,+003
+008,+003
+008,+003
+008,+003
+008,+003
+008,+003
+008,+003
+008,+003
+008,+003
+008,+003
+008,+003
+008,+003
+008,+003
+008,+003
+008,+003
+008,+003
+008,+003
+008,+003
+008,+003
+008,+003
+008,+003
+008,+003
+008,+003
+008,+003
+008,+003
+008,+003
+008,+003
+008,+003
+008,+003
+008,+003
+008,+003
+008,+003
+008,+003
+008,+003
+008,+003
+008,+003
+008,+003
+008,+003
+008,+003
+008,+003
+008,+003
+008,+003
+008,+003
+008,+003
+008,+003
+008,+003
+008,+003
+008,+003
+008,+003
+008,+003
+010,+003
+010,+003
+010,+003
+010,+003
+010,+001
+010,+001
+010,+001
+010,+001
+010,+001
+010,+001
+010,+001
+010,+001
+010,+001
+012,+001
+012,-000
+012,-000
+012,-000
+012,-000
+012,-000
+014,-000
+014,-000
+014,-000
+014,-001
+016,-001
+016,-001
+016,-001
+016,-002
+018,-002
+018,-002
+018,-002
+018,-003
+018,-003
+018,-003
+020,-003
+020,-003
+020,-003
+020,-004
+022,-004
+022,-004
+022,-005
+022,-005
+022,-005
+022,-005
+022,-005
+022,-005
+022,-005
+022,-005
+024,-005
+024,-005
+024,-005
+024,-005
+024,-005
+024,-005
+024,-005
+024,-005
+024,-005
+024,-005
+024,-005
+024,-005
+024,-005
+024,-005
+024,-005
+024,-005
+024,-005
+024,-005
+024,-005
+024,-005
+024,-005
+024,-005
+024,-005
+024,-005
+024,-005
+024,-005
+024,-002
+024,-002
+024,-002
+024,-002
+024,-002
+024,-002
+024,-002
+024,-002
+024,-002
+024,-002
+024,-002
+024,-002
+024,-002
+024,-002
+024,-002
+024,-002
+024,+001
+024,+001
+024,+001
+024,+001
+024,+001
+024,+001
+024,+001
+024,+001
+024,+001
+024,+001
+024,+001
+024,+001
+024,+001
+024,+001
+024,+001
+024,+001
+024,+001
+024,+001
+024,+001
+024,+001
+024,+001
+024,+001
+024,+001
+024,+001
+024,+003
+024,+003
+024,+003
+024,+003
+024,+003
+024,+003
+024,+003
+024,+003
+024,+003
+024,+003
+024,+003
+024,+003
+024,+003
+024,+003
+024,+003
+024,+003
+022,+003
+022,+003
+022,+003
+022,+003
+022,+003
+022,+003
+022,+003
+022,+003
+022,+001
+022,+001
+022,+001
+022,+001
+020,+001
+020,+001
+020,+001
+020,+001
+020,+001
+020,+001
+020,+001
+020,+001
+020,+001
+020,+001
+018,+001
+018,+001
+018,+001
+018,+001
+018,+001
+018,+001
+018,+001
+018,-000
+018,-000
+016,-000
+016,-000
+016,-000
+016,-000
+016,-000
+016,-000
+016,-000
+016,-001
+016,-001
+016,-001
+016,-001
+014,-001
+014,-001
+014,-002
+014,-002
+014,-002
+014,-002
+014,-002
+012,-002
+012,-002
+012,-002
+012,-003
+012,-003
+012,-003
+010,-003
+010,-003
+010,-003
+010,-003
+010,-003
+008,-003
+008,-004
+008,-004
+008,-004
+008,-004
+008,-004
+008,-004
+008,-004
+008,-004
+008,-004
+006,-004
+006,-004
+006,-004
+006,-004
+006,-004
+006,-004
+006,-004
+006,-004
+006,-004
+006,-004
+006,-004
+006,-004
+006,-004
+006,-004
+006,-004
+006,-004
+006,-001
+006,-002
+006,-002
+006,-002
+006,-002
+006,-002
+006,-002
+006,-002
+006,-002
+006,-002
+006,-002
+006,-002
+006,-002
+006,-002
+006,-002
+006,-002
+006,-002
+006,-002
+006,-002
+006,-002
+006,-002
+006,-002
+006,-002
+006,-002
+006,-002
+006,-002
+006,-002
+006,+001
+006,-000
+006,-000
+006,-000
+006,-000
+006,-000
+006,-000
+006,-000
+006,-000
+006,-000
+006,-000
+006,-000
+006,-000
+006,-000
+006,-000
+006,-000
+006,-000
+006,-000
+006,-000
+006,-000
+006,-000
+006,-000
+006,-000
+006,-000
+006,-000
+006,-000
+006,-000
+006,-000
+006,-000
+006,-000
+006,-000
+006,-000
+006,-000
+006,-000
+006,-000
+006,-000
+006,+002
+006,+002
+006,+002
+006,+002
+006,+002
+006,+002
+006,+002
+006,+002
+006,+004
+006,+004
+006,+004
+006,+004
+006,+004
+004,+004
+004,+006
+004,+006
+004,+006
+004,+006
+004,+006
+004,+006
+004,+006
+004,+006
+004,+006
+004,+008
+004,+008
+004,+008
+004,+008
+004,+008
+004,+008
+004,+010
+004,+010
+004,+010
+004,+010
+004,+010
+002,+010
+002,+010
+002,+010
+002,+010
+002,+010
+002,+010
+002,+010
+002,+010
+002,+010
+002,+010
+002,+012
+002,+012
+002,+012
+002,+012
+002,+012
+002,+012
+002,+012
+002,+012
+002,+012
+002,+012
+002,+012
+002,+012
+002,+012
+002,+012
+002,+012
+002,+012
+002,+012
+000,+012
+000,+012
+000,+012
+000,+012
+000,+012
+000,+010
+000,+010
+000,+010
+000,+010
+000,+010
+000,+010
+000,+010
+000,+010
+000,+010
+000,+010
+000,+008
+000,+008
+000,+008
+000,+008
+000,+008
+002,+008
+002,+008
+002,+006
+002,+006
+002,+006
+002,+006
+002,+006
+002,+006
+002,+006
+002,+006
+004,+004
+004,+004
+004,+004
+004,+004
+004,+004
+004,+002
+004,+002
+004,+002
+004,+002
+004,+002
+004,+002
+004,+001
+004,+001
+004,+001
+004,+001
+004,-000
+004,-000
+004,-000
+004,-000
+004,-000
+004,-000
+004,-000
+004,-000
+004,-000
+004,-000
+004,-000
+004,-000
+004,-000
+004,-000
+004,+002
+004,+002
+004,+002
+004,+002
+004,+002
+004,+002
+004,+002
+004,+004
+004,+004
+004,+004
+004,+004
+004,+004
+004,+004
+004,+004
+004,+004
+002,+006
+002,+006
+002,+006
+002,+006
+002,+006
+002,+006
+002,+006
+002,+006
+002,+006
+002,+008
+002,+008
+002,+008
+002,+008
+002,+008
+002,+008
+002,+008
+002,+008
+002,+008
+002,+008
+002,+008
+002,+008
+002,+008
+002,+008
+002,+008
+002,+008
+002,+008
+002,+008
+002,+008
+002,+008
+002,+008
+002,+008
+002,+008
+002,+008
+002,+008
+002,+006
+002,+006
+002,+006
+002,+006
+002,+006
+002,+006
+002,+006
+002,+006
+002,+006
+002,+006
+002,+006
+002,+006
+002,+006
+002,+006
+002,+006
+002,+008
+002,+008
+002,+008
+002,+008
+002,+008
+000,+008
+000,+008
+000,+008
+000,+008
+000,+008
+000,+008
+000,+008
+000,+008
+002,+008
+002,+008
+002,+008
+002,+008
+002,+008
+002,+008
+002,+008
+004,+008
+004,+008
+004,+008
+004,+008
+004,+008
+004,+008
+006,+008
+006,+008
+006,+008
+006,+008
+006,+008
+006,+008
+006,+008
+006,+008
+006,+008
+006,+008
+008,+010
+008,+010
+008,+010
+008,+010
+008,+010
+008,+010
+008,+010
+008,+010
+008,+010
+008,+010
+008,+010
+008,+010
+008,+010
+010,+010
+010,+010
+010,+010
+010,+010
+010,+010
+010,+010
+010,+010
+010,+010
+010,+010
+010,+010
+010,+010
+010,+010
+010,+010
+010,+010
+010,+010
+010,+010
+010,+010
+010,+010
+010,+010
+010,+010
+010,+010
+010,+010
+010,+012
+010,+012
+012,+012
+012,+012
+012,+012
+012,+012
+012,+012
+012,+012
+012,+012
+012,+012
+012,+012
+012,+012
+012,+012
+012,+012
+012,+012
+012,+012
+012,+012
+012,+012
+012,+012
+012,+012
+012,+012
+012,+012
+012,+012
+012,+012
+012,+012
+012,+012
+012,+012
+012,+012
+012,+012
+012,+012
+012,+012
+012,+012
+012,+012
+012,+012
+012,+012
+012,+012
+012,+012
+012,+012
+012,+012
+012,+012
+012,+010
+012,+010
+012,+010
+012,+010
+012,+010
+012,+010
+012,+010
+012,+010
+012,+010
+012,+010
+012,+010
+012,+010
+012,+010
+012,+010
+012,+010
+012,+010
+012,+010
+012,+010
+012,+008
+012,+008
+012,+008
+012,+008
+010,+008
+010,+008
+010,+008
+010,+008
+010,+008
+010,+008
+010,+008
+008,+008
+008,+008
+008,+008
+008,+008
+008,+006
+008,+006
+008,+006
+008,+006
+008,+006
+008,+006
+008,+006
+008,+006
+008,+006
+008,+006
+008,+006
+006,+006
+006,+006
+006,+006
+006,+006
+006,+006
+006,+006
+006,+006
+006,+006
+006,+006
+006,+006
+006,+006
+006,+006
+006,+006
+006,+006
+006,+006
+006,+006
+006,+006
+006,+006
+006,+006
+006,+006
+006,+006
+006,+006
+006,+006
+006,+006
+008,+006
+008,+006
+008,+006
+008,+006
+008,+006
+008,+006
+008,+006
+008,+006
+008,+006
+008,+006
+008,+006
+008,+006
+008,+006
+008,+006
+008,+004
+008,+004
+008,+004
+008,+004
+008,+004
+008,+004
+008,+004
+008,+004
+008,+004
+008,+004
+008,+004
+008,+004
+008,+004
+008,+004
+008,+004
+008,+004
+008,+004
+008,+002
+008,+002
+008,+002
+008,+002
+008,+002
+008,+002
+008,+002
+008,+002
+008,+002
+008,+002
+008,+002
+008,+002
+008,+002
+008,+002
+008,+002
+008,+002
+008,+002
+008,+002
+008,+002
+008,+002
+008,+002
+008,+002
+008,+002
+008,+002
+008,+002
+008,+002
+008,+001
+008,+001
+008,+001
+008,+001
+008,-000
+008,-000
+008,-000
+008,-000
+008,-000
+008,-000
+008,-000
+008,-001
+008,-001
+008,-001
+008,-001
+008,-001
+008,-001
+008,-001
+008,-001
+008,-001
+008,-001
+008,-001
+008,-001
+008,-001
+008,-001
+008,-001
+008,-001
+008,-001
+008,-001
+008,-001
+008,-001
+008,-001
+008,-001
+008,-001
+008,-001
+008,-001
+008,-001
+010,-001
+010,-001
+010,+001
+010,+001
+010,+001
+010,+001
+010,+001
+010,+001
+010,+001
+010,+001
+010,+001
+010,+001
+010,+001
+010,+001
+010,+001
+010,+001
+010,+001
+010,+001
+010,+001
+010,+001
+010,+001
+010,+001
+010,+001
+010,+001
+010,+001
+008,+001
+008,+001
+008,+001
+008,+001
+008,+001
+008,+001
+008,+003
+008,+003
+008,+003
+008,+003
+008,+003
+008,+003
+008,+003
+008,+003
+008,+003
+008,+003
+008,+003
+008,+003
+008,+003
+008,+003
+008,+003
+008,+003
+008,+003
+006,+003
+006,+003
+006,+003
+006,+003
+006,+003
+006,+003
+006,+003
+006,+003
+006,+003
+006,+003
+006,+003
+006,+003
+006,+003
+006,+003
+006,+003
+006,+003
+006,+003
+006,+003
+006,+003
+006,+003
+006,+003
+006,+003
+006,+003
+006,+003
+006,+003
+006,+003
+006,+003
+006,+005
+006,+005
+006,+005
+006,+005
+006,+005
+006,+005
+006,+005
+006,+005
+006,+005
+006,+005
+006,+005
+006,+005
+008,+005
+008,+005
+008,+007
+008,+007
+008,+007
+008,+007
+008,+007
+008,+007
+008,+007
+008,+007
+008,+009
+008,+009
+008,+009
+008,+009
+008,+009
+008,+009
+008,+009
+008,+009
+008,+009
+008,+009
+008,+011
+008,+011
+008,+011
+008,+011
+008,+011
+008,+011
+008,+011
+008,+011
+008,+011
+008,+011
+008,+011
+008,+013
+008,+013
+008,+013
+008,+013
+008,+013
+008,+013
+008,+013
+008,+013
+008,+013
+008,+013
+008,+013
+008,+013
+008,+013
+008,+013
+008,+013
+008,+013
+008,+013
+008,+013
+008,+013
+008,+013
+008,+013
+008,+013
+008,+013
+008,+013
+008,+013
+008,+013
+008,+013
+008,+013
+008,+013
+008,+013
+008,+013
+008,+013
+008,+013
+008,+013
+008,+013
+008,+013
+008,+013
+008,+013
+008,+013
+008,+013
+008,+013
+008,+013
+010,+013
+010,+013
+010,+013
+010,+013
+010,+013
+010,+013
+010,+013
+010,+013
+010,+013
+010,+013
+010,+013
+010,+013
+010,+013
+010,+013
+010,+013
+010,+013
+010,+013
+010,+013
+010,+013
+010,+013
+010,+013
+010,+013
+010,+013
+010,+013
+010,+013
+010,+013
+010,+013
+012,+013
+012,+013
+012,+013
+012,+013
+012,+013
+012,+013
+012,+013
+012,+013
+012,+013
+012,+013
+012,+013
+012,+013
+012,+013
+012,+013
+012,+013
+012,+013
+012,+013
+012,+013
+012,+013
+012,+013
+012,+013
+012,+013
+012,+013
+012,+013
+012,+013
+012,+013
+012,+013
+012,+013
+012,+013
+012,+013
+010,+013
+010,+013
+010,+013
+010,+013
+010,+013
+010,+013
+010,+013
+010,+013
+010,+013
+010,+013
+010,+013
+010,+013
+008,+013
+008,+013
+008,+013
+008,+013
+008,+013
+008,+013
+008,+013
+008,+013
+008,+013
+008,+013
+008,+013
+008,+013
+008,+013
+008,+013
+008,+013
+008,+013
+006,+013
+006,+013
+006,+013
+006,+015
+006,+015
+006,+015
+006,+015
+006,+015
+006,+015
+006,+015
+006,+015
+004,+015
+004,+015
+004,+015
+004,+015
+004,+015
+004,+015
+004,+015
+004,+015
+002,+013
+002,+013
+002,+013
+002,+013
+002,+013
+002,+013
+002,+013
+002,+013
+002,+013
+002,+013
+002,+013
+000,+013
+000,+011
+000,+011
+000,+011
+000,+011
+000,+011
+000,+011
+000,+011
+002,+009
+002,+009
+002,+009
+002,+009
+002,+007
+002,+007
+002,+007
+002,+007
+002,+007
+002,+007
+002,+007
+002,+007
+002,+007
+002,+007
+002,+007
+002,+007
+002,+007
+002,+007
+002,+007
+002,+007
+002,+005
+002,+005
+002,+005
+002,+005
+002,+005
+002,+005
+002,+005
+002,+005
+002,+005
+002,+005
+002,+005
+002,+005
+002,+005
+002,+005
+002,+005
+002,+005
+002,+005
+002,+005
+002,+005
+002,+005
+002,+005
+002,+005
+002,+005
+002,+005
+002,+005
+002,+005
+002,+005
+002,+005
+002,+005
+002,+005
+002,+005
+002,+005
+002,+005
+002,+005
+002,+005
+002,+005
+002,+005
+002,+005
+002,+005
+002,+005
+002,+005
+002,+005
+002,+005
+002,+005
+002,+005
+002,+005
+002,+005
+002,+007
+004,+007
+004,+007
+004,+007
+004,+007
+004,+007
+004,+007
+004,+007
+004,+007
+004,+009
+004,+009
+004,+009
+004,+009
+004,+009
+004,+009
+004,+009
+004,+009
+004,+009
+004,+009
+004,+009
+004,+009
+004,+009
+004,+009
+004,+009
+004,+009
+004,+009
+004,+009
+004,+009
+004,+009
+004,+009
+004,+009
+004,+009
+004,+009
+004,+009
+004,+009
+004,+009
+004,+009
+004,+009
+006,+011
+006,+011
+006,+011
+006,+011
+006,+011
+006,+011
+006,+011
+006,+011
+006,+011
+006,+011
+006,+011
+006,+011
+006,+011
+006,+011
+006,+011
+006,+011
+006,+011
+006,+011
+006,+011
+006,+011
+006,+011
+006,+011
+006,+011
+006,+011
+006,+011
+006,+011
+006,+011
+006,+011
+006,+011
+006,+011
+006,+011
+006,+011
+004,+011
+004,+011
+004,+011
+004,+011
+004,+011
+004,+011
+004,+011
+004,+011
+004,+011
+004,+011
+002,+011
+002,+011
+002,+011
+002,+009
+002,+009
+002,+009
+002,+009
+002,+009
+002,+009
+002,+009
+000,+009
+000,+009
+000,+009
+000,+007
+000,+007
+000,+007
+000,+007
+002,+007
+002,+007
+002,+007
+002,+007
+002,+007
+002,+007
+002,+005
+002,+005
+002,+005
+002,+005
+004,+005
+004,+005
+004,+005
+004,+005
+004,+005
+004,+005
+004,+005
+004,+005
+004,+005
+004,+005
+004,+005
+004,+005
+004,+005
+004,+005
+004,+005
+004,+005
+004,+005
+004,+005
+004,+005
+004,+005
+004,+005
+004,+005
+004,+007
+006,+007
+006,+007
+006,+007
+006,+007
+006,+007
+006,+007
+006,+007
+006,+007
+006,+007
+006,+007
+006,+007
+006,+007
+006,+009
+006,+009
+006,+009
+006,+009
+006,+009
+006,+009
+006,+009
+006,+009
+006,+009
+006,+009
+006,+009
+006,+009
+006,+009
+006,+009
+006,+009
+006,+009
+006,+009
+006,+009
+006,+009
+004,+009
+004,+009
+004,+009
+004,+009
+004,+009
+004,+009
+004,+009
+004,+009
+004,+009
+004,+009
+004,+009
+004,+009
+004,+009
+004,+011
+002,+011
+002,+011
+002,+011
+002,+011
+002,+011
+002,+011
+002,+011
+002,+011
+002,+011
+002,+011
+002,+011
+002,+011
+002,+011
+002,+011
+002,+011
+002,+011
+002,+011
+002,+011
+002,+011
+002,+011
+002,+011
+002,+011
+002,+011
+002,+011
+002,+011
+002,+011
+002,+011
+002,+011
+002,+011
+002,+011
+002,+011
+002,+011
+002,+011
+002,+011
+002,+011
+002,+011
+002,+011
+002,+011
+002,+011
+002,+011
+002,+011
+002,+011
+002,+011
+002,+011
+002,+011
+002,+011
+002,+011
+002,+011
+002,+011
+002,+011
+002,+011
+002,+011
+002,+011
+002,+011
+002,+011
+002,+011
+002,+011
+002,+011
+002,+011
+002,+011
+002,+011
+002,+011
+002,+011
+002,+011
+002,+011
+002,+011
+002,+011
+002,+011
+002,+011
+002,+011
+002,+011
+002,+011
+002,+011
+002,+011
+002,+011
+002,+011
+002,+011
+002,+011
+002,+011
+002,+011
+002,+011
+002,+011
+002,+011
+002,+011
+002,+011
+002,+011
+002,+011
+002,+013
+002,+013
+002,+013
+002,+013
+002,+013
+002,+013
+002,+013
+002,+013
+002,+013
+002,+013
+002,+013
+002,+013
+002,+013
+002,+013
+002,+013
+002,+011
+002,+011
+002,+011
+002,+011
+002,+011
+002,+011
+002,+011
+002,+011
+002,+011
+002,+011
+002,+011
+002,+011
+002,+011
+002,+011
+002,+011
+002,+011
+002,+011
+002,+011
+002,+011
+002,+011
+002,+011
+002,+011
+002,+011
+002,+011
+002,+011
+000,+011
+000,+011
+000,+011
+000,+011
+000,+011
+000,+011
+000,+011
+000,+011
+000,+011
+000,+011
+000,+011
+000,+011
+000,+011
+000,+011
+000,+011
+000,+011
+000,+011
+000,+011
+000,+009
+000,+009
+000,+009
+000,+009
+000,+009
+000,+009
+000,+009
+000,+009
+002,+009
+002,+009
+002,+009
+002,+009
+002,+009
+002,+009
+002,+009
+002,+009
+002,+009
+002,+009
+002,+009
+002,+009
+002,+009
+004,+007
+004,+007
+004,+007
+004,+007
+004,+007
+004,+007
+004,+007
+004,+007
+004,+007
+004,+007
+004,+007
+004,+007
+004,+007
+004,+007
+004,+007
+004,+007
+004,+007
+004,+007
+004,+007
+004,+007
+004,+007
+004,+007
+004,+007
+004,+007
+004,+007
+004,+007
+004,+007
+004,+007
+004,+007
+004,+007
+004,+007
+004,+007
+004,+007
+002,+007
+002,+007
+002,+007
+002,+007
+002,+007
+002,+007
+002,+007
+002,+007
+002,+007
+002,+007
+002,+007
+002,+007
+000,+007
+000,+007
+000,+007
+000,+007
+000,+007
+000,+007
+000,+007
+000,+007
+000,+009
+000,+009
+000,+009
+002,+009
+002,+009
+002,+009
+002,+009
+002,+009
+002,+009
+002,+009
+002,+009
+002,+009
+002,+009
+002,+009
+002,+009
+002,+009
+002,+011
+002,+011
+002,+011
+002,+011
+002,+011
+002,+011
+002,+011
+002,+011
+002,+011
+002,+011
+002,+011
+002,+011
+002,+011
+002,+011
+002,+011
+002,+011
+002,+011
+002,+011
+002,+011
+002,+011
+002,+011
+002,+011
+002,+011
+002,+011
+002,+011
+000,+011
+000,+011
+000,+011
+000,+011
+000,+011
+000,+011
+000,+011
+000,+011
+000,+011
+000,+011
+000,+011
+000,+011
+000,+011
+000,+011
+000,+011
+000,+011
+000,+011
+000,+011
+000,+011
+002,+011
+002,+011
+002,+011
+002,+011
+002,+011
+002,+011
+002,+011
+002,+011
+002,+011
+002,+011
+004,+011
+004,+011
+004,+011
+004,+011
+004,+011
+004,+011
+004,+011
+004,+011
+006,+011
+006,+011
+006,+011
+006,+011
+006,+011
+006,+011
+006,+011
+006,+011
+006,+011
+006,+011
+006,+011
+006,+011
+006,+011
+006,+011
+006,+011
+006,+011
+006,+011
+006,+011
+006,+011
+006,+011
+006,+011
+006,+011
+006,+009
+006,+009
+006,+009
+006,+009
+006,+009
+006,+009
+006,+009
+006,+009
+006,+009
+006,+009
+006,+009
+006,+009
+006,+009
+006,+007
+008,+007
+008,+007
+008,+007
+008,+007
+008,+007
+008,+007
+008,+007
+008,+007
+008,+007
+008,+007
+008,+007
+008,+007
+008,+007
+008,+005
+008,+005
+008,+005
+008,+005
+008,+005
+008,+005
+008,+005
+008,+005
+008,+005
+008,+005
+008,+005
+008,+005
+008,+003
+008,+003
+008,+003
+008,+003
+008,+003
+008,+003
+008,+003
+008,+003
+008,+003
+008,+003
+008,+003
+008,+003
+008,+003
+008,+003
+008,+003
+008,+003
+008,+003
+008,+003
+008,+003
+008,+003
+008,+003
+008,+003
+008,+003
+008,+003
+008,+003
+008,+003
+008,+003
+008,+003
COP Area(S): 000271
COP Area(R): 000426