+000,-000
+000,-001
+000,-001
+000,-001
+000,-001
+000,-001
+000,-001
+000,-001
+000,-001
+000,-001
+000,-001
+000,-001
+000,-001
+000,-001
+000,-001
+000,-001
+000,-001
+000,-004
+000,-004
+000,-004
+000,-004
+002,-004
+002,-004
+002,-004
+002,-004
+002,-004
+002,-004
+002,-004
+002,-004
+002,-004
+002,-004
+002,-004
+002,-004
+002,-004
+002,+007
+002,+007
+002,+007
+002,+007
+002,+007
+002,+007
+002,+007
+002,+007
+002,+007
+002,+007
+002,+007
+002,+007
+002,+007
+002,+007
+002,+007
+002,+007
+002,+007
+002,+007
+002,+007
+002,+007
+002,+009
+002,+009
+002,+009
+002,+009
+002,+009
+002,+009
+002,+009
+002,+009
+002,+009
+002,+009
+002,+009
+002,+009
+002,+009
+002,+009
+002,+009
+000,+009
+000,+009
+000,+009
+000,+009
+000,+009
+000,+009
+000,+009
+000,+009
+000,+009
+000,+009
+000,+009
+000,+009
+000,+009
+000,+009
+000,+009
+000,+009
+000,+009
+000,+007
+000,+007
+000,+007
+000,+007
+000,+007
+000,+007
+000,+007
+002,+007
+002,+007
+002,+007
+002,-006
+002,-006
+002,-006
+002,-006
+002,-006
+002,-005
+002,-005
+002,-005
+002,-005
+002,-004
+004,-004
+004,-004
+004,-003
+004,-003
+004,-003
+004,-003
+004,-002
+004,-002
+004,-002
+004,-002
+004,-001
+004,-001
+004,-001
+004,-001
+004,-001
+004,-001
+004,-001
+004,-001
+004,-001
+004,-000
+004,-000
+004,-000
+004,-000
+006,-000
+006,-000
+006,-000
+006,-000
+006,-000
+006,-000
+006,-000
+006,-000
+006,-000
+006,-000
+006,-000
+006,-000
+006,-000
+006,-000
+006,-000
+006,-000
+006,-000
+006,-000
+006,-000
+006,-000
+006,-000
+006,-000
+006,-000
+006,-000
+006,-000
+004,-000
+004,-000
+004,-000
+004,-000
+004,-000
+004,-000
+004,-000
+004,-000
+004,-000
+004,-000
+004,-003
+004,-003
+004,-003
+004,-003
+004,-003
+004,-003
+004,-003
+004,-003
+004,-003
+004,-003
+002,-003
+002,-003
+002,-003
+002,-003
+002,-003
+002,-003
+002,-003
+002,-003
+002,-003
+002,-003
+002,-003
+002,-003
+002,-003
+002,-003
+000,-003
+000,-003
+000,-003
+000,-003
+000,-003
+000,-003
+000,-003
+000,-003
+000,-003
+000,-003
+000,-003
+000,-003
+000,-003
+000,-003
+000,-003
+000,-003
+000,-003
+000,-003
+000,-003
+000,-003
+000,-003
+000,-003
+000,-003
+000,-003
+000,-003
+000,-003
+000,-003
+002,-003
+002,-003
+002,-003
+002,-003
+002,-003
+002,-003
+002,-003
+002,-003
+002,-003
+002,-003
+002,-003
+002,-003
+002,-003
+002,-003
+002,-003
+002,-003
+002,-003
+002,-003
+004,-003
+004,-003
+004,-003
+004,-003
+004,-003
+004,-006
+004,-005
+006,-005
+006,-005
+006,-005
+006,-005
+006,-005
+006,-005
+006,-005
+006,-005
+006,-005
+006,-005
+008,-005
+008,-005
+008,-005
+008,-005
+008,-005
+008,-005
+008,-005
+008,-005
+008,-005
+008,-005
+008,-005
+008,-005
+008,-005
+010,-005
+010,-005
+010,-005
+010,-005
+010,-005
+010,-005
+010,-005
+010,-005
+010,-005
+010,-005
+010,-005
+010,-005
+010,-005
+010,-005
+010,-005
+010,-005
+010,-005
+010,-005
+010,-005
+010,-005
+010,-005
+010,-005
+010,-005
+010,-005
+010,-005
+010,-005
+010,-005
+010,-005
+010,-005
+010,-005
+010,-005
+010,-005
+010,-005
+010,-005
+010,-005
+008,-005
+008,-005
+008,-005
+008,-005
+008,-005
+008,-005
+008,-005
+008,-005
+008,-005
+008,-005
+008,-005
+008,-005
+008,-005
+008,-005
+008,-005
+008,-005
+008,-005
+008,-005
+008,-005
+008,-005
+008,-005
+008,-005
+008,-005
+008,-005
+008,-005
+010,-005
+010,-005
+010,-005
+010,-005
+010,-005
+010,-005
+010,-005
+010,-005
+010,-005
+010,-005
+010,-005
+010,-005
+010,-005
+010,-005
+010,-005
+010,-005
+010,-005
+010,-005
+010,-005
+010,-005
+010,-005
+010,-005
+010,-005
+010,-005
+010,-005
+010,-005
+010,-005
+010,-005
+010,-005
+010,-005
+010,-005
+010,-005
+010,-005
+010,-005
+010,-005
+010,-005
+010,-005
+010,-005
+010,-005
+010,-005
+010,-005
+010,-005
+010,-005
+010,-005
+010,-005
+010,-005
+010,-005
+010,-005
+008,-005
+008,-005
+008,-005
+008,-005
+008,-005
+008,-005
+008,+007
+008,+007
+008,+007
+008,+007
+008,+007
+008,+007
+008,+007
+006,+007
+006,+007
+006,+007
+006,+007
+006,+007
+006,+007
+006,+007
+006,+009
+006,+009
+006,+009
+006,+009
+006,+009
+006,+009
+006,+009
+006,+009
+006,+009
+006,+009
+006,+009
+006,+009
+006,+009
+004,+009
+004,+009
+004,+009
+004,+009
+004,+009
+004,+009
+004,+009
+004,+009
+004,+009
+004,+009
+004,+009
+004,+009
+004,+009
+004,+009
+004,+009
+004,+009
+004,+009
+004,+009
+004,+009
+004,+009
+004,+009
+004,+009
+004,+009
+004,+009
+004,+009
+004,+009
+004,+009
+004,+009
+004,+009
+004,+009
+004,+009
+004,+009
+004,+009
+004,+009
+004,+009
+004,+009
+004,+009
+004,+009
+004,+009
+004,+009
+004,+009
+004,+009
+004,+009
+004,+009
+004,+009
+004,+009
+004,+009
+004,+009
+004,+009
+004,+009
+004,+009
+004,+009
+004,+009
+004,+009
+004,+009
+004,+009
+004,+009
+004,+009
+004,+009
+004,+009
+004,+009
+004,+009
+004,+009
+004,+009
+004,+009
+004,+009
+004,+009
+004,+009
+004,+009
+004,+009
+002,+009
+002,+009
+002,+009
+002,+009
+002,+009
+002,+009
+002,+009
+002,+009
+002,+009
+002,+009
+002,+009
+002,+009
+002,+009
+002,+009
+002,+009
+002,+009
+002,+009
+002,+009
+002,+007
+002,+007
+002,+007
+002,+007
+002,+007
+002,+007
+002,+007
+002,+007
+002,+007
+002,+007
+002,-006
+002,-006
+002,-006
+002,-006
+002,-005
+002,-005
+002,-005
+002,-005
+002,-004
+002,-004
+002,-004
+002,-004
+002,-004
+002,-003
+002,-003
+002,-003
+002,-003
+002,-002
+002,-002
+002,-002
+002,-002
+002,-001
+002,-001
+002,-001
+002,-001
+002,-001
+002,-001
+002,-001
+002,-001
+002,-001
+002,-001
+002,-001
+002,-001
+002,-001
+002,-000
+002,-000
+002,-000
+002,-000
+002,-000
+002,-000
+002,-000
+002,-000
+002,-000
+002,-000
+002,-000
+002,-000
+002,-000
+002,-000
+002,-000
+002,-000
+002,-000
+002,-000
+002,-000
+002,-000
+002,-000
+002,-000
+002,-000
+002,-000
+000,-000
+000,-000
+000,-000
+000,-000
+000,-000
+000,-000
+000,-000
+000,-000
+000,-000
+000,-000
+000,-000
+000,-000
+000,-000
+000,-000
+000,-000
+000,-000
+000,-000
+000,-000
+000,-000
+000,-000
+000,-000
+000,-000
+000,-000
+000,-003
+000,-003
+000,-003
+000,-003
+002,-003
+002,-003
+002,-003
+002,-003
+002,-003
+002,-003
+002,-003
+002,-006
+002,-006
+002,-006
+002,-006
+002,-006
+002,-006
+002,-006
+002,-006
+002,-006
+002,-006
+004,-006
+004,-006
+004,-006
+004,-006
+004,-006
+004,-006
+004,-006
+004,-006
+004,-006
+004,-006
+004,-006
+004,-006
+004,-006
+004,-006
+004,-006
+004,-006
+004,-006
+004,-006
+004,-006
+004,-006
+004,-006
+004,-006
+004,-005
+004,-005
+004,-005
+004,-005
+004,-005
+004,-005
+004,-005
+004,-005
+004,-005
+004,-005
+004,-004
+004,-004
+004,-004
+004,-004
+004,-004
+004,-004
+004,-003
+004,-003
+004,-003
+004,-003
+004,-003
+004,-003
+004,-003
+004,-002
+002,-002
+002,-002
+002,-002
+002,-001
+002,-001
+002,-001
+002,-001
+002,-001
+002,-001
+002,-000
+002,-000
+002,-000
+002,-000
+002,-000
+002,-000
+002,-000
+000,-000
+000,-000
+000,-000
+000,-000
+000,-000
+000,-000
+000,-000
+000,-000
+000,-000
+000,-000
+000,-000
+000,-000
+000,-000
+000,-000
+000,-000
+000,-000
+000,-000
+000,-000
+000,-000
+000,-000
+000,-000
+000,-000
+000,-000
+000,-000
+000,-000
+000,-000
+000,-000
+000,-000
+000,-000
+000,-000
+000,-000
+000,-000
+000,-000
+000,-000
+000,-000
+000,-000
+000,-000
+000,-000
+000,-000
+000,-000
+000,-001
+000,-001
+000,-001
+000,-001
+000,-001
+000,-001
+000,-001
+000,-001
+000,-001
+002,-001
+002,-001
+002,-001
+002,-001
+002,-001
+002,-001
+002,-001
+002,-001
+002,-001
+002,-001
+002,-001
+002,-001
+002,-002
+002,-002
+002,-002
+002,-002
+002,-002
+002,-002
+002,-002
+002,-002
+002,-002
+002,-002
+002,-003
+002,-003
+004,-003
+004,-003
+004,-003
+004,-003
+004,-003
+004,-003
+004,-004
+004,-004
+004,-004
+004,-004
+004,-004
+004,-004
+004,-004
+004,-004
+004,-004
+004,-004
+004,-004
+004,-004
+004,-004
+004,-004
+004,-004
+004,-004
+004,-004
+004,-004
+004,-004
+004,-004
+004,-004
+004,-004
+004,-004
+004,-004
+004,-004
+004,-004
+004,-004
+004,-004
+004,-004
+004,-004
+004,-004
+004,-004
+004,-001
+004,-001
+004,-001
+004,-001
+004,-001
+004,-001
+004,-001
+004,-001
+004,-001
+004,-001
+004,-001
+004,-001
+004,-001
+004,-001
+004,-001
+004,-001
+004,-001
+004,-002
+004,-002
+004,-002
+004,-002
+006,-002
+006,-002
+006,-002
+006,-002
+006,-002
+006,-002
+006,-002
+006,-002
+006,-002
+006,-002
+006,-002
+006,-002
+006,-002
+006,-005
+006,-005
+006,-005
+006,-005
+006,-005
+006,-005
+006,-005
+006,-005
+006,-005
+006,-005
+006,-005
+006,-005
+006,-005
+006,-005
+006,-005
+006,-005
+006,-005
+006,-005
+006,-005
+006,-005
+006,-005
+006,-005
+006,-005
+006,-005
+006,-005
+006,-005
+006,-005
+006,-005
+006,-005
+006,-005
+004,-005
+004,-005
+004,-005
+004,-005
+004,-005
+004,-005
+004,-005
+004,-005
+004,-005
+004,-005
+004,-005
+004,-005
+004,-005
+004,-005
+004,-005
+004,-005
+004,-005
+004,-005
+004,-005
+004,-005
+004,-005
+002,-005
+002,-005
+002,-005
+002,-005
+002,-005
+002,-005
+002,-005
+002,-005
+002,-005
+002,-005
+002,-005
+002,-005
+002,-005
+002,-005
+002,-005
+002,-005
+002,-005
+002,-005
+002,-005
+002,-005
+002,-005
+002,-005
+002,-005
+002,-005
+002,-005
+002,-005
+002,-005
+002,-005
+002,-005
+002,-005
+002,-005
+002,-005
+002,-005
+002,-005
+002,-005
+002,-005
+002,-005
+002,-005
+002,-005
+002,-005
+002,-005
+002,-005
+002,-005
+002,-005
+002,-005
+002,-004
+002,-004
+002,-004
+002,-004
+002,-004
+002,-004
+002,-004
+004,-004
+004,-004
+004,-003
+004,-003
+004,-003
+004,-003
+004,-003
+004,-003
+004,-002
+004,-002
+006,-002
+006,-002
+006,-002
+006,-002
+006,-002
+006,-001
+006,-001
+006,-001
+006,-001
+006,-001
+006,-000
+006,-000
+006,-000
+006,-000
+006,-000
+006,-000
+006,-000
+007,-000
+007,-000
+007,-001
+007,-001
+007,-001
+007,-001
+007,-001
+007,-001
+007,-001
+007,-001
+007,-001
+007,-001
+007,-001
+007,-001
+007,-001
+007,-001
+007,-001
+007,-001
+007,-001
+007,-001
+007,-002
+007,-002
+007,-002
+007,-002
+007,-002
+007,-002
+007,-002
+007,-002
+007,-002
+007,-002
+007,-002
+007,-002
+007,-002
+007,-002
+007,-002
+005,-002
+005,-002
+005,-002
+005,-002
+005,-002
+005,-002
+005,-002
+005,-002
+005,-002
+005,-002
+005,-002
+005,-002
+005,-002
+005,-002
+005,-002
+005,-002
+003,-002
+003,-002
+003,-002
+003,-002
+003,-002
+003,-002
+003,-002
+003,-002
+003,-002
+003,-002
+003,-002
+003,-002
+003,-002
+001,-002
+001,-002
+001,-002
+001,-002
+001,-002
+001,-002
+001,-002
+001,-002
+001,-002
+001,-002
+001,-002
+001,-002
+001,-002
+001,-002
+001,-002
+001,-002
+001,-002
+001,-003
+001,-003
+001,-003
+001,-003
+001,-003
+001,-003
+001,-003
+001,-004
+001,-004
+001,-004
+001,-004
+001,-004
+001,-004
+001,-004
+001,-004
+001,-004
+001,-004
+001,-004
+001,-004
+001,-004
+001,-004
+001,-004
+001,-004
+001,-004
+001,-004
+001,-004
+001,-004
+001,-004
+001,-004
+001,-004
+001,-004
+001,-004
+001,-004
+001,-004
+001,-004
+001,-004
+001,-004
+001,-004
+001,-004
+001,-004
+001,-004
+001,-005
+001,-005
+001,-005
+001,-005
+001,-005
+001,-005
+001,-005
+001,-005
+001,-005
+001,-005
+001,-005
+001,-005
+001,-005
+001,-005
+001,-005
+001,-005
+001,-005
+001,-005
+001,-005
+001,-005
+001,-005
+001,-005
+001,-005
+001,-005
+001,-005
+001,-005
+001,-005
+001,-005
+001,-005
+001,-005
+001,-005
+001,-005
+001,-005
+001,-005
+001,-005
+001,-005
+001,-005
+001,-005
+001,-005
+001,-005
+001,-005
+001,-005
+001,-002
+001,-003
+001,-003
+001,-003
+001,-003
+001,-003
+001,-003
+001,-003
+001,-003
+001,-003
+001,-003
+001,-003
+003,-003
+003,-003
+003,-003
+003,-003
+003,-000
+003,-000
+003,-000
+003,-000
+003,-000
+003,-000
+003,-000
+003,-000
+003,-000
+005,-000
+005,-000
+005,-000
+005,-000
+005,-000
+005,-000
+005,-000
+005,-000
+005,-000
+005,-000
+005,-001
+005,-001
+005,-001
+005,-001
+005,-001
+005,-001
+005,-001
+005,-001
+005,-001
+005,-001
+005,-001
+007,-001
+007,-001
+007,-001
+007,-001
+007,-001
+007,-001
+007,-001
+007,-001
+007,-001
+007,-001
+007,-001
+007,-001
+007,-001
+007,-001
+007,-001
+007,-001
+007,-001
+007,-002
+007,-001
+007,-001
+007,-001
+007,-001
+007,-001
+007,-001
+007,-001
+007,-001
+007,-001
+007,-001
+007,-001
+007,-001
+007,-001
+007,-001
+005,-001
+005,-001
+005,-001
+005,-000
+005,-000
+005,-000
+005,-000
+005,-000
+005,-000
+005,-000
+005,-000
+005,-000
+005,-000
+005,-000
+005,-000
+005,-000
+005,-000
+005,-000
+005,-000
+005,-000
+005,-000
+005,-000
+005,-000
+005,-000
+005,-000
+005,-001
+005,-001
+005,-001
+005,-001
+005,-001
+005,-001
+005,-001
+005,-001
+005,-001
+005,-001
+005,-001
+005,-001
+005,-001
+005,-001
+005,-001
+005,-001
+005,-001
+005,-001
+005,-001
+005,-001
+005,-001
+003,-001
+003,-001
+003,-001
+003,-001
+003,-001
+003,-001
+003,-001
+003,-001
+003,-001
+003,-001
+003,-001
+003,-001
+003,-001
+003,-001
+003,-001
+003,-001
+003,-001
+003,-001
+003,-001
+003,-001
+003,-002
+003,-002
+003,-002
+003,-002
+003,-002
+003,-002
+003,-002
+003,-002
+003,-002
+003,-002
+003,-002
+003,-002
+003,-002
+003,-002
+003,-002
+003,-002
+003,-002
+003,-002
+003,-002
+003,-002
+003,-002
+003,-002
+003,-002
+003,-002
+003,-002
+003,-002
+003,-002
+003,-003
+003,-003
+003,-003
+003,-003
+003,-003
+003,-003
+003,-003
+003,-003
+003,-003
+003,-003
+003,-003
+003,-003
+003,-003
+003,-003
+003,-003
+003,-003
+003,-003
+003,-003
+003,-003
+003,-003
+003,-003
+003,-003
+003,-003
+003,-003
+003,-003
+003,-003
+003,-003
+003,-003
+003,-003
+003,-003
+003,-003
+003,-003
+003,-003
+003,-003
+003,-003
+003,-003
+003,-003
+003,-003
+003,-003
+003,-003
+003,-003
+003,-003
+003,-003
+003,-003
+003,-003
+003,-003
+003,-003
+003,-003
+003,-003
+003,-003
+003,-003
+003,-003
+003,-003
+003,-003
+003,-003
+001,-003
+001,-003
+001,-003
+001,-003
+001,-003
+001,-003
+001,-003
+001,-003
+001,-003
+001,-003
+001,-003
+001,-003
+001,-003
+001,-003
+001,-003
+001,-003
+001,-003
+001,-003
+001,-003
+001,-003
+001,-003
+001,-003
+001,-003
+001,-003
+001,-000
+001,-001
+001,-001
+001,-001
+001,-001
+001,-001
+001,-001
+001,-001
+001,-001
+001,-001
+001,-001
+001,-001
+001,-001
+001,-001
+001,-001
+001,-001
+001,-001
+001,-001
+003,-001
+003,-001
+003,-001
+003,-001
+003,-001
+003,-001
+003,-001
+003,-001
+003,-001
+003,-001
+003,-001
+003,-002
+003,-002
+003,-001
+003,-001
+003,-001
+003,-001
+003,-001
+003,-001
+003,-001
+003,-001
+003,-001
+003,-001
+003,-001
+003,-001
+003,-001
+003,-001
+003,-001
+003,-001
+003,-001
+003,-001
+003,-001
+003,-001
+003,-001
+003,-001
+003,-001
+003,-001
+003,-001
+003,-001
+003,-001
+003,-001
+003,-001
+003,-001
+003,-001
+003,-001
+003,-001
+003,-001
+003,-001
+003,-001
+003,-001
+003,-001
+003,-001
+003,-001
+003,-001
+003,-001
+003,-001
+003,-001
+003,-001
+003,-001
+003,-001
+003,-001
+003,-001
+003,-001
+003,-001
+003,-001
+001,-001
+001,-001
+001,-001
+001,-001
+001,-001
+001,-001
+001,-001
+001,-001
+001,-001
+001,-001
+001,-001
+001,-001
+001,-001
+001,-001
+001,-001
+001,-001
+001,-004
+001,-004
+001,-003
+001,-003
+001,-003
+001,-003
+001,-003
+001,-003
+001,-003
+001,-003
+001,-003
+001,-003
+001,-003
+001,-003
+001,-003
+001,-003
+001,-003
+001,-003
+001,-003
+001,-003
+001,-003
+001,-003
+001,-003
+001,-003
+001,-003
+001,-003
+001,-003
+001,-003
+001,-003
+001,-003
+001,-003
+001,-003
+001,-003
+001,-003
+001,-006
+001,-005
+001,-005
+001,-005
+001,-005
+001,-005
+001,-005
+001,-005
+001,-005
+001,-005
+001,-005
+001,-005
+001,-005
+001,-005
+001,-005
+001,-005
+001,-005
+001,-005
+001,-005
+001,-005
+001,-005
+001,-005
+001,-005
+001,-005
+001,-004
+001,-004
+001,-004
+001,-004
+001,-004
+001,-004
+001,-004
+001,-004
+001,-004
+001,-004
+001,-004
+001,-003
+001,-003
+001,-003
+001,-003
+001,-003
+001,-003
+001,-003
+001,-003
+001,-003
+001,-002
+001,-002
+001,-002
+001,-002
+001,-002
+001,-002
+001,-002
+001,-001
+001,-001
+001,-001
+001,-001
+001,-001
+001,-001
+001,-001
+001,-000
+003,-000
+003,-000
+003,-000
+003,-000
+003,-000
+003,-000
+003,-000
+003,-000
+003,-000
+003,-000
+003,-000
+003,-000
+003,-000
+003,-000
+003,-000
+003,-000
+003,-000
+005,-000
+005,-000
+005,-000
+005,-000
+005,-000
+005,-000
+005,-000
+005,-000
+005,-000
+007,-000
+007,-000
+007,-000
+007,-000
+007,-000
+007,-000
+007,-000
+007,-000
+007,-000
+007,-000
+007,-000
+007,-000
+007,-000
+009,-000
+009,-000
+009,-000
+009,-001
+009,-001
+009,-001
+009,-001
+009,-001
+009,-001
+009,-001
+009,-001
+009,-001
+009,-001
+009,-002
+009,-002
+009,-002
+009,-002
+009,-002
+009,-002
+009,-002
+009,-002
+009,-002
+009,-002
+009,-003
+009,-003
+009,-003
+009,-003
+009,-003
+009,-004
+009,-004
+009,-004
+009,-004
+009,-004
+009,-004
+009,-004
+009,-004
+009,-004
+009,-004
+009,-004
+009,-004
+009,-004
+009,-004
+009,-004
+009,-004
+009,-004
+009,-004
+009,-004
+009,-004
+009,-004
+009,-004
+009,-004
+009,-004
+009,-004
+009,-004
+009,-004
+009,-004
+009,-004
+009,-004
+009,-004
+009,-004
+009,-004
+009,-004
+009,-004
+009,-004
+009,-004
+009,-004
+009,-004
+009,-004
+009,-004
+009,-004
+009,-004
+009,-004
+009,-004
+009,-004
+009,-004
+009,-004
+009,-004
+009,-004
+009,-004
+009,-004
+009,-004
+009,-004
+009,-004
+009,-004
+009,-004
+009,-004
+009,-004
+009,-004
+009,-004
+009,-004
+011,-004
+011,-004
+011,-004
+011,-004
+011,-004
+011,-004
+011,-004
+011,-004
+011,-004
+011,-004
+011,-004
+011,-004
+011,-004
+011,-004
+011,-004
+011,-004
+011,-004
+011,-004
+009,-004
+009,-004
+009,-004
+009,-004
+009,-004
+009,-004
+009,-004
+009,-004
+009,-004
+009,-004
+009,-004
+009,-004
+009,-005
+009,-005
+009,-005
+009,-005
+009,-005
+009,-005
+009,-005
+009,-005
+009,-005
+009,-005
+009,-005
+009,-005
+009,-005
+009,-005
+009,-005
+009,-005
+009,-005
+009,-005
+009,-005
+009,-005
+009,-005
+009,-005
+009,-005
+009,-005
+009,-005
+009,-005
+009,-005
+009,-005
+009,-005
+009,-005
+009,-005
+009,-005
+009,-005
+009,-005
+009,-005
+009,-002
+009,-003
+009,-003
+009,-003
+009,-003
+009,-003
+009,-003
+009,-003
+009,-003
+009,-003
+009,-003
+009,-003
+009,-003
+009,-003
+009,-003
+009,-003
+009,-003
+009,-003
+009,-003
+009,-003
+009,-003
+009,-003
+011,-003
+011,-003
+011,-003
+011,-003
+011,-003
+011,-003
+011,-003
+011,-003
+011,-003
+011,-003
+013,-003
+013,-003
+013,-003
+013,-003
+013,-003
+013,-003
+013,-003
+013,-003
+013,-003
+013,-003
+013,-003
+013,-003
+013,-003
+015,-003
+015,-003
+015,-003
+015,-003
+015,-003
+015,-003
+015,-003
+015,-003
+015,-003
+015,-003
+015,-003
+015,-003
+013,-003
+013,-003
+013,-003
+013,-003
+013,-003
+013,-003
+013,-003
+013,-003
+013,-003
+013,-003
+013,-003
+013,-003
+013,-003
+013,-003
+013,-003
+013,-003
+013,-000
+013,-001
+013,-001
+011,-001
+011,-001
+011,-001
+011,-001
+011,-001
+011,-001
+011,-001
+011,-001
+011,-001
+011,-001
+011,-001
+009,-001
+009,-001
+009,-001
+009,-001
+009,-001
+009,-001
+009,-001
+009,-001
+009,-001
+009,-001
+009,-001
+009,-001
+009,-001
+009,-001
+009,-001
+009,-001
+009,-001
+009,-001
+009,-001
+009,-001
+009,-001
+009,-001
+009,-001
+009,-001
+009,-001
+009,-001
+009,-001
+009,-001
+009,-001
+009,-001
+009,-001
+009,-001
+009,-001
+009,-001
+009,-001
+009,-001
+009,-001
+009,-001
+009,-001
+009,-001
+009,-001
+009,-001
+009,-001
+009,-001
+009,-001
+009,-001
+009,-001
+009,-001
+009,-001
+009,-001
+009,-001
+009,-001
+009,-002
+009,-002
+009,-002
+009,-002
+009,-002
+009,-002
+009,-002
+011,-002
+011,-002
+011,-002
+011,-002
+011,-002
+011,-002
+011,-002
+011,-002
+011,-002
+011,-002
+011,-002
+011,-002
+011,-002
+011,-002
+011,-002
+011,-002
+011,-001
+011,-001
+011,-001
+011,-001
+011,-001
+011,-001
+011,-001
+011,-001
+011,-001
+011,-001
+011,-001
+011,-001
+011,-001
+011,-000
+011,-000
+011,-000
+011,-000
+011,-000
+011,-000
+011,-000
+011,-000
+011,-000
+011,-000
+011,-000
+011,-000
+011,-000
+009,-000
+009,-000
+009,-000
+009,-000
+009,-000
+009,-000
+009,-000
+009,-000
+009,-000
+009,-000
+009,-000
+009,-000
+007,-000
+007,-000
+007,-000
+007,-000
+007,-000
+007,-000
+007,-000
+007,-000
+007,-000
+007,-000
+007,-000
+007,-000
+007,-000
+007,-000
+007,-000
+007,-000
+007,-000
+007,-000
+007,-000
+007,-000
+005,-000
+005,-000
+005,-000
+005,-000
+005,-000
+005,-000
+005,-000
+005,-000
+005,-000
+005,-000
+005,-000
+005,-000
+005,-000
+005,-000
+005,-000
+005,-000
+005,-000
+005,-000
+005,-000
+005,-000
+005,-000
+005,-000
+005,-000
+005,-000
+003,-000
+003,-000
+003,-000
+003,-000
+003,-000
+003,-000
+003,-000
+003,-000
+003,-000
+003,-000
+003,-000
+003,-000
+003,-000
+003,-000
+003,-000
+003,-001
+003,-001
+003,-001
+003,-001
+003,-001
+003,-001
+003,-001
+003,-001
+003,-001
+003,-001
+003,-001
+003,-001
+003,-001
+003,-001
+001,-001
+001,-001
+001,-001
+001,-001
+001,-001
+001,-001
+001,-001
+001,-001
+001,-001
+001,-001
+001,-001
+001,-001
+001,-001
+001,-001
+001,-001
+001,-001
+001,-001
+001,-001
+001,-001
+001,-001
+001,-001
+001,-001
+001,-001
+001,-001
+001,-001
+001,-001
+001,-001
+001,-001
+001,-001
+001,-001
+001,-001
+001,-001
+001,-001
+001,-001
+001,-002
+001,-002
+001,-002
+001,-002
+001,-002
+001,-002
+001,-002
+001,-002
+001,-002
+001,-002
+001,-002
+001,-002
+001,-003
+001,-003
+001,-003
+001,-003
+001,-003
+001,-003
+001,-004
+001,-004
+001,-004
+001,-004
+001,-004
+001,-004
+001,-004
+001,-005
+001,-005
+001,-005
+001,-005
+001,-005
+001,-005
+001,-005
+001,-006
+001,-006
+001,-006
+001,-006
+001,-006
+001,-006
+001,-006
+001,-006
+001,-006
+001,-006
+001,-006
+001,-006
+001,-006
+001,-006
+001,-006
+001,-007
+001,-007
+001,-007
+001,-007
+001,-007
+001,-007
+001,-007
+001,-007
+001,-007
+001,-007
+001,-007
+001,-007
+001,-007
+001,-007
+001,-007
+001,-007
+001,-007
+001,-007
+001,-007
+001,-007
+001,-007
+001,-008
+001,-008
+001,-008
+001,-008
+001,-008
+001,-008
+001,-008
+001,-008
+001,-009
+001,-009
+001,-009
+001,-009
+001,-009
+001,-009
+001,-009
+001,-010
+001,-010
+001,-010
+001,-010
+001,-010
+001,-010
+001,-010
+001,-010
+001,-011
+001,-011
+001,-011
+001,-011
+001,-011
+001,-011
+001,-011
+001,-011
+001,-011
+001,-011
+001,-011
+001,-011
+001,-011
+001,-011
+001,-012
+001,-012
+001,-012
+001,-012
+001,-012
+001,-012
+001,-012
+001,-012
+001,-012
+001,-012
+001,-012
+001,-012
+001,-012
+001,-012
+001,-012
+001,-012
+001,-012
+001,-012
+001,-012
+001,-012
+001,-012
+001,-012
+003,-012
+003,-012
+003,-012
+003,-012
+003,-012
+003,-012
+003,-012
+003,-012
+003,-012
+003,-012
+003,-012
+003,-012
+003,-012
+003,-012
+003,-012
+003,-012
+003,-009
+003,-009
+003,-009
+003,-009
+003,-009
+003,-009
+003,-009
+003,-009
+003,-009
+003,-009
+003,-009
+003,-009
+001,-009
+001,-009
+001,-009
+001,-009
+001,-009
+001,-009
+001,-009
+001,-009
+001,-009
+001,-009
+001,-009
+001,-009
+001,-006
+001,-007
+001,-007
+001,-007
+001,-007
+001,-007
+001,-007
+001,-007
+001,-007
+001,-004
+001,-004
+001,-004
+001,-004
+001,-004
+001,-004
+001,-004
+001,-004
+001,-004
+001,-004
+001,-004
+001,-004
+001,-004
+001,-001
+001,-001
+001,-001
+001,-001
+001,-001
+001,-001
+001,-001
+001,-001
+001,-001
+001,-001
+001,-001
+001,-001
+001,-001
+001,-001
+001,-001
+001,-001
+001,-001
+001,-001
+001,-001
+001,-001
+001,-001
+001,-001
+001,-001
+001,-001
+001,-001
+001,-001
+001,-001
+001,-001
+001,-001
+001,-001
+001,-001
+001,-001
+001,-001
+001,-001
+001,-001
+001,-001
+001,-001
+001,-001
+001,-001
+001,-001
+001,-001
+001,-001
+001,-001
+001,-001
+001,-001
+001,-001
+001,-001
+001,-001
+001,-001
+001,-001
+001,-001
+001,-001
+001,-001
+001,-001
+001,-001
+001,-001
+001,-001
+001,-001
+001,-001
+001,-001
+001,-001
+001,-001
+001,-001
+001,-001
+001,-001
+001,-001
+001,-001
+001,-001
+001,-001
+001,-001
+001,-001
+001,-001
+001,-001
+001,-001
+001,-001
+001,-001
+001,-001
+001,-001
+001,-001
+001,-001
+001,-001
+001,-001
+001,-001
+001,-001
+001,-001
+001,-001
+001,-001
+001,-002
+001,-002
+001,-002
+001,-002
+001,-002
+001,-002
+001,-003
+001,-003
+001,-003
+001,-003
+001,-003
+003,-003
+003,-003
+003,-004
+003,-004
+003,-004
+003,-004
+003,-004
+003,-004
+003,-005
+003,-005
+003,-005
+003,-005
+003,-006
+003,-006
+003,-006
+003,-006
+003,-006
+003,-006
+003,-006
+003,-007
+003,-007
+003,-007
+003,-008
+003,-008
+003,-008
+003,-008
+003,-008
+003,-008
+003,-008
+003,-009
+003,-009
+003,-009
+003,-009
+003,-009
+003,-009
+003,-009
+003,-009
+003,-009
+003,-009
+003,-009
+003,-009
+003,-009
+003,-009
+003,-009
+003,-010
+003,-010
+003,-010
+003,-010
+003,-010
+003,-010
+003,-010
+003,-010
+003,-010
+003,-010
+003,-010
+003,-010
+003,-010
+003,-007
+003,-008
+003,-008
+003,-008
+003,-008
+003,-008
+003,-008
+003,-008
+003,-008
+003,-008
+003,-008
+003,-008
+003,-008
+003,-008
+003,-008
+003,-005
+003,-005
+003,-005
+003,-005
+003,-005
+003,-005
+003,-005
+003,-005
+003,-005
+003,-005
+003,-005
+003,-005
+003,-005
+003,-005
+003,-005
+003,-005
+003,-005
+003,-005
+003,-005
+003,-005
+003,-005
+003,-005
+003,-005
+003,-005
+003,-005
+003,-005
+003,-005
+003,-005
+003,-005
+001,-002
+001,-003
+001,-003
+001,-003
+001,-003
+001,-003
+001,-003
+001,-003
+001,-003
+001,-003
+001,-003
+001,-003
+001,-003
+001,-003
+001,-003
+001,-003
+001,-003
+001,-003
+001,-003
+001,-003
+001,-003
+001,-003
+001,-003
+001,-004
+001,-004
+001,-004
+001,-004
+001,-004
+001,-004
+001,-004
+001,-004
+001,-005
+001,-005
+001,-005
+001,-005
+001,-005
+001,-005
+001,-005
+001,-005
+003,-005
+003,-005
+003,-005
+003,-005
+003,-005
+003,-005
+003,-005
+003,-006
+003,-006
+003,-006
+003,-006
+003,-006
+003,-006
+003,-006
+003,-006
+003,-007
+003,-007
+003,-007
+003,-007
+003,-007
+003,-007
+003,-008
+003,-008
+003,-008
+003,-008
+003,-008
+003,-008
+003,-008
+003,-009
+003,-009
+003,-009
+003,-009
+003,-009
+003,-009
+003,-009
+003,-010
+003,-010
+003,-010
+003,-010
+003,-010
+003,-010
+003,-011
+003,-011
+003,-011
+003,-011
+003,-011
+003,-011
+003,-011
+003,-011
+003,-011
+003,-011
+003,-011
+003,-011
+003,-011
+003,-011
+003,-011
+003,-011
+003,-011
+003,-011
+003,-011
+003,-011
+003,-011
+003,-011
+003,-011
+003,-011
+003,-011
+003,-011
+003,-011
+003,-011
+003,-011
+003,-011
+003,-011
+003,-011
+003,-011
+003,-011
+003,-011
+003,-011
+003,-011
+003,-011
+003,-011
+003,-011
+005,-011
+005,-011
+005,-011
+005,-011
+005,-011
+005,-011
+005,-011
+005,-011
+005,-011
+005,-011
+005,-011
+005,-011
+005,-011
+005,-011
+005,-011
+005,-011
+005,-011
+005,-011
+005,-011
+005,-011
+005,-011
+005,-011
+005,-011
+005,-011
+005,-011
+005,-011
+005,-011
+005,-011
+005,-011
+005,-011
+005,-011
+005,-011
+005,-011
+005,-011
+005,-011
+005,-011
+005,-011
+005,-011
+005,-011
+005,-011
+005,-011
+005,-011
+005,-011
+005,-011
+005,-011
+005,-011
+005,-011
+005,-011
+005,-011
+005,-011
+005,-011
+003,-011
+003,-011
+003,-011
+003,-011
+003,-011
+003,-011
+003,-011
+003,-011
+003,-011
+003,-011
+003,-011
+003,-011
+003,-011
+003,-011
+003,-011
+003,-011
+003,-011
+003,-011
+003,-011
+003,-011
+003,-011
+003,-011
+003,-011
+001,-011
+001,-011
+001,-011
+001,-011
+001,-011
+001,-011
+001,-011
+001,-011
+001,-011
+001,-011
+001,-011
+001,-011
+001,-011
+001,-011
+001,-011
+001,-011
+001,-011
+001,-011
+001,-011
+001,-011
+001,-011
+001,-011
+001,-011
+001,-011
+001,-011
+001,-011
+001,-011
+001,-011
+001,-011
+001,-011
+001,-011
+001,-011
+001,-011
+001,-011
+001,-011
+001,-011
+001,-011
+001,-011
+001,-011
+001,-011
+001,-011
+001,-011
+001,-008
+001,-009
+001,-009
+001,-009
+001,-009
+001,-009
+001,-009
+001,-009
+001,-009
+001,-009
+001,-009
+001,-009
+001,-009
+001,-009
+001,-009
+001,-009
+001,-009
+001,-009
+001,-009
+001,-006
+001,-006
+001,-006
+001,-006
+001,-006
+001,-006
+001,-006
+001,-006
+001,-006
+001,-006
+001,-006
+001,-006
+001,-006
+001,-006
+003,-006
+003,-006
+003,-006
+003,-006
+003,-006
+003,-006
+003,-003
+003,-003
+003,-003
+003,-003
+003,-003
+003,-003
+003,-003
+003,-003
+003,-003
+003,-003
+003,-003
+003,-003
+003,-003
+003,-003
+003,-003
+003,-003
+003,-003
+003,-003
+003,-003
+003,-003
+003,-003
+003,-003
+003,-003
+003,-003
+003,-003
+003,-003
+003,-003
+003,-000
+001,-000
+001,-000
+001,-000
+001,-000
+001,-000
+001,-000
+001,-000
+001,-000
+001,-000
+001,-000
+001,-000
+001,-000
+001,-000
+001,-000
+001,-000
+001,-000
+001,-003
+001,-002
+001,-002
+001,-002
+001,-002
+001,-002
+001,-002
+001,-002
+001,-002
+001,-002
+001,-002
+001,-002
+001,-002
+001,-002
+001,-002
+001,-002
+001,-002
+001,-005
+001,-004
+001,-004
+001,-004
+001,-004
+001,-004
+001,-004
+001,-004
+001,-004
+001,-004
+001,-004
+001,-004
+001,-004
+001,-004
+001,-004
+001,-004
+001,-004
+001,-004
+001,-004
+001,-004
+001,-004
+001,-004
+001,-004
+001,-004
+001,-004
+001,-004
+001,-004
+001,-004
+001,-004
+001,-004
+001,-004
+001,-004
+001,-004
+001,-004
+001,-004
+001,-004
+001,-004
+001,-004
+003,-004
+003,-004
+003,-004
+003,-004
+003,-004
+003,-004
+003,-004
+003,-004
+003,-004
+003,-004
+003,-004
+003,-004
+003,-004
+003,-004
+003,-004
+003,-004
+003,-004
+003,-004
+003,-004
+003,-004
+003,-004
+003,-004
+003,-004
+003,-003
+003,-003
+003,-003
+003,-003
+003,-003
+003,-003
+003,-003
+003,-003
+003,-003
+003,-003
+003,-002
+003,-002
+003,-002
+003,-001
+003,-001
+003,-001
+003,-001
+003,-000
+003,-000
+003,-000
+003,-001
+003,-002
+003,-002
+003,-002
+003,-003
+003,-003
+003,-003
+003,-004
+003,-004
+003,-004
+003,-005
+003,-005
+003,-005
+003,-006
+003,-006
+003,-006
+003,-006
+003,-006
+003,-006
+003,-006
+003,-007
+003,-007
+003,-007
+003,-007
+003,-007
+003,-007
+003,-007
+003,-008
+003,-008
+003,-008
+003,-008
+003,-008
+003,-008
+003,-008
+003,-008
+003,-008
+003,-008
+003,-008
+003,-009
+003,-009
+003,-009
+003,-009
+003,-009
+003,-009
+003,-009
+003,-009
+003,-009
+003,-009
+003,-009
+003,-009
+003,-010
+003,-010
+003,-010
+003,-010
+003,-010
+003,-010
+003,-010
+003,-010
+003,-010
+003,-010
+003,-010
+003,-010
+003,-010
+003,-010
+003,-010
+003,-010
+003,-010
+003,-010
+003,-010
+003,-010
+003,-010
+003,-010
+003,-010
+003,-010
+003,-010
+003,-010
+003,-010
+003,-010
+003,-010
+003,-010
+003,-010
+003,-010
+003,-010
+003,-010
+003,-010
+003,-010
+003,-010
+003,-010
+003,-010
+003,-007
+003,-007
+003,-007
+003,-007
+003,-007
+003,-007
+003,-007
+003,-007
+003,-004
+003,-004
+003,-004
+003,-004
+003,-004
+003,-004
+003,-004
+003,-001
+003,-001
+001,-001
+001,-001
+001,-001
+001,-001
+001,-001
+001,-001
+001,-001
+001,-001
+001,-002
+001,-002
+001,-002
+001,-002
+001,-002
+001,-002
+001,-002
+001,-002
+001,-002
+001,-002
+001,-002
+001,-002
+001,-002
+001,-002
+001,-002
+001,-002
+001,-002
+001,-002
+001,-002
+001,-002
+001,-002
+001,-002
+001,-002
+001,-002
+001,-002
+001,-002
+001,-002
+001,-002
+001,-002
+001,-002
+001,-002
+001,-002
+001,-002
+001,-002
+001,-002
+001,-002
+001,-002
+001,-002
+001,-002
+001,-002
+001,-005
+001,-004
+001,-004
+001,-004
+001,-004
+001,-004
+001,-004
+001,-004
+001,-004
+001,-004
+001,-004
+001,-004
+001,-004
+001,-004
+001,-004
+001,-004
+001,-004
+001,-004
+001,-004
+001,-004
+001,-004
+001,-004
+001,-004
+001,-004
+001,-004
+001,-004
+001,-004
+001,-004
+001,-003
+001,-003
+001,-003
+001,-003
+001,-003
+001,-003
+001,-003
+001,-003
+001,-003
+001,-002
+001,-002
+003,-002
+003,-002
+003,-002
+003,-002
+003,-002
+003,-002
+003,-001
+003,-001
+003,-001
+003,-001
+003,-001
+003,-001
+003,-001
+003,-000
+005,-000
+005,-000
+005,-000
+005,-000
+005,-000
+005,-000
+005,-000
+005,-000
+005,-000
+005,-000
+005,-000
+005,-000
+005,-000
+005,-000
+007,-001
+007,-001
+007,-001
+007,-001
+007,-001
+007,-001
+007,-001
+007,-001
+007,-001
+007,-001
+007,-001
+007,-001
+007,-001
+007,-001
+007,-001
+007,-001
+007,-001
+007,-001
+009,-001
+009,-001
+009,-001
+009,-002
+009,-002
+009,-002
+009,-002
+009,-002
+009,-002
+009,-003
+009,-003
+009,-003
+009,-003
+009,-003
+009,-003
+009,-003
+009,-003
+009,-003
+007,-003
+007,-004
+007,-004
+007,-004
+007,-004
+007,-004
+007,-004
+007,-004
+007,-004
+007,-004
+007,-004
+007,-004
+007,-004
+007,-005
+007,-005
+007,-005
+007,-005
+007,-005
+007,-005
+007,-005
+007,-005
+007,-005
+007,-005
+007,-005
+007,-005
+007,-005
+007,-005
+007,-005
+007,-005
+007,-005
+007,-006
+007,-006
+007,-006
+007,-006
+007,-006
+007,-006
+007,-006
+007,-006
+007,-006
+007,-007
+007,-007
+007,-007
+007,-007
+007,-007
+007,-007
+007,-007
+007,-007
+007,-007
+007,-007
+007,-008
+007,-008
+009,-008
+009,-008
+009,-008
+009,-008
+009,-009
+009,-009
+009,-009
+011,-010
+011,-010
+011,-010
+011,-011
+011,-011
+011,-011
+011,-011
+011,-011
+011,-011
+011,-011
+011,-012
+011,-012
+011,-012
+013,-013
+013,-013
+013,-013
+013,-014
+013,-014
+013,-014
+013,-014
+013,-015
+013,-015
+013,-015
+015,-015
+015,-015
+015,-015
+015,-015
+015,-015
+015,-015
+015,-015
+015,-015
+015,-015
+015,-015
+015,-015
+015,-015
+015,-015
+015,-015
+015,-015
+015,-015
+015,-015
+015,-015
+015,-015
+015,-015
+015,-015
+015,-015
+015,-015
+015,-015
+015,-015
+015,-015
+015,-015
+015,-015
+015,-015
+013,-015
+013,-015
+013,-016
+013,-016
+013,-016
+013,-016
+013,-016
+013,-016
+013,-016
+013,-016
+013,-016
+011,-016
+011,-016
+011,-016
+011,-016
+011,-016
+011,-016
+011,-016
+011,-016
+011,-016
+011,-016
+011,-016
+011,-016
+011,-016
+011,-017
+011,-017
+011,-017
+011,-017
+011,-017
+011,-017
+011,-017
+011,-017
+011,-017
+011,-017
+011,-017
+011,-017
+011,-017
+011,-017
+011,-017
+011,-017
+011,-017
+011,-017
+011,-017
+011,-017
+011,-017
+011,-017
+011,-017
+011,-017
+011,-017
+011,-017
+011,-017
+011,-017
+011,-017
+011,-017
+011,-017
+011,-017
+011,-017
+011,-017
+011,-017
+011,-017
+011,-017
+013,-014
+013,-014
+013,-014
+013,-014
+013,-014
+013,-014
+013,-014
+013,-014
+013,-014
+013,-014
+013,-014
+013,-014
+013,-014
+013,-014
+013,-014
+013,-014
+013,-014
+013,-014
+013,-014
+013,-014
+013,-014
+013,-014
+013,-014
+013,-014
+015,-014
+015,-014
+015,-014
+015,-014
+015,-014
+015,-011
+015,-012
+015,-012
+015,-012
+015,-012
+015,-012
+015,-012
+015,-012
+015,-012
+015,-012
+015,-012
+015,-012
+015,-012
+015,-012
+015,-012
+015,-012
+015,-012
+015,-012
+015,-012
+015,-012
+015,-012
+015,-012
+015,-012
+015,-012
+015,-012
+015,-012
+015,-012
+015,-012
+015,-012
+015,-012
+015,-012
+015,-012
+015,-012
+015,-012
+015,-012
+015,-012
+015,-012
+015,-012
+015,-012
+015,-012
+015,-009
+015,-009
+015,-009
+015,-009
+015,-009
+015,-009
+015,-009
+015,-009
+015,-009
+015,-009
+015,-009
+015,-009
+015,-009
+015,-009
+015,-009
+015,-009
+015,-009
+017,-009
+017,-009
+017,-009
+017,-009
+017,-006
+017,-006
+017,-006
+017,-006
+017,-006
+017,-006
+017,-006
+017,-006
+017,-006
+017,-006
+017,-006
+017,-006
+017,-006
+017,-006
+017,-006
+017,-006
+017,-006
+017,-006
+017,-006
+017,-006
+017,-006
+017,-006
+017,-006
+017,-006
+017,-006
+017,-006
+017,-006
+017,-006
+017,-006
+017,-006
+017,-006
+017,-006
+017,-006
+017,-006
+017,-006
+017,-006
+017,-006
+017,-006
+017,-006
+017,-006
+017,-006
+017,-006
+017,-006
+017,-006
+017,-006
+017,-006
+017,-006
+017,-006
+017,-006
+017,-006
+017,-006
+017,-006
+017,-006
+015,-006
+015,-006
+015,-006
+015,-006
+015,-006
+015,-006
+015,-006
+015,-006
+015,-006
+015,-006
+015,-006
+015,-006
+015,-006
+015,-006
+015,-006
+015,-006
+015,-006
+015,-006
+015,-006
+013,-006
+013,-006
+013,-006
+013,-006
+013,-006
+013,-006
+013,-006
+013,-006
+013,-006
+013,-006
+013,-006
+013,-006
+013,-006
+013,-006
+013,-006
+013,-006
+013,-006
+013,-006
+013,-006
+013,-006
+013,-006
+013,-006
+013,-006
+013,-006
+013,-006
+013,-006
+013,-006
+013,-006
+013,-006
+013,-006
+013,-006
+013,-006
+013,-006
+013,-006
+013,-006
+013,-006
+013,-006
+013,-006
+013,-006
+013,-006
+013,-006
+013,-006
+013,-006
+013,-006
+013,-006
+013,-006
+013,-006
+013,-006
+013,-006
+013,-007
+013,-007
+013,-007
+013,-007
+013,-007
+013,-007
+013,-007
+013,-007
+013,-007
+013,-007
+013,-007
+013,-007
+013,-007
+013,-007
+013,-007
+013,-007
+015,-007
+015,-007
+015,-007
+015,-007
+015,-007
+015,-007
+015,-007
+015,-007
+015,-007
+015,-007
+015,-007
+015,-007
+015,-007
+015,-007
+015,-007
+015,-007
+015,-007
+015,-007
+015,-007
+015,-007
+015,-007
+015,-007
+015,-007
+015,-007
+015,-007
+015,-007
+015,-007
+015,-007
+015,-007
+015,-007
+015,-007
+015,-007
+013,-007
+013,-007
+013,-007
+013,-007
+013,-007
+013,-008
+013,-008
+013,-008
+013,-008
+013,-008
+013,-008
+013,-008
+013,-009
+013,-009
+013,-009
+013,-009
+013,-009
+011,-009
+011,-009
+011,-009
+011,-009
+011,-009
+011,-009
+011,-009
+011,-009
+011,-009
+011,-009
+011,-009
+011,-009
+011,-009
+011,-009
+011,-009
+011,-009
+011,-009
+011,-009
+011,-009
+009,-009
+009,-009
+009,-009
+009,-009
+009,-009
+009,-009
+009,-009
+009,-009
+009,-009
+009,-009
+009,-009
+009,-009
+007,-009
+007,-009
+007,-009
+007,-009
+007,-009
+007,-009
+007,-009
+007,-009
+007,-009
+007,-009
+005,-009
+005,-009
+005,-009
+005,-009
+005,-009
+005,-009
+005,-009
+005,-009
+005,-009
+005,-009
+005,-009
+005,-009
+005,-009
+005,-009
+005,-009
+003,-009
+003,-009
+003,-009
+003,-009
+003,-009
+003,-009
+003,-009
+003,-009
+003,-009
+003,-010
+003,-010
+003,-010
+003,-010
+003,-010
+003,-010
+003,-010
+003,-010
+003,-010
+003,-010
+003,-010
+003,-010
+003,-010
+003,-011
+003,-011
+003,-011
+003,-011
+003,-011
+003,-011
+003,-012
+003,-012
+003,-012
+003,-012
+003,-012
+003,-012
+003,-012
+003,-012
+003,-013
+003,-013
+003,-013
+001,-013
+001,-013
+001,-013
+001,-013
+001,-013
+001,-013
+001,-013
+001,-013
+001,-013
+001,-013
+001,-013
+001,-013
+001,-013
+001,-013
+001,-013
+001,-013
+001,-013
+001,-013
+001,-010
+001,-010
+001,-010
+001,-010
+001,-010
+001,-010
+001,-010
+001,-010
+001,-010
+001,-010
+001,-010
+001,-010
+001,-010
+001,-010
+001,-010
+001,-010
+001,-010
+001,-010
+001,-010
+001,-010
+001,-007
+001,-007
+001,-007
+001,-007
+001,-007
+001,-007
+001,-007
+001,-007
+001,-007
+003,-007
+003,-007
+003,-007
+003,-007
+003,-007
+003,-007
+003,-007
+003,-007
+003,-007
+003,-007
+003,-007
+003,-007
+003,-004
+003,-004
+003,-004
+003,-004
+003,-004
+005,-004
+005,-004
+005,-004
+005,-004
+005,-004
+005,-004
+005,-004
+005,-004
+005,-004
+005,-004
+005,-004
+005,-004
+005,-004
+005,-004
+005,-004
+005,-004
+005,-004
+005,-004
+007,-004
+007,-004
+007,-004
+007,-004
+007,-004
+007,-004
+007,-004
+007,-004
+007,-004
+007,-004
+007,-004
+007,-004
+007,-004
+007,-004
+007,-004
+007,-004
+007,-001
+007,-002
+007,-002
+007,-002
+007,-002
+009,-002
+009,-002
+009,-002
+009,-002
+009,-002
+009,-002
+009,-002
+009,-002
+009,-002
+009,-002
+009,-002
+009,-002
+009,-002
+009,-002
+009,-002
+009,-002
+009,-002
+009,-002
+009,-002
+009,-002
+009,-002
+009,-002
+009,-002
+009,-002
+009,-002
+009,-002
+009,-002
+009,-002
+009,-002
+009,-002
+009,-002
+009,-002
+009,-002
+009,-002
+011,-002
+011,-002
+011,-003
+011,-003
+011,-003
+011,-003
+011,-003
+011,-003
+011,-003
+011,-003
+011,-003
+011,-003
+011,-003
+011,-003
+011,-003
+011,-004
+011,-004
+011,-004
+011,-004
+011,-004
+011,-004
+011,-004
+011,-004
+011,-004
+011,-004
+011,-004
+011,-004
+011,-004
+011,-004
+011,-004
+011,-004
+011,-004
+011,-004
+011,-004
+011,-004
+011,-004
+011,-004
+011,-004
+011,-004
+011,-004
+011,-004
+011,-004
+011,-004
+011,-004
+011,-004
+011,-004
+011,-004
+011,-004
+011,-004
+011,-004
+011,-004
+011,-004
+009,-004
+009,-004
+009,-004
+009,-004
+009,-004
+009,-004
+009,-004
+009,-004
+009,-004
+009,-004
+009,-004
+009,-004
+007,-004
+007,-004
+007,-004
+007,-004
+007,-004
+007,-004
+007,-004
+007,-004
+007,-004
+007,-004
+007,-004
+007,-004
+007,-004
+007,-005
+007,-005
+007,-005
+007,-005
+007,-005
+007,-005
+007,-005
+007,-005
+007,-005
+007,-005
+007,-005
+007,-005
+007,-005
+007,-005
+007,-005
+007,-005
+007,-005
+007,-005
+007,-005
+007,-005
+007,-005
+007,-005
+007,-005
+007,-005
+007,-005
+007,-005
+007,-005
+007,-005
+007,-005
+007,-005
+007,-005
+007,-005
+007,-005
+007,-005
+007,-005
+007,-005
+007,-005
+007,-005
+005,-005
+005,-005
+005,-005
+005,-005
+005,-005
+005,-005
+005,-005
+005,-005
+005,-005
+005,-005
+005,-005
+005,-005
+005,-005
+005,-005
+005,-005
+005,-005
+005,-005
+005,-005
+005,-005
+005,-005
+005,-005
+005,-005
+003,-005
+003,-005
+003,-005
+003,-005
+003,-002
+003,-003
+003,-003
+003,-003
+003,-003
+003,-003
+003,-003
+003,-003
+003,-003
+003,-003
+003,-003
+003,-003
+003,-003
+003,-003
+003,-003
+003,-003
+003,-003
+003,-003
+003,-003
+003,-003
+003,-003
+003,-003
+003,-003
+003,-003
+003,-003
+003,-003
+003,-003
+003,-003
+003,-003
+003,-000
+003,-000
+003,-000
+003,-000
+003,-000
+003,-000
+003,-000
+003,-000
+003,-000
+003,-000
+003,-000
+003,-000
+003,-000
+003,-000
+003,-000
+003,-000
+003,-000
+003,-000
+003,-000
+003,-000
+005,-000
+005,-000
+005,-000
+005,-000
+005,-000
+005,-000
+005,-000
+005,-000
+005,-000
+005,-000
+005,-000
+005,-000
+005,-000
+005,-000
+005,-000
+005,-000
+005,-000
+005,-000
+005,-000
+005,-000
+005,-000
COP Area(S): 000098
COP Area(R): 000154