+000,-000
+000,-000
+000,-000
+000,-000
+000,-000
+000,-001
+000,-001
+000,-001
+000,-001
+000,-001
+000,-001
+000,-001
+000,-001
+000,-001
+000,-001
-001,-001
-001,-001
-001,-001
-001,-001
-001,-001
-001,-001
-001,-001
-001,-001
-002,-001
-002,-001
-002,-001
-002,-001
-002,-001
-002,-001
-002,-002
-002,-002
-002,-002
-002,-002
-002,-002
-003,-002
-003,-002
-003,-002
-003,-002
-003,-002
-003,-002
-003,-002
-003,-002
-003,-002
-003,-002
-003,-002
-003,-002
-003,-002
-003,-002
-003,-002
-003,-002
-003,-002
-003,-002
-003,-002
-003,-002
-003,-002
-003,-002
-003,-002
-003,-002
-003,-002
-003,-002
-003,-002
-003,-002
-003,-002
-003,-002
-003,-002
-003,-002
-003,-002
-003,-002
-003,-002
-003,-002
-003,-002
-003,-002
-003,-002
-003,-002
-003,-002
-003,-002
-003,-002
-003,-002
-004,-002
-004,-002
-004,-002
-004,-002
-004,-002
-004,-002
-004,-002
-004,-002
-004,-002
-004,-002
-004,-002
-004,-002
-004,-002
-004,-002
-004,-002
-004,-002
-004,-002
-004,-002
-004,-002
-004,-002
-004,-002
-004,-002
-004,-002
-004,-002
-004,-002
-004,-002
-004,-002
-004,-002
-004,-002
-004,-002
-004,-002
-004,-002
-004,-002
-004,-002
-004,-002
-004,-001
-004,-001
-004,-000
-004,-000
-004,-000
-004,-000
-004,-000
-004,-000
-004,-000
-004,-000
-004,-000
-004,-000
-004,-000
-004,-000
-004,-000
-004,-000
-004,-000
-004,-000
-004,-000
-004,-000
-004,-000
-004,-000
-004,-000
-004,-000
-004,-000
-004,-000
-004,-000
-004,-000
-004,-000
-004,-000
-004,-000
-004,-000
-004,-000
-004,-000
-004,-000
-004,-000
-004,-000
-004,-000
-004,-003
-004,-003
-004,-003
-004,-003
-004,-003
-004,-003
-004,-003
-004,-003
-004,-003
-005,-003
-005,-003
-005,-003
-005,-003
-005,-003
-005,-003
-005,-003
-005,-003
-005,-003
-005,-003
-005,-003
-005,-003
-005,-003
-005,-003
-005,-003
-005,-002
-005,-002
-006,-002
-006,-002
-006,-002
-006,-002
-006,-002
-006,-002
-006,-002
-006,-002
-006,-002
-006,-002
-006,-002
-006,-002
-006,-002
-006,-002
-006,-002
-006,-002
-006,-002
-006,-002
-006,-002
-006,-002
-006,-002
-006,-002
-006,-002
-006,-002
-007,-002
-007,-002
-007,-002
-007,-002
-007,-005
-007,-005
-007,-005
-007,-005
-007,-005
-007,-005
-007,-005
-007,-005
-007,-005
-007,-005
-007,-005
-007,-005
-007,-005
-007,-005
-007,-005
-007,-005
-007,-005
-007,-005
-007,-005
-008,-005
-008,-005
-008,-005
-008,-008
-008,-007
-008,-007
-008,-007
-008,-007
-008,-007
-008,-007
-008,-007
-008,-007
-008,-007
-008,-007
-008,-007
-008,-007
-008,-007
-008,-007
-008,-007
-008,-007
-008,-007
-008,-007
-008,-007
-008,-006
-008,-006
-008,-006
-008,-006
-008,-006
-008,-005
-008,-005
-008,-005
-008,-005
-008,-005
-008,-005
-008,-005
-008,-005
-008,-005
-008,-005
-008,-005
-008,-005
-008,-005
-008,-005
-008,-005
-008,-005
-008,-005
-008,-005
-008,-005
-008,-005
-008,-004
-008,-004
-008,-004
-008,-004
-008,-004
-008,-004
-008,-004
-008,-004
-008,-004
-008,-004
-008,-004
-008,-004
-008,-004
-008,-004
-008,-004
-008,-004
-008,-004
-008,-004
-008,-004
-008,-004
-008,-004
-008,-007
-008,-007
-008,-007
-008,-007
-008,-007
-008,-007
-008,-007
-008,-007
-008,-007
-008,-007
-008,-007
-008,-007
-008,-007
-008,-007
-008,-007
-008,-007
-008,-007
-008,-007
-008,-007
-008,-007
-008,-007
-008,-007
-008,-007
-008,+009
-008,+009
-008,+009
-008,+009
-008,+009
-008,+009
-008,+009
-008,+009
-008,+009
-005,+009
-005,+009
-005,+009
-005,+009
-005,+009
-005,+009
-005,+009
-005,+009
-005,+009
-005,+009
-005,+009
-005,+009
-005,+009
-005,+009
-005,+009
-005,+009
-005,+009
-005,+009
-005,+009
-005,+009
-005,+009
-005,+009
-005,+009
-005,+009
-005,+009
-005,+009
-005,+009
-005,+009
-005,+009
-005,+009
-005,+009
-005,+009
-005,+009
-005,+009
-005,+009
-005,+009
-005,+009
-005,+009
-005,+009
-005,+009
-005,+009
-005,+009
-005,+009
-005,+009
-005,+009
-005,+009
-005,+009
-005,+009
-005,+009
-005,+009
-005,+009
-005,+009
-005,+009
-005,+009
-005,+009
-005,+009
-005,+009
-005,+009
-005,+009
-005,+009
-005,+009
-005,+009
-005,+009
-005,+009
-005,+009
-005,+009
-005,+009
-005,+009
-005,+009
-005,+009
-005,+009
-005,+009
-005,+009
-005,+009
-005,+009
-005,+009
-005,+009
-005,+009
-005,+009
-005,+009
-005,+009
-005,+009
-005,+009
-005,+009
-005,+009
-005,+009
-005,+009
-005,+009
-005,+009
-005,+009
-005,+009
-005,+009
-005,+009
-005,-008
-005,-008
-005,-008
-005,-008
-005,-008
-005,-008
-005,-008
-005,-008
-005,-008
-005,-008
-005,-007
-005,-007
-005,-007
-005,-007
-005,-007
-005,-007
-005,-007
-005,-007
-005,-007
-005,-007
-005,-007
-005,-007
-005,-007
-005,-007
-005,-007
-005,-007
-005,-007
-005,-007
-005,-007
-005,-007
-005,-007
-005,-007
-005,-007
-005,-007
-005,-007
-005,-007
-005,-007
-005,-007
-005,-007
-005,-007
-005,-007
-005,-007
-005,-007
-005,-007
-005,-007
-005,-007
-005,-007
-005,-007
-005,-007
-005,-007
-005,-007
-005,-007
-005,-007
-005,-007
-005,-007
-005,-007
-005,-007
-005,-007
-005,-007
-005,-007
-005,-007
-005,-007
-005,-007
-005,-007
-005,-007
-005,-007
-005,-007
-005,-007
-005,-007
-005,-007
-005,-007
-005,-007
-005,-007
-005,-007
-005,-007
-005,-007
-005,-007
-005,-007
-005,-007
-005,-007
-005,-007
-005,-007
-005,-007
-005,-007
-005,-007
-005,-007
-005,-007
-005,-007
-005,-007
-005,-007
-005,-007
-005,-007
-005,-007
-005,-007
-005,-007
-005,-007
-005,-007
-005,-007
-005,-007
-005,-007
-005,-007
-005,+009
-005,+009
-005,+009
-005,+009
-005,+009
-005,+009
-005,+009
-005,+009
-005,+009
-005,+009
-005,+009
-005,+009
-005,+009
-005,+009
-005,+009
-005,+009
-005,+009
-005,+009
-005,+009
-005,+009
-005,+009
-005,+009
-005,+009
-005,+009
-005,+009
-005,+009
-005,+009
-005,+009
-005,+009
-005,+009
-005,+009
-005,+009
-005,+009
-005,+009
-005,+009
-005,+009
-005,+009
-005,+009
-005,+009
-005,+009
-005,+009
-005,+009
-005,+009
-005,+009
-005,+009
-005,+009
-002,+009
-002,+009
-002,+009
-002,+009
-002,+009
-002,+009
-002,+009
-002,+009
-002,-008
-002,-008
-002,-008
-002,-008
-002,-008
-002,-008
-002,-008
-002,-008
-002,-008
-002,-007
-002,-007
-002,-007
-002,-007
-002,-007
-002,-007
-002,-007
-002,-007
-002,-007
-002,-007
-002,-007
-002,-007
-002,-007
-002,-007
-002,-007
-002,-007
-002,-007
-002,-007
-002,-007
-002,-007
-002,-007
-002,-007
+000,-007
+000,-007
+000,-007
+000,+009
+000,+009
+000,+009
+000,+009
+000,+009
+000,+009
+000,+009
+000,+009
+000,+009
+000,+009
+000,+009
+000,+009
+000,+009
+000,+009
+000,+009
+000,+009
+000,+009
+000,+009
+000,+009
+000,+009
+000,+009
+000,+009
+000,+009
+000,+009
+000,+009
+000,+009
+000,+009
+000,+009
+000,+009
+000,+009
+000,+009
+000,+009
+000,+009
+000,+009
+000,+009
+000,+009
+000,+009
+000,+009
+000,+009
-001,+009
-001,+009
-001,+009
-001,+009
-001,+009
-001,+009
-001,+009
-001,+009
-001,+009
-001,+009
-001,+009
-001,+009
-001,+009
-001,+009
-001,+009
-001,+009
-001,+009
-001,+009
-001,+009
-001,+009
-001,+009
-001,+009
-001,+009
-001,+009
-001,+009
-001,+009
-001,+009
-001,+009
-001,+009
-001,+009
-001,+009
-001,+009
-001,+009
-001,+009
-001,+009
-001,+009
-001,+009
-001,+009
-001,+009
-001,+009
-001,+009
-001,+009
-001,+009
-001,+009
-001,+009
-001,+009
-001,+009
-001,+009
-001,+009
-001,+009
-001,+009
-001,+009
-001,+011
-001,+011
-001,+011
-001,+011
-002,+011
-002,+011
-002,+011
-002,+011
-002,+011
-002,+011
-002,+011
-002,+011
-002,+011
-002,+011
-002,+011
-002,+011
-002,+011
-002,+011
-002,+011
-003,+011
-003,+011
-003,+011
-003,+011
-003,+011
-003,+011
-003,+011
-003,+011
-003,+011
-003,+011
-003,+011
-003,+011
-003,+011
-003,+011
-003,+011
-003,+011
-003,+011
-003,+011
-003,+011
-004,+011
-004,+011
-004,+011
-004,+011
-004,+011
-004,+011
-004,+011
-004,+011
-004,+011
-004,+011
-004,+011
-004,+011
-004,+011
-004,+011
-004,+011
-004,+011
-004,+011
-004,+011
-004,+011
-004,+011
-004,+011
-004,+013
-004,+013
-004,+013
-004,+013
-004,+013
-004,+013
-004,+013
-004,+013
-004,+013
-004,+013
-004,+013
-004,+013
-004,+013
-004,+013
-004,+013
-004,+013
-004,+013
-004,+013
-004,+013
-004,+013
-004,+013
-004,+013
-004,+013
-004,+013
-004,+013
-004,+013
-004,+013
-004,+013
-004,+013
-004,+015
-004,+015
-004,+015
-004,+015
-004,+015
-004,+015
-004,+015
-004,+015
-004,+015
-004,+015
-004,+015
-004,+015
-004,+015
-004,+015
-004,+015
-004,+015
-004,+015
-004,+015
-004,+015
-004,+015
-004,+015
-004,+015
-004,+015
-004,+015
-004,+015
-004,+015
-004,+015
-004,+015
-004,+015
-004,+015
-004,+015
-004,+015
-004,+015
-004,+015
-004,+015
-004,+015
-004,+015
-004,+015
-004,+015
-004,+015
-004,+015
-004,+015
-004,+015
-004,+015
-004,+015
-004,+015
-004,+015
-004,+015
-004,+015
-004,+015
-004,+015
-004,+015
-004,+015
-004,+015
-004,+015
-004,+015
-004,+015
-004,+015
-004,+015
-004,+015
-004,+015
-004,+017
-004,+017
-004,+017
-004,+017
-004,+017
-004,+017
-004,+017
-004,+017
-004,+017
-004,+017
-004,+017
-004,+017
-004,+017
-004,+017
-004,+017
-004,+017
-004,+019
-004,+019
-004,+019
-004,+019
-004,+019
-004,+019
-004,+019
-004,+019
-004,+019
-004,+019
-004,+019
-004,+019
-004,+019
-004,+019
-004,+019
-004,+019
-004,+019
-004,+019
-004,+017
-004,+017
-004,+017
-004,+017
-004,+017
-004,+017
-004,+017
-004,+017
-004,+017
-004,+017
-004,+017
-004,+017
-004,+017
-004,+017
-004,+017
-004,+017
-004,+017
-004,+017
-004,+017
-004,+017
-004,+017
-004,+017
-004,+017
-004,+017
-004,+017
-004,+017
-004,+017
-004,+017
-004,+017
-004,+017
-004,+017
-001,+017
-002,+017
-002,+017
-002,+017
-002,+017
-002,+017
-002,+017
-002,+017
-002,+017
-002,+017
-002,+017
-002,+017
-002,+017
-002,+017
-002,+017
-002,+017
-002,+017
-002,+017
-002,+017
-002,+017
-002,+017
-002,+017
-002,+017
-002,+015
-002,+015
-002,+015
-002,+015
-002,+015
-002,+015
-002,+015
-002,+015
-002,+015
-002,+015
-002,+015
-002,+015
-002,+015
-002,+015
-002,+015
-002,+015
-002,+015
-002,+015
-002,+015
-002,+015
-002,+015
-002,+015
-002,+015
-002,+015
-002,+015
-002,+015
-002,+015
-002,+013
-002,+013
-002,+013
-002,+013
-002,+013
-002,+013
-002,+013
-002,+013
-002,+013
-002,+013
+000,+011
+000,+011
+000,+011
+000,+011
+000,+011
+000,+011
+000,+011
+000,+011
+000,+011
+000,+011
+000,+011
+000,+011
+000,+011
+000,+011
+000,+011
+000,+011
+000,+011
+000,+011
+000,+011
+000,+011
+000,+011
+000,+011
+000,+011
+000,+011
+000,+011
+000,+011
+000,+011
+000,+011
+000,+011
+000,+011
+000,+011
+000,+011
+000,+011
+000,+011
+002,+011
+002,+011
+002,+011
+002,+011
+002,+011
+002,+011
+002,+011
+002,+011
+002,+011
+002,+011
+002,+011
+002,+011
+002,+011
+002,+011
+002,+011
+002,+011
+002,+011
+002,+011
+002,+011
+002,+011
+002,+011
+002,+011
+002,+011
+004,+011
+004,+011
+004,+011
+004,+011
+004,+013
+004,+013
+004,+013
+004,+013
+004,+013
+004,+013
+004,+013
+004,+013
+004,+013
+004,+013
+004,+013
+004,+013
+004,+013
+004,+013
+004,+013
+004,+013
+004,+013
+004,+013
+004,+013
+004,+013
+004,+013
+004,+013
+004,+013
+004,+013
+004,+013
+004,+013
+004,+013
+004,+013
+004,+013
+004,+013
+004,+013
+004,+013
+002,+013
+002,+013
+002,+013
+002,+013
+002,+013
+002,+013
+002,+013
+002,+013
+002,+013
+002,+013
+002,+013
+002,+013
+002,+013
+002,+013
+002,+013
+002,+013
+002,+013
+002,+013
+000,+013
+000,+013
+000,+013
+000,+013
+000,+013
+000,+013
+000,+013
+000,+015
+000,+015
+000,+015
+000,+015
+000,+015
+000,+015
+000,+015
+000,+015
+000,+015
+000,+015
+000,+015
+000,+015
+000,+015
+000,+017
+000,+017
+000,+017
+000,+017
+000,+017
+000,+017
+000,+017
-001,+017
-001,+017
-001,+017
-001,+017
-001,+017
-001,+017
-001,+017
-001,+017
-001,+017
-001,+017
-001,+017
-001,+017
-001,+017
-001,+017
-001,+017
-001,+017
-001,+017
-001,+017
-002,+017
-002,+017
-002,+017
-002,+017
-002,+017
-002,+017
-002,+017
-002,+017
-002,+017
-002,+015
-002,+015
-002,+015
-002,+015
-002,+015
-002,+015
-002,+015
-003,+015
-003,+015
-003,+015
-003,+015
-003,+015
-003,+015
-003,+015
-003,+015
-003,+015
-003,+015
-003,+015
-003,+015
-003,+015
-003,+015
-003,+015
-003,+015
-003,+015
-003,+015
-003,+015
-003,+015
-003,+015
-003,+015
-003,+015
-003,+015
-003,+015
-003,+015
-003,+015
-003,+015
-003,+015
-003,+015
-003,+015
-003,+015
-003,+015
-003,+015
-003,+015
-003,+015
-003,+015
-003,+015
-003,+015
-003,+015
-003,+015
-003,+015
-003,+015
-003,+015
-003,+015
-003,+015
-003,+015
-003,+015
-003,+015
-003,+015
-003,+015
-003,+015
-003,+015
-003,+015
-003,+015
-003,+015
-003,+015
-003,+015
-003,+015
-003,+015
-003,+015
-003,+015
-003,+015
-003,+015
-003,+015
-003,+015
-003,+015
-003,+015
-003,+015
-003,+015
-003,+015
-003,+015
-003,+015
-003,+015
-003,+015
-003,+015
-003,+015
-003,+015
-003,+015
-003,+015
-003,+015
-003,+015
-003,+015
-003,+015
-003,+015
-003,+015
-003,+015
-003,+015
-003,+015
-003,+015
-003,+015
-003,+015
-003,+015
-003,+015
-003,+015
-003,+015
-003,+015
-003,+015
-003,+015
-003,+015
-003,+015
-003,+015
-003,+015
-003,+015
-003,+015
-003,+015
-003,+015
-003,+015
-003,+015
-003,+015
-003,+015
-003,+015
-003,+015
-003,+015
-003,+015
-003,+015
-003,+015
-003,+015
-003,+015
-003,+015
-003,+015
-003,+015
-003,+015
-003,+015
-003,+015
-003,+015
-003,+017
-003,+017
-003,+017
-003,+017
-003,+017
-003,+017
-003,+017
-003,+017
-003,+017
-003,+017
-003,+017
-003,+017
-003,+017
-003,+017
-003,+017
-003,+017
-003,+017
-003,+017
-003,+017
-003,+017
-003,+019
-003,+019
-003,+019
-003,+019
-003,+019
-003,+019
-003,+019
-003,+019
-003,+019
-003,+019
-003,+019
-003,+019
-003,+019
-003,+019
-003,+019
-003,+019
-003,+019
-003,+019
-003,+019
-003,+019
-003,+019
-003,+019
-003,+019
-003,+019
-003,+019
-003,+019
-003,+019
-003,+019
-003,+019
-003,+019
-003,+019
-003,+019
-003,+019
-003,+019
-003,+019
-003,+019
-003,+019
-003,+019
-003,+019
-003,+019
-003,+019
-003,+019
-003,+019
-003,+019
-003,+019
-003,+019
-003,+019
-003,+019
-003,+019
-003,+019
-003,+019
-003,+019
-003,+019
-003,+019
-003,+019
-003,+019
-003,+019
-003,+019
-003,+019
-003,+019
-003,+019
-003,+019
-003,+019
-003,+019
-003,+019
-003,+019
-003,+019
-003,+019
-003,+019
-003,+019
-003,+019
-003,+019
-003,+019
-003,+019
-003,+019
-003,+019
-003,+019
-003,+019
-003,+019
-003,+019
-003,+019
-003,+019
-003,+019
-003,+019
-004,+019
-004,+019
-004,+019
-004,+019
-004,+019
-004,+019
-004,+019
-004,+019
-004,+019
-004,+021
-005,+021
-005,+021
-005,+021
-005,+021
-005,+021
-005,+021
-005,+021
-005,+021
-005,+021
-005,+021
-005,+021
-005,+021
-005,+021
-005,+021
-005,+021
-006,+021
-006,+021
-006,+021
-006,+021
-006,+021
-006,+021
-006,+021
-006,+021
-006,+021
-006,+021
-006,+021
-006,+021
-006,+021
-006,+021
-006,+021
-006,+021
-006,+021
-006,+021
-006,+021
-006,+021
-006,+021
-006,+021
-006,+021
-006,+021
-006,+021
-006,+021
-006,+021
-006,+021
-006,+021
-006,+019
-006,+019
-006,+019
-006,+019
-006,+019
-006,+019
-006,+019
-006,+019
-006,+019
-006,+019
-006,+019
-006,+019
-006,+019
-006,+019
-006,+019
-006,+019
-006,+019
-006,+019
-006,+019
-006,+019
-006,+019
-006,+019
-006,+019
-006,+019
-006,+019
-006,+019
-006,+019
-006,+019
-006,+019
-006,+019
-006,+019
-006,+019
-006,+019
-006,+019
-006,+019
-006,+019
-006,+019
-006,+019
-006,+019
-006,+019
-006,+019
-006,+019
-006,+019
-006,+021
-006,+021
-006,+021
-006,+021
-006,+021
-006,+021
-006,+021
-006,+021
-006,+021
-006,+021
-006,+019
-006,+019
-006,+019
-006,+019
-006,+019
-006,+019
-006,+019
-006,+019
-006,+019
-006,+019
-006,+019
-006,+019
-006,+019
-006,+019
-006,+019
-006,+019
-006,+019
-006,+019
-006,+019
-006,+019
-006,+019
-006,+019
-006,+019
-006,+019
-006,+019
-006,+019
-006,+019
-006,+019
-006,+019
-006,+019
-006,+019
-006,+019
-006,+019
-006,+019
-006,+019
-006,+019
-006,+019
-006,+019
-006,+019
-006,+019
-006,+019
-006,+019
-006,+019
-006,+019
-006,+019
-006,+019
-006,+019
-006,+019
-006,+019
-006,+019
-006,+019
-006,+017
-006,+017
-003,+017
-003,+017
-004,+017
-004,+017
-004,+017
-004,+017
-004,+017
-004,+017
-004,+017
-004,+017
-004,+017
-004,+017
-004,+017
-004,+017
-004,+017
-004,+017
-004,+017
-004,+017
-004,+017
-004,+017
-004,+017
-004,+017
-004,+017
-004,+017
-004,+017
-004,+015
-004,+015
-004,+015
-004,+015
-004,+015
-004,+015
-004,+015
-004,+015
-004,+015
-004,+015
-004,+015
-004,+015
-004,+015
-004,+015
-004,+015
-004,+015
-004,+015
-004,+015
-004,+015
-004,+015
-004,+015
-004,+015
-004,+015
-004,+015
-004,+015
-004,+015
-004,+015
-004,+015
-004,+015
-004,+015
-004,+015
-004,+015
-004,+015
-004,+015
-004,+015
-004,+015
-004,+015
-004,+015
-004,+017
-004,+017
-004,+017
-004,+017
-004,+017
-004,+017
-004,+017
-004,+017
-004,+017
-004,+017
-004,+017
-004,+017
-004,+017
-004,+017
-004,+017
-004,+017
-004,+017
-004,+017
-004,+017
-004,+017
-004,+017
-004,+017
-004,+017
-004,+017
-004,+017
-004,+017
-004,+017
-004,+017
-004,+017
-004,+017
-004,+017
-004,+017
-004,+017
-004,+017
-004,+017
-004,+017
-004,+017
-004,+017
-004,+017
-004,+017
-004,+017
-004,+017
-004,+017
-004,+017
-004,+017
-004,+017
-004,+017
-004,+017
-004,+017
-004,+017
-004,+017
-004,+017
-005,+017
-005,+017
-005,+017
-005,+017
-005,+017
-005,+017
-005,+017
-005,+017
-005,+017
-005,+017
-005,+017
-005,+017
-005,+017
-005,+017
-005,+017
-005,+017
-005,+017
-005,+017
-005,+017
-005,+017
-005,+017
-005,+017
-005,+017
-005,+017
-005,+017
-005,+017
-005,+017
-005,+017
-005,+017
-005,+017
-005,+017
-005,+017
-005,+017
-005,+017
-005,+017
-005,+017
-005,+017
-005,+017
-005,+017
-005,+017
-005,+017
-005,+017
-005,+017
-005,+017
-005,+017
-005,+017
-005,+017
-005,+017
-005,+017
-005,+017
-005,+017
-005,+017
-005,+017
-005,+017
-005,+017
-005,+017
-005,+017
-005,+017
-005,+017
-005,+017
-005,+017
-005,+017
-005,+017
-005,+017
-005,+017
-005,+017
-005,+017
-005,+017
-005,+017
-005,+017
-005,+017
-005,+017
-005,+017
-005,+017
-005,+017
-005,+017
-005,+017
-005,+017
-005,+017
-005,+017
-005,+017
-005,+017
-005,+017
-005,+017
-005,+017
-005,+017
-005,+017
-005,+017
-005,+017
-005,+017
-005,+017
-005,+017
-005,+015
-005,+015
-005,+015
-005,+015
-005,+015
-005,+015
-005,+015
-005,+015
-005,+015
-005,+015
-005,+015
-005,+015
-005,+015
-005,+015
-005,+015
-005,+015
-005,+015
-005,+015
-005,+015
-005,+015
-005,+015
-005,+015
-005,+015
-005,+015
-005,+015
-005,+015
-005,+015
-005,+015
-005,+015
-005,+015
-005,+015
-005,+015
-005,+015
-005,+015
-005,+015
-005,+015
-005,+015
-005,+015
-005,+015
-005,+015
-005,+015
-005,+015
-005,+015
-005,+015
-005,+015
-005,+015
-005,+015
-005,+015
-005,+015
-005,+015
-005,+015
-005,+015
-005,+015
-005,+015
-005,+013
-005,+013
-005,+013
-005,+013
-005,+013
-005,+013
-005,+013
-005,+013
-005,+013
-005,+013
-005,+013
-005,+013
-005,+013
-005,+013
-005,+013
-005,+013
-005,+013
-005,+013
-005,+013
-005,+013
-005,+013
-005,+013
-005,+013
-005,+013
-005,+013
-005,+013
-005,+013
-005,+013
-005,+013
-005,+013
-005,+013
-005,+013
-005,+013
-005,+013
-005,+013
-005,+013
-005,+013
-005,+013
-005,+013
-005,+013
-005,+013
-005,+013
-005,+013
-005,+013
-005,+013
-005,+013
-005,+013
-005,+013
-005,+013
-005,+013
-005,+013
-005,+013
-005,+013
-005,+013
-005,+013
-005,+013
-005,+013
-005,+013
-005,+013
-005,+013
-005,+013
-005,+013
-005,+013
-005,+013
-005,+013
-005,+013
-005,+013
-005,+013
-005,+013
-005,+013
-005,+013
-005,+013
-005,+013
-005,+013
-005,+013
-005,+013
-005,+013
-005,+013
-005,+013
-005,+013
-005,+013
-005,+013
-005,+015
-005,+015
-005,+015
-005,+015
-005,+015
-005,+015
-005,+015
-005,+015
-005,+015
-005,+015
-005,+015
-005,+015
-005,+015
-005,+015
-005,+015
-005,+015
-005,+015
-005,+015
-005,+015
-005,+015
-005,+015
-005,+015
-005,+015
-005,+015
-005,+015
-005,+015
-005,+015
-005,+015
-005,+015
-005,+015
-005,+015
-005,+015
-005,+015
-006,+015
-006,+015
-006,+015
-006,+015
-006,+015
-006,+015
-006,+015
-006,+015
-006,+015
-006,+015
-006,+015
-006,+015
-006,+015
-006,+015
-006,+015
-006,+015
-006,+015
-006,+015
-006,+015
-006,+015
-006,+015
-006,+015
-006,+015
-006,+015
-006,+015
-006,+015
-006,+015
-006,+015
-006,+015
-006,+015
-006,+015
-006,+015
-006,+015
-006,+015
-006,+015
-006,+015
-006,+015
-006,+015
-006,+015
-006,+015
-006,+015
-006,+015
-006,+015
-006,+015
-006,+015
-006,+015
-006,+015
-006,+015
-006,+015
-006,+015
-006,+015
-006,+015
-006,+015
-006,+015
-006,+015
-006,+015
-006,+015
-006,+015
-006,+015
-006,+015
-006,+015
-006,+015
-006,+015
-006,+015
-006,+015
-006,+015
-006,+017
-006,+017
-006,+017
-006,+017
-006,+017
-006,+017
-006,+017
-006,+017
-006,+017
-006,+017
-006,+017
-006,+017
-006,+015
-006,+015
-006,+015
-006,+015
-006,+015
-006,+015
-006,+015
-006,+015
-006,+015
-006,+015
-006,+015
-006,+015
-006,+015
-006,+015
-006,+015
-006,+015
-006,+015
-006,+015
-006,+015
-006,+015
-006,+015
-006,+013
-006,+013
-006,+013
-006,+013
-006,+013
-006,+013
-006,+013
-006,+013
-006,+013
-006,+013
-006,+013
-006,+013
-006,+013
-006,+013
-006,+013
-006,+013
-006,+013
-006,+013
-006,+013
-006,+013
-006,+013
-006,+013
-006,+013
-006,+011
-006,+011
-006,+011
-006,+011
-006,+011
-006,+011
-006,+011
-006,+011
-006,+011
-006,+011
-006,+011
-006,+011
-006,+011
-006,+011
-006,+011
-006,+011
-006,+011
-006,+011
-006,+011
-006,+011
-006,+011
-006,+011
-003,+011
-003,+011
-004,+011
-004,+011
-004,+011
-004,+011
-004,+011
-004,+011
-004,+011
-004,+011
-004,+011
-004,+011
-004,+011
-004,+011
-004,+011
-004,+011
-004,+011
-004,+011
-004,+011
-004,+011
-004,+011
-004,+011
-004,+011
-004,+011
-004,+011
-004,+009
-004,+009
-004,+009
-004,+009
-004,+009
-004,+009
-004,+009
-004,+009
-004,+009
-004,+009
-004,+009
-004,+009
-004,+009
-004,+009
-004,+009
-004,+009
-004,+009
-004,+009
-004,+009
-004,+009
-004,+009
-004,+009
-004,+009
-004,+009
-004,+009
-004,+009
-004,+009
-004,+009
-004,+009
-004,+009
-004,+009
-004,+009
-004,+009
-004,+009
-004,+009
-004,+009
-004,+009
-004,+009
-004,+009
-004,+009
-004,+009
-004,+009
-004,+009
-004,+009
-004,+009
-004,+009
-004,+009
-004,+009
-004,+009
-004,+009
-004,+009
-004,+009
-004,+009
-004,+009
-004,+009
-004,+009
-004,+009
-004,+009
-004,+009
-004,+009
-004,+009
-004,+009
-004,+009
-004,+009
-004,+009
-004,+009
-004,+009
-005,+009
-005,+009
-005,+009
-005,+009
-005,+009
-006,+009
-006,+011
-006,+011
-006,+011
-006,+011
-006,+011
-006,+011
-006,+011
-007,+011
-007,+011
-007,+011
-007,+011
-007,+011
-007,+011
-007,+011
-007,+011
-007,+011
-007,+011
-007,+011
-007,+011
-007,+011
-007,+011
-007,+011
-007,+011
-007,+011
-007,+011
-007,+011
-007,+011
-007,+011
-007,+011
-007,+011
-007,+011
-007,+011
-007,+011
-007,+011
-007,+011
-007,+011
-007,+011
-007,+011
-007,+011
-007,+011
-007,+011
-007,+011
-007,+011
-007,+011
-007,+011
-007,+011
-007,+011
-007,+011
-007,+011
-007,+011
-007,+011
-007,+011
-007,+011
-007,+011
-007,+011
-007,+011
-007,+011
-007,+011
-007,+013
-007,+013
-007,+013
-007,+013
-007,+013
-007,+013
-007,+013
-007,+013
-007,+013
-007,+013
-007,+013
-007,+013
-007,+013
-007,+013
-007,+013
-007,+013
-007,+013
-007,+013
-007,+013
-007,+013
-007,+013
-007,+013
-007,+013
-007,+013
-007,+013
-007,+013
-007,+013
-007,+013
-007,+013
-007,+013
-007,+013
-007,+013
-007,+013
-007,+013
-007,+013
-007,+013
-007,+013
-007,+013
-007,+013
-007,+013
-007,+013
-007,+013
-007,+013
-007,+013
-007,+013
-007,+013
-007,+013
-007,+013
-007,+013
-007,+013
-007,+013
-007,+013
-007,+013
-007,+013
-007,+013
-007,+013
-007,+013
-007,+013
-007,+013
-007,+013
-007,+013
-007,+013
-007,+013
-007,+013
-007,+013
-007,+013
-007,+013
-007,+013
-007,+013
-007,+013
-007,+013
-007,+013
-007,+013
-007,+013
-007,+013
-008,+013
-008,+013
-008,+013
-008,+013
-008,+013
-008,+013
-008,+013
-008,+013
-008,+013
-008,+013
-008,+013
-008,+013
-008,+013
-008,+013
-008,+013
-008,+013
-008,+013
-008,+013
-008,+013
-008,+013
-008,+013
-008,+013
-008,+013
-008,+013
-008,+013
-009,+013
-009,+013
-009,+013
-009,+013
-009,+013
-009,+013
-009,+013
-009,+013
-009,+013
-009,+013
-009,+013
-009,+013
-009,+013
-009,+013
-010,+013
-010,+013
-010,+013
-010,+013
-010,+013
-010,+013
-011,+013
-011,+013
-011,+013
-011,+013
-011,+013
-011,+013
-011,+013
-012,+013
-012,+013
-012,+013
-012,+013
-012,+013
-012,+013
-012,+013
-012,+013
-012,+013
-013,+013
-013,+013
-013,+013
-013,+013
-013,+013
-013,+013
-013,+013
-013,+013
-013,+013
-013,+013
-013,+013
-013,+011
-013,+011
-013,+011
-013,+011
-013,+011
-013,+011
-013,+011
-013,+011
-013,+011
-013,+011
-013,+011
-013,+011
-013,+011
-013,+011
-013,+011
-013,+011
-013,+011
-013,+011
-013,+011
-013,+011
-013,+011
-013,+011
-013,+011
-013,+011
-013,+011
-013,+011
-013,+011
-013,+011
-013,+011
-013,+011
-013,+011
-013,+011
-013,+011
-013,+011
-013,+011
-013,+011
-013,+011
-013,+011
-013,+011
-013,+011
-013,+011
-013,+011
-013,+011
-013,+011
-013,+011
-013,+011
-013,+011
-013,+011
-013,+011
-013,+011
-013,+011
-013,+011
-013,+011
-013,+011
-013,+011
-013,+011
-013,+011
-013,+011
-013,+011
-013,+011
-013,+013
-010,+013
-011,+013
-011,+013
-011,+013
-011,+013
-011,+013
-011,+013
-011,+013
-011,+013
-011,+013
-011,+013
-011,+013
-011,+013
-011,+013
-011,+013
-011,+013
-011,+013
-011,+013
-011,+013
-011,+013
-011,+013
-011,+013
-011,+013
-011,+013
-011,+013
-011,+013
-011,+013
-011,+013
-011,+013
-011,+013
-011,+013
-011,+013
-011,+013
-011,+013
-011,+013
-011,+013
-011,+013
-011,+015
-011,+015
-011,+015
-011,+015
-011,+015
-011,+015
-011,+015
-011,+015
-011,+015
-011,+015
-011,+015
-011,+015
-011,+015
-011,+015
-011,+015
-011,+015
-011,+015
-011,+015
-011,+015
-011,+015
-011,+015
-011,+015
-011,+015
-011,+015
-011,+015
-011,+015
-011,+015
-011,+015
-011,+015
-011,+015
-011,+015
-011,+015
-011,+015
-011,+015
-011,+015
-011,+015
-011,+015
-011,+015
-011,+015
-011,+015
-011,+015
-011,+015
-011,+015
-011,+015
-011,+015
-011,+015
-011,+015
-011,+015
-011,+015
-011,+015
-011,+015
-011,+015
-011,+015
-011,+015
-011,+015
-011,+017
-011,+017
-011,+017
-011,+017
-011,+017
-011,+017
-011,+017
-011,+017
-011,+017
-011,+017
-011,+017
-011,+017
-011,+017
-011,+017
-011,+017
-011,+017
-011,+017
-011,+017
-011,+017
-011,+017
-011,+017
-011,+017
-011,+017
-011,+017
-011,+017
-011,+015
-011,+015
-011,+015
-011,+015
-011,+015
-011,+015
-011,+015
-011,+015
-011,+015
-011,+015
-011,+015
-011,+015
-011,+015
-011,+015
-011,+015
-011,+015
-011,+015
-011,+015
-011,+015
-011,+015
-011,+015
-011,+015
-011,+015
-011,+015
-011,+015
-011,+015
-011,+015
-011,+015
-011,+015
-011,+015
-011,+015
-011,+015
-011,+015
-011,+015
-011,+015
-011,+015
-011,+015
-011,+015
-011,+015
-011,+015
-011,+015
-011,+015
-011,+015
-011,+015
-011,+015
-011,+015
-011,+015
-011,+015
-011,+017
-011,+017
-011,+017
-011,+017
-011,+017
-011,+017
-011,+017
-011,+017
-011,+017
-011,+017
-011,+017
-011,+017
-011,+017
-011,+017
-011,+017
-011,+017
-011,+017
-011,+017
-011,+017
-011,+017
-011,+017
-011,+017
-011,+017
-011,+017
-011,+017
-011,+017
-011,+017
-011,+017
-011,+017
-011,+017
-011,+017
-011,+017
-011,+017
-011,+017
-011,+017
-011,+017
-011,+017
-011,+017
-011,+017
-011,+017
-011,+017
-011,+017
-011,+017
-011,+017
-011,+017
-011,+017
-011,+017
-011,+017
-011,+017
-011,+017
-011,+017
-011,+017
-011,+017
-011,+017
-011,+017
-011,+017
-011,+017
-011,+017
-011,+017
-011,+017
-011,+017
-011,+017
-011,+017
-011,+017
-011,+017
-011,+017
-011,+017
-011,+017
-011,+017
-012,+017
-012,+017
-012,+017
-012,+017
-012,+017
-012,+017
-012,+017
-012,+017
-012,+017
-012,+017
-012,+017
-012,+017
-012,+017
-012,+017
-012,+017
-012,+017
-012,+017
-012,+017
-012,+017
-012,+017
-012,+017
-012,+017
-012,+017
-012,+017
-012,+017
-012,+017
-012,+017
-012,+017
-012,+017
-012,+017
-012,+017
-012,+017
-012,+017
-012,+017
-012,+017
-012,+017
-012,+017
-012,+017
-012,+017
-012,+017
-012,+017
-012,+017
-012,+017
-012,+017
-012,+017
-012,+017
-012,+017
-012,+017
-012,+017
-012,+017
-012,+017
-012,+017
-012,+017
-012,+017
-012,+017
-012,+017
-012,+017
-012,+017
-012,+017
-012,+017
-012,+017
-012,+017
-012,+017
-012,+017
-012,+017
-012,+017
-012,+017
-012,+017
-012,+017
-012,+017
-012,+017
-012,+017
-012,+017
-012,+017
-012,+017
-012,+017
-012,+017
-012,+017
-012,+017
-012,+017
-012,+017
-012,+017
-012,+017
-012,+017
-012,+017
-012,+017
-012,+017
-012,+017
-012,+017
-012,+017
-012,+017
-012,+017
-012,+017
-012,+017
-012,+017
-012,+017
-012,+017
-012,+017
-012,+017
-012,+017
-012,+017
-012,+017
-012,+017
-012,+017
-012,+017
-012,+017
-012,+017
-012,+017
-012,+017
-012,+017
-012,+017
-012,+017
-012,+017
-012,+017
-012,+017
-012,+017
-012,+017
-012,+017
-012,+017
-012,+017
-012,+017
-012,+017
-012,+017
-012,+017
-012,+017
-012,+017
-012,+017
-012,+017
-012,+017
-012,+015
-012,+015
-012,+015
-012,+015
-012,+015
-012,+015
-012,+015
-012,+015
-012,+015
-012,+015
-012,+015
-012,+015
-012,+015
-012,+015
-012,+015
-012,+015
-012,+015
-012,+015
-012,+015
-012,+015
-012,+015
-012,+015
-012,+015
-012,+015
-012,+015
-012,+015
-012,+015
-012,+015
-012,+015
-012,+015
-012,+015
-012,+015
-012,+017
-012,+017
-012,+017
-012,+017
-012,+017
-012,+017
-012,+017
-012,+017
-012,+017
-012,+017
-012,+017
-012,+017
-012,+017
-012,+017
-012,+017
-012,+017
-012,+017
-012,+017
-012,+017
-012,+017
-012,+017
-012,+017
-012,+017
-012,+017
-012,+017
-012,+017
-012,+017
-012,+017
-012,+017
-012,+017
-012,+017
-012,+017
-012,+017
-012,+017
-012,+017
-012,+017
-012,+017
-012,+017
-012,+017
-012,+017
-012,+017
-012,+017
-012,+017
-012,+017
-012,+017
-012,+017
-012,+017
-012,+017
-012,+017
-012,+017
-012,+017
-012,+017
-012,+017
-012,+017
-012,+017
-012,+017
-012,+017
-012,+017
-012,+017
-012,+017
-012,+017
-012,+017
-012,+017
-012,+017
-012,+017
-012,+017
-012,+017
-012,+017
-012,+017
-012,+017
-012,+017
-012,+017
-012,+019
-012,+019
-012,+019
-012,+019
-012,+019
-012,+019
-012,+019
-012,+019
-012,+019
-012,+019
-012,+019
-012,+019
-012,+019
-012,+019
-012,+019
-012,+019
-012,+019
-012,+019
-012,+019
-012,+019
-012,+019
-012,+019
-012,+019
-012,+019
-012,+019
-012,+019
-012,+019
-012,+019
-012,+019
-012,+019
-012,+019
-012,+021
-012,+021
-012,+021
-012,+021
-012,+021
-012,+021
-012,+021
-012,+021
-012,+021
-012,+021
-012,+021
-012,+021
-012,+021
-012,+021
-012,+021
-012,+021
-012,+021
-012,+021
-012,+021
-012,+021
-012,+021
-012,+021
-012,+021
-012,+021
-012,+021
-009,+021
-009,+021
-010,+021
-010,+021
-010,+021
-010,+021
-010,+021
-010,+021
-010,+021
-010,+021
-010,+021
-010,+021
-010,+021
-010,+021
-010,+021
-010,+021
-010,+021
-010,+021
-010,+021
-010,+021
-010,+021
-010,+021
-010,+021
-010,+021
-010,+021
-010,+021
-010,+021
-010,+021
-010,+021
-010,+021
-010,+021
-010,+021
-010,+021
-010,+021
-010,+021
-010,+021
-010,+021
-010,+021
-010,+021
-010,+021
-010,+021
-010,+021
-010,+021
-010,+021
-010,+021
-010,+021
-010,+021
-010,+021
-010,+021
-010,+021
-010,+021
-010,+021
-010,+021
-010,+021
-010,+019
-010,+019
-010,+019
-010,+019
-010,+019
-010,+019
-010,+019
-010,+019
-010,+019
-010,+019
-010,+019
-010,+019
-010,+019
-010,+019
-010,+019
-010,+019
-010,+021
-010,+021
-010,+021
-010,+021
-010,+021
-010,+021
-010,+021
-010,+021
-010,+021
-010,+021
-010,+021
-010,+021
-007,+021
-008,+021
-008,+021
-008,+021
-008,+021
-008,+021
-008,+021
-008,+021
-008,+021
-008,+021
-008,+021
-008,+023
-008,+023
-008,+023
-008,+023
-008,+023
-008,+023
-008,+023
-008,+023
-008,+023
-008,+023
-008,+023
-008,+023
-008,+023
-008,+023
-008,+023
-008,+023
-008,+023
-008,+023
-008,+023
-008,+023
-008,+023
-008,+023
-008,+023
-008,+023
-008,+023
-008,+023
-008,+023
-008,+023
-008,+023
-008,+023
-008,+023
-008,+023
-008,+023
-008,+023
-008,+023
-008,+023
-008,+023
-008,+023
-008,+023
-008,+023
-008,+023
-008,+023
-008,+023
-008,+023
-008,+023
-008,+023
-008,+023
-008,+023
-008,+023
-008,+023
-008,+023
-008,+023
-008,+023
-008,+023
-008,+023
-008,+023
-008,+023
-008,+023
-008,+023
-008,+023
-008,+023
-008,+023
-008,+023
-008,+023
-008,+023
-008,+023
-008,+021
-008,+021
-008,+021
-008,+021
-008,+021
-008,+021
-008,+021
-008,+021
-008,+021
-008,+021
-008,+021
-008,+021
-008,+021
-008,+021
-008,+021
-008,+021
-008,+021
-008,+021
-008,+021
-008,+021
-008,+021
-008,+021
-008,+021
-008,+021
-008,+023
-008,+023
-008,+023
-008,+023
-008,+023
-008,+023
-008,+023
-008,+023
-008,+023
-008,+023
-008,+023
-008,+023
-008,+023
-008,+023
-008,+023
-008,+023
-008,+023
-008,+023
-008,+023
-008,+023
-008,+023
-008,+023
-008,+023
-008,+023
-008,+023
-008,+023
-008,+023
-008,+023
-008,+023
-008,+023
-008,+023
-008,+023
-008,+023
-008,+023
-008,+023
-008,+023
-008,+023
-008,+023
-008,+023
-008,+023
-008,+023
-008,+023
-008,+021
-008,+021
-008,+021
-005,+021
-005,+021
-006,+021
-006,+021
-006,+021
-006,+021
-006,+021
-006,+021
-006,+021
-006,+021
-006,+021
-006,+021
-006,+021
-006,+021
-006,+021
-006,+021
-006,+021
-006,+019
-006,+019
-006,+019
-006,+019
-006,+019
-006,+019
-006,+019
-006,+019
-006,+019
-006,+019
-006,+019
-006,+019
-006,+019
-006,+019
-006,+019
-006,+019
-006,+019
-006,+019
-006,+019
-006,+019
-006,+019
-006,+019
-006,+019
-006,+019
-006,+019
-006,+019
-006,+019
-006,+019
-006,+019
-006,+019
-006,+019
-006,+019
-006,+019
-006,+019
-006,+021
-006,+021
-006,+021
-006,+021
-006,+021
-006,+021
-006,+021
-006,+021
-006,+021
-006,+021
-006,+021
-006,+021
-006,+021
-006,+021
-006,+021
-006,+021
-006,+021
-006,+021
-006,+021
-006,+021
-006,+021
-006,+021
-003,+021
-003,+021
-003,+021
-003,+021
-003,+021
-003,+021
-003,+021
-003,+021
-003,+021
-003,+021
-003,+021
-003,+021
-003,+021
-003,+021
-003,+021
-003,+021
-003,+021
-003,+021
-003,+021
-003,+021
-003,+021
-003,+021
-003,+021
-003,+021
-003,+019
-003,+019
-003,+019
-003,+019
-003,+019
-003,+019
-003,+019
-003,+019
-003,+019
-003,+019
-003,+019
-003,+019
-003,+019
-003,+019
-003,+019
-003,+019
-003,+019
-003,+019
-003,+019
-003,+019
-003,+019
-003,+019
-003,+019
-003,+019
-003,+019
-003,+019
-003,+019
-003,+019
-003,+019
-003,+019
-003,+019
-003,+019
-003,+019
-003,+019
-003,+019
-003,+019
-003,+019
-003,+019
-003,+019
-003,+019
-003,+019
-003,+019
-003,+019
-003,+019
-003,+019
-003,+019
-003,+019
-003,+017
-003,+017
-003,+017
-003,+017
-003,+017
-003,+017
-003,+017
-003,+017
-003,+017
-003,+017
-003,+017
-003,+017
-003,+019
-003,+019
-003,+019
-003,+019
-003,+019
-003,+019
-003,+019
-003,+019
-003,+019
-003,+019
-003,+019
-003,+019
-003,+019
-003,+019
-003,+019
-003,+019
-003,+019
-003,+019
-003,+019
-003,+019
-003,+019
-003,+019
-003,+019
-003,+019
-003,+019
-004,+019
-004,+019
-004,+019
-004,+019
-004,+019
-004,+019
-004,+019
-004,+019
-005,+019
-005,+019
-005,+019
-005,+019
-005,+019
-005,+019
-005,+019
-005,+019
-005,+019
-005,+019
-005,+019
-005,+019
-005,+019
-005,+019
-005,+019
-005,+019
-005,+019
-005,+019
-006,+019
-006,+019
-006,+019
-006,+019
-006,+019
-006,+019
-006,+019
-006,+019
-006,+019
-006,+019
-006,+019
-006,+019
-006,+019
-006,+019
-006,+019
-006,+019
-006,+019
-006,+019
-006,+019
-006,+019
-006,+019
-006,+019
-006,+019
-006,+019
-006,+019
-006,+019
-006,+019
-006,+019
-006,+019
-006,+019
-006,+019
-006,+019
-006,+019
-006,+019
-006,+019
-006,+019
-006,+019
-006,+019
-006,+019
-006,+019
-006,+019
-006,+019
-006,+019
-006,+019
-006,+019
-006,+019
-006,+019
-006,+019
-006,+019
-006,+019
-006,+019
-006,+019
-006,+019
-006,+019
-006,+019
-006,+019
-006,+019
-006,+019
-006,+019
-006,+019
-006,+019
-006,+019
-006,+019
-006,+019
-006,+019
-006,+019
-006,+019
-006,+019
-006,+019
-006,+019
-003,+017
-004,+017
-004,+017
-004,+017
-004,+017
-004,+017
-004,+017
-004,+017
-004,+017
-004,+017
-004,+017
-004,+017
-004,+017
-004,+017
-004,+017
-004,+017
-004,+017
-004,+017
-004,+017
-004,+017
-004,+017
-004,+017
-004,+017
-004,+017
-004,+017
-004,+017
-004,+017
-004,+017
-004,+017
-004,+017
-004,+017
-004,+017
-004,+017
-004,+017
-004,+017
-004,+017
-004,+017
-004,+017
-004,+017
-004,+017
-001,+017
-002,+017
-002,+017
-002,+017
-002,+017
-002,+017
-002,+017
-002,+017
-002,+017
-002,+017
-002,+017
-002,+017
-002,+017
-002,+017
-002,+017
-002,+017
-002,+017
-002,+017
-002,+017
-002,+017
-002,+017
-002,+017
-002,+017
-002,+017
-002,+017
-002,+017
-002,+017
-003,+017
-003,+017
-003,+017
-003,+017
-003,+017
-003,+017
-003,+017
-003,+017
-003,+017
-003,+017
-003,+017
-003,+017
-003,+017
-003,+017
-003,+017
-003,+017
-003,+017
-004,+017
-004,+017
-004,+017
-004,+017
-004,+017
-004,+019
-004,+019
-004,+019
-004,+019
-004,+019
-004,+019
-005,+019
-005,+019
-005,+019
-005,+019
-005,+019
-005,+019
-005,+019
-005,+019
-005,+019
-005,+019
-005,+019
-005,+019
-005,+019
-005,+019
-005,+019
-005,+019
-005,+019
-005,+019
-005,+019
-005,+019
-005,+019
-006,+019
-006,+019
-006,+019
-006,+017
-006,+017
-006,+017
-006,+017
-006,+017
-006,+017
-006,+017
-006,+017
-006,+017
-006,+017
-006,+017
-006,+017
-006,+017
-007,+017
-007,+017
-007,+017
-007,+017
-007,+017
-007,+017
-007,+017
-007,+017
-007,+017
-007,+017
-007,+017
-007,+017
-007,+017
-007,+017
-007,+017
-007,+017
-007,+017
-007,+017
-007,+017
-007,+017
-007,+017
-007,+017
-007,+017
-007,+017
-007,+017
-007,+017
-007,+017
-007,+017
-007,+017
-007,+017
-007,+017
-007,+017
-007,+017
-007,+017
-007,+017
-007,+017
-007,+017
-007,+017
-007,+017
-007,+017
-007,+017
-007,+017
-007,+017
-007,+017
-007,+017
-007,+017
-007,+017
-007,+017
-007,+017
-007,+017
-007,+017
-007,+017
-007,+017
-007,+017
-007,+017
-007,+017
-007,+017
-007,+017
-007,+017
-007,+017
-007,+017
-007,+015
-007,+015
-007,+015
-007,+015
-007,+015
-007,+015
-007,+015
-007,+015
-007,+015
-007,+015
-007,+015
-007,+015
-007,+015
-007,+015
-007,+015
-007,+015
-007,+015
-007,+015
-007,+015
-007,+015
-007,+015
-007,+015
-007,+015
-007,+015
-007,+015
-007,+015
-007,+015
-007,+015
-007,+015
-007,+015
-007,+015
-007,+015
-007,+015
-007,+015
-007,+015
-007,+015
-007,+015
-007,+015
-007,+015
-007,+015
-007,+015
-007,+015
-007,+015
-007,+015
-007,+015
-007,+015
-007,+015
-007,+015
-007,+015
-007,+015
-007,+015
-007,+015
-007,+015
-007,+015
-007,+015
-007,+015
-007,+015
-007,+015
-007,+015
-007,+017
-007,+017
-007,+017
-007,+017
-007,+017
-007,+017
-007,+017
-007,+017
-007,+017
-007,+017
-007,+017
-007,+017
-007,+017
-007,+017
-007,+017
-007,+017
-007,+017
-007,+017
-007,+017
-007,+017
-007,+017
-007,+017
-007,+017
-007,+017
-007,+017
-007,+015
-007,+015
-007,+015
-007,+015
-007,+015
-007,+015
-007,+015
-007,+015
-007,+015
-007,+015
-007,+015
-007,+015
-007,+015
-007,+015
-008,+015
-008,+015
-008,+015
-008,+015
-008,+015
-008,+015
-008,+015
-008,+015
-008,+015
-008,+015
-008,+015
-008,+015
-008,+015
-008,+015
-008,+015
-008,+015
-008,+015
-008,+015
-008,+015
-008,+017
-008,+017
-008,+017
-008,+017
-008,+017
-008,+017
-008,+017
-008,+017
-008,+017
-008,+017
-008,+017
-008,+017
-008,+017
-008,+017
-008,+017
-008,+017
-008,+017
-008,+017
-008,+017
-008,+017
-008,+015
-008,+015
-008,+015
-008,+015
-008,+015
-008,+015
-008,+015
-008,+015
-008,+015
-008,+015
-008,+015
-008,+015
-008,+015
-008,+015
-008,+015
-008,+015
-008,+015
-008,+015
-008,+015
-008,+015
-008,+015
-008,+015
-008,+015
-008,+013
-008,+013
-008,+013
-008,+013
-008,+013
-008,+013
-008,+013
-008,+013
-008,+013
-008,+013
-008,+013
-008,+013
-008,+013
-008,+013
-008,+013
-008,+013
-008,+013
-008,+013
-008,+013
-008,+013
-008,+013
-008,+013
-008,+013
-008,+013
-008,+013
-008,+013
-008,+013
-008,+013
-008,+015
-008,+015
-008,+015
-008,+015
-008,+015
-008,+015
-008,+015
-008,+015
-008,+015
-008,+015
-008,+015
-008,+015
-008,+015
-008,+015
-008,+015
-008,+015
-008,+015
-008,+015
-008,+015
-008,+017
-008,+017
-008,+017
-008,+017
-008,+017
-008,+017
-008,+017
-008,+017
-008,+017
-008,+017
-008,+017
-008,+017
-008,+017
-008,+017
-008,+017
-008,+017
-008,+017
-008,+017
-008,+017
-008,+017
-008,+017
-008,+017
-008,+017
-008,+017
-008,+017
-008,+017
-008,+017
-008,+017
-008,+017
-008,+017
-008,+017
-008,+017
-008,+017
-008,+017
-008,+017
-008,+017
-008,+017
-008,+017
-008,+017
-008,+017
-008,+017
-008,+017
-008,+017
-008,+017
-008,+017
-008,+017
-005,+017
-005,+017
-006,+017
-006,+017
-006,+017
-006,+017
-006,+017
-006,+017
-006,+019
-006,+019
-006,+019
-006,+019
-006,+019
-006,+019
-006,+019
-006,+019
-006,+019
-006,+019
-006,+019
-006,+019
-006,+019
-006,+019
-006,+019
-006,+019
-006,+019
-006,+019
-006,+019
-006,+019
-006,+019
-006,+019
-006,+019
-006,+019
-006,+019
-006,+019
-006,+019
-006,+019
-006,+019
-006,+019
-006,+019
-006,+019
-006,+019
-006,+019
-006,+019
-006,+019
-006,+019
-006,+019
-006,+019
-006,+019
-006,+019
-006,+019
-006,+019
-006,+019
-006,+019
-006,+019
-006,+019
-006,+019
-006,+019
-006,+019
-006,+019
-006,+019
-006,+019
-006,+019
-006,+019
-006,+019
-006,+019
-006,+019
-006,+019
-006,+019
-006,+019
-006,+019
-006,+019
-006,+019
-006,+019
-006,+019
-006,+019
-006,+019
-006,+019
-006,+019
-006,+019
-006,+019
-006,+019
-006,+019
-006,+019
-006,+019
-006,+019
-006,+019
-006,+019
-006,+019
-006,+019
-006,+019
-006,+019
-006,+019
-006,+021
-006,+021
-006,+021
-006,+021
-006,+021
-006,+021
-006,+021
-006,+021
-006,+021
-006,+021
-006,+021
-006,+021
-006,+021
-003,+021
-003,+021
-003,+021
COP Area(S): 000348
COP Area(R): 000768