+000,-000
+000,-000
+000,-000
+000,-000
+000,-000
+000,-000
+000,-000
+000,-000
+000,-000
+000,-000
+000,-000
+000,-000
+000,-003
+000,-003
+000,-003
+000,-003
+000,-003
+000,-003
+000,-003
+000,-003
+000,-003
+000,-003
+000,-003
+000,-003
+000,-003
+000,-003
+000,-003
+000,-003
+000,-003
+000,-003
+000,-003
+000,-003
+000,-003
+000,-003
+000,-003
+000,-003
+000,-003
+000,-003
+000,-003
+000,-003
+000,-003
+000,-003
+000,-002
+000,-002
+002,-002
+002,-002
+002,-001
+002,-001
+002,-000
+002,-000
+002,-000
+002,-000
+002,-000
+004,-001
+004,-001
+004,-001
+004,-001
+004,-001
+004,-002
+004,-002
+004,-002
+004,-002
+004,-002
+004,-003
+006,-003
+006,-003
+006,-003
+006,-003
+006,-003
+006,-004
+006,-004
+006,-004
+006,-004
+006,-004
+006,-005
+006,-005
+006,-006
+006,-006
+006,-006
+006,-007
+006,-008
+006,-008
+006,-009
+006,-009
+006,-010
+006,-010
+006,-011
+006,-011
+006,-011
+006,-011
+006,-011
+006,-011
+006,-011
+006,-011
+006,-011
+006,-011
+006,-011
+006,-011
+006,-011
+006,-011
+006,-011
+006,-011
+006,-011
+006,-011
+008,-011
+008,-011
+008,-011
+008,-011
+008,-011
+008,-011
+008,-011
+008,-011
+008,-011
+008,-011
+011,-008
+011,-008
+011,-008
+011,-008
+011,-008
+011,-008
+011,-008
+011,-008
+011,-008
+011,-008
+011,-008
+011,-008
+011,-008
+011,-008
+011,-008
+011,-008
+011,-008
+011,-008
+011,-008
+011,-008
+011,-008
+011,-005
+011,-005
+011,-006
+011,-006
+011,-006
+011,-006
+011,-006
+011,-006
+013,-006
+013,-006
+013,-006
+013,-006
+013,-006
+013,-006
+013,-006
+013,-006
+013,-006
+013,-006
+013,-006
+015,-006
+015,-006
+015,-006
+015,-006
+015,-006
+015,-006
+015,-006
+015,-006
+015,-006
+017,-006
+017,-003
+017,-003
+017,-003
+017,-003
+017,-003
+017,-003
+017,-003
+017,-003
+017,-000
+017,-000
+017,-000
+019,-000
+019,-000
+019,-000
+019,-000
+019,-000
+019,-000
+019,-003
+019,-003
+019,-003
+019,-003
+019,-003
+019,-003
+019,-003
+019,-006
+019,-006
+019,-006
+019,-006
+019,-006
+019,-006
+019,-006
+019,-009
+019,-009
+019,-009
+019,-009
+019,-009
+019,-009
+019,-009
+019,-009
+019,-009
+019,-009
+019,-012
+019,-012
+019,-012
+017,-012
+017,-012
+017,-012
+017,-012
+017,-012
+017,-012
+017,-012
+017,-012
+017,-012
+017,-012
+017,-012
+015,-012
+015,-012
+015,-012
+015,-012
+015,-012
+015,-012
+013,-012
+013,-012
+013,-012
+013,-012
+013,-012
+013,-011
+013,-011
+011,-011
+011,-011
+011,-010
+011,-010
+011,-010
+011,-009
+011,-009
+011,-009
+011,-009
+009,-009
+009,-008
+009,-008
+009,-008
+009,-008
+009,-008
+009,-007
+009,-007
+009,-007
+009,-007
+009,-007
+009,-006
+009,-006
+009,-006
+009,-006
+009,-005
+009,-005
+009,-005
+009,-004
+009,-004
+007,-004
+007,-003
+007,-003
+007,-002
+007,-002
+007,-002
+007,-002
+007,-002
+007,-001
+007,-001
+005,-001
+005,-001
+005,-000
+005,-000
+005,-000
+005,-000
+005,-001
+005,-001
+003,-001
+003,-001
+003,-001
+003,-001
+003,-001
+003,-001
+003,-001
+003,-002
+003,-002
+001,-002
+001,-002
+001,-003
+001,-003
+001,-004
+001,-005
+001,-005
+003,-005
+003,-005
+003,-006
+003,-006
+003,-006
+003,-006
+003,-006
+003,-006
+003,-006
+003,-006
+003,-006
+005,-006
+005,-006
+005,-006
+005,-006
+005,-006
+005,-006
+005,-006
+005,-006
+005,-006
+005,-006
+005,-006
+005,-006
+005,-006
+005,-006
+005,-006
+005,-006
+005,-006
+005,-006
+005,-006
+005,-006
+005,-006
+005,-006
+005,-006
+005,-006
+005,-006
+005,-006
+005,-006
+005,-006
+005,-006
+007,-006
+007,-006
+007,-006
+007,-006
+007,-006
+007,-006
+007,-006
+009,-006
+009,-006
+009,-006
+009,-006
+009,-006
+009,-003
+011,-003
+011,-003
+011,-003
+011,-003
+011,-003
+011,-003
+011,-003
+013,-003
+013,-003
+013,-003
+013,-003
+013,-003
+013,-003
+013,-000
+013,-000
+013,-000
+013,-000
+013,-000
+013,-000
+013,-000
+013,-000
+013,-000
+013,-000
+013,-000
+013,-000
+013,-000
+013,-000
+013,-000
+013,-000
+013,-000
+013,-000
+013,-000
+013,-000
+013,-000
+013,-000
+013,-000
+011,-003
+011,-003
+011,-003
+011,-003
+011,-003
+009,-006
+009,-005
+009,-005
+009,-005
+009,-005
+009,-005
+009,-005
+009,-005
+009,-005
+009,-005
+009,-005
+009,-005
+009,-005
+009,-005
+007,-005
+007,-005
+007,-005
+007,-005
+007,-005
+007,-005
+007,-005
+007,-005
+007,-005
+007,-005
+007,-005
+007,-005
+007,-005
+007,-005
+005,-005
+005,-005
+005,-005
+005,-005
+005,-005
+005,-005
+005,-005
+005,-005
+005,-005
+005,-005
+005,-005
+005,-005
+005,-005
+005,-005
+005,-005
+005,-008
+005,-008
+005,-008
+005,-008
+005,-008
+003,-008
+003,-008
+003,-008
+003,-008
+003,-008
+003,-008
+003,-008
+003,-008
+003,-008
+003,-008
+001,-008
+001,-008
+001,-008
+001,-008
+001,-008
+001,-008
+001,-008
+001,-008
+001,-008
+001,-008
+001,-007
+001,-007
+001,-007
+001,-007
+001,-007
+001,-007
+001,-007
+001,-007
+001,-007
+001,-007
+001,-007
+001,-007
+001,-007
+001,-007
+001,-007
+001,-007
+001,-007
+001,-007
+001,-007
+001,-007
+001,-007
+001,-007
+001,-006
+001,-006
+001,-006
+001,-006
+001,-006
+001,-006
+001,-006
+001,-006
+001,-006
+001,-006
+001,-006
+001,-005
+001,-005
+001,-005
+001,-005
+001,-005
+001,-005
+001,-005
+001,-005
+001,-005
+001,-005
+001,-005
+001,-004
+001,-004
+001,-004
+001,-004
+001,-004
+001,-004
+001,-004
+001,-004
+001,-004
+001,-003
+001,-003
+001,-003
+001,-003
+001,-003
+001,-003
+001,-003
+001,-003
+001,-003
+001,-003
+001,-002
+001,-002
+001,-002
+001,-002
+001,-002
+001,-002
+001,-002
+001,-001
+003,-001
+003,-001
+003,-001
+003,-001
+003,-001
+003,-000
+003,-000
+003,-000
+003,-000
+003,-000
+003,-001
+003,-001
+003,-001
+003,-001
+005,-002
+005,-003
+005,-003
+007,-004
+007,-004
+007,-004
+007,-004
+007,-004
+007,-004
+007,-004
+007,-004
+007,-004
+007,-004
+007,-004
+007,-004
+007,-005
+007,-005
+007,-005
+007,-005
+007,-005
+007,-005
+007,-005
+007,-005
+007,-005
+007,-005
+007,-005
+007,-005
+007,-005
+007,-005
+007,-005
+007,-005
+007,-005
+007,-005
+007,-005
+007,-005
+009,-005
+009,-005
+009,-005
+009,-005
+009,-005
+009,-005
+009,-005
+009,-005
+009,-005
+009,-005
+009,-005
+009,-005
+009,-005
+009,-005
+009,-005
+009,-005
+009,-005
+011,-005
+011,-005
+011,-005
+011,-005
+011,-005
+011,-005
+011,-005
+011,-005
+011,-005
+011,-005
+011,-005
+011,-005
+011,-005
+011,-005
+011,-002
+011,-002
+011,-002
+011,-002
+011,-002
+011,-002
+011,-002
+013,-002
+013,-002
+013,-002
+013,-002
+013,-002
+013,-002
+013,-002
+013,-002
+013,-002
+013,-002
+013,-002
+013,-002
+013,-002
+013,-002
+013,-002
+013,-002
+013,-002
+013,-002
+013,-002
+013,-002
+013,-002
+013,-002
+013,-002
+013,-002
+013,-002
+011,-002
+011,-002
+011,-002
+011,-002
+011,-002
+011,-002
+011,-001
+011,-000
+011,-000
+011,-000
+011,-000
+011,-000
+011,-000
+009,-003
+009,-003
+009,-003
+009,-003
+009,-003
+009,-003
+009,-003
+007,-003
+007,-003
+007,-003
+007,-003
+007,-003
+007,-006
+007,-006
+007,-006
+007,-006
+007,-006
+007,-006
+007,-006
+007,-006
+007,-006
+007,-006
+007,-006
+007,-006
+007,-006
+007,-006
+007,-006
+007,-006
+007,-009
+007,-009
+005,-009
+005,-009
+005,-009
+005,-009
+005,-009
+005,-009
+005,-009
+005,-009
+005,-009
+005,-009
+005,-009
+005,-012
+003,-012
+003,-012
+003,-012
+003,-012
+003,-012
+003,-012
+003,-012
+003,-012
+001,-012
+001,-012
+001,-012
+001,-012
+001,-015
+001,-015
+001,-015
+001,-015
+001,-015
+001,-015
+001,-015
+001,-015
+001,-015
+001,-015
+001,-015
+001,-015
+001,-018
+001,-018
+001,-018
+001,-018
+001,-018
+001,-018
+001,-018
+001,-018
+001,-018
+001,-018
+001,-018
+001,-018
+001,-018
+001,-018
+001,-018
+001,-018
+001,-018
+001,-018
+001,-018
+001,-018
+001,-018
+001,-018
+001,-018
+001,-018
+001,-018
+001,-018
+001,-018
+001,-017
+001,-017
+001,-017
+001,-017
+001,-017
+001,-016
+001,-016
+001,-016
+001,-016
+001,-016
+001,-015
+001,-015
+001,-015
+001,-015
+001,-014
+001,-014
+001,-014
+001,-013
+001,-013
+001,-013
+001,-012
+001,-012
+001,-012
+001,-012
+001,-011
+001,-011
+001,-011
+001,-010
+001,-010
+001,-010
+001,-009
+001,-008
+001,-008
+001,-008
+001,-007
+001,-007
+001,-007
+001,-006
+001,-006
+001,-006
+001,-006
+001,-005
+001,-005
+001,-005
+001,-005
+001,-005
+001,-005
+001,-004
+001,-004
+001,-004
+001,-004
+001,-004
+001,-004
+001,-004
+001,-003
+001,-003
+001,-003
+001,-003
+001,-003
+001,-003
+001,-003
+001,-003
+003,-003
+003,-003
+003,-003
+003,-003
+003,-003
+003,-003
+003,-006
+003,-006
+003,-006
+003,-006
+003,-006
+003,-006
+003,-006
+003,-006
+003,-006
+003,-006
+003,-006
+005,-006
+005,-006
+005,-006
+005,-006
+005,-006
+005,-006
+005,-006
+005,-006
+005,-006
+005,-006
+005,-009
+005,-009
+005,-009
+005,-009
+005,-009
+005,-009
+005,-009
+007,-009
+007,-009
+007,-012
+007,-012
+007,-012
+007,-012
+007,-012
+007,-012
+007,-012
+007,-015
+007,-015
+007,-015
+007,-015
+007,-015
+007,-015
+007,-015
+007,-015
+007,-015
+007,-015
+007,-015
+007,-015
+007,-015
+007,-015
+007,-015
+007,-015
+007,-015
+007,-015
+007,-015
+007,-015
+007,-015
+007,-015
+007,-015
+007,-015
+007,-015
+007,-015
+007,-015
+007,-015
+007,-015
+007,-015
+007,-015
+007,-015
+007,-015
+007,-015
+007,-015
+007,-015
+007,-014
+007,-014
+007,-014
+007,-014
+009,-014
+009,-014
+009,-014
+009,-014
+009,-013
+009,-013
+009,-013
+009,-013
+009,-013
+009,-012
+009,-012
+009,-012
+009,-012
+009,-012
+009,-012
+009,-012
+009,-011
+009,-011
+009,-011
+009,-011
+009,-011
+009,-011
+009,-010
+009,-010
+009,-010
+009,-010
+009,-010
+009,-010
+009,-009
+009,-009
+009,-009
+009,-009
+009,-008
+009,-008
+009,-008
+009,-008
+009,-008
+009,-008
+009,-008
+009,-007
+009,-007
+009,-007
+009,-007
+009,-007
+009,-007
+009,-006
+007,-006
+007,-006
+007,-006
+007,-006
+007,-006
+007,-006
+007,-006
+007,-006
+007,-006
+007,-005
+007,-005
+007,-005
+007,-005
+007,-005
+007,-005
+007,-005
+007,-005
+007,-005
+007,-005
+007,-005
+007,-005
+007,-005
+007,-005
+007,-005
+007,-005
+007,-005
+007,-005
+007,-004
+007,-004
+007,-004
+007,-004
+007,-004
+007,-004
+007,-004
+007,-004
+007,-004
+007,-004
+007,-004
+007,-004
+007,-004
+007,-004
+007,-004
+007,-004
+007,-004
+007,-004
+009,-004
+009,-004
+009,-004
+009,-004
+009,-004
+009,-004
+009,-004
+009,-004
+009,-004
+009,-004
+009,-004
+009,-004
+009,-004
+009,-004
+009,-003
+009,-003
+009,-003
+009,-002
+009,-002
+009,-002
+009,-002
+009,-002
+009,-002
+009,-002
+009,-002
+009,-002
+009,-002
+009,-002
+009,-002
+009,-002
+009,-002
+009,-002
+009,-002
+009,-002
+009,-002
+009,-002
+009,-002
+009,-002
+009,-002
+011,-002
+011,-002
+011,-002
+011,-002
+011,-002
+011,-002
+011,-002
+011,-002
+011,-002
+011,-002
+011,-002
+011,-005
+011,-005
+011,-005
+011,-005
+011,-005
+011,-005
+011,-005
+011,-005
+011,-005
+011,-005
+011,-005
+011,-005
+011,-005
+011,-008
+011,-008
+011,-008
+011,-008
+011,-008
+011,-008
+011,-008
+011,-008
+011,-008
+011,-008
+011,-008
+011,-008
+011,-008
+011,-008
+011,-008
+011,-008
+011,-008
+011,-008
+011,-008
+011,-008
+011,-008
+011,-008
+011,-008
+011,-008
+011,-008
+011,-008
+011,-008
+011,-008
+011,-008
+011,-008
+011,-008
+011,-008
+011,-008
+011,-008
+011,-008
+011,-008
+011,-008
+011,-008
+011,-008
+011,-008
+011,-008
+011,-008
+011,-008
+011,-008
+011,-008
+011,-008
+011,-008
+013,-008
+013,-008
+013,-008
+013,-008
+013,-008
+013,-008
+013,-008
+013,-008
+013,-008
+013,-008
+013,-008
+013,-008
+013,-008
+013,-008
+013,-008
+013,-008
+013,-011
+013,-011
+013,-011
+013,-011
+013,-011
+013,-011
+013,-011
+013,-011
+013,-011
+013,-011
+013,-011
+013,-011
+013,-011
+013,-011
+013,-011
+013,-011
+013,-011
+013,-011
+013,-011
+013,-011
+013,-011
+013,-011
+013,-011
+013,-011
+013,-011
+013,-011
+013,-011
+013,-011
+013,-011
+013,-011
+013,-011
+011,-011
+011,-010
+011,-010
+011,-010
+011,-010
+011,-010
+011,-010
+011,-010
+011,-010
+011,-010
+011,-009
+011,-009
+011,-009
+011,-009
+011,-008
+011,-008
+011,-008
+011,-008
+011,-008
+011,-008
+011,-007
+011,-007
+009,-007
+009,-007
+009,-006
+009,-006
+009,-006
+009,-006
+009,-005
+009,-005
+009,-005
+009,-005
+009,-005
+009,-004
+009,-004
+009,-004
+009,-004
+009,-004
+009,-003
+009,-003
+009,-003
+009,-003
+009,-003
+009,-002
+009,-002
+009,-001
+009,-001
+009,-001
+009,-001
+009,-000
+009,-000
+009,-000
+009,-001
+009,-001
+009,-001
+009,-001
+009,-001
+009,-002
+009,-002
+009,-002
+009,-002
+009,-002
+009,-002
+007,-001
+007,-000
+007,-000
+007,-000
+007,-000
+007,-000
+007,-000
+007,-000
+007,-000
+007,-000
+007,-003
+007,-002
+007,-002
+007,-002
+007,-002
+007,-002
+007,-002
+007,-002
+007,-002
+007,-002
+007,-002
+007,-002
+007,-002
+007,-002
+007,-002
+007,-002
+007,-002
+007,-002
+007,-002
+007,-002
+007,-002
+007,-002
+007,-002
+007,-002
+007,-002
+007,-002
+007,-002
+007,-002
+007,-002
+007,-002
+007,-002
+007,-002
+007,-002
+007,-002
+007,-002
+007,-002
+007,-002
+007,-002
+007,-002
+007,-002
+007,-002
+007,-002
+007,-002
+007,-002
+007,-002
+007,-002
+007,-002
+007,-002
+007,-002
+007,-002
+007,-002
+007,-002
+007,-002
+007,-002
+007,-002
+007,-002
+007,-002
+007,-002
+007,-002
+007,-002
+007,-002
+007,-002
+007,-002
+007,-002
+007,-002
+007,-002
+007,-002
+007,-002
+007,-002
+007,-002
+007,-002
+007,-001
+009,-001
+009,-001
+009,-000
+009,-000
+009,-000
+009,-000
+009,-001
+009,-001
+009,-001
+009,-001
+009,-001
+009,-001
+009,-001
+009,-001
+009,-001
+009,-001
+009,-001
+009,-002
+009,-002
+009,-002
+009,-002
+009,-002
+009,-002
+009,-002
+009,-002
+007,-002
+007,-002
+007,-002
+007,-002
+007,-002
+007,-002
+007,-002
+007,-002
+007,-002
+007,-003
+007,-003
+007,-003
+007,-003
+007,-003
+007,-003
+007,-003
+007,-003
+007,-003
+007,-003
+007,-003
+007,-003
+007,-003
+007,-003
+007,-003
+007,-003
+007,-003
+007,-003
+007,-003
+007,-003
+007,-003
+007,-003
+007,-003
+007,-003
+007,-003
+007,-003
+007,-003
+007,-003
+007,-003
+007,-003
+007,-003
+007,-003
+007,-003
+007,-003
+007,-003
+005,-003
+005,-003
+005,-000
+005,-001
+005,-001
+005,-001
+005,-001
+005,-001
+005,-001
+005,-001
+005,-001
+005,-001
+005,-001
+003,-001
+003,-001
+003,-001
+003,-001
+003,-001
+003,-001
+003,-001
+003,-001
+003,-001
+003,-001
+003,-001
+003,-001
+003,-001
+003,-001
+003,-001
+003,-001
+003,-001
+003,-001
+003,-001
+003,-001
+003,-001
+003,-001
+003,-001
+003,-001
+003,-001
+003,-001
+003,-001
+003,-001
+003,-001
+003,-001
+003,-001
+003,-001
+003,-001
+003,-001
+003,-001
+003,-001
+003,-001
+001,-001
+001,-001
+001,-001
+001,-001
+001,-001
+001,-001
+001,-001
+001,-001
+001,-001
+001,-001
+001,-001
+001,-001
+001,-001
+001,-001
+001,-001
+001,-001
+001,-001
+001,-001
+001,-001
+001,-001
+001,-001
+001,-001
+001,-002
+001,-002
+001,-002
+001,-002
+001,-002
+001,-002
+003,-002
+003,-002
+003,-002
+003,-002
+003,-002
+003,-002
+003,-002
+003,-002
+003,-002
+003,-002
+003,-002
+003,-002
+003,-002
+003,-002
+003,-002
+003,-002
+003,-002
+003,-002
+003,-002
+003,-002
+003,-005
+003,-005
+003,-005
+003,-005
+003,-005
+003,-005
+003,-005
+003,-005
+003,-005
+003,-005
+003,-005
+003,-005
+001,-005
+001,-005
+001,-005
+001,-005
+001,-005
+001,-005
+001,-005
+001,-005
+001,-005
+001,-005
+001,-005
+001,-005
+001,-005
+001,-005
+001,-005
+001,-005
+001,-005
+001,-005
+001,-005
+001,-005
+001,-005
+001,-005
+001,-005
+001,-005
+001,-005
+001,-005
+001,-005
+001,-005
+001,-005
+001,-005
+001,-005
+001,-005
+001,-005
+001,-005
+001,-005
+001,-005
+001,-005
+001,-005
+001,-005
+001,-005
+001,-005
+001,-005
+001,-005
+001,-005
+001,-005
+001,-005
+001,-005
+001,-005
+001,-005
+001,-005
+001,-005
+001,-005
+001,-005
+001,-005
+001,-005
+001,-005
+001,-005
+001,-005
+001,-005
+001,-005
+001,-005
+001,-005
+001,-005
+001,-005
+001,-005
+001,-005
+001,-005
+001,-005
+001,-005
+001,-005
+001,-005
+001,-005
+001,-005
+001,-005
+001,-005
+001,-005
+001,-005
+001,-005
+001,-005
+001,-005
+001,-004
+001,-004
+001,-004
+001,-004
+001,-004
+001,-004
+001,-004
+001,-004
+001,-004
+001,-004
+001,-004
+001,-004
+001,-004
+001,-004
+001,-004
+001,-004
+001,-004
+001,-004
+001,-004
+001,-004
+001,-004
+001,-004
+001,-004
+001,-004
+001,-004
+001,-004
+001,-004
+001,-004
+001,-004
+001,-004
+001,-003
+001,-003
+001,-003
+001,-003
+001,-003
+001,-003
+001,-003
+001,-003
+001,-003
+001,-002
+001,-002
+001,-002
+001,-002
+001,-002
+001,-002
+001,-002
+001,-002
+001,-001
+001,-001
+001,-001
+001,-001
+001,-001
+001,-001
+001,-001
+001,-000
+001,-000
+001,-000
+001,-000
+001,-000
+001,-000
+001,-000
+001,-000
+001,-000
+001,-000
+001,-000
+001,-000
+001,-000
+001,-000
+001,-000
+001,-000
+001,-000
+001,-000
+001,-000
+001,-000
+001,-000
+001,-000
+001,-000
+001,-000
+001,-000
+001,-000
+001,-000
+001,-000
+001,-000
+001,-000
+001,-000
+001,-000
+001,-000
+001,-000
+001,-000
+001,-000
+001,-000
+001,-000
+001,-003
+001,-002
+001,-002
+001,-002
+001,-002
+001,-002
+001,-002
+001,-002
+001,-002
+001,-002
+001,-002
+001,-002
+001,-002
+001,-002
+001,-005
+001,-004
+001,-004
+001,-004
+001,-004
+001,-004
+001,-004
+001,-004
+001,-004
+001,-004
+001,-004
+001,-004
+001,-004
+001,-004
+001,-004
+001,-004
+001,-004
+001,-004
+001,-004
+001,-004
+001,-004
+001,-004
+001,-004
+001,-004
+001,-004
+001,-004
+001,-007
+001,-007
+001,-007
+001,-007
+001,-007
+001,-007
+001,-007
+001,-007
+001,-007
+001,-007
+001,-007
+001,-007
+001,-007
+001,-007
+001,-007
+001,-007
+001,-007
+001,-007
+001,-007
+001,-007
+001,-010
+001,-009
+001,-009
+001,-009
+001,-009
+001,-009
+001,-009
+001,-009
+001,-009
+001,-009
+001,-009
+001,-009
+001,-009
+001,-009
+001,-009
+001,-009
+001,-009
+001,-009
+001,-009
+001,-009
+001,-009
+001,-009
+001,-009
+001,-009
+001,-009
+001,-009
+001,-009
+001,-009
+001,-009
+001,-009
+001,-009
+001,-009
+001,-009
+001,-009
+001,-009
+001,-009
+001,-009
+001,-009
+001,-009
+001,-009
+001,-009
+001,-009
+001,-009
+001,-009
+001,-009
+001,-009
+001,-009
+001,-009
+001,-009
+001,-009
+001,-009
+001,-009
+001,-009
+001,-009
+001,-009
+001,-009
+001,-009
+001,-009
+001,-009
+001,-009
+001,-012
+001,-012
+001,-012
+001,-012
+001,-012
+001,-012
+001,-012
+001,-012
+001,-012
+001,-012
+001,-012
+001,-012
+001,-012
+001,-012
+001,-012
+001,-012
+001,-012
+001,-012
+001,-012
+001,-012
+001,-012
+001,-012
+001,-012
+001,-012
+001,-012
+001,-012
+001,-012
+001,-012
+001,-012
+001,-012
+001,-012
+001,-012
+001,-012
+001,-012
+001,-012
+001,-012
+001,-012
+001,-012
+001,-012
+001,-012
+001,-012
+001,-012
+001,-012
+001,-012
+001,-012
+001,-012
+001,-012
+001,-012
+001,-012
+001,-012
+001,-012
+001,-012
+001,-012
+001,-012
+001,-012
+001,-012
+001,-012
+001,-012
+001,-012
+001,-012
+001,-012
+001,-012
+001,-012
+001,-012
+001,-012
+001,-012
+001,-012
+001,-012
+001,-012
+001,-012
+001,-012
+001,-012
+001,-012
+001,-012
+001,-012
+001,-012
+001,-012
+001,-012
+001,-012
+001,-012
+001,-012
+001,-012
+001,-012
+001,-012
+001,-012
+001,-012
+001,-012
+001,-012
+001,-012
+001,-012
+001,-012
+001,-012
+001,-012
+001,-012
+001,-012
+001,-012
+001,-012
+001,-012
+001,-012
+001,-012
+001,-012
+001,-012
+001,-012
+001,-012
+001,-012
+001,-012
+001,-012
+001,-012
+001,-012
+001,-012
+001,-012
+001,-012
+001,-012
+001,-012
+001,-012
+001,-012
+001,-012
+001,-012
+001,-012
+001,-012
+001,-012
+001,-012
+001,-012
+001,-012
+001,-012
+001,-012
+001,-012
+001,-012
+001,-012
+001,-012
+001,-012
+001,-011
+001,-011
+001,-011
+001,-011
+001,-011
+001,-011
+001,-011
+001,-011
+001,-011
+001,-011
+001,-011
+001,-011
+001,-011
+001,-011
+001,-011
+001,-011
+001,-011
+001,-011
+001,-011
+001,-011
+001,-010
+001,-010
+001,-010
+001,-010
+001,-010
+001,-010
+001,-010
+001,-010
+001,-010
+001,-010
+001,-010
+001,-010
+001,-010
+001,-010
+001,-010
+003,-010
+003,-010
+003,-010
+003,-010
+003,-010
+003,-010
+003,-010
+003,-010
+003,-010
+003,-010
+003,-010
+003,-010
+003,-010
+003,-010
+003,-010
+003,-010
+003,-010
+003,-010
+003,-010
+003,-010
+003,-010
+003,-010
+003,-010
+003,-010
+003,-010
+003,-010
+003,-010
+003,-010
+003,-010
+003,-010
+003,-010
+003,-010
+003,-010
+003,-010
+003,-010
+003,-010
+003,-010
+003,-010
+003,-010
+003,-010
+003,-010
+003,-010
+003,-010
+003,-010
+003,-010
+003,-010
+003,-010
+003,-010
+003,-010
+003,-010
+003,-010
+003,-010
+003,-010
+003,-010
+003,-010
+003,-010
+003,-010
+003,-010
+003,-010
+003,-010
+003,-010
+003,-010
+003,-010
+003,-010
+003,-010
+003,-010
+003,-010
+003,-013
+003,-013
+003,-013
+003,-013
+003,-013
+003,-013
+003,-013
+003,-013
+003,-013
+003,-013
+003,-013
+003,-013
+003,-013
+003,-013
+003,-013
+003,-013
+003,-013
+003,-013
+003,-013
+003,-013
+003,-016
+003,-016
+003,-016
+003,-016
+003,-016
+003,-016
+003,-016
+003,-016
+003,-016
+003,-016
+003,-016
+003,-016
+003,-016
+003,-016
+003,-016
+003,-016
+003,-019
+003,-019
+003,-019
+003,-019
+003,-019
+003,-019
+001,-019
+001,-019
+001,-019
+001,-019
+001,-019
+001,-019
+001,-019
+001,-019
+001,-019
+001,-019
+001,-019
+001,-019
+001,-019
+001,-019
+001,-019
+001,-019
+001,-019
+001,-019
+001,-019
+001,-018
+001,-018
+001,-018
+001,-018
+001,-018
+001,-018
+001,-018
+001,-018
+001,-018
+001,-018
+001,-018
+001,-018
+001,-018
+001,-018
+001,-018
+001,-018
+001,-018
+001,-018
+001,-018
+001,-018
+001,-018
+001,-018
+001,-018
+001,-018
+001,-018
+001,-018
+001,-018
+001,-018
+001,-018
+001,-018
+001,-018
+001,-018
+001,-018
+001,-018
+001,-018
+001,-018
+001,-018
+001,-018
+001,-018
+001,-018
+001,-018
+001,-017
+001,-017
+001,-017
+001,-017
+001,-017
+001,-017
+001,-016
+001,-016
+001,-016
+001,-016
+001,-016
+001,-016
+001,-016
+001,-015
+001,-015
+001,-015
+001,-015
+001,-015
+001,-015
+001,-014
+001,-014
+001,-014
+001,-013
+001,-013
+001,-013
+001,-013
+001,-012
+001,-012
+001,-012
+001,-012
+001,-012
+001,-012
+001,-012
+001,-012
+001,-012
+001,-012
+001,-011
+001,-011
+001,-011
+001,-011
+001,-011
+001,-011
+001,-011
+001,-011
+001,-011
+001,-011
+001,-011
+001,-011
+001,-011
+001,-011
+001,-011
+001,-011
+001,-011
+001,-011
+001,-011
+001,-011
+001,-011
+001,-011
+001,-011
+001,-011
+001,-011
+001,-011
+001,-011
+001,-011
+001,-011
+001,-011
+001,-011
+001,-011
+001,-011
+001,-011
+001,-011
+001,-011
+001,-011
+001,-011
+001,-011
+001,-011
+001,-011
+001,-011
+001,-011
+001,-011
+001,-011
+001,-011
+001,-011
+001,-011
+001,-011
+001,-011
+001,-011
+001,-014
+001,-014
+001,-014
+001,-014
+001,-014
+001,-014
+001,-014
+001,-014
+001,-014
+001,-014
+001,-014
+001,-014
+001,-014
+001,-014
+001,-014
+001,-014
+001,-017
+001,-017
+001,-017
+001,-017
+001,-017
+001,-017
+001,-017
+001,-017
+001,-017
+001,-017
+001,-017
+001,-017
+001,-017
+001,-017
+001,-017
+001,-020
+001,-020
+001,-020
+001,-020
+001,-020
+001,-020
+001,-020
+001,-020
+001,-020
+001,-020
+001,-020
+001,-020
+001,-020
+001,-020
+001,-020
+001,-020
+001,-020
+001,-020
+001,-020
+001,-020
+001,-020
+001,-020
+001,-020
+001,-020
+001,-020
+001,-020
+001,-020
+001,-020
+001,-023
+001,-023
+001,-023
+001,-023
+001,-023
+001,-023
+001,-023
+001,-023
+001,-023
+001,-023
+001,-023
+001,-023
+001,-023
+001,-023
+001,-023
+001,-023
+001,-023
+001,-023
+001,-023
+001,-023
+001,-023
+001,-023
+001,-023
+001,-023
+001,-023
+001,-023
+001,-023
+001,-023
+001,-023
+001,-023
+001,-023
+001,-023
+001,-023
+001,-023
+001,-023
+001,-023
+001,-023
+001,-023
+001,-023
+001,-023
+001,-023
+001,-023
+001,-023
+001,-023
+001,-023
+001,-023
+001,-022
+001,-022
+001,-022
+001,-022
+001,-022
+001,-022
+001,-022
+001,-021
+001,-021
+001,-021
+001,-021
+001,-020
+001,-020
+001,-020
+001,-020
+001,-020
+001,-020
+003,-019
+003,-019
+003,-019
+003,-019
+003,-018
+003,-018
+003,-018
+003,-018
+003,-018
+003,-018
+003,-017
+003,-017
+003,-017
+003,-017
+003,-017
+003,-017
+003,-017
+003,-017
+003,-017
+003,-017
+003,-017
+003,-016
+003,-016
+003,-016
+003,-016
+003,-016
+003,-016
+003,-016
+003,-016
+003,-016
+003,-016
+003,-016
+003,-016
+003,-016
+003,-016
+003,-016
+003,-016
+005,-016
+005,-016
+005,-016
+005,-016
+005,-016
+005,-015
+005,-015
+005,-015
+005,-015
+005,-015
+005,-015
+005,-015
+005,-015
+005,-015
+005,-015
+005,-015
+005,-015
+005,-015
+005,-015
+005,-015
+005,-015
+005,-015
+005,-015
+005,-015
+005,-015
+005,-015
+005,-015
+005,-015
+005,-015
+005,-015
+005,-015
+005,-015
+005,-015
+005,-015
+005,-015
+005,-018
+005,-018
+005,-018
+005,-018
+005,-018
+005,-018
+005,-018
+003,-018
+003,-018
+003,-018
+003,-018
+003,-018
+003,-018
+003,-018
+003,-018
+003,-018
+003,-018
+003,-018
+003,-018
+003,-018
+003,-018
+003,-021
+003,-021
+003,-021
+003,-021
+003,-021
+003,-021
+003,-021
+003,-021
+003,-021
+003,-021
+003,-021
+003,-021
+003,-021
+003,-021
+003,-021
+003,-021
+003,-021
+003,-021
+003,-021
+003,-021
+003,-021
+003,-021
+003,-021
+003,-021
+003,-021
+003,-021
+003,-021
+003,-021
+003,-021
+003,-021
+003,-021
+003,-021
+003,-021
+003,-021
+003,-021
+003,-021
+003,-021
+003,-021
+003,-021
+003,-021
+003,-021
+003,-021
+003,-021
+003,-021
+003,-021
+003,-021
+003,-021
+003,-021
+003,-021
+003,-021
+003,-021
+003,-021
+003,-021
+003,-021
+003,-021
+003,-021
+003,-021
+003,-020
+003,-020
+003,-020
+005,-020
+005,-020
+005,-019
+005,-019
+005,-019
+005,-019
+005,-019
+005,-019
+005,-019
+005,-019
+005,-018
+005,-018
+005,-018
+005,-018
+005,-018
+005,-018
+005,-018
+005,-017
+005,-017
+005,-017
+005,-017
+005,-017
+005,-017
+005,-017
+005,-017
+005,-017
+005,-017
+005,-017
+005,-017
+005,-017
+005,-017
+005,-017
+005,-017
+005,-017
+005,-017
+005,-017
+005,-017
+005,-017
+005,-017
+005,-017
+005,-017
+005,-017
+005,-017
+005,-017
+005,-017
+005,-017
+005,-017
+005,-017
+005,-017
+005,-020
+005,-020
+005,-019
+005,-019
+005,-019
+005,-019
+005,-019
+005,-019
+005,-019
+005,-019
+005,-019
+005,-019
+005,-019
+005,-019
+005,-019
+005,-019
+005,-019
+005,-019
+005,-019
+005,-019
+005,-019
+005,-019
+005,-019
+005,-019
+005,-019
+005,-019
+005,-019
+005,-019
+005,-019
+005,-019
+005,-022
+005,-022
+005,-022
+005,-022
+005,-022
+005,-022
+005,-022
+005,-022
+005,-022
+005,-022
+005,-022
+005,-022
+005,-022
+003,-022
+003,-022
+003,-022
+003,-022
+003,-022
+003,-022
+003,-022
+003,-022
+003,-022
+003,-022
+003,-022
+003,-022
+003,-022
+003,-022
+003,-022
+003,-022
+003,-022
+003,-022
+003,-022
+003,-022
+003,-022
+003,-025
+003,-025
+003,-025
+003,-025
+003,-025
+003,-025
+003,-025
+003,-025
+003,-025
+003,-025
+003,-025
+003,-025
+001,-025
+001,-025
+001,-025
+001,-025
+001,-025
+001,-025
+001,-025
+001,-025
+001,-025
+001,-025
+001,-025
+001,-028
+001,-028
+001,-028
+001,-028
+001,-028
+001,-028
+003,-028
+003,-028
+003,-028
+003,-028
+003,-028
+003,-028
+003,-028
+003,-028
+003,-028
+003,-028
+003,-028
+003,-028
+003,-028
+003,-028
+003,-028
+003,-028
+003,-028
+003,-028
+003,-028
+003,-028
+005,-028
+005,-028
+005,-028
+005,-028
+005,-028
+005,-027
+005,-027
+005,-027
+005,-027
+005,-026
+005,-026
+005,-026
+003,-025
+003,-025
+003,-025
+003,-024
+003,-024
+003,-024
+003,-024
+003,-024
+003,-024
+003,-024
+003,-023
+003,-023
+003,-023
+003,-023
+003,-023
+003,-023
+003,-023
+003,-023
+003,-023
+003,-022
+003,-022
+003,-022
+003,-022
+003,-022
+003,-021
+005,-021
+005,-021
+005,-021
+005,-021
+005,-021
+005,-021
+005,-021
+005,-021
+005,-020
+005,-020
+005,-020
+005,-020
+005,-020
+005,-019
+005,-019
+005,-019
+005,-019
+005,-018
+005,-018
+005,-018
+005,-018
+005,-018
+005,-018
+005,-018
+005,-018
+005,-018
+005,-018
+005,-017
+005,-017
+005,-017
+005,-017
+005,-017
+005,-016
+005,-016
+005,-016
+005,-016
+005,-015
+005,-015
+005,-015
+005,-014
+005,-014
+005,-014
+005,-014
+005,-014
+005,-013
+005,-013
+005,-013
+005,-013
+005,-013
+005,-013
+005,-013
+005,-013
+005,-013
+005,-013
+005,-013
+005,-013
+005,-013
+005,-013
+005,-013
+005,-013
+005,-013
+005,-013
+005,-013
+005,-013
+005,-013
+005,-013
+005,-013
+005,-013
+005,-013
+005,-013
+005,-013
+005,-013
+005,-013
+005,-013
+005,-013
+005,-013
+005,-013
+005,-013
+005,-013
+005,-013
+005,-013
+005,-013
+005,-013
+005,-016
+005,-016
+005,-016
+005,-016
+005,-016
+005,-016
+005,-016
+005,-016
+005,-016
+005,-016
+005,-019
+005,-019
+005,-019
+005,-019
+005,-019
+005,-019
+005,-019
+005,-022
+005,-022
+007,-022
+007,-022
+007,-022
+007,-022
+007,-025
+007,-025
+007,-025
+007,-025
+007,-025
+007,-025
+007,-025
+007,-025
+007,-025
+007,-025
+007,-025
+007,-025
+007,-025
+007,-025
+007,-028
+007,-028
+007,-028
+007,-028
+007,-028
+007,-028
+007,-028
+007,-028
+007,-028
+007,-028
+007,-028
+007,-028
+005,-028
+005,-028
+005,-028
+005,-028
+005,-028
+005,-028
+005,-028
+005,-028
+005,-028
+005,-028
+005,-028
+005,-028
+005,-028
+005,-028
+005,-028
+005,-028
+005,-028
+005,-028
+005,-028
+005,-028
+005,-028
+005,-028
+005,-028
+005,-028
+005,-028
+005,-028
+005,-028
+005,-028
+005,-028
+005,-028
+005,-028
+005,-028
+005,-028
+005,-027
+005,-027
+005,-027
+005,-027
+005,-027
+005,-027
+005,-027
+005,-027
+005,-027
+005,-027
+005,-027
+005,-027
+005,-027
+005,-027
+005,-027
+005,-027
+005,-027
+005,-027
+005,-027
+005,-027
+005,-027
+005,-027
+005,-027
+005,-027
+005,-026
+005,-026
+005,-026
+005,-026
+005,-026
+005,-026
+005,-026
+005,-026
+005,-026
+005,-026
+005,-026
+005,-026
+005,-026
+005,-026
+005,-026
+005,-025
+005,-025
+005,-025
+005,-024
+005,-024
+005,-024
+005,-023
+005,-023
+005,-023
+005,-023
+005,-023
+005,-023
+005,-023
+005,-023
+005,-023
+005,-023
+005,-023
+007,-023
+007,-023
+007,-023
+007,-023
+007,-023
+007,-023
+007,-023
+007,-023
+007,-023
+007,-023
+007,-023
+007,-023
+007,-023
+007,-023
+007,-023
+007,-023
+007,-023
+009,-023
+009,-023
+009,-023
+009,-023
+009,-023
+009,-022
+009,-022
+009,-022
+009,-022
+009,-022
+009,-022
+009,-022
+009,-022
+009,-022
+009,-022
+009,-022
+009,-021
+009,-021
+009,-021
+009,-021
+009,-021
+009,-021
+009,-021
+009,-021
+009,-021
+009,-021
+009,-021
+009,-021
+009,-021
+011,-021
+011,-021
+011,-021
+011,-021
+011,-020
+011,-020
+011,-020
+011,-020
+011,-020
+011,-020
+011,-020
+011,-020
+011,-020
+011,-020
+011,-020
+011,-020
+011,-020
+011,-020
+011,-020
+013,-020
+013,-020
+013,-020
+013,-020
+013,-020
+013,-020
+013,-020
+013,-020
+013,-020
+013,-020
+013,-020
+013,-020
+013,-020
+013,-020
+013,-020
+013,-020
+013,-020
+013,-023
+013,-023
+013,-022
+013,-022
+013,-022
+013,-022
+013,-022
+013,-022
+013,-022
+013,-022
+013,-022
+013,-022
+011,-022
+011,-022
+011,-022
+011,-022
+011,-022
+011,-022
+011,-022
+011,-022
+011,-022
+011,-025
+011,-024
+011,-024
+011,-024
+011,-024
+011,-024
+011,-024
+011,-024
+011,-024
+009,-024
+009,-024
+009,-024
+009,-024
+009,-024
+009,-024
+009,-024
+009,-024
+009,-024
+009,-024
+009,-024
+009,-024
+009,-024
+009,-024
+009,-027
+009,-027
+009,-027
+009,-027
+009,-027
+009,-027
+009,-027
+009,-027
+009,-027
+007,-027
+007,-027
+007,-027
+007,-027
+007,-027
+007,-027
+007,-027
+007,-027
+007,-027
+007,-027
+007,-027
+007,-027
+007,-027
+007,-027
+007,-027
+007,-027
+007,-027
+007,-027
+007,-027
+007,-027
+007,-027
+007,-027
+007,-027
+007,-027
+007,-027
+007,-027
+007,-027
+007,-027
+007,-027
+007,-027
+007,-027
+007,-027
+007,-027
+007,-027
+007,-027
+007,-027
+007,-027
+007,-027
+007,-027
+007,-027
+007,-027
+007,-027
+007,-027
+007,-027
+007,-027
+007,-027
+007,-027
+007,-027
+007,-027
+007,-027
+007,-027
+007,-027
+007,-027
+007,-027
+007,-027
+007,-027
+007,-027
+007,-026
+007,-026
+007,-026
+007,-026
+007,-026
+009,-026
+009,-026
+009,-026
+009,-026
+009,-025
+009,-025
+009,-025
+009,-025
+009,-024
+009,-024
+009,-024
+009,-024
+009,-024
+009,-024
+009,-024
+009,-023
+009,-023
+011,-023
+011,-022
+011,-022
+011,-022
+011,-022
+011,-021
+011,-021
+011,-021
+011,-021
+011,-021
+011,-021
+011,-020
+011,-020
+011,-020
+011,-020
+011,-020
+011,-020
+011,-020
+011,-020
+011,-020
+011,-020
+011,-020
+011,-019
+011,-019
+011,-019
+011,-019
+011,-019
+011,-019
+011,-019
+013,-019
+013,-019
+013,-019
+013,-019
+013,-019
+013,-019
+013,-019
+013,-019
+013,-019
+013,-019
+013,-019
+013,-019
+013,-019
+013,-019
+013,-019
+013,-019
+013,-019
+013,-019
+013,-019
+013,-019
+013,-019
+013,-019
+013,-019
+013,-019
+013,-019
+013,-019
+013,-022
+013,-022
+013,-022
+013,-022
+013,-022
+013,-022
+013,-022
+013,-022
+013,-022
+013,-022
+013,-022
+013,-022
+013,-022
+013,-022
+013,-022
+013,-022
+013,-022
+013,-022
+013,-022
+013,-022
+013,-022
+013,-022
+013,-022
+013,-022
+013,-022
+013,-022
+013,-022
+013,-022
+013,-022
+013,-022
+013,-022
+013,-022
+013,-022
+013,-022
+013,-022
+013,-022
+011,-022
+011,-022
+011,-022
+011,-022
+011,-022
+011,-022
+011,-022
+011,-022
+011,-022
+011,-022
+011,-022
+011,-022
+011,-022
+011,-022
+011,-022
+011,-022
+011,-022
+011,-022
+011,-022
+011,-022
+011,-022
+011,-022
+011,-022
+011,-022
+011,-022
+011,-022
+011,-022
+009,-022
+009,-022
+009,-022
+009,-022
+009,-022
+009,-022
+009,-022
+009,-022
+009,-022
+009,-022
+009,-022
+009,-022
+009,-022
+009,-022
+009,-022
+009,-022
+009,-022
+009,-022
+007,-022
+007,-022
+007,-021
+005,-021
+005,-021
+005,-020
+005,-020
+005,-020
+005,-020
+005,-020
+005,-020
+005,-020
+005,-019
+005,-019
+005,-019
+005,-019
+005,-019
+005,-019
+005,-019
+005,-019
+005,-019
+005,-019
+005,-018
+005,-018
+005,-018
+005,-018
+005,-018
+005,-018
+005,-018
+005,-018
+005,-018
+005,-018
+005,-018
+005,-018
+005,-018
+005,-018
+005,-018
+005,-018
+005,-018
+005,-018
+005,-018
+007,-018
+007,-018
+007,-018
+009,-018
+009,-018
+009,-018
+009,-021
+009,-020
+009,-020
+009,-020
+009,-020
+009,-020
+009,-020
+009,-020
+009,-020
+011,-020
+011,-020
+011,-020
+011,-020
+011,-020
+011,-020
+011,-020
+011,-019
+011,-019
+011,-019
+011,-019
+011,-019
+011,-018
+011,-018
+009,-018
+009,-018
+009,-018
+009,-018
+009,-018
+009,-018
+009,-018
+009,-018
+009,-017
+009,-017
+009,-017
+009,-017
+009,-017
+009,-017
+009,-017
+009,-017
+009,-017
+009,-017
+009,-017
+009,-017
+009,-017
+009,-017
+009,-017
+009,-017
+009,-017
+009,-017
+009,-017
+009,-017
+009,-017
+009,-017
+009,-017
+009,-017
+011,-017
+011,-020
+011,-020
+011,-020
+011,-020
+011,-020
+011,-020
+011,-020
+011,-020
+011,-020
+011,-020
+011,-020
+011,-020
+011,-020
+011,-020
+011,-020
+011,-020
+011,-020
+011,-020
+011,-020
+011,-020
+011,-020
+011,-020
+011,-020
+011,-020
+011,-020
+011,-020
+011,-020
+011,-020
+011,-019
+011,-019
+011,-019
+011,-019
+011,-019
+011,-019
+011,-018
+011,-018
+011,-018
+011,-018
+009,-017
+009,-017
+009,-017
+009,-017
+009,-017
+009,-017
+009,-017
+009,-017
+009,-017
+009,-017
+009,-017
+009,-016
+009,-016
+009,-016
+009,-016
+009,-016
+009,-016
+009,-016
+009,-016
+009,-016
+009,-016
+009,-016
+009,-016
+009,-016
+009,-016
+009,-016
+009,-016
+009,-016
+009,-016
+009,-016
+009,-016
+009,-016
+009,-016
+009,-016
+009,-016
+009,-016
+009,-016
+009,-016
+009,-016
+009,-016
+009,-016
+009,-016
+009,-016
+009,-016
+009,-016
+009,-016
+009,-015
+009,-015
+009,-015
+009,-015
+009,-015
+011,-015
+011,-015
+011,-015
+011,-015
+011,-015
+011,-015
+011,-015
+011,-015
+011,-015
+011,-015
+011,-015
+011,-015
+011,-018
+011,-018
+011,-018
+011,-018
+011,-018
+011,-018
+011,-018
+011,-018
+011,-018
+011,-018
+013,-018
+013,-018
+013,-018
+013,-018
+013,-018
+013,-018
+013,-018
+013,-018
+013,-018
+013,-018
+013,-018
+013,-018
+013,-018
+013,-018
+013,-018
+013,-018
+013,-018
+013,-018
+013,-018
+013,-018
+013,-018
+013,-018
+013,-018
+013,-018
+013,-018
+013,-018
+013,-018
+013,-018
+013,-018
+013,-018
+013,-018
+013,-018
+013,-018
+013,-018
+013,-018
+013,-018
+013,-018
+013,-018
+013,-018
+013,-018
+013,-018
+013,-018
+013,-018
+013,-018
+013,-018
+013,-018
+013,-018
+013,-018
+013,-017
+013,-017
+013,-017
+013,-017
+013,-017
+013,-017
+013,-017
+013,-017
+013,-017
+013,-017
+013,-017
+013,-017
+013,-017
+013,-017
+013,-017
+013,-017
+013,-017
+013,-017
+013,-020
+013,-020
+013,-020
+013,-020
+013,-020
+013,-020
+013,-020
+013,-020
+013,-020
+013,-020
+013,-020
+013,-020
+013,-020
+013,-020
+013,-020
+013,-020
+013,-020
+013,-023
+011,-023
+011,-022
+011,-022
+011,-022
+011,-022
+011,-022
+011,-022
+011,-022
+011,-022
+011,-022
+011,-022
+011,-022
+011,-022
+011,-022
+011,-022
+011,-022
+011,-022
+011,-022
+011,-022
+011,-025
+011,-024
+011,-024
+011,-024
+011,-024
+011,-024
+011,-024
+011,-024
+009,-024
+009,-024
+009,-024
+009,-024
+009,-024
+009,-024
+009,-024
+009,-024
+009,-024
+009,-024
+009,-023
+009,-023
+009,-023
+009,-023
+009,-023
+009,-023
+009,-023
+009,-023
+009,-023
+009,-023
+009,-023
+009,-023
+009,-022
+009,-022
+009,-022
+009,-021
+006,-020
+006,-019
+006,-019
+006,-019
+006,-019
+006,-019
+006,-018
+006,-018
+006,-018
+006,-018
+006,-017
+006,-017
+006,-017
+006,-017
+006,-017
+006,-017
+006,-017
+006,-017
+006,-017
+006,-017
+006,-017
+006,-016
+006,-016
+006,-016
+006,-016
+006,-016
+006,-016
+006,-016
+006,-016
+006,-016
+006,-016
+006,-015
+006,-015
+006,-015
+006,-015
+006,-015
+006,-015
+006,-015
+006,-014
+006,-014
+006,-014
+006,-014
+006,-014
+006,-014
+006,-014
+006,-014
+006,-014
+006,-014
+006,-014
+006,-014
+006,-014
+006,-014
+006,-013
+006,-013
+006,-013
+006,-013
+006,-013
+006,-013
+006,-013
+006,-013
+006,-013
+006,-013
+006,-013
+006,-013
+006,-013
+006,-013
+006,-013
+006,-013
+006,-013
+006,-013
+006,-016
+006,-016
+006,-016
+008,-016
+008,-016
+008,-016
+008,-016
+008,-016
+008,-016
+008,-016
+008,-016
+008,-016
+008,-016
+008,-016
+008,-016
+008,-016
+008,-016
+010,-019
+010,-019
+010,-019
+010,-019
+010,-019
+010,-019
+010,-019
+010,-019
+010,-019
+010,-019
+010,-019
+010,-019
+010,-019
+010,-019
+010,-019
+010,-019
+010,-019
+010,-019
+010,-019
+010,-019
+010,-019
+010,-019
+010,-019
+010,-019
+010,-019
+010,-019
+010,-019
+010,-019
+010,-019
+010,-019
+010,-022
+010,-021
+010,-021
+010,-021
+010,-021
+010,-021
+010,-021
+010,-021
+010,-021
+010,-021
+010,-021
+010,-021
+010,-021
+010,-021
+010,-021
+010,-021
+010,-021
+010,-021
+010,-021
+010,-021
+010,-021
+010,-021
+010,-021
+010,-021
+010,-021
+010,-021
+010,-021
+010,-021
+010,-021
+010,-021
+010,-021
+010,-021
+010,-021
+010,-021
+010,-021
+010,-021
+010,-021
+010,-021
+010,-021
+010,-021
+010,-021
+010,-021
+010,-021
+010,-021
+010,-021
+010,-021
+010,-021
+010,-021
+010,-021
+010,-021
+010,-021
+010,-021
+010,-021
+010,-021
+010,-021
+010,-021
+010,-021
+010,-021
+010,-021
+010,-021
+010,-021
+010,-021
+010,-021
+010,-021
+010,-021
+010,-021
+010,-021
+010,-021
+010,-021
+010,-021
+010,-021
+010,-021
+010,-021
+010,-020
+010,-020
+010,-020
+010,-019
+010,-019
+010,-019
+008,-019
+008,-019
+008,-018
+008,-018
+008,-018
+008,-018
+008,-018
+008,-018
+008,-018
+008,-017
+008,-017
+008,-017
+008,-017
+008,-017
+008,-017
+008,-017
+008,-017
+008,-017
+008,-017
+008,-017
+008,-017
+008,-017
+008,-017
+008,-017
+008,-017
+008,-016
+008,-016
+008,-016
+008,-016
+008,-016
+008,-016
+008,-016
+006,-016
+006,-016
+006,-016
+006,-016
+006,-016
+006,-016
+006,-016
+006,-016
+006,-016
+006,-016
+006,-016
+006,-016
+006,-016
+006,-016
+006,-016
+006,-016
+006,-016
+006,-016
+006,-016
+006,-016
+006,-016
+006,-016
+006,-016
+006,-016
+006,-016
+006,-016
+006,-016
+006,-016
+006,-016
+006,-016
+006,-016
+006,-016
+006,-016
+006,-016
+006,-016
+006,-016
+006,-016
+006,-016
+006,-016
+006,-016
+006,-015
+006,-015
+006,-015
+006,-015
+006,-015
+006,-015
+006,-015
+006,-015
+006,-015
+006,-015
+006,-015
+006,-015
+006,-015
+006,-015
+006,-015
+006,-015
+006,-015
+006,-015
+006,-015
+006,-015
+006,-015
+006,-015
+006,-015
+006,-015
+006,-015
+006,-015
+006,-015
+006,-015
+006,-015
+006,-015
+006,-015
+006,-015
+006,-015
+006,-015
+006,-018
+006,-018
+006,-018
+006,-018
+006,-018
+006,-018
+006,-018
+006,-018
+006,-018
+006,-018
+006,-018
+006,-018
+006,-018
+006,-018
+006,-018
+006,-018
+006,-018
+006,-018
+006,-018
+006,-018
+006,-018
+006,-018
+006,-018
+006,-018
+006,-018
+006,-018
+006,-018
+006,-018
+006,-018
+006,-018
+006,-018
+006,-018
+006,-018
+006,-018
+006,-018
+006,-018
+006,-018
+006,-018
+006,-018
+006,-018
+006,-018
+006,-018
+006,-018
+006,-018
+006,-018
+006,-018
+006,-018
+006,-018
+006,-018
+006,-018
+006,-018
+006,-018
+006,-018
+006,-018
+006,-018
+006,-018
+006,-018
+006,-018
+006,-018
+006,-018
+006,-021
+006,-021
+006,-020
+006,-020
+006,-020
+006,-020
+006,-020
+006,-020
+006,-020
+006,-020
+006,-020
+006,-020
+006,-020
+006,-020
+006,-020
+006,-020
+006,-020
+006,-020
+006,-020
+006,-020
+006,-020
+006,-020
+006,-020
+006,-020
+006,-020
+006,-020
+006,-020
+006,-020
+006,-020
+004,-020
+004,-020
+004,-020
+004,-020
+004,-020
+004,-020
+004,-020
+004,-020
+004,-020
+004,-020
+004,-020
+004,-020
+004,-020
+004,-019
+004,-019
+004,-019
+004,-019
+004,-019
+004,-019
+004,-019
+004,-019
+004,-019
+004,-019
+004,-018
+004,-018
+004,-018
+004,-018
+004,-018
+004,-018
+004,-018
+004,-018
+004,-018
+004,-018
+004,-017
+004,-017
+004,-017
COP Area(S): 000309
COP Area(R): 000637