+000,-000
+001,-003
+002,-006
+001,-009
+001,-010
+001,-011
+001,-013
+001,-014
+001,-015
+000,-016
+000,-016
+000,-017
+000,-017
+000,-018
+000,-018
+002,-018
+002,-018
+002,-018
+002,-018
+002,-015
+002,-015
+002,-015
+002,-015
+002,-015
+002,-012
+002,-012
+002,-012
+002,-012
+002,-009
+002,-009
+002,-009
+002,-009
+002,-009
+000,-009
+000,-009
+000,-009
+000,-009
+000,-009
+000,-009
+002,-009
+002,-009
+002,-009
+002,-009
+002,-009
+002,-006
+002,-006
+004,-006
+004,-001
+004,-001
+006,-003
+006,-003
+006,-006
+006,-006
+008,-009
+008,-009
+008,-012
+008,-012
+008,-012
+010,-016
+010,-016
+012,-016
+012,-019
+012,-019
+012,-022
+014,-022
+014,-025
+014,-025
+016,-028
+016,-028
+016,-028
+018,+031
+018,+031
+018,+033
+018,+033
+018,+035
+020,+035
+020,+037
+020,+037
+022,+037
+022,+037
+022,+037
+022,+037
+022,+039
+022,+039
+022,+039
+022,+039
+022,+039
+022,+039
+022,+039
+022,+037
+022,+037
+020,+037
+020,+035
+020,+035
+020,+033
+020,+033
+020,+031
+020,+031
+018,+029
+018,-028
+018,-027
+016,-025
+016,-024
+016,-022
+016,-021
+016,-019
+014,-017
+014,-016
+014,-014
+014,-012
+014,-011
+014,-010
+012,-009
+012,-007
+012,-006
+012,-005
+012,-005
+012,-004
+012,-004
+012,-003
+012,-002
+012,-002
+012,-002
+012,-001
+012,-001
+012,-001
+012,-001
+012,-001
+012,-001
+012,-001
+012,-001
+012,-001
+012,-001
+012,-001
+014,-001
+014,-004
+014,-004
+014,-004
+014,-004
+016,-007
+016,-007
+016,-010
+016,-010
+016,-010
+016,-010
+016,-014
+016,-014
+016,-014
+016,-018
+016,-018
+014,-018
+014,-018
+014,-018
+014,-021
+014,-021
+012,-021
+012,-021
+012,-021
+012,-021
+010,-021
+010,-021
+010,-021
+010,-021
+010,-021
+008,-020
+008,-020
+008,-018
+008,-018
+008,-017
+008,-015
+008,-015
+008,-014
+008,-013
+008,-011
+008,-010
+008,-009
+008,-007
+008,-006
+006,-005
+006,-004
+006,-002
+006,-001
+006,-000
+006,-002
+006,-002
+006,-003
+006,-004
+006,-004
+006,-004
+006,-004
+006,-004
+006,-001
+006,-001
+006,-001
+006,-002
+006,-002
+006,-005
+006,-005
+006,-005
+006,-008
+006,-008
+004,-011
+004,-011
+004,-011
+004,-015
+004,-015
+004,-015
+004,-015
+004,-018
+004,-018
+004,-018
+004,-021
+002,-021
+002,-021
+002,-024
+002,-024
+002,-024
+002,-024
+000,-027
+000,-027
+000,-027
+000,-027
+000,-027
+000,-027
+000,-027
+000,-027
+000,-027
+000,-027
+002,-027
+002,-027
+002,-027
+002,-027
+002,-027
+002,-027
+002,-027
+002,-026
+002,-026
+002,-025
+002,-025
+002,-024
+002,-024
+004,-023
+004,-022
+004,-022
+004,-021
+004,-020
+004,-019
+004,-019
+004,-018
+004,-018
+004,-017
+004,-017
+004,-016
+004,-015
-005,-014
-005,-014
-005,-013
-005,-013
-005,-013
-005,-013
-005,-013
-005,-013
-005,-016
-005,-016
-005,-016
-005,-016
-005,-016
-005,-019
-005,-019
-005,-019
-005,-019
-005,-019
-005,-022
-005,-022
-005,-022
-005,-022
+003,-022
+003,-022
+003,-022
+003,-022
+003,-021
+001,-021
+001,-021
+001,-020
+001,-020
+001,-020
+001,-019
+001,-019
+003,-018
+003,-018
+003,-017
+003,-016
+005,-016
+005,-015
+005,-014
+007,-014
+007,-013
+007,-013
+007,-012
+009,-012
+009,-011
+009,-011
+011,-010
+011,-009
+011,-009
+011,-008
+013,-007
+013,-006
+015,-006
+015,-005
+015,-004
+015,-003
+017,-002
+017,-001
+019,-001
+019,-000
+019,-001
+021,-001
+021,-001
+021,-002
+023,-003
+023,-003
+023,-004
+025,-004
+025,-005
+025,-005
+027,-005
+027,-005
+027,-005
+027,-006
+027,-006
+027,-006
+027,-006
+027,-006
+027,-006
+027,-006
+027,-006
+027,-006
+027,-006
+027,-003
+027,-003
+027,-003
+027,-003
+027,-003
+027,-003
+027,-003
+027,-003
+025,-003
+025,-003
+025,-004
+025,-004
+023,-004
+023,-004
+023,-004
+023,-004
+021,-004
+021,-004
+021,-004
+021,-004
+021,-004
+021,-004
+019,-001
+019,-001
+019,-002
+019,-002
+019,-002
+019,-002
+019,-002
+019,-002
+019,-002
+019,-002
+019,-002
+019,-002
+019,-002
+019,-002
+019,-002
+019,-003
+019,-003
+019,-003
+019,-004
+017,-004
+017,-004
+017,-004
+017,-004
+017,-004
+017,-004
+017,-004
+017,-004
+017,-004
+017,-004
+017,-004
+017,-004
+017,-004
+017,-004
+017,-004
+017,-004
+015,-004
+015,-001
+015,-001
+015,-001
+015,-001
+015,-001
+015,-001
+015,-001
+013,-001
+013,-001
+013,-001
+013,-001
+013,-002
+013,-002
+013,-002
+013,-002
+013,-002
+013,-002
+013,-005
+013,-005
+013,-005
+011,-005
+011,-008
+011,-008
+011,-008
+009,-008
+009,-008
+009,-008
+009,-011
+009,-011
+007,-011
+007,-011
+007,-011
+007,-011
+007,-011
+005,-011
+005,-014
+005,-014
+005,-014
+003,-014
+003,-014
+003,-014
+003,-014
+003,-014
+001,-014
+001,-017
+001,-017
+001,-017
+001,-017
+001,-017
+001,-017
+001,-017
+001,-017
+001,-017
+001,-017
+001,-020
+001,-020
+001,-019
+003,-019
+003,-019
+003,-019
+003,-019
+003,-019
+003,-019
+003,-019
+003,-019
+003,-019
+003,-019
+003,-019
+003,-018
+003,-018
+003,-017
+003,-017
+003,-017
+003,-016
+003,-016
+003,-015
+003,-015
+003,-015
+003,-015
+003,-014
+003,-014
+003,-013
+001,-013
+001,-013
+001,-012
+001,-012
+001,-012
+001,-012
+001,-011
+001,-011
+001,-011
+001,-011
+001,-010
+001,-010
+001,-010
+001,-009
+001,-009
+001,-009
+001,-009
+001,-009
+001,-009
+001,-009
+001,-009
+001,-009
+001,-009
+001,-009
+001,-009
+001,-009
+001,-009
+001,-009
+001,-009
+001,-009
+001,-009
+001,-009
+003,-009
+003,-009
+003,-009
+003,-009
+003,-009
+003,-009
+003,-009
+005,-009
+005,-009
+005,-009
+005,-009
+005,-012
+005,-012
+005,-012
+007,-012
+007,-012
+007,-012
+007,-015
+007,-015
+009,-015
+009,-015
+009,-015
+009,-015
+009,-015
+009,-015
+011,-015
+011,-015
+011,-015
+011,-018
+011,-017
+011,-017
+011,-017
+011,-017
+011,-017
+011,-017
+013,-017
+013,-017
+013,-017
+013,-017
+013,-020
+013,-020
+013,-020
+013,-020
+013,-020
+013,-020
+013,-020
+013,-019
+013,-019
+013,-019
+013,-019
+013,-019
+013,-018
+013,-018
+013,-018
+013,-017
+013,-016
+013,-016
+013,-015
+013,-015
+013,-015
+013,-015
+013,-014
+013,-014
+013,-014
+013,-014
+013,-014
+013,-014
+013,-014
+013,-014
+013,-014
+011,-014
+011,-014
+011,-014
+011,-014
+011,-014
+011,-014
+011,-014
+011,-014
+011,-014
+011,-014
+011,-014
+011,-014
+011,-014
+011,-014
+011,-014
+011,-014
+011,-014
+011,-014
+011,-014
+011,-014
+011,-017
+011,-016
+011,-016
+011,-016
+009,-016
+009,-016
+009,-016
+009,-016
+009,-016
+009,-016
+009,-016
+009,-016
+007,-016
+007,-019
+007,-019
+007,-019
+007,-019
+007,-019
+007,-019
+007,-019
+007,-019
+007,-019
+007,-019
+007,-019
+005,-019
+005,-019
+005,-019
+005,-019
+005,-019
+005,-019
+005,-022
+005,-022
+005,-022
+005,-022
+005,-021
+005,-021
+005,-021
+005,-021
+005,-021
+005,-021
+005,-021
+005,-021
+005,-021
+005,-021
+005,-021
+005,-021
+005,-021
+005,-021
+005,-021
+007,-021
+007,-021
+007,-021
+007,-021
+007,-021
+007,-024
+007,-024
+007,-024
+007,-024
+007,-024
+007,-024
+007,-024
+007,-024
+007,-024
+007,-024
+007,-027
+007,-027
+007,-027
+007,-027
+007,-027
+007,-027
+007,-027
+007,-027
+007,-027
+007,-027
+007,-027
+007,-027
+007,-027
+007,-027
+007,-027
+009,-027
+009,-027
+009,-027
+009,-027
+009,-027
+009,-027
+009,-027
+009,-027
+009,-027
+011,-027
+011,-027
+011,-027
+011,-027
+011,-027
+011,-027
+011,-027
+011,-027
+011,-027
+011,-027
+011,-027
+011,-027
+011,-027
+011,-027
+011,-027
+011,-027
+011,-027
+011,-027
+011,-027
+011,-026
+011,-026
+011,-026
+011,-026
+011,-026
+009,-026
+009,-026
+009,-026
+009,-026
+009,-026
+009,-026
+009,-026
+009,-025
+009,-025
+009,-025
+009,-025
+009,-024
+009,-024
+009,-023
+007,-023
+007,-023
+007,-022
+007,-022
+007,-022
+007,-021
+007,-020
+007,-020
+007,-020
+007,-020
+007,-019
+007,-019
+007,-019
+009,-019
+009,-019
+009,-018
+009,-018
+009,-018
+009,-018
+009,-017
+009,-017
+009,-017
+009,-017
+009,-017
+009,-017
+009,-017
+009,-016
+009,-016
+009,-016
+009,-016
+009,-016
+009,-016
+009,-016
+009,-016
+009,-016
+009,-016
+009,-016
+009,-016
+009,-016
+009,-016
+009,-016
+009,-016
+009,-016
+009,-016
+009,-016
+009,-016
+009,-016
+009,-019
+011,-019
+011,-018
+011,-018
+011,-018
+011,-018
+011,-018
+011,-018
+011,-018
+011,-018
+011,-018
+011,-018
+011,-018
+011,-018
+011,-018
+013,-018
+013,-018
+013,-021
+013,-021
+013,-021
+013,-021
+013,-021
+013,-020
+013,-020
+013,-020
+015,-020
+015,-020
+015,-020
+015,-019
+015,-019
+015,-019
+015,-019
+017,-018
+017,-018
+017,-018
+017,-017
+017,-017
+017,-017
+017,-017
+017,-016
+017,-016
+017,-016
+017,-016
+017,-016
+017,-016
+017,-016
+017,-016
+017,-016
+017,-016
+017,-016
+017,-016
+017,-016
+017,-016
+017,-016
+015,-016
+015,-016
+015,-016
+015,-016
+015,-016
+015,-016
+015,-016
+015,-016
+015,-016
+015,-016
+015,-016
+015,-016
+015,-016
+015,-016
+015,-016
+015,-016
+015,-016
+015,-016
+015,-016
+015,-016
+015,-016
+015,-016
+015,-016
+015,-016
+017,-016
+017,-016
+017,-016
+017,-016
+017,-016
+019,-016
+019,-016
+019,-016
+019,-016
+019,-015
+019,-015
+021,-015
+021,-015
+021,-015
+021,-014
+021,-014
+021,-014
+021,-014
+021,-014
+021,-014
+021,-014
+021,-014
+021,-017
+021,-017
+021,-017
+021,-017
+021,-020
+021,-020
+021,-020
+021,-020
+021,-020
+019,-020
+019,-020
+019,-020
+019,-023
+019,-022
+017,-022
+017,-022
+017,-022
+017,-022
+017,-022
+015,-022
+015,-022
+015,-022
+015,-022
+015,-022
+013,-022
+013,-021
+013,-021
+013,-021
+013,-020
+013,-019
+013,-019
+013,-019
+013,-018
+011,-018
+011,-018
+011,-017
+011,-017
+011,-016
+011,-016
+011,-016
+011,-016
+011,-015
+011,-015
+011,-015
+011,-015
+011,-014
+011,-014
+011,-014
+011,-013
+011,-013
+011,-013
+011,-013
+011,-013
+011,-012
+011,-012
+011,-011
+011,-011
+011,-011
+011,-010
+011,-010
+011,-010
+011,-010
+011,-009
+011,-009
+011,-009
+011,-008
+011,-008
+011,-008
+011,-007
+011,-007
+011,-007
+011,-007
+011,-006
+011,-006
+009,-006
+009,-006
+009,-005
+009,-005
+009,-005
+009,-005
+009,-005
+009,-005
+009,-004
+007,-004
+007,-004
+007,-004
+007,-004
+005,-004
+005,-004
+005,-003
+005,-003
+005,-003
+003,-002
+003,-001
+001,-001
+001,-000
+001,-000
+001,-000
+001,-000
+001,-000
+001,-000
+001,-000
+001,-001
+001,-001
+001,-001
+001,-001
+001,-001
+001,-001
+001,-001
+001,-001
+001,-001
+001,-001
+001,-001
+001,-001
+001,-001
+001,-001
+001,-001
+003,-003
+003,-003
+005,-003
+005,-003
+005,-003
+005,-003
+007,-003
+007,-006
+007,-005
+007,-005
+007,-005
+007,-005
+009,-005
+009,-005
+009,-005
+009,-005
+009,-005
+009,-005
+009,-005
+009,-005
+009,-005
+009,-005
+009,-005
+009,-005
+009,-005
+009,-005
+009,-005
+009,-005
+009,-005
+009,-005
+007,-008
+007,-008
+007,-008
+007,-008
+007,-008
+007,-008
+007,-008
+007,-008
+007,-008
+005,-008
+005,-008
+005,-011
+005,-011
+005,-011
+005,-011
+005,-011
+005,-011
+005,-011
+005,-011
+005,-011
+003,-011
+003,-011
+003,-011
+003,-011
+003,-010
+003,-010
+003,-010
+003,-010
+003,-009
+003,-009
+003,-009
+003,-009
+003,-009
+003,-009
+003,-008
+003,-008
+003,-007
+003,-007
+005,-006
+005,-006
+005,-006
+005,-005
+005,-005
+005,-004
+005,-003
+007,-003
+007,-002
+007,-002
+007,-002
+007,-002
+007,-002
+007,-002
+007,-002
+007,-002
+007,-002
+007,-002
+007,-005
+007,-005
+007,-005
+007,-005
+007,-005
+007,-005
+007,-008
+007,-008
+007,-008
+007,-008
+007,-008
+007,-008
+007,-008
+005,-008
+005,-008
+005,-008
+005,-008
+005,-008
+005,-008
+005,-008
+005,-008
+005,-008
+005,-008
+003,-008
+003,-008
+003,-008
+003,-007
+003,-007
+003,-006
+000,-005
+000,-005
+000,-004
+000,-004
+000,-004
+000,-003
+000,-003
+002,-002
+002,-002
+002,-002
+002,-002
+002,-002
+002,-001
+002,-001
+002,-001
+002,-001
+002,-001
+002,-001
+002,-001
+002,-001
+002,-001
+002,-001
+002,-001
+002,-001
+002,-001
+002,-001
+002,-001
+002,-001
+002,-001
+002,-001
+002,-001
+002,-001
+002,-001
+000,-000
+000,-000
+000,-000
+000,-001
+000,-001
+000,-001
+000,-001
+000,-001
+000,-001
+000,-001
+000,-001
+000,-001
+000,-001
+000,-001
+000,-001
+000,-001
+000,-001
+000,-001
+000,-001
+000,-001
+000,-001
+000,-001
+000,-001
+000,-001
+000,-001
+000,-001
+000,-001
+000,-001
+000,-002
+000,-002
+000,-002
+000,-002
+000,-002
+000,-002
+000,-002
+000,-002
+002,-006
+002,-006
+002,-006
+002,-006
+002,-006
+002,-006
+002,-006
+002,-006
+002,-006
+002,-006
+002,-006
+002,-006
+004,-006
+004,-006
+004,-006
+004,-006
+004,-006
+004,-006
+004,-006
+004,-006
+004,-006
+004,-006
+004,-006
+004,-006
+004,-006
+004,-006
+004,-006
+004,-006
+004,-006
+004,-006
+004,-006
+004,-006
+002,-006
+002,-006
+002,-006
+002,-006
+002,-009
+002,-009
+002,-008
+002,-008
+002,-008
+002,-008
+002,-008
+002,-008
+002,-008
+002,-011
+002,-011
+002,-011
+002,-011
+000,-011
+000,-011
+000,-011
+000,-011
+000,-011
+000,-011
+000,-011
+000,-011
+000,-011
+000,-011
+000,-011
+000,-011
+000,-011
+000,-011
+000,-011
+000,-011
+000,-011
+000,-011
+000,-011
+000,-011
+000,-010
+000,-010
+000,-010
+000,-010
+000,-010
+000,-010
+000,-010
+000,-010
+000,-010
+000,-010
+000,-010
+000,-010
+002,-010
+002,-010
+002,-010
+002,-010
+002,-013
+002,-013
+002,-012
+002,-012
+002,-012
+002,-012
+002,-012
+002,-012
+002,-012
+002,-012
+002,-012
+002,-012
+002,-012
+002,-012
+002,-012
+002,-012
+000,-011
+000,-011
+000,-011
+000,-011
+000,-011
+002,-011
+002,-011
+002,-011
+002,-011
+002,-011
+002,-011
+002,-011
+004,-011
+004,-011
+004,-011
-005,-010
-005,-010
-006,-009
-006,-009
-006,-009
-006,-008
-007,-008
-007,-008
-007,-008
-007,-008
-007,-008
-007,-008
-007,-008
-007,-008
-007,-008
-007,-008
-007,-011
-007,-010
-007,-010
-007,-010
-007,-010
-007,-010
+004,-010
+004,-013
+004,-013
+004,-013
+004,-013
+004,-013
+004,-013
+004,-013
+004,-013
+004,-013
+004,-013
+004,-013
+004,-013
+004,-013
+004,-013
+004,-013
+004,-012
+004,-012
+004,-012
+004,-012
+004,-012
+004,-012
+004,-012
+004,-012
+004,-012
+004,-012
+004,-011
+004,-011
+004,-011
+004,-011
+004,-011
+004,-011
+004,-011
+004,-011
+004,-011
+004,-011
-005,-010
-005,-010
-005,-009
-005,-009
-005,-009
-006,-009
-006,-009
-006,-008
-006,-008
-006,-008
-006,-008
-006,-008
-006,-008
-006,-008
-006,-011
-006,-011
-006,-011
-006,-011
-006,-011
-006,-011
-006,-014
-006,-014
-006,-014
-006,-014
-006,-014
-006,-014
-006,-014
-006,-014
-006,-014
-006,-014
-006,-014
-006,-014
-006,-014
-006,-014
-006,-014
-006,-014
-006,-014
-006,-014
-006,-014
-006,-014
-006,-014
-006,-014
-006,-014
-006,-014
-006,-014
-006,-014
-006,-014
-006,-014
-006,-014
-006,-014
-006,-014
-006,-014
-006,-014
-006,-014
-006,-014
-006,-014
-006,-014
-006,-014
-006,-014
-006,-014
-006,-014
-006,-014
-006,-014
-006,-014
-006,-014
-006,-014
-006,-014
-006,-014
-006,-014
-006,-014
+004,-014
+004,-014
+004,-014
+004,-014
+004,-014
+004,-014
+004,-014
+004,-014
+004,-014
+004,-014
+004,-014
+004,-014
+004,-014
+002,-014
+002,-014
+002,-014
+002,-014
+002,-014
+002,-014
+002,-014
+002,-014
+002,-014
+002,-014
+002,-017
+002,-017
+002,-017
+002,-017
+002,-017
+002,-017
+002,-017
+002,-017
+002,-017
+002,-017
+002,-017
+002,-017
+002,-017
+002,-017
+002,-017
+002,-017
+002,-017
+002,-017
+002,-017
+002,-017
+000,-017
+000,-017
+000,-020
+000,-020
+000,-020
+000,-020
+000,-020
+002,-020
+002,-020
+002,-020
+002,-020
+002,-020
+002,-020
+002,-020
+002,-020
+002,-020
+002,-020
+004,-020
+004,-020
+004,-020
+004,-020
+004,-020
+004,-020
+004,-020
+004,-019
+004,-019
+004,-019
+004,-018
+004,-018
+004,-018
+004,-018
+004,-018
+004,-018
+004,-018
+004,-018
+004,-018
+004,-018
+004,-018
+004,-018
+004,-018
+004,-018
+004,-018
+004,-018
+004,-018
+004,-018
+004,-018
+004,-018
+004,-018
+004,-018
+004,-018
+004,-018
+004,-018
+004,-018
+006,-018
+006,-018
+006,-018
+006,-018
+006,-018
+006,-018
+006,-018
+008,-021
+008,-020
+008,-020
+008,-020
+008,-020
+008,-020
+008,-020
+010,-020
+010,-020
+010,-019
+010,-019
+010,-019
+010,-019
+012,-018
+012,-018
+012,-018
+012,-018
+012,-017
+012,-017
+012,-017
+012,-017
+012,-017
+012,-017
+012,-017
+012,-017
+012,-017
+012,-017
+012,-017
+012,-017
+012,-017
+012,-017
+012,-017
+014,-020
+014,-020
+014,-020
+014,-020
+014,-020
+014,-020
+014,-020
+014,-020
+014,-020
+014,-020
+012,-020
+012,-020
+012,-023
+012,-023
+010,-023
+010,-023
+010,-023
+010,-023
+010,-023
+008,-023
+008,-023
+008,-023
+006,-023
+006,-023
+006,-023
+006,-023
+004,-023
+004,-026
+004,-026
+002,-026
+002,-025
+002,-025
+002,-025
+002,-025
+000,-025
+000,-025
+000,-024
+000,-024
+000,-024
+000,-023
+000,-023
+000,-023
+000,-022
+000,-022
+000,-022
+000,-021
+000,-021
+000,-021
+000,-020
+000,-020
+000,-020
+000,-020
+000,-019
+000,-019
+000,-019
+000,-018
+000,-018
+000,-018
+000,-017
+000,-017
+000,-017
+000,-016
+000,-016
+000,-016
+000,-016
+000,-016
+000,-016
+000,-016
+000,-016
+000,-016
+002,-016
+002,-016
+002,-016
+002,-016
+002,-016
+002,-016
+002,-016
+002,-016
+002,-016
+002,-016
+002,-016
+002,-016
+002,-016
+002,-019
+002,-019
+002,-019
+002,-019
+002,-019
+002,-019
+002,-019
+002,-019
+002,-019
+002,-019
+002,-019
+002,-019
+002,-019
+002,-019
+002,-019
+002,-018
+002,-018
+002,-018
+002,-018
+002,-018
+002,-018
+002,-018
+002,-018
+002,-018
+000,-018
+000,-018
+000,-018
+000,-018
+000,-018
+000,-018
+000,-018
+000,-018
+002,-018
+002,-018
+002,-018
+002,-018
+002,-018
+002,-018
+002,-018
+004,-018
+004,-018
+004,-018
+004,-018
+004,-018
+004,-018
+006,-018
+006,-018
+006,-018
+006,-018
+006,-018
+006,-018
+008,-018
+008,-018
+008,-018
+008,-018
+008,-018
+008,-018
+008,-018
+008,-018
+008,-018
+008,-021
+008,-021
+008,-020
+008,-020
+010,-020
+010,-020
+010,-020
+010,-020
+010,-020
+010,-020
+010,-020
+010,-020
+012,-020
+012,-020
+012,-020
+012,-020
+012,-020
+012,-020
+012,-020
+014,-020
+014,-020
+014,-020
+014,-020
+014,-020
+016,-020
+016,-020
+016,-020
+016,-020
+016,-020
+016,-020
+016,-020
+016,-020
+016,-020
+016,-020
+016,-020
+016,-020
+016,-023
+016,-023
+016,-023
+016,-023
+016,-023
+016,-023
+016,-023
+016,-023
+016,-023
+016,-023
+016,-023
+016,-023
+016,-023
+016,-023
+014,-023
+014,-023
+014,-023
+014,-023
+014,-023
+014,-023
+014,-023
+014,-023
+014,-023
+014,-023
+014,-023
+014,-023
+014,-023
+014,-023
+014,-023
+014,-023
+014,-023
+014,-023
+014,-023
+014,-023
+014,-023
+014,-023
+014,-023
+014,-023
+014,-023
+014,-023
+014,-023
+012,-023
+012,-023
+012,-023
+012,-023
+012,-023
+012,-023
+012,-023
+012,-023
+012,-023
+012,-023
+012,-023
+012,-022
+012,-022
+012,-022
+012,-022
+012,-022
+010,-022
+010,-022
+010,-022
+010,-022
+010,-022
+010,-022
+010,-022
+010,-022
+008,-022
+008,-022
+008,-022
+008,-022
+008,-021
+008,-021
+006,-021
+006,-021
+006,-021
+006,-021
+006,-021
+006,-021
+004,-021
+004,-021
+004,-021
+004,-021
+002,-021
+002,-021
+002,-020
+002,-020
+002,-020
+002,-020
+002,-020
+002,-020
+002,-019
+002,-019
+002,-019
+002,-018
+002,-018
+002,-018
+002,-018
+002,-018
+002,-018
+002,-018
+002,-017
+002,-017
+002,-017
+002,-017
+002,-017
+002,-017
+002,-017
+002,-017
+002,-017
+002,-017
+002,-017
+002,-017
+002,-017
+002,-017
+002,-017
+002,-017
+002,-017
+002,-017
+002,-017
+002,-017
+002,-017
+002,-017
+002,-017
+002,-017
+002,-017
+002,-017
+002,-017
+002,-017
+002,-017
+002,-017
+002,-017
+002,-017
+002,-017
+002,-017
+002,-017
+002,-017
+002,-017
+002,-017
+002,-017
+002,-017
+002,-017
+002,-017
+002,-020
+002,-020
+002,-020
+002,-020
+002,-020
+002,-020
+002,-020
+002,-020
+002,-020
+002,-020
+002,-020
+002,-020
+002,-020
+002,-023
+002,-023
+002,-023
+002,-023
+002,-023
+002,-023
+000,-026
+000,-026
+000,-026
+000,-026
+000,-026
+000,-026
+000,-026
+002,-026
+002,-026
+002,-026
+002,-026
+002,+029
+002,+029
+002,+029
+002,+029
+002,+029
+002,+029
+002,+029
+002,+031
+002,+031
+002,+031
+002,+031
+002,+031
+002,+031
+004,+031
+004,+031
+004,+031
+004,+031
+004,+031
+004,+031
+004,+031
+004,+031
+004,+031
+004,+031
+004,+031
+004,+031
+004,+031
+004,+031
+004,+031
+004,+031
-005,+031
-005,+031
-005,+031
-005,+031
-005,+033
-005,+033
-005,+033
-005,+033
-006,+033
-006,+033
-006,+033
-006,+033
-006,+033
-006,+033
-006,+033
-006,+033
-006,+033
-006,+033
-006,+033
-006,+033
-006,+033
-006,+033
-006,+033
-006,+033
-006,+033
-006,+033
-006,+031
-006,+031
-006,+031
+004,+031
+004,+031
+004,+031
+004,+031
+004,+031
+004,+031
+004,+029
+002,+029
+002,+029
+002,+029
+002,+029
+002,+029
+002,+029
+002,+029
+000,+029
+000,+029
+000,+029
+000,+029
+000,+029
+000,+029
+000,+029
+000,+029
+000,+029
+000,+029
+000,+029
+000,+029
+000,+029
+000,+029
+000,+029
+000,+029
+000,+029
+000,+029
+000,+029
+000,+029
+000,+029
+000,+029
+000,+029
+000,+029
+000,+029
+000,+029
+002,+029
+002,+029
+002,+029
+002,+029
+002,+029
+002,+029
+004,+029
+004,+029
+004,+029
+004,+029
+004,+029
+004,+029
+006,+029
+006,+029
+006,+029
+006,-028
+008,-028
+008,-027
+008,-027
+008,-026
+010,-026
+010,-026
+010,-025
+012,-024
+012,-023
+012,-023
+014,-022
+014,-022
+014,-021
+014,-021
+016,-021
+016,-021
+016,-021
+016,-021
+016,-020
+016,-020
+016,-020
+016,-020
+016,-020
+016,-020
+016,-020
+016,-020
+016,-020
+016,-020
+016,-023
+016,-023
+014,-023
+014,-023
+014,-023
+014,-023
+014,-023
+012,-023
+012,-023
+012,-023
+012,-023
+012,-023
+010,-023
+010,-023
+010,-026
+010,-026
+010,-026
+010,-026
+010,-026
+010,-026
+010,-026
+008,-025
+008,-025
+008,-025
+008,-025
+008,-025
+008,-024
+008,-024
+008,-024
+008,-023
+008,-023
+006,-023
+006,-023
+006,-023
+006,-022
+006,-022
+006,-021
+006,-021
+004,-021
+004,-021
+004,-021
+004,-020
+004,-020
+004,-020
+002,-020
+002,-019
+002,-019
+002,-018
+002,-018
+002,-018
+000,-017
+000,-017
+000,-017
+000,-016
+002,-016
+002,-016
+002,-015
+002,-015
+002,-015
+002,-014
+004,-014
+004,-014
+004,-014
-005,-013
-005,-013
-005,-013
-006,-012
-007,-012
-009,-010
-009,-010
-009,-009
-010,-009
-010,-009
-010,-009
-010,-009
-010,-009
-011,-009
-011,-009
-011,-009
-011,-009
-011,-009
-011,-009
-011,-009
-011,-009
-011,-009
-011,-009
-011,-009
-011,-009
-011,-009
-011,-009
-011,-009
-011,-009
-011,-009
-011,-009
-011,-009
-011,-009
-011,-009
-011,-009
-011,-009
-011,-009
-011,-009
-011,-009
-011,-009
-011,-009
-011,-009
-011,-013
-008,-013
-008,-013
-008,-013
-008,-013
-008,-013
-008,-016
-008,-016
-005,-016
-005,-016
-005,-016
-005,-016
-005,-019
-005,-019
-005,-019
-005,-019
-005,-019
-005,-019
-005,-019
-005,-019
-005,-019
-005,-019
-005,-019
-005,-019
-005,-019
-005,-019
-005,-019
-005,-019
-005,-019
-005,-019
-005,-019
-005,-019
-005,-019
-005,-019
-005,-019
-005,-019
-005,-019
-005,-019
-005,-018
-005,-018
-005,-018
-005,-017
-005,-017
-005,-016
-005,-016
-005,-016
-005,-016
-005,-015
-005,-015
-005,-015
-005,-015
-005,-014
-005,-014
-005,-014
-005,-014
-005,-014
-005,-014
-005,-014
-005,-014
-005,-014
-005,-014
-005,-014
-005,-014
-005,-014
-005,-014
-005,-014
-005,-014
-005,-014
+003,-014
+003,-014
+003,-014
+003,-014
+003,-014
+003,-014
+003,-014
+003,-014
+003,-014
+003,-014
+003,-014
+003,-014
+003,-014
+003,-014
+003,-014
+003,-014
+003,-014
+003,-014
+003,-014
+003,-014
+001,-014
+001,-014
+001,-014
+001,-014
+001,-014
+001,-014
+001,-014
+001,-014
+001,-014
+001,-014
+001,-014
+001,-014
+001,-014
+003,-014
+003,-014
+003,-014
+003,-014
+005,-014
+005,-014
+007,-014
+007,-013
+007,-013
+007,-013
+009,-013
+009,-013
+009,-013
+011,-013
+011,-013
+011,-013
+011,-013
+013,-012
+013,-012
+013,-012
+015,-012
+015,-012
+015,-012
+015,-012
+017,-012
+017,-012
+017,-012
+017,-012
+017,-012
+017,-012
+017,-012
+017,-012
+017,-012
+017,-012
+017,-012
+017,-012
+017,-012
+017,-012
+017,-012
+017,-012
+017,-015
+017,-015
+017,-015
+017,-015
+017,-015
+017,-015
+017,-015
+017,-015
+017,-018
+017,-018
+017,-018
+017,-018
+017,-018
+017,-018
+017,-018
+017,-018
+017,-018
+017,-018
+017,-021
+017,-021
+017,-021
+017,-021
+017,-021
+017,-021
+017,-021
+017,-021
+017,-021
+017,-024
+015,-024
+015,-024
+015,-024
+015,-024
+013,-024
+013,-024
+013,-024
+013,-024
+011,-024
+011,-024
+011,-024
+009,-024
+009,-024
+009,-024
+007,-027
+007,-027
+007,-027
+005,-027
+005,-027
+005,-027
+003,-027
+003,-027
+003,-027
+003,-027
+003,-027
+003,-027
+003,-027
+001,-027
+001,-027
+001,-027
+001,-027
+001,-027
+001,-027
+001,-027
+001,-027
+001,-027
+001,-027
+001,-027
+001,-027
+001,-026
+001,-026
+001,-026
+001,-025
+001,-025
+001,-025
+001,-024
+001,-023
+001,-023
+001,-023
+001,-022
+001,-022
+001,-021
+001,-020
+001,-020
+001,-019
+001,-019
+001,-018
+001,-018
+001,-018
+001,-017
+001,-017
+001,-017
+001,-016
+001,-016
+003,-016
+003,-015
+003,-015
+003,-015
+003,-014
+003,-014
+003,-014
+003,-014
+003,-014
+004,-014
+004,-014
+004,-014
+004,-013
+004,-013
+004,-013
+004,-013
+004,-013
+004,-013
+004,-013
+004,-013
+004,-013
+004,-013
+004,-013
+004,-013
+004,-013
+004,-013
+004,-013
+004,-016
+004,-015
+004,-015
+004,-015
+004,-015
+004,-015
+004,-015
+004,-015
+004,-015
+004,-015
+002,-015
+002,-015
+002,-015
+002,-015
+002,-015
+002,-015
+002,-015
+002,-015
+002,-015
+002,-015
+000,-015
+000,-015
+000,-015
+000,-015
+000,-015
+002,-015
+002,-015
+002,-015
+002,-015
+002,-015
+004,-015
+004,-015
+004,-015
+006,-015
+006,-015
+006,-015
+008,-015
+008,-015
+008,-015
+008,-015
+010,-015
+010,-015
+010,-015
+010,-015
+012,-015
+012,-015
+012,-015
+012,-015
+012,-015
+012,-015
+012,-015
+012,-015
+012,-015
+012,-015
+012,-015
+012,-015
+012,-015
+012,-015
+012,-015
+012,-015
+012,-015
+012,-015
+012,-015
+012,-015
+012,-015
+010,-015
+010,-015
+010,-015
+010,-018
+010,-018
+010,-018
+010,-018
+010,-018
+010,-018
+010,-018
+010,-018
+010,-018
+010,-018
+010,-021
+010,-021
+010,-021
+010,-021
+010,-021
+010,-021
+010,-021
+010,-021
+010,-021
+010,-021
+010,-021
+010,-021
+010,-021
+010,-021
+010,-021
+010,-021
+010,-021
+010,-021
+010,-021
+010,-021
+010,-021
+008,-021
+008,-021
+008,-021
+008,-021
+008,-021
+008,-021
+008,-021
+006,-021
+006,-021
+006,-021
+006,-021
+004,-021
+004,-021
+004,-021
+004,-021
+004,-021
+004,-021
+002,-021
+002,-021
+002,-021
+002,-021
+002,-021
+002,-021
+002,-024
+000,-024
+000,-024
+000,-024
+000,-024
+000,-024
+000,-024
+000,-024
+000,-027
+000,-027
+000,-027
+000,-027
+000,-027
+000,-027
+000,-027
+000,-027
+000,-027
+000,-027
+000,-027
+000,-027
+000,-027
+000,-027
+000,-027
+000,-027
+000,+029
+000,+029
+000,+029
+000,+029
+000,+029
+000,+029
+000,+029
+000,+029
+000,+029
+000,+029
+000,+029
+000,+029
+000,+029
+000,+029
+000,+029
+002,+029
+002,+029
+002,+029
+002,+029
+002,+029
+002,+029
+002,+029
+002,+029
+002,+029
+002,+029
+002,+029
+002,+029
+002,+029
+002,+029
+002,+029
+002,+029
+002,+029
+002,+029
+002,+029
+002,+029
+004,+029
+004,+029
+004,-028
+004,-028
+004,-028
+004,-028
+004,-028
+004,-027
+004,-027
+004,-027
+004,-026
+004,-026
+002,-025
+002,-025
+002,-024
+002,-024
+002,-024
+002,-023
+002,-023
+002,-023
+002,-023
+002,-023
+002,-023
+002,-023
+002,-023
+002,-023
+002,-023
+002,-023
+004,-026
+004,-026
+004,-026
+004,-026
+004,-026
+004,-026
+004,-026
+004,-026
+006,-026
+006,-026
+006,-026
+006,-026
+006,-026
+006,+029
+006,+029
+006,+029
+006,+029
+006,+029
+006,+029
+006,+029
+006,+029
+006,+029
+008,+029
+008,+029
+008,+029
+008,+029
+008,+029
+008,+029
+008,+029
+008,+029
+008,+029
+010,+029
+010,+029
+010,+029
+010,+029
+010,+029
+012,+029
+012,+029
+012,+029
+012,+029
+012,+029
+012,+029
+014,-028
+014,-028
+014,-028
+014,-028
+014,-028
+014,-028
+014,-027
+014,-027
+014,-027
+014,-026
+014,-026
+014,-026
+014,-025
+014,-025
+014,-024
+014,-024
+014,-023
+014,-023
+014,-022
+014,-022
+014,-021
+014,-020
+014,-020
+014,-019
+014,-018
+014,-017
+012,-017
+012,-017
+012,-017
+012,-017
+010,-015
+010,-015
+010,-015
+010,-015
+008,-015
+008,-015
+008,-015
+008,-015
+006,-015
+006,-015
+006,-015
+006,-015
+006,-015
+006,-015
+006,-015
+004,-015
+004,-014
+004,-014
+004,-014
+004,-014
+004,-014
+004,-014
+004,-014
+004,-013
+004,-013
+002,-013
+002,-012
+002,-012
+002,-012
+002,-012
+002,-011
+002,-011
+002,-011
+002,-010
+002,-010
+002,-010
+002,-009
+002,-009
+002,-008
+002,-008
+002,-008
+002,-007
+002,-007
+002,-007
+002,-007
+002,-007
+002,-007
+004,-007
+004,-007
+004,-007
+004,-007
+004,-007
+004,-007
+006,-007
+006,-007
+006,-007
+006,-007
+006,-007
+006,-007
+006,-007
+006,-007
+006,-007
+006,-007
+008,-006
+008,-006
+008,-006
+008,-006
+008,-006
+008,-006
+008,-006
+008,-006
+008,-006
+008,-006
+008,-006
+008,-006
+008,-006
+008,-006
+008,-006
+008,-006
+008,-006
+008,-006
+008,-006
+008,-006
+008,-006
+008,-006
+008,-006
+008,-006
+008,-006
+008,-006
+008,-006
+008,-006
+008,-006
+008,-006
+008,-006
+008,-006
+008,-006
+008,-006
+008,-006
+008,-009
+008,-009
+008,-009
+008,-009
+008,-009
+008,-009
+008,-009
+008,-009
+008,-009
+008,-009
+008,-009
+008,-009
+008,-009
+008,-009
+008,-009
+008,-009
+006,-009
+006,-009
+006,-009
+006,-012
+006,-012
+006,-012
+006,-012
+006,-012
+006,-012
+006,-012
+006,-012
+006,-012
+008,-012
+008,-015
+008,-015
+008,-015
+008,-015
+008,-015
+008,-015
+008,-015
+008,-015
+008,-015
+008,-015
+008,-015
+008,-015
+008,-015
+008,-015
+008,-015
+008,-015
+008,-015
+008,-015
+008,-015
+008,-015
+008,-015
+008,-018
+008,-018
+008,-018
+008,-018
+008,-018
+008,-021
+008,-021
+008,-021
+008,-021
+008,-021
+008,-021
+008,-021
+008,-021
+008,-021
+008,-021
+008,-021
+008,-024
+008,-024
+008,-024
+010,-024
+010,-024
+010,-024
+010,-024
+010,-024
+010,-024
+010,-024
+010,-024
+010,-024
+012,-024
+012,-024
+012,-024
+012,-024
+012,-024
+012,-024
+012,-024
+012,-024
+012,-024
+012,-024
+012,-024
+012,-024
+012,-027
+012,-027
+012,-027
+012,-027
+010,-027
+010,-026
+010,-026
+010,-026
+010,-026
+010,-026
+010,-026
+008,-025
+008,-025
+008,-025
+008,-025
+008,-025
+008,-025
+008,-025
+008,-025
+008,-025
+008,-025
+008,-024
+008,-024
+008,-024
+008,-024
+008,-024
+008,-024
+008,-024
+008,-024
+008,-024
+006,-024
+006,-024
+006,-024
+006,-024
+006,-024
+006,-024
+006,-024
+006,-023
+006,-023
+006,-023
+006,-023
+006,-023
+004,-023
+004,-023
+004,-023
+004,-022
+004,-022
+004,-022
+004,-022
+004,-021
+004,-021
+004,-021
+004,-020
+004,-020
+004,-020
+004,-019
+004,-019
+004,-019
+004,-019
+004,-018
+002,-018
+002,-018
+002,-017
+002,-017
+002,-017
+002,-017
+002,-017
+002,-017
+002,-016
+002,-016
+002,-016
+002,-016
+002,-016
+002,-016
+002,-016
+002,-016
+002,-016
+002,-016
+002,-016
+002,-016
+002,-016
+002,-016
+002,-016
+002,-016
+002,-016
+002,-015
+002,-015
+002,-015
+002,-015
+002,-015
+002,-015
+002,-015
+002,-015
+002,-014
+002,-014
+002,-014
+002,-014
+002,-014
+002,-014
+002,-014
+002,-013
+002,-013
+002,-013
+002,-012
+002,-012
+002,-012
+002,-011
+002,-011
+002,-011
+004,-011
+004,-011
+004,-011
+004,-011
+004,-010
+004,-010
+004,-010
+004,-010
+004,-010
+004,-010
+004,-010
+004,-009
+002,-009
+002,-009
+002,-009
+002,-008
+002,-008
+002,-008
+002,-008
+002,-008
+002,-008
+002,-008
+002,-008
+000,-008
+000,-008
+000,-008
+000,-011
+000,-011
+000,-011
+000,-011
+002,-011
+002,-011
+002,-011
+002,-011
+002,-011
+002,-014
+002,-014
+002,-014
+002,-014
+002,-014
+002,-014
+002,-014
+002,-014
+002,-014
+002,-014
+002,-014
+004,-014
+004,-014
+004,-014
+004,-014
+004,-014
+004,-014
+004,-014
+004,-014
+004,-014
+004,-013
+004,-013
+004,-013
+004,-013
+004,-013
+004,-013
+004,-013
+004,-012
+004,-012
+004,-012
+004,-012
+004,-012
+004,-012
+004,-012
+004,-012
+004,-011
+004,-011
+004,-011
+004,-011
+004,-011
+004,-010
+004,-010
+004,-010
+004,-010
+004,-010
+004,-010
+004,-010
+004,-010
+004,-010
+004,-010
+004,-010
+004,-010
+004,-010
+004,-010
+004,-010
+004,-010
+004,-010
+004,-010
+004,-010
+004,-010
+004,-010
+004,-010
+004,-009
+004,-009
+004,-009
+004,-009
+004,-009
+002,-009
+002,-009
+002,-009
+002,-009
+002,-009
+002,-009
+002,-009
+002,-009
+002,-009
+002,-009
+002,-009
+002,-009
+002,-009
+002,-009
+002,-009
+000,-012
+000,-012
+000,-012
+000,-012
+000,-012
+002,-012
+002,-012
+002,-012
+002,-012
+002,-012
+004,-015
+004,-015
+004,-015
+006,-015
+006,-015
+006,-015
+006,-015
+008,-015
+008,-015
+008,-015
+008,-015
+008,-015
+008,-015
+008,-015
+008,-015
+010,-015
+010,-015
+010,-015
+010,-015
+010,-015
+010,-015
+010,-015
+010,-015
+010,-015
+010,-015
+010,-015
+010,-015
+010,-015
+010,-015
+010,-015
+010,-015
+010,-015
+008,-015
+008,-015
+008,-015
+008,-015
+008,-015
+008,-014
+008,-014
+008,-014
+008,-014
+008,-014
+008,-013
+008,-013
+008,-013
+008,-013
+008,-013
+008,-013
+008,-013
+008,-013
+008,-013
+008,-013
+008,-012
+008,-012
+006,-012
+006,-011
+006,-011
+006,-011
+006,-011
+004,-011
+004,-011
+004,-010
+004,-010
+004,-010
+002,-010
+002,-010
+002,-009
+002,-009
+002,-009
+000,-009
+000,-008
+000,-008
+000,-007
+000,-007
+000,-006
+000,-006
+000,-006
+000,-006
+000,-006
+000,-006
+000,-006
+000,-006
+000,-006
+000,-006
+000,-006
+000,-006
+000,-006
+000,-006
+000,-006
+000,-006
+000,-006
+000,-006
+000,-006
+000,-006
+000,-006
+000,-006
+000,-006
+000,-006
+000,-006
+000,-006
+000,-006
+000,-006
+000,-006
+000,-006
+000,-006
+000,-006
+000,-006
+000,-006
+000,-006
+000,-006
+000,-006
+000,-006
+000,-009
+000,-009
+002,-009
+002,-009
+002,-009
+002,-009
+002,-009
+002,-009
+002,-009
+004,-009
+004,-012
+004,-012
+004,-012
+004,-012
+004,-012
+004,-012
+004,-012
+004,-015
+004,-015
+004,-015
+004,-015
+004,-015
+004,-015
+004,-015
+004,-015
+004,-015
+004,-015
+004,-015
+004,-015
+006,-015
+006,-018
+006,-018
+006,-017
+006,-017
+006,-017
+006,-017
+006,-017
+006,-017
+008,-017
+008,-017
+008,-017
+008,-017
+008,-017
+008,-017
+008,-017
+008,-017
+010,-017
+010,-017
+010,-017
+010,-017
+010,-017
+010,-017
+010,-017
+012,-017
+012,-017
+012,-017
+012,-017
+012,-017
+012,-017
+012,-017
+012,-017
+012,-017
+012,-017
+012,-017
+012,-017
+012,-017
+012,-017
+012,-020
+012,-020
+012,-020
+012,-020
+012,-020
+012,-020
+012,-020
+012,-020
+012,-020
+012,-020
+012,-023
+012,-023
+012,-023
+012,-023
+012,-023
+012,-023
+012,-023
+012,-023
+012,-023
+012,-023
+012,-023
+014,-023
+014,-026
+014,-026
+014,-026
+014,-026
+014,-026
+014,-026
+014,-026
+014,-026
+014,-026
+014,-026
+014,-026
+014,-026
+014,-026
+016,-026
+016,-026
+016,-026
+016,-026
+016,-026
+016,-026
+016,-026
+016,-026
+016,-026
+016,-026
+016,-026
+016,-026
+016,-026
+016,-026
+016,-026
+016,-026
+016,-025
+016,-025
+016,-025
+016,-025
+016,-025
+016,-025
+016,-025
+016,-024
+016,-024
+016,-024
+016,-024
+016,-023
+014,-023
+014,-023
+014,-022
+014,-022
+014,-022
+014,-022
+012,-021
+012,-021
+012,-021
+012,-020
+010,-020
+010,-020
+010,-019
+010,-019
+008,-019
+008,-018
+008,-017
+006,-017
+006,-016
+006,-016
+004,-016
+004,-015
+004,-015
+004,-015
+001,-014
+001,-013
+001,-012
+001,-012
+001,-011
+001,-011
+001,-011
+001,-011
+001,-010
+003,-010
+003,-010
+003,-010
+003,-010
+003,-010
+003,-010
+003,-010
+003,-010
+004,-010
+004,-010
+004,-010
+004,-010
+004,-010
+004,-010
+004,-010
+004,-010
+004,-010
+004,-010
+004,-010
+004,-013
+004,-013
+004,-013
+004,-013
+004,-013
+004,-013
+004,-013
+004,-013
+004,-013
+004,-013
+004,-016
+004,-016
+004,-016
+004,-016
+004,-016
+004,-016
+004,-016
+004,-016
+004,-016
+004,-019
+004,-019
+004,-019
+004,-019
+004,-019
+004,-019
+004,-019
+004,-019
+004,-019
+004,-019
+002,-019
+002,-019
+002,-019
+002,-022
+002,-022
+002,-022
+002,-022
+002,-022
+002,-022
+002,-022
+002,-022
+000,-022
+000,-022
+000,-022
+000,-022
+000,-025
+000,-025
+002,-025
+002,-025
+002,-025
+002,-025
+002,-025
+004,-025
+004,-025
+004,-028
+004,-028
+004,-028
+006,+030
+006,+030
+006,+030
+006,+032
+006,+032
+008,+032
+008,+032
+008,+034
+008,+034
+008,+036
+008,+036
+008,+036
+008,+036
+008,+036
+008,+038
+008,+038
+008,+038
+008,+038
+008,+038
+008,+040
+008,+040
+008,+040
+008,+040
+008,+040
+008,+040
+008,+040
+008,+040
+008,+040
+008,+040
+008,+040
+008,+040
+008,+040
+008,+040
+008,+040
+008,+040
+008,+040
+008,+040
+008,+040
+008,+040
+008,+040
+008,+040
+008,+040
+008,+040
+008,+040
+008,+040
+008,+040
+008,+040
+008,+040
+008,+040
+008,+040
+008,+040
+008,+040
+008,+040
+008,+040
+008,+040
+008,+040
+008,+040
+008,+040
+008,+040
+008,+040
+008,+040
+006,+040
+006,+040
+006,+040
+006,+040
+006,+040
+006,+040
+006,+040
+006,+040
+006,+040
+006,+040
+006,+038
+006,+038
+006,+038
+006,+038
+006,+038
+006,+036
+006,+036
+006,+036
+006,+036
+006,+034
+006,+034
+006,+034
+006,+034
+006,+032
+006,+032
+006,+032
+006,+032
+006,+032
+006,+032
+006,+032
+006,+030
+006,+030
+006,+030
+006,+030
+006,+030
+006,+030
+006,+030
+006,+030
+004,+030
+004,+030
+004,+029
+004,+029
+004,-028
+004,-028
+002,-028
+002,-027
+002,-027
+002,-026
+000,-026
+000,-025
+000,-024
+000,-024
+002,-024
+002,-023
+002,-022
+002,-022
+002,-021
+004,-021
+004,-021
+004,-020
+004,-020
-005,-019
-005,-019
-005,-018
-006,-018
-006,-017
-006,-016
-006,-016
-006,-016
-006,-015
-006,-015
-006,-015
-006,-015
-006,-015
-006,-015
-006,-015
-006,-015
-006,-015
-006,-015
+004,-015
+004,-015
+004,-015
+004,-015
+004,-015
+004,-015
+004,-015
+004,-014
+004,-014
+004,-014
+004,-014
+004,-014
+004,-014
+004,-014
+004,-013
+004,-013
+004,-013
+002,-013
+002,-013
+002,-013
+002,-013
+002,-013
+002,-013
+002,-013
+002,-012
+002,-012
+002,-012
+002,-012
+002,-012
+002,-012
+000,-012
+000,-011
+000,-011
+000,-010
+000,-010
+000,-010
+000,-010
+000,-010
+000,-010
+000,-010
+000,-010
+000,-010
+000,-010
+000,-010
+002,-010
+002,-013
+002,-013
+002,-013
+002,-013
+002,-013
+002,-013
+002,-016
+002,-016
+002,-016
+002,-016
+002,-016
+002,-016
+002,-016
+002,-016
+002,-016
+000,-016
+000,-016
+000,-016
+000,-016
+000,-016
+000,-015
+000,-015
+000,-015
+000,-015
+000,-015
+000,-015
+002,-015
+002,-014
+002,-014
+002,-013
+002,-013
+002,-013
+002,-013
+002,-012
+002,-012
+002,-011
+002,-011
+002,-011
+002,-011
+002,-011
+002,-011
+000,-011
+000,-011
+000,-011
+000,-011
+000,-011
+002,-011
+002,-011
+002,-011
+002,-011
+002,-011
+002,-011
+004,-011
+004,-011
+004,-011
+004,-011
+004,-011
+004,-011
+004,-011
+004,-010
+004,-010
+004,-010
+004,-010
+006,-010
+006,-010
+006,-010
+006,-010
+006,-010
+008,-010
+008,-010
+008,-010
+008,-010
+008,-010
+008,-013
+008,-013
+010,-013
+010,-013
+010,-013
+010,-013
+010,-013
+010,-013
+010,-013
+010,-013
+010,-013
+010,-016
+012,-015
+012,-015
+012,-015
+012,-015
+012,-015
+012,-015
+012,-015
+012,-015
+012,-018
+012,-018
+012,-018
+012,-018
+012,-018
+012,-018
+012,-018
+012,-018
+012,-021
+012,-021
+012,-021
+010,-021
+010,-021
+010,-021
+010,-021
+010,-021
+010,-021
+008,-021
+008,-021
+008,-021
+008,-021
+008,-021
+008,-021
+008,-021
+008,-021
+008,-021
+008,-021
+008,-021
+008,-021
+008,-021
+008,-021
+008,-021
+008,-021
+008,-021
+008,-024
+008,-024
+008,-024
+008,-024
+008,-024
+008,-024
+008,-027
+008,-027
+008,-027
+008,-027
+008,-027
+008,-027
+008,-027
+008,+029
+008,+029
+008,+029
+008,+029
+008,+029
+008,+029
+008,+031
+008,+031
+008,+031
+008,+031
+008,+031
+008,+031
+008,+031
+008,+033
+008,+033
+008,+033
+008,+033
+008,+033
+008,+033
+008,+033
+006,+035
+006,+035
+006,+035
+006,+035
+006,+035
+006,+035
+006,+035
+006,+035
+006,+035
+006,+035
+006,+035
+006,+033
+004,+033
+004,+033
+004,+033
+004,+031
+004,+031
+004,+031
+004,+031
+004,+031
+002,+029
+002,+029
+002,+029
+002,+029
+002,+029
+002,-028
+002,-028
+002,-028
+002,-028
+002,-027
+000,-027
+000,-027
+000,-027
+000,-027
+000,-027
+000,-027
+000,-027
+000,-026
+000,-026
+000,-026
+002,-026
+002,-026
+002,-025
+002,-025
+002,-025
+002,-025
+002,-025
+002,-025
+002,-024
+002,-024
+002,-024
+002,-024
+002,-023
+002,-023
+002,-023
+002,-023
+002,-022
+002,-022
+002,-022
+002,-021
+002,-021
+002,-021
+002,-021
+002,-020
+002,-020
+002,-020
+002,-020
+000,-020
+000,-020
+000,-019
+000,-019
+000,-019
+002,-019
+002,-019
+002,-019
+002,-019
+004,-019
+004,-019
+004,-019
+004,-019
+004,-019
+006,-018
+006,-018
+006,-018
+006,-018
+008,-018
+008,-018
+008,-018
+008,-018
+010,-017
+010,-017
+010,-017
+010,-017
+010,-017
+012,-017
+012,-017
+012,-017
+012,-017
+012,-017
+012,-017
+012,-017
+014,-017
+014,-017
+014,-017
+014,-017
+014,-017
+014,-017
+014,-017
+016,-017
+016,-017
+016,-020
+016,-020
+016,-019
+018,-019
+018,-019
+018,-019
+018,-019
+018,-019
+018,-019
+020,-019
+020,-019
+020,-019
+020,-019
+020,-019
+022,-019
+022,-019
+022,-019
+022,-019
+022,-019
+022,-019
+022,-019
+022,-019
+024,-019
+024,-019
+024,-019
+024,-019
+024,-019
+024,-019
+024,-019
+024,-018
+024,-018
+024,-018
+024,-018
+024,-018
+024,-018
+024,-018
+026,-018
+026,-018
+026,-018
+026,-018
+026,-018
+026,-018
+026,-018
+026,-018
+026,-018
+026,-018
+026,-018
+026,-018
+026,-018
+026,-017
+026,-017
+026,-017
+026,-017
+024,-017
+024,-017
+024,-017
+022,-017
+022,-017
+022,-017
+022,-017
+020,-017
+020,-017
+020,-017
+020,-016
+018,-016
+018,-015
+018,-015
+016,-015
+016,-014
+016,-014
+014,-014
+014,-014
+014,-014
+014,-013
+014,-013
+012,-012
+012,-012
+012,-012
+012,-012
COP Area(S): 000475
COP Area(R): 001051