-000,-000
-000,-000
-000,-000
-000,-000
-000,-000
-001,-000
-001,-000
-001,-000
-001,-000
-001,-000
-002,-000
-002,-000
-002,-000
-002,-001
-002,-001
-003,-001
-003,-001
-003,-001
-003,-001
-003,-001
-003,-001
-003,-001
-003,-001
-003,-001
-003,-001
-004,-001
-004,-001
-004,-001
-004,-002
-004,-002
-004,-002
-004,-002
-004,-002
-004,-002
-004,-002
-004,-002
-004,-002
-004,-002
-004,-002
-004,-002
-004,-002
-004,-002
-004,-002
-004,-002
-004,-002
-004,-002
-004,-002
-004,-002
-004,-002
-004,-002
-004,-002
-004,-002
-004,-002
-004,-002
-004,-002
-004,-002
-004,-001
-004,-001
-004,-001
-004,-001
-004,-001
-004,-001
-004,-001
-004,-001
-004,-001
-004,-001
-004,-000
-004,-000
-004,-000
-004,-000
-004,-001
-004,-001
-004,-001
-004,-001
-004,-001
-004,-001
-004,-002
-004,-002
-004,-002
-004,-002
-004,-002
-004,-002
-004,-002
-004,-003
-004,-003
-004,-003
-004,-003
-004,-003
-004,-003
-004,-003
-004,-003
-004,-003
-005,-003
-005,-004
-005,-004
-005,-004
-005,-004
-005,-004
-005,-004
-005,-004
-006,-004
-006,-004
-006,-004
-006,-004
-006,-004
-006,-004
-006,-004
-006,-004
-006,-004
-006,-004
-006,-004
-007,-004
-007,-004
-007,-004
-007,-004
-007,-004
-007,-004
-007,-004
-007,-004
-007,-001
-007,-002
-007,-002
-007,-002
-007,-002
-007,-002
-007,-002
-007,-002
-007,-002
-007,-002
-007,-002
-007,-002
-007,-002
-007,-002
-007,-002
-007,-002
-007,-002
-007,-002
-007,-002
-007,-001
-007,-000
-007,-000
-008,-000
-008,-000
-008,-000
-008,-000
-008,-000
-008,-000
-008,-000
-008,-000
-009,-000
-009,-000
-009,-000
-009,-000
-009,-000
-009,-000
-009,-000
-009,-000
-009,-000
-009,-000
-009,-000
-009,-000
-010,-000
-010,-000
-010,-000
-010,-000
-011,-000
-011,-000
-011,-000
-011,-000
-011,-000
-011,-000
-011,-000
-011,-000
-011,-000
-011,-000
-011,-000
-011,-003
-011,-003
-012,-003
-012,-003
-012,-003
-012,-003
-012,-003
-012,-003
-012,-003
-012,-006
-012,-006
-012,-006
-012,-006
-012,-006
-012,-006
-009,-006
-009,-009
-009,-009
-009,-009
-009,-009
-009,-009
-009,-009
-009,-009
-009,-009
-009,-009
-009,-009
-009,-009
-009,-009
-009,-012
-009,-012
-009,-012
-009,-012
-009,-012
-009,-012
-009,-012
-009,-012
-009,-012
-006,-012
-006,-012
-006,-012
-006,-012
-006,-012
-006,-012
-006,-012
-006,-012
-006,-012
-006,-012
-006,-012
-006,-015
-006,-015
-006,-015
-006,-015
-003,-015
-003,-015
-003,-015
-003,-015
-003,-015
-003,-015
-003,-015
-003,-015
-003,-015
-003,-018
-003,-018
-003,-018
-003,-018
-003,-018
-003,-018
-003,-018
-003,-018
-003,-018
-003,-018
-003,-018
-003,-018
-003,-018
-003,-018
-003,-018
-003,-018
-003,-018
-003,-018
-003,-018
-003,-018
-003,-018
-003,-018
-003,-018
-003,-018
-003,-018
-003,-018
-003,-018
-003,-018
-003,-018
-003,-018
-003,-018
-003,-018
-003,-018
-003,-018
-003,-018
-003,-018
-003,-018
-003,-018
-003,-018
-003,-018
-003,-018
-003,-018
-003,-018
-003,-018
-003,-018
-003,-017
-003,-017
-003,-016
-004,-016
-004,-015
-004,-015
-004,-014
-005,-013
-005,-013
-005,-012
-005,-012
-005,-012
-005,-011
-005,-011
-005,-011
-005,-010
-006,-010
-006,-010
-006,-009
-006,-009
-006,-009
-006,-008
-006,-008
-006,-008
-006,-007
-006,-007
-006,-007
-006,-006
-006,-006
-006,-006
-006,-006
-006,-006
-006,-006
-006,-006
-006,-005
-006,-005
-006,-005
-006,-005
-006,-005
-006,-005
-006,-005
-003,-005
-003,-005
-003,-005
-003,-005
-003,-005
-003,-005
-003,-005
-003,-005
-003,-005
-003,-005
-003,-005
-003,-005
-000,-005
-000,-005
-000,-005
-000,-005
-000,-005
-000,-005
-000,-005
-000,-005
-000,-005
-000,-005
-003,-005
-003,-005
-003,-005
-003,-005
-003,-005
-003,-005
-003,-005
-003,-005
-006,-004
-006,-004
-006,-004
-006,-004
-006,-004
-006,-004
-009,-004
-009,-004
-009,-004
-009,-004
-009,-004
-009,-004
-009,-004
-009,-004
-012,-004
-012,-004
-012,-004
-012,-004
-012,-004
-012,-004
-012,-004
-012,-004
-012,-004
-012,-004
-015,-004
-014,-004
-014,-004
-014,-004
-014,-004
-014,-004
-014,-004
-014,-004
-014,-004
-014,-004
-014,-004
+017,-004
-016,-004
-016,-004
-016,-004
-016,-007
-016,-007
-016,-007
-016,-007
-016,-007
-016,-007
-016,-007
-016,-007
-016,-007
-016,-007
-016,-007
-016,-007
-016,-007
-016,-007
-016,-007
-016,-007
-016,-007
-016,-007
-016,-007
-016,-007
-016,-007
-015,-007
-015,-007
-015,-007
-015,-007
-015,-007
-014,-007
-014,-007
-013,-007
-012,-007
-012,-007
-012,-007
-011,-007
-011,-007
-010,-007
-009,-007
-008,-007
-007,-007
-007,-007
-006,-007
-005,-007
-004,-007
-004,-007
-003,-007
-002,-007
-002,-007
-002,-007
-001,-007
-001,-007
-000,-007
-000,-007
-000,-007
-000,-007
-001,-007
-001,-007
-001,-007
-001,-010
-001,-010
-002,-010
-002,-010
-002,-010
-002,-010
-003,-010
-003,-010
-003,-010
-003,-010
-003,-010
-003,-010
-003,-010
-003,-010
-003,-010
-003,-010
-003,-010
-003,-010
-003,-010
-003,-010
-003,-010
-003,-010
-003,-010
-003,-010
-003,-010
-003,-010
-003,-010
-003,-010
-003,-010
-003,-010
-003,-010
-003,-010
-003,-010
-003,-010
-000,-010
-001,-010
-001,-010
-001,-010
-001,-010
-001,-010
-001,-010
-001,-010
-001,-010
-001,-010
-001,-010
-001,-010
-001,-010
-001,-010
-001,-009
-001,-009
-001,-009
-001,-009
-001,-009
-001,-009
-001,-009
-001,-008
-002,-008
-002,-008
-002,-008
-002,-007
-002,-007
-002,-007
-002,-006
-002,-006
-002,-006
-002,-005
-002,-005
-002,-005
-002,-004
-002,-004
-002,-004
-005,-004
-005,-003
-005,-003
-005,-003
-005,-003
-005,-003
-005,-002
-005,-002
-005,-002
-005,-002
-005,-001
-008,-000
-008,-000
-008,-000
-008,-000
-008,-000
-008,-000
-008,-000
-008,-000
-008,-000
-008,-000
-008,-000
-008,-000
-008,-000
-011,-000
-011,-000
-011,-000
-011,-000
-011,-000
-011,-000
-011,-000
-011,-000
-011,-000
-011,-000
-011,-001
-011,-001
-010,-001
-010,-002
-010,-002
-010,-002
-010,-002
-010,-002
-010,-002
-010,-003
-010,-003
-010,-003
-009,-003
-009,-004
-009,-004
-009,-004
-009,-004
-009,-005
-009,-005
-009,-005
-009,-005
-008,-005
-008,-005
-008,-005
-008,-005
-007,-005
-007,-006
-007,-006
-007,-006
-006,-006
-006,-007
-006,-007
-006,-007
-006,-007
-006,-007
-006,-007
-006,-007
-005,-008
-005,-008
-005,-008
-005,-008
-005,-008
-005,-008
-005,-009
-005,-009
-004,-009
-004,-009
-004,-009
-004,-009
-004,-009
-004,-009
-004,-009
-004,-009
-004,-009
-004,-009
-004,-009
-004,-009
-004,-009
-004,-009
-004,-009
-004,-009
-004,-006
-004,-006
-004,-006
-004,-006
-004,-006
-004,-006
-004,-006
-004,-006
-004,-006
-007,-006
-007,-006
-007,-003
-007,-003
-007,-003
-007,-003
-007,-003
-010,-003
-010,-003
-010,-003
-010,-003
-010,-000
-010,-000
-010,-000
-010,-000
-010,-000
-010,-000
-013,-000
-013,-000
-013,-003
-013,-003
-013,-003
-013,-003
-013,-003
-013,-003
-013,-003
-013,-003
-013,-003
-013,-003
-013,-003
-013,-003
-013,-003
-013,-003
-013,-003
-013,-003
-012,-003
-012,-003
-012,-003
-012,-006
-012,-006
-012,-005
-011,-005
-011,-005
-011,-005
-011,-005
-010,-005
-010,-005
-010,-005
-010,-005
-010,-005
-010,-005
-010,-005
-010,-005
-010,-005
-010,-005
-010,-005
-010,-005
-010,-005
-009,-005
-009,-005
-009,-005
-009,-008
-008,-008
-008,-008
-008,-008
-008,-008
-008,-008
-007,-008
-007,-008
-007,-008
-006,-008
-006,-008
-005,-008
-005,-011
-004,-011
-004,-011
-004,-011
-003,-011
-003,-011
-002,-011
-002,-011
-002,-011
-001,-011
-001,-011
-001,-011
-000,-011
-000,-011
-000,-011
-000,-011
-000,-011
-000,-011
-000,-011
-000,-011
-000,-011
-000,-011
-000,-011
-000,-011
-000,-011
-000,-011
-000,-011
-000,-011
-000,-011
-003,-011
-003,-010
-003,-009
-003,-009
-003,-009
-003,-009
-003,-008
-003,-008
-003,-008
-003,-007
-003,-007
-003,-006
-003,-006
-003,-006
-003,-005
-003,-005
-002,-005
-002,-005
-002,-004
-002,-004
-002,-004
-002,-004
-002,-003
-002,-003
-002,-003
-002,-002
-002,-002
-002,-002
-002,-002
-002,-002
-002,-002
-002,-001
-002,-001
-001,-000
-001,-000
-001,-001
-001,-001
-001,-001
-001,-001
-001,-001
-001,-001
-001,-002
-001,-003
-001,-003
-001,-003
-001,-003
-001,-003
-004,-003
-004,-003
-004,-003
-004,-003
-004,-003
-004,-003
-004,-003
-004,-003
-004,-003
-004,-003
-004,-003
-004,-003
-004,-003
-004,-003
-004,-003
-004,-003
-004,-003
-004,-003
-004,-003
-004,-003
-004,-003
-004,-003
-004,-003
-004,-003
-007,-003
-007,-003
-007,-003
-007,-003
-007,-003
-007,-003
-007,-003
-007,-000
-010,-000
-010,-000
-010,-000
-010,-000
-010,-000
-010,-000
-010,-000
-010,-000
-010,-000
-010,-000
-010,-000
-010,-000
-013,-000
-013,-000
-013,-000
-013,-000
-013,-000
-013,-000
-013,-000
-013,-000
-013,-000
-013,-000
-013,-001
-013,-001
-013,-001
-013,-002
-013,-002
-012,-002
-012,-002
-012,-002
-012,-002
-012,-002
-012,-002
-012,-002
-012,-002
-012,-002
-012,-002
-012,-002
-012,-002
-012,-002
-012,-002
-012,-002
-012,-002
-012,-002
-012,-002
-012,-002
-012,-002
-011,-002
-011,-002
-011,-002
-011,-002
-011,-002
-011,-002
-011,-002
-010,-001
-010,-001
-010,-001
-010,-001
-010,-001
-010,-001
-010,-001
-009,-001
-009,-001
-009,-001
-008,-001
-008,-001
-008,-001
-008,-001
-008,-001
-008,-001
-008,-001
-008,-004
-008,-003
-008,-003
-008,-003
-008,-003
-008,-003
-008,-003
-008,-003
-008,-003
-008,-003
-008,-003
-008,-003
-008,-003
-008,-003
-008,-003
-008,-003
-008,-003
-008,-003
-008,-002
-008,-002
-008,-002
-008,-002
-008,-002
-008,-002
-008,-002
-008,-002
-007,-002
-007,-002
-007,-001
-007,-001
-007,-001
-007,-001
-007,-001
-007,-001
-007,-001
-007,-000
-006,-000
-006,-000
-006,-000
-006,-000
-006,-000
-006,-000
-006,-000
-006,-000
-006,-000
-006,-000
-006,-000
-006,-000
-006,-000
-006,-000
-006,-000
-006,-000
-006,-000
-006,-000
-006,-000
-006,-003
-006,-003
-006,-003
-005,-003
-005,-003
-005,-003
-005,-003
-005,-003
-005,-003
-005,-003
-005,-003
-005,-003
-005,-003
-005,-003
-005,-006
-005,-006
-005,-006
-005,-006
-005,-006
-005,-006
-005,-006
-005,-006
-005,-006
-005,-006
-008,-006
-008,-006
-008,-006
-008,-006
-008,-006
-008,-006
-008,-006
-008,-009
-008,-009
-008,-009
-008,-009
-008,-009
-008,-009
-008,-009
-008,-009
-008,-009
-008,-009
-008,-009
-008,-009
-008,-009
-008,-009
-008,-009
-008,-009
-008,-009
-008,-009
-008,-009
-008,-009
-008,-009
-008,-009
-008,-009
-008,-009
-008,-009
-008,-009
-008,-009
-008,-009
-008,-009
-008,-009
-008,-009
-008,-009
-008,-009
-008,-009
-008,-012
-008,-011
-008,-011
-008,-011
-008,-011
-008,-011
-008,-011
-008,-011
-008,-011
-008,-011
-008,-011
-008,-011
-008,-011
-008,-011
-008,-014
-008,-014
-008,-013
-008,-013
-008,-013
-008,-013
-008,-013
-011,-013
-011,-013
-011,-013
-011,-013
-011,-013
-011,-013
-011,-016
-011,-015
-011,-015
-011,-015
-011,-015
-011,-015
-011,-015
-011,-015
-011,-015
-011,-018
-011,-018
-011,-017
-011,-017
-011,-017
-014,-017
-014,-017
-013,-017
-013,-017
-013,-017
-013,-017
-013,-017
-013,-020
-013,-019
-013,-019
-013,-019
-013,-019
-013,-019
-013,-019
-013,-019
-013,-019
-013,-019
-013,-019
-013,-019
-013,-019
-013,-019
-013,-019
-013,-019
-013,-019
-013,-019
-013,-019
-013,-019
-013,-019
-013,-019
-012,-019
-012,-019
-012,-019
-011,-019
-011,-019
-011,-019
-011,-019
-011,-019
-011,-018
-010,-018
-010,-018
-010,-017
-010,-017
-009,-017
-009,-016
-009,-016
-009,-016
-009,-016
-009,-015
-008,-015
-008,-015
-008,-014
-007,-013
-007,-013
-007,-012
-007,-012
-006,-011
-006,-011
-006,-010
-006,-010
-006,-010
-006,-009
-006,-009
-005,-009
-005,-009
-005,-008
-005,-008
-005,-008
-005,-008
-005,-008
-005,-008
-005,-007
-005,-007
-004,-007
-004,-007
-004,-007
-004,-007
-004,-007
-004,-007
-003,-007
-003,-007
-003,-007
-002,-007
-002,-007
-002,-007
-002,-007
-002,-007
-001,-007
-001,-007
-001,-007
-001,-007
-001,-007
-001,-007
-001,-007
-001,-007
-000,-007
-000,-007
-000,-007
-000,-007
-000,-007
-000,-007
-000,-007
-000,-007
-000,-007
-001,-007
-001,-007
-001,-007
-001,-007
-001,-007
-001,-007
-001,-007
-001,-007
-001,-007
-001,-007
-002,-007
-002,-007
-002,-007
-002,-007
-002,-007
-003,-007
-003,-007
-003,-007
-003,-007
-003,-007
-003,-007
-003,-007
-003,-007
-003,-007
-004,-007
-004,-007
-004,-007
-004,-006
-004,-006
-004,-006
-004,-006
-004,-006
-004,-005
-004,-005
-004,-005
-004,-005
-005,-005
-005,-004
-005,-004
-005,-004
-005,-004
-005,-004
-005,-004
-005,-004
-005,-004
-005,-004
-005,-004
-005,-004
-005,-004
-005,-004
-005,-004
-005,-003
-005,-003
-005,-003
-005,-003
-005,-003
-005,-003
-005,-003
-005,-003
-005,-003
-005,-003
-005,-002
-002,-002
-002,-002
-002,-002
-002,-002
-002,-002
-002,-002
-002,-002
-002,-005
-002,-004
-002,-004
-002,-004
-002,-004
-002,-004
-002,-004
-002,-004
-002,-004
-002,-004
-002,-004
-002,-004
-002,-004
-002,-007
-002,-007
-002,-007
-002,-007
-002,-007
-002,-007
-002,-007
-002,-007
-001,-007
-001,-007
-001,-007
-001,-007
-001,-007
-001,-007
-001,-007
-001,-007
-001,-007
-001,-010
-001,-009
-004,-009
-004,-009
-004,-009
-004,-009
-004,-009
-004,-009
-004,-009
-004,-009
-004,-009
-004,-009
-004,-009
-004,-009
-004,-009
-004,-009
-007,-009
-007,-009
-007,-009
-007,-009
-007,-009
-007,-012
-007,-012
-007,-011
-007,-011
-007,-011
-007,-011
-007,-011
-007,-011
-007,-011
-007,-011
-007,-011
-010,-011
-009,-011
-009,-011
-009,-011
-009,-011
-009,-011
-009,-011
-009,-011
-009,-011
-009,-011
-009,-011
-009,-011
-009,-011
-009,-011
-009,-011
-009,-011
-009,-011
-009,-011
-008,-011
-008,-011
-008,-011
-008,-011
-008,-011
-008,-011
-008,-011
-008,-010
-008,-010
-008,-010
-008,-010
-008,-009
-008,-009
-008,-009
-008,-008
-008,-008
-008,-008
-007,-007
-007,-007
-007,-006
-007,-006
-007,-005
-007,-005
-007,-005
-006,-004
-006,-004
-006,-003
-006,-003
-005,-003
-005,-002
-005,-002
-005,-001
-005,-001
-005,-001
-005,-000
-005,-000
-005,-001
-005,-001
-005,-002
-005,-002
-004,-002
-004,-003
-004,-003
-004,-003
-004,-003
-004,-003
-004,-003
-004,-003
-003,-004
-003,-004
-003,-004
-003,-004
-003,-004
-003,-004
-003,-004
-003,-005
-003,-005
-002,-005
-002,-005
-002,-005
-002,-005
-002,-006
-002,-006
-001,-006
-001,-006
-001,-006
-001,-006
-001,-006
-001,-006
-001,-006
-001,-006
-001,-006
-001,-006
-001,-006
-001,-006
-001,-006
-001,-006
-001,-006
-001,-006
-001,-006
-001,-006
-001,-006
-001,-006
-001,-006
-001,-006
-001,-006
-001,-006
-001,-006
-004,-006
-003,-006
-003,-006
-003,-006
-003,-006
-003,-006
-003,-006
-003,-006
-003,-006
-003,-006
-003,-003
-003,-003
-003,-003
-003,-003
-003,-003
-003,-003
-003,-000
-003,-000
-003,-000
-003,-000
-003,-000
-003,-000
-003,-000
-003,-000
-003,-000
-003,-000
-003,-000
-003,-000
-003,-000
-003,-000
-003,-000
-003,-000
-003,-000
-003,-000
-006,-000
-005,-000
-005,-000
-005,-001
-005,-001
-005,-001
-005,-001
-005,-001
-005,-001
-005,-001
-005,-001
-005,-001
-005,-001
-005,-002
-005,-002
-005,-002
-005,-002
-005,-002
-005,-002
-005,-002
-005,-002
-005,-002
-005,-002
-005,-002
-005,-002
-005,-002
-005,-002
-005,-001
-005,-001
-005,-001
-005,-001
-005,-001
-005,-001
-005,-001
-005,-001
-005,-001
-005,-001
-005,-001
-005,-001
-005,-001
-008,-004
-008,-004
-008,-004
-008,-004
-008,-004
-008,-004
-008,-004
-008,-004
-008,-004
-008,-004
-008,-004
-008,-004
-008,-004
-008,-004
-008,-004
-008,-004
-008,-004
-008,-004
-008,-004
-008,-004
-008,-004
-008,-004
-007,-004
-007,-004
-007,-003
-007,-003
-007,-003
-007,-003
-007,-003
-007,-003
-007,-003
-007,-003
-007,-003
-007,-002
-007,-002
-007,-002
-007,-002
-007,-002
-007,-002
-007,-002
-007,-002
-007,-002
-007,-002
-007,-002
-007,-002
-007,-002
-007,-002
-007,-002
-007,-002
-007,-002
-007,-002
-007,-001
-007,-001
-007,-001
-006,-001
-006,-001
-006,-000
-006,-000
-006,-000
-006,-000
-006,-001
-006,-001
-006,-001
-006,-001
-006,-001
-006,-001
-006,-001
-006,-001
-006,-001
-006,-001
-006,-001
-005,-001
-005,-001
-005,-001
-005,-001
-005,-001
-005,-001
-005,-001
-005,-002
-005,-002
-005,-002
-005,-002
-005,-002
-005,-002
-005,-002
-005,-002
-005,-002
-005,-002
-005,-002
-005,-002
-005,-002
-005,-002
-005,-002
-005,-002
-005,-005
-005,-005
-005,-005
-005,-005
-005,-005
-005,-005
-005,-005
-005,-005
-005,-005
-005,-005
-005,-005
-005,-005
-005,-008
-005,-008
-005,-008
-005,-008
-005,-008
-005,-008
-005,-008
-005,-008
-005,-008
-005,-008
-005,-008
-005,-008
-005,-008
-005,-008
-005,-008
-005,-008
-005,-008
-005,-008
-005,-008
-005,-008
-005,-008
-005,-008
-005,-008
-005,-008
-005,-008
-005,-008
-005,-008
-005,-008
-005,-008
-005,-008
-005,-008
-005,-008
-005,-008
-005,-008
-005,-008
-005,-008
-005,-008
-005,-008
-005,-008
-005,-008
-005,-008
-005,-008
-005,-008
-005,-008
-005,-008
-005,-008
-005,-008
-005,-008
-005,-008
-005,-008
-005,-008
-005,-008
-005,-008
-005,-008
-005,-008
-005,-008
-005,-008
-005,-008
-005,-008
-005,-008
-005,-008
-005,-008
-005,-008
-005,-008
-005,-008
-005,-008
-005,-008
-005,-008
-005,-008
-005,-008
-005,-008
-005,-008
-005,-008
-005,-008
-005,-008
-005,-011
-005,-010
-005,-010
-005,-010
-005,-010
-005,-010
-005,-010
-005,-010
-005,-010
-005,-010
-005,-010
-005,-010
-005,-010
-005,-010
-005,-010
-004,-010
-004,-010
-004,-010
-004,-010
-004,-010
-003,-010
-003,-010
-003,-010
-003,-010
-003,-010
-003,-010
-003,-010
-002,-010
-002,-010
-002,-010
-002,-010
-002,-010
-002,-010
-002,-010
-002,-010
-002,-010
-002,-010
-002,-010
-002,-010
-002,-010
-002,-010
-002,-010
-002,-010
-002,-010
-002,-010
-002,-010
-002,-010
-002,-010
-002,-010
-002,-010
-002,-010
-002,-010
-002,-010
-002,-010
-002,-010
-002,-010
-002,-010
-002,-010
-002,-010
-002,-010
-002,-010
-002,-010
-002,-010
-002,-010
-002,-010
-002,-010
-002,-010
-002,-010
-002,-009
-002,-009
-002,-009
-002,-009
-002,-009
-002,-009
-002,-008
-002,-008
-002,-008
-002,-008
-002,-008
-002,-008
-005,-008
-005,-008
-005,-008
-005,-008
-005,-008
-005,-008
-005,-008
-005,-008
-005,-008
-005,-008
-005,-008
-005,-008
-005,-008
-005,-008
-005,-008
-005,-008
-005,-008
-005,-008
-005,-008
-005,-008
-005,-008
-005,-008
-005,-008
-005,-008
-005,-008
-005,-008
-005,-008
-005,-008
-005,-008
-005,-008
-005,-008
-005,-008
-005,-008
-005,-008
-005,-008
-005,-008
-005,-008
-005,-008
-008,-008
-008,-008
-008,-008
-008,-008
-008,-011
-008,-011
-008,-011
-008,-011
-008,-011
-008,-011
-008,-011
-008,-011
-008,-011
-008,-011
-008,-011
-008,-011
-008,-011
-008,-011
-008,-011
-008,-011
-008,-011
-008,-011
-008,-011
-008,-011
-008,-011
-008,-011
-008,-011
-008,-011
-008,-011
-008,-011
-008,-011
-008,-011
-008,-011
-008,-014
-008,-014
-008,-014
-008,-014
-008,-014
-008,-014
-008,-014
-008,-014
-008,-014
-007,-014
-007,-014
-007,-014
-007,-014
-007,-014
-007,-014
-007,-014
-007,-014
-007,-014
-007,-014
-007,-014
-006,-014
-006,-014
-006,-014
-006,-014
-006,-014
-006,-014
-005,-014
-005,-014
-005,-014
-005,-014
-005,-014
-004,-014
-004,-014
-004,-014
-004,-014
-004,-014
-004,-014
-004,-014
-004,-014
-003,-014
-003,-013
-003,-013
-003,-013
-003,-012
-002,-012
-002,-012
-002,-012
-002,-011
-001,-011
-001,-011
-001,-010
-001,-010
-000,-010
-000,-010
-000,-009
-000,-009
-000,-009
-000,-009
-000,-009
-000,-009
-000,-009
-000,-009
-000,-009
-000,-009
-000,-008
-000,-008
-000,-008
-000,-007
-000,-007
-000,-007
-000,-007
-000,-006
-000,-006
-000,-006
-000,-006
-000,-006
-000,-006
-000,-006
-000,-006
-000,-006
-000,-006
-000,-006
-000,-006
-000,-006
-000,-006
-000,-006
-000,-006
-000,-006
-000,-006
-000,-006
-000,-006
-000,-006
-000,-006
-000,-006
-000,-006
-000,-006
-000,-006
-000,-006
-000,-006
-000,-006
-000,-006
-000,-006
-000,-006
-000,-006
-000,-006
-000,-006
-000,-006
-000,-006
-000,-006
-000,-006
-000,-006
-000,-006
-000,-006
-000,-006
-000,-006
-000,-006
-000,-006
-000,-006
-000,-006
-000,-006
-000,-006
-000,-006
-000,-006
-000,-006
-000,-006
-000,-006
-000,-006
-003,-006
-003,-006
-003,-006
-003,-006
-003,-006
-003,-006
-003,-006
-003,-006
-003,-006
-003,-006
-003,-006
-003,-006
-003,-006
-003,-006
-003,-006
-003,-006
-006,-006
-006,-006
-006,-006
-005,-006
-005,-006
-005,-006
-005,-006
-005,-006
-005,-006
-005,-009
-005,-009
-005,-008
-005,-008
-005,-008
-005,-008
-005,-008
-005,-008
-005,-008
-005,-008
-005,-008
-005,-008
-008,-008
-008,-008
-008,-008
-008,-008
-008,-008
-008,-011
-008,-011
-008,-010
-008,-010
-008,-010
-008,-010
-008,-010
-008,-010
-008,-010
-008,-010
-008,-010
-008,-010
-008,-010
-008,-010
-008,-010
-008,-010
-008,-010
-008,-010
-008,-010
-008,-010
-008,-010
-008,-010
-008,-010
-008,-010
-008,-010
-008,-010
-008,-010
-008,-010
-008,-010
-008,-010
-008,-010
-008,-010
-008,-010
-008,-010
-008,-010
-008,-010
-008,-010
-008,-010
-008,-010
-008,-010
-008,-010
-008,-009
-008,-009
-008,-009
-008,-009
-008,-009
-008,-009
-008,-009
-008,-008
-008,-008
-008,-008
-008,-007
-007,-007
-007,-007
-007,-007
-007,-006
-007,-006
-007,-006
-007,-005
-007,-005
-007,-005
-007,-004
-007,-004
-007,-003
-007,-003
-007,-003
-007,-003
-006,-003
-006,-003
-006,-002
-006,-002
-006,-002
-006,-002
-006,-002
-006,-001
-006,-001
-006,-001
-005,-001
-005,-000
-005,-000
-005,-000
-005,-000
-005,-001
-005,-001
-005,-001
-005,-002
-005,-002
-005,-002
-005,-002
-005,-002
-005,-002
-005,-002
-005,-002
-005,-002
-005,-003
-005,-003
-005,-003
-005,-003
-005,-003
-005,-003
-005,-003
-005,-003
-005,-004
-005,-004
-005,-004
-005,-004
-005,-004
-005,-004
-005,-005
-005,-005
-005,-005
-005,-005
-005,-006
-005,-006
-005,-006
-005,-006
-005,-006
-005,-006
-005,-006
-005,-006
-005,-006
-005,-006
-005,-006
-005,-006
-005,-006
-005,-006
-005,-006
-005,-006
-005,-006
-005,-006
-005,-006
-005,-006
-005,-006
-005,-006
-005,-006
-005,-006
-005,-006
-005,-006
-005,-007
-005,-007
-005,-007
-005,-007
-005,-007
-005,-007
-005,-007
-005,-007
-005,-007
-005,-007
-005,-007
-005,-007
-005,-007
-005,-007
-005,-007
-005,-007
-005,-007
-005,-007
-005,-007
-005,-007
-008,-007
-008,-007
-008,-007
-008,-007
-008,-007
-008,-007
-008,-007
-008,-007
-008,-007
-008,-007
-008,-007
-008,-007
-008,-007
-008,-007
-008,-007
-008,-007
-008,-007
-008,-007
-008,-007
-008,-007
-008,-007
-008,-007
-008,-007
-008,-007
-008,-007
-007,-007
-007,-007
-007,-007
-007,-007
-007,-007
-007,-007
-007,-007
-007,-007
-007,-007
-007,-007
-006,-007
-006,-007
-006,-007
-006,-007
-006,-007
-006,-007
-006,-007
-006,-007
-006,-007
-006,-007
-006,-004
-006,-005
-006,-005
-006,-005
-006,-005
-006,-005
-006,-005
-006,-005
-006,-005
-006,-005
-006,-005
-006,-005
-006,-005
-006,-005
-006,-005
-006,-005
-006,-005
-006,-005
-006,-005
-006,-005
-006,-006
-006,-006
-006,-006
-006,-006
-006,-006
-006,-006
-006,-006
-006,-006
-009,-007
-009,-007
-008,-007
-008,-007
-008,-007
-008,-007
-008,-007
-008,-007
-008,-007
-008,-007
-008,-007
-008,-007
-008,-007
-008,-007
-008,-007
-008,-007
-008,-007
-008,-007
-008,-007
-008,-007
-008,-007
-008,-007
-008,-007
-008,-007
-008,-007
-008,-007
-008,-007
-008,-007
-008,-007
-008,-007
-008,-007
-008,-007
-008,-007
-008,-007
-008,-007
-008,-007
-008,-007
-008,-007
-008,-007
-008,-007
-008,-007
-008,-007
-008,-007
-008,-007
-008,-007
-008,-007
-008,-007
-008,-007
-008,-007
-008,-007
-008,-007
-008,-007
-008,-007
-008,-007
-008,-007
-008,-007
-008,-007
-008,-007
-008,-007
-008,-007
-008,-007
-011,-007
-010,-007
-010,-007
-010,-007
-010,-007
-010,-007
-010,-007
-010,-007
-010,-007
-010,-007
-010,-007
-010,-007
-010,-007
-010,-007
-010,-007
-010,-007
-010,-007
-010,-004
-010,-004
-010,-004
-010,-004
-010,-004
-010,-004
-010,-004
-010,-004
-010,-004
-010,-004
-013,-004
-013,-004
-013,-001
-013,-001
-013,-001
-013,-001
-013,-001
-013,-001
-013,-001
-013,-002
-013,-002
-013,-002
-013,-002
-013,-002
-013,-005
-013,-005
-016,-005
-016,-005
-015,-005
-015,-005
-015,-008
-015,-008
-015,-008
-015,-008
-015,-008
-015,-008
-015,-008
-015,-011
-015,-011
-015,-011
-015,-011
-015,-011
-015,-011
-015,-011
-015,-011
-015,-011
-015,-011
-015,-011
-015,-011
-015,-011
-014,-011
-014,-011
-014,-011
-013,-011
-013,-011
-013,-011
-013,-011
-013,-011
-012,-011
-012,-011
-011,-011
-011,-011
-011,-011
-011,-010
-010,-010
-010,-010
-010,-010
-009,-010
-009,-010
-009,-009
-009,-009
-009,-009
-009,-009
-009,-009
-008,-009
-008,-009
-008,-008
-008,-008
-007,-008
-007,-007
-007,-007
-007,-007
-007,-006
-007,-005
-006,-005
-006,-005
-006,-004
-006,-004
-006,-004
-006,-003
-006,-003
-006,-003
-006,-003
-006,-003
-006,-003
-006,-003
-006,-002
-006,-002
-006,-002
-006,-002
-006,-002
-006,-002
-006,-002
-006,-002
-006,-002
-006,-002
-006,-002
-006,-002
-006,-002
-006,-002
-006,-002
-006,-002
-006,-002
-006,-002
-006,-002
-006,-002
-006,-002
-006,-002
-006,-001
-006,-001
-006,-001
-006,-001
-009,-000
-009,-000
-009,-000
-009,-000
-009,-000
-009,-001
-009,-001
-009,-001
-009,-001
-009,-001
-009,-001
-009,-001
-009,-001
-009,-001
-009,-001
-009,-001
-009,-002
-009,-002
-009,-002
-009,-002
-009,-002
-009,-002
-009,-002
-009,-002
-009,-002
-009,-002
-009,-002
-009,-002
-009,-002
-009,-002
-009,-002
-009,-002
-009,-002
-009,-002
-009,-002
-009,-002
-009,-002
-009,-003
-009,-003
-008,-003
-008,-003
-008,-003
-008,-003
-008,-003
-008,-004
-008,-004
-008,-004
-008,-004
-008,-004
-008,-004
-008,-004
-008,-004
-008,-004
-008,-004
-008,-004
-008,-004
-008,-004
-008,-004
-008,-004
-008,-004
-008,-004
-008,-004
-008,-004
-008,-004
-008,-004
-008,-004
-008,-001
-008,-001
-008,-001
-011,-001
-011,-001
-011,-001
-011,-001
-011,-001
-011,-001
-011,-001
-011,-001
-011,-001
-011,-001
-011,-002
-011,-002
-011,-002
-011,-002
-011,-002
-011,-002
-011,-002
-011,-002
-011,-002
-011,-002
-011,-002
-011,-002
-011,-002
-011,-002
-011,-002
-011,-002
-011,-002
-011,-002
-011,-002
-011,-002
-011,-002
-011,-002
-011,-002
-011,-002
-011,-002
-011,-002
-011,-002
-011,-001
-011,-001
-011,-001
-011,-001
-011,-001
-011,-001
-011,-001
-011,-001
-011,-001
-011,-001
-011,-001
-014,-001
-013,-001
-013,-000
-013,-000
-013,-000
-013,-000
-013,-001
-013,-001
-012,-001
-012,-001
-012,-002
-012,-002
-012,-002
-012,-002
-012,-002
-012,-002
-012,-002
-012,-003
-011,-003
-011,-003
-011,-003
-011,-003
-011,-003
-011,-003
-010,-003
-010,-003
-010,-003
-010,-003
-010,-003
-010,-003
-010,-003
-009,-003
-009,-003
-009,-003
-009,-003
-009,-003
-009,-003
-009,-003
-009,-003
-009,-003
-009,-003
-008,-003
-008,-003
-008,-003
-008,-003
-008,-003
-008,-003
-008,-003
-008,-003
-007,-003
-007,-003
-007,-003
-007,-003
-007,-003
-007,-003
-007,-003
-007,-003
-007,-003
-007,-003
-007,-003
-007,-003
-007,-003
-007,-003
-007,-003
-007,-003
-007,-003
-007,-003
-007,-003
-007,-003
-007,-003
-007,-003
-007,-003
-007,-003
-007,-003
-007,-003
-007,-003
-007,-003
-007,-003
-007,-003
-007,-003
-007,-003
-007,-003
-007,-003
-007,-003
-007,-003
-007,-003
-007,-003
-007,-003
-007,-003
-007,-003
-007,-003
-007,-003
-007,-003
-007,-003
-007,-003
-007,-000
-007,-001
-007,-001
-007,-001
-007,-001
-007,-001
-007,-001
-007,-001
-007,-001
-007,-001
-007,-001
-007,-001
-007,-001
-007,-001
-007,-002
-007,-002
-007,-002
-007,-002
-007,-002
-007,-002
-007,-002
-007,-002
-007,-002
-007,-002
-007,-002
-007,-002
-007,-002
-007,-002
-007,-002
-007,-002
-007,-002
-007,-002
-007,-002
-007,-005
-007,-005
-007,-005
-007,-005
-007,-005
-007,-005
-007,-005
-007,-005
-007,-005
-007,-005
-007,-008
-007,-008
-007,-008
-007,-008
-007,-008
-007,-008
-007,-008
-007,-008
-007,-008
-010,-008
-010,-008
-010,-008
-010,-008
-010,-008
-010,-008
-010,-008
-010,-008
-010,-008
-010,-011
-010,-011
-010,-011
-010,-011
-010,-011
-010,-011
-010,-011
-010,-011
-010,-011
-010,-011
-010,-011
-010,-011
-010,-011
-010,-011
-010,-011
-010,-011
-010,-014
-010,-013
-010,-013
-010,-013
-010,-013
-010,-013
-010,-013
-010,-013
-010,-013
-010,-013
-010,-013
-010,-013
-010,-013
-010,-013
-010,-013
-010,-013
-010,-013
-010,-013
-010,-013
-010,-013
-010,-013
-010,-013
-010,-013
-010,-013
-010,-013
-010,-013
-010,-013
-010,-013
-010,-013
-010,-013
-010,-013
-010,-013
-010,-013
-010,-013
-010,-013
-010,-013
-010,-013
-010,-013
-010,-013
-010,-013
-010,-013
-010,-013
-010,-013
-010,-013
-010,-013
-010,-013
-010,-013
-010,-013
-010,-013
-010,-013
-010,-013
-010,-013
-010,-013
-010,-013
-010,-013
-010,-013
-010,-013
-010,-013
-010,-013
-010,-013
-010,-013
-010,-013
-010,-013
-010,-013
-010,-013
-010,-013
-010,-013
-010,-013
-010,-013
-010,-013
-010,-013
-010,-013
-010,-013
-010,-013
-010,-013
-010,-013
-010,-013
-010,-013
-010,-012
-009,-012
-009,-012
-009,-012
-009,-012
-008,-012
-008,-012
-008,-012
-007,-012
-007,-012
-007,-012
-007,-012
-006,-012
-006,-015
-006,-015
-006,-015
-006,-015
-005,-015
-005,-015
-005,-015
-004,-015
-004,-015
-004,-015
-004,-015
-004,-018
-003,-018
-003,-018
-002,-018
-002,-018
-002,-018
-002,-018
-002,-018
-001,-018
-001,-018
-001,-018
-001,-018
-001,-018
-001,-018
-001,-018
-001,-021
-001,-021
-001,-021
-001,-021
-001,-021
-001,-020
-001,-020
-001,-020
-001,-020
-001,-020
-001,-020
-001,-020
-001,-020
-001,-020
-001,-020
-001,-020
-001,-020
-001,-020
-001,-020
-001,-020
-001,-020
-001,-020
-001,-020
-001,-020
-001,-020
-001,-020
-001,-020
-001,-020
-001,-020
-001,-020
-001,-020
-001,-020
-001,-023
-001,-023
-001,-022
-001,-022
-001,-022
-001,-022
-001,-022
-001,-022
-004,-022
-004,-022
-004,-025
-004,-025
-004,-025
-004,-025
-004,-025
-004,-025
-004,-025
-004,-025
-004,-025
-004,-025
-004,-025
-004,-028
-004,-027
-007,-027
-006,-027
-006,-027
-006,-027
-006,-027
-006,-027
-006,-027
-006,-027
-006,-027
-006,-027
-006,-027
-006,-027
-006,-027
-006,-027
-006,-027
-005,-027
-005,-027
-005,-027
-005,-027
-005,-027
-005,-027
-005,-027
-005,-026
-005,-026
-005,-026
-005,-026
-005,-025
-004,-025
-004,-024
-004,-024
-003,-024
-003,-024
-003,-023
-003,-023
-003,-022
-002,-022
-002,-022
-001,-021
-001,-021
-001,-021
-000,-020
-000,-020
-000,-019
-000,-019
-001,-019
-001,-019
-001,-019
-002,-019
-002,-019
-002,-019
-002,-019
-002,-019
-002,-019
-002,-019
-002,-019
-002,-019
-002,-019
-002,-019
-002,-019
-002,-019
-002,-019
-002,-019
-002,-019
-002,-019
-002,-019
-002,-019
-002,-019
-002,-019
-002,-019
-002,-019
-002,-019
-002,-019
-002,-019
-002,-019
-002,-019
-002,-019
-002,-019
-002,-019
-002,-019
-002,-019
-002,-019
-002,-019
-002,-019
-002,-019
-001,-019
-001,-019
-001,-019
-001,-019
-001,-019
-001,-019
-001,-019
-001,-019
-001,-019
-001,-019
-001,-019
-001,-019
-001,-019
-001,-019
-001,-019
-001,-019
-001,-019
-001,-019
-001,-018
-001,-018
-001,-018
-001,-018
-004,-018
-004,-018
-004,-017
-004,-017
-004,-017
-004,-017
-004,-017
-004,-017
-004,-017
-004,-016
-004,-016
-004,-016
-004,-015
-004,-015
-004,-015
-004,-015
-004,-014
-004,-014
-004,-014
-004,-014
-004,-014
-004,-014
-004,-014
-004,-014
-004,-014
-004,-014
-004,-013
-004,-013
-004,-013
-004,-013
-004,-012
-007,-012
-006,-012
-006,-012
-006,-011
-006,-011
-006,-011
-006,-010
-006,-010
-006,-010
-006,-010
-006,-010
-006,-009
-006,-009
-009,-008
-009,-008
-009,-008
-009,-008
-009,-008
-009,-008
-009,-008
-009,-007
-009,-007
-009,-007
-009,-006
-009,-006
-009,-006
-009,-006
-009,-006
-009,-006
-009,-006
-009,-006
-009,-006
-009,-006
-009,-006
-009,-006
-009,-005
-009,-005
-009,-005
-012,-005
-011,-004
-011,-004
-011,-004
-011,-003
-011,-003
-011,-002
-011,-002
-011,-002
-011,-001
-011,-001
-011,-001
-011,-000
-011,-000
-011,-000
-011,-001
-011,-001
-011,-001
-011,-001
-011,-002
-011,-002
-011,-002
-011,-002
-011,-002
-011,-002
-011,-002
-011,-002
-011,-002
-011,-002
-011,-002
-011,-002
-011,-002
-011,-002
-011,-002
-011,-002
-011,-002
-011,-002
-011,-002
-011,-002
-014,-002
-013,-002
-013,-001
-013,-001
-013,-001
-013,-001
-013,-001
-013,-001
-013,-001
-013,-001
-013,-001
-013,-001
-013,-001
-013,-001
-013,-001
-013,-001
-013,-001
-013,-001
-013,-001
-013,-001
-013,-001
-013,-001
-013,-001
-013,-001
-013,-001
-013,-001
-013,-001
-013,-001
-013,-001
-013,-001
-013,-001
-013,-001
-013,-001
-013,-001
-013,-001
-013,-001
-013,-001
-013,-001
-013,-001
-013,-001
-013,-001
-013,-001
-013,-001
-013,-001
-013,-001
-013,-001
-013,-001
-013,-001
-013,-001
-013,-001
-013,-001
-013,-001
-013,-001
-013,-000
-013,-000
-013,-001
-013,-001
-013,-001
-013,-001
-013,-002
-013,-002
-013,-002
-013,-002
-013,-002
-013,-003
-012,-003
-012,-003
-012,-004
-012,-004
-012,-004
-012,-004
-012,-004
-012,-004
-012,-004
-012,-004
-012,-004
-012,-004
-012,-004
-012,-004
-011,-004
-011,-004
-011,-004
-011,-004
-011,-004
-011,-004
-011,-004
-010,-004
-010,-004
-010,-004
-010,-004
-010,-004
-010,-004
-010,-004
-010,-004
-010,-004
-010,-004
-010,-004
-010,-004
-010,-004
-010,-004
-010,-004
-010,-004
-010,-004
-010,-004
-010,-004
-010,-004
-010,-004
-010,-004
-010,-004
-010,-004
-010,-004
-010,-004
-010,-004
-010,-004
-010,-004
-010,-004
-010,-004
-010,-004
-010,-004
-010,-004
-010,-004
-010,-004
-010,-004
-010,-004
-010,-004
-010,-004
-010,-004
-010,-004
-010,-001
-010,-001
-010,-002
-010,-002
-010,-002
-010,-002
-010,-002
-010,-002
-010,-002
-010,-002
-010,-002
-010,-002
-010,-002
-010,-002
-010,-002
-010,-002
-010,-002
-010,-002
-010,-002
-010,-002
-010,-002
-010,-002
-010,-002
-010,-002
-010,-002
-010,-002
-010,-002
-010,-002
-010,-002
-010,-002
-009,-002
-009,-002
-009,-002
-009,-001
-009,-001
-009,-001
-009,-001
-009,-001
-009,-001
-009,-001
-008,-001
-008,-001
-008,-004
-008,-004
-008,-004
-008,-004
-008,-004
-008,-004
-008,-004
-008,-004
-008,-004
-008,-004
-008,-004
-008,-007
-008,-007
-008,-007
-008,-007
-008,-007
-008,-007
-008,-007
-008,-007
-008,-007
-008,-007
-008,-007
-008,-007
-008,-007
-008,-007
-008,-007
-008,-007
-008,-007
-008,-007
-008,-007
-008,-007
-008,-007
-008,-007
-008,-007
-008,-007
-008,-007
-008,-007
-008,-007
-008,-007
-008,-007
-008,-007
-008,-007
-008,-007
-008,-007
-008,-007
-008,-007
-008,-007
-008,-007
-008,-007
-008,-007
-008,-007
-008,-007
-008,-007
-008,-006
-008,-006
-008,-006
-011,-005
-011,-005
-011,-005
-011,-005
-010,-004
-010,-004
-010,-004
-010,-003
-010,-003
-010,-003
-010,-002
-010,-001
-010,-001
-010,-000
-010,-000
-010,-000
-010,-000
-010,-001
-010,-001
-010,-001
-010,-002
-010,-003
-010,-004
-010,-004
-010,-004
-010,-005
-010,-005
-010,-006
-010,-006
-010,-007
-013,-008
-013,-008
-013,-008
-013,-009
-013,-010
-013,-010
-013,-011
-013,-011
-013,-011
-013,-011
-013,-012
-013,-012
-013,-012
-013,-012
-013,-012
-013,-012
-013,-012
-013,-012
-013,-012
-013,-012
-013,-012
-013,-012
-013,-012
-013,-012
-013,-012
-013,-012
-013,-012
-013,-012
-013,-012
-013,-012
-013,-012
-013,-012
-013,-012
-013,-012
-013,-012
-013,-012
-013,-009
-013,-009
-013,-009
-013,-009
-013,-009
-013,-009
-013,-009
-013,-009
-013,-009
-013,-009
-013,-009
-013,-009
-013,-006
-013,-006
-013,-006
-013,-006
-013,-006
-013,-006
-013,-006
-013,-006
-013,-006
-016,-006
-016,-006
-016,-006
-016,-006
-016,-006
-016,-006
-016,-006
-016,-006
-016,-006
-016,-006
-016,-006
-016,-006
-016,-006
-016,-006
-016,-006
-016,-003
-016,-003
+018,-004
+018,-004
+018,-004
+018,-004
+018,-004
+018,-004
+018,-004
+018,-004
+018,-004
+018,-004
+018,-004
+018,-005
+018,-005
+018,-005
+018,-005
+018,-005
+018,-005
+018,-005
+018,-006
+018,-006
+018,-006
+018,-006
+018,-006
+018,-007
+018,-007
+018,-007
+018,-007
+018,-007
+018,-007
+018,-007
+018,-007
+018,-007
+018,-007
+018,-007
+018,-007
+018,-007
+018,-007
+018,-007
+018,-007
+018,-007
+018,-007
+018,-007
+018,-007
+018,-007
+018,-007
+018,-007
+018,-007
+018,-007
+018,-007
+018,-007
+018,-007
+018,-007
+018,-007
+018,-008
+018,-008
+018,-008
+018,-008
+018,-008
+018,-008
+018,-008
+018,-008
+018,-008
+018,-008
+018,-008
+018,-008
+018,-008
+018,-008
+018,-008
+018,-008
+018,-008
+018,-008
+018,-008
+018,-008
+018,-008
+018,-005
+018,-005
+018,-005
+018,-005
+018,-005
+018,-005
+018,-005
+018,-005
+018,-005
+020,-005
+020,-005
+020,-005
+020,-005
+020,-005
+020,-005
+020,-005
+020,-005
+020,-005
+020,-006
+020,-006
+020,-006
+020,-006
+022,-007
+022,-007
+022,-007
+022,-007
+022,-007
+022,-008
+022,-008
+022,-008
+022,-009
+022,-009
+024,-009
+024,-009
+024,-010
+024,-011
+024,-011
+024,-011
+024,-011
+024,-012
+024,-012
+024,-012
+024,-013
+024,-013
+024,-013
+024,-013
+024,-013
+024,-013
+024,-013
+024,-013
+024,-013
+024,-013
+024,-013
+024,-013
+024,-013
+024,-013
+024,-013
+024,-013
+024,-013
+024,-013
+024,-013
+024,-010
+024,-011
+024,-011
+024,-011
+024,-011
+024,-011
+024,-011
+024,-011
+024,-011
+024,-011
+024,-011
+024,-011
+024,-008
+024,-008
+024,-008
+024,-008
+024,-008
+024,-008
+024,-008
+024,-008
+024,-008
+024,-008
+024,-008
+024,-005
+024,-005
+024,-005
+024,-005
+024,-005
+024,-005
+024,-005
+024,-005
+026,-005
+026,-005
+026,-005
+026,-005
+026,-005
+026,-005
+026,-005
+026,-005
+026,-005
+026,-005
+026,-005
+026,-005
+026,-005
+026,-005
+026,-005
+026,-005
+026,-005
+026,-005
+026,-005
+026,-005
+026,-005
+026,-005
+026,-005
+026,-005
+026,-005
+026,-005
+026,-005
+026,-005
+026,-005
+026,-005
+026,-006
+026,-006
+026,-006
+026,-006
+026,-006
+026,-006
+026,-006
+026,-006
+026,-006
+026,-006
+026,-006
+026,-006
+026,-007
+026,-007
+026,-007
+026,-007
+026,-007
+026,-007
+026,-007
+026,-007
+026,-007
+026,-007
+026,-008
+026,-008
+026,-008
+026,-008
+026,-008
+026,-008
+026,-008
+026,-008
+026,-008
+024,-008
+024,-008
+024,-008
+024,-008
+024,-008
+024,-008
+024,-008
+024,-008
+024,-008
+024,-008
+024,-008
+024,-008
+022,-008
+022,-008
+022,-008
+022,-008
+022,-008
+022,-008
+022,-008
+022,-008
+022,-008
+022,-008
+020,-008
+020,-008
+020,-008
+020,-008
+020,-008
+020,-008
+020,-008
+020,-008
+020,-008
+018,-008
+018,-008
+018,-008
+018,-008
+018,-008
+018,-008
+018,-008
+018,-008
+018,-008
+018,-008
+018,-005
+018,-006
+018,-006
+017,-006
+017,-006
+017,-006
+017,-006
+017,-006
+017,-006
+017,-006
+017,-006
+017,-006
+017,-006
-016,-006
-016,-006
-016,-006
-016,-006
-016,-006
-016,-006
-016,-006
-015,-006
-015,-006
-015,-006
-015,-006
-015,-006
-015,-006
-015,-006
-015,-006
-015,-006
-014,-006
-014,-006
-014,-006
-014,-006
-014,-006
-014,-006
-013,-006
-013,-006
-013,-006
-013,-006
-013,-006
-013,-006
-013,-006
-013,-006
-013,-006
-013,-006
-013,-006
-013,-006
-013,-006
-013,-006
-013,-006
-013,-006
-013,-006
-013,-006
-013,-006
-013,-006
-013,-006
-013,-006
-013,-006
-013,-007
-013,-007
-013,-007
-013,-007
-013,-007
-013,-007
-013,-007
-013,-007
-013,-008
-013,-008
-013,-008
-013,-008
-013,-008
-016,-008
-016,-008
-016,-008
-016,-009
-016,-009
-016,-009
-016,-009
-016,-010
-016,-010
-016,-010
-016,-010
-016,-010
-016,-010
-016,-010
-016,-010
-016,-010
-016,-010
-016,-010
-016,-010
-016,-007
-016,-008
-016,-008
-016,-008
-016,-008
-016,-008
-016,-008
-016,-008
-016,-008
-016,-005
-016,-005
-016,-005
-016,-005
-016,-005
-016,-005
-016,-005
-016,-005
-016,-005
-016,-005
-016,-005
-015,-005
-015,-005
-015,-005
-015,-005
-015,-005
-015,-005
-015,-005
-015,-005
-015,-005
-015,-005
-015,-005
-015,-005
-015,-005
-015,-005
-015,-005
-015,-005
-015,-005
-015,-005
-015,-005
-015,-005
-015,-005
-015,-005
-015,-005
-015,-005
-015,-005
-015,-005
-015,-005
-015,-005
-015,-005
-015,-005
-015,-005
-015,-005
-015,-005
-015,-005
-015,-005
-015,-005
-015,-005
-015,-005
-015,-005
-015,-005
-015,-005
-015,-005
-015,-005
-015,-005
-015,-005
-015,-005
-015,-005
-015,-005
-015,-005
-015,-005
-015,-005
-015,-005
-015,-005
-015,-005
-015,-005
-015,-005
-015,-005
-015,-005
-015,-005
-015,-005
-015,-005
-015,-005
-015,-005
-015,-005
-015,-005
-015,-005
-015,-005
-015,-002
-015,-003
-015,-003
-014,-003
-014,-003
-014,-003
-014,-003
-014,-003
-014,-003
-014,-003
-014,-000
-014,-000
-013,-000
-013,-000
-013,-000
-013,-000
-013,-000
-013,-000
-013,-000
-013,-000
-013,-000
-012,-000
-012,-000
-012,-000
-012,-000
-012,-000
-012,-000
-012,-000
-012,-000
-012,-000
-012,-000
-012,-000
-012,-000
-012,-000
-012,-000
-012,-000
-012,-000
-012,-000
-012,-000
-012,-003
-012,-003
-012,-003
-012,-003
-011,-003
-011,-003
-011,-003
-011,-003
-011,-003
-011,-003
-011,-003
-011,-003
-011,-003
-011,-003
-011,-003
-011,-003
-011,-003
-010,-003
-010,-003
-010,-003
-010,-003
-010,-003
-010,-003
-010,-003
-010,-003
-009,-003
-009,-003
-009,-003
-009,-003
-009,-003
-009,-003
-009,-003
-009,-002
-009,-002
-009,-002
-009,-002
-009,-002
-008,-002
-008,-002
-008,-002
-008,-002
-008,-002
-008,-001
-008,-001
-008,-001
-008,-001
-008,-001
-007,-001
-007,-001
-007,-001
-007,-001
-007,-001
-007,-001
-006,-001
-006,-001
-006,-001
-006,-001
-005,-001
-005,-001
-005,-001
-005,-001
-005,-001
-005,-001
-005,-001
-005,-001
-005,-001
-005,-001
-004,-004
-004,-004
-004,-003
-004,-003
-004,-003
-004,-003
-004,-003
-004,-003
-004,-003
-004,-003
-004,-003
-004,-003
-004,-003
-004,-003
-004,-003
-004,-003
-004,-006
-004,-006
-004,-006
-004,-006
-004,-006
-004,-006
-004,-006
-004,-006
-004,-006
-004,-005
-004,-005
-004,-005
-004,-005
-004,-005
-004,-005
-004,-005
-004,-004
-004,-004
-004,-004
-007,-004
-007,-004
-007,-004
-007,-004
-007,-003
-007,-003
-007,-003
-007,-003
-007,-003
-007,-003
-007,-003
-007,-003
-007,-003
-007,-003
-007,-003
-007,-003
-007,-003
-007,-003
-007,-003
-007,-003
-007,-003
-007,-003
-007,-003
-007,-003
-007,-003
-007,-003
-007,-003
COP Area(S): 000224
COP Area(R): 000357