+000,-000
+001,-001
+001,-000
+001,-000
+001,-000
+001,-000
+001,-001
+001,-001
+001,-001
+001,-001
+001,-001
+003,-001
+003,-001
+003,-001
+003,-001
+003,-001
+003,-002
+003,-002
+003,-002
+003,-002
+003,-002
+003,-002
+003,-002
+003,-002
+003,-002
+003,-002
+003,-002
+003,-002
+003,-002
+003,-002
+003,-002
+003,-002
+003,-002
+003,-002
+003,-002
+003,-002
+003,-002
+003,-002
+003,-002
+003,-002
+003,-002
+003,-002
+003,-002
+003,-002
+003,-002
+003,-002
+003,-002
+003,-002
+003,-002
+003,-002
+003,-002
+003,-002
+003,-002
+003,-002
+003,-001
+003,-000
+003,-000
+003,-000
+003,-000
+003,-000
+003,-000
+003,-000
+003,-000
+003,-000
+003,-000
+003,-000
+003,-001
+003,-001
+003,-001
+003,-001
+003,-001
+003,-001
+003,-001
+003,-001
+003,-001
+003,-001
+003,-001
+003,-001
+003,-001
+003,-001
+003,-001
+003,-001
+003,-001
+003,-001
+003,-001
+003,-001
+003,-001
+003,-001
+003,-001
+003,-002
+003,-002
+003,-002
+003,-002
+003,-002
+003,-002
+003,-002
+003,-002
+003,-002
+003,-002
+003,-002
+003,-002
+003,-002
+003,-002
+003,-002
+003,-002
+003,-002
+003,-002
+003,-002
+003,-002
+003,-002
+003,-002
+003,-002
+003,-002
+003,-002
+003,-002
+003,-002
+003,-003
+003,-003
+003,-003
+003,-003
+003,-003
+003,-003
+003,-003
+003,-003
+003,-003
+003,-003
+003,-003
+003,-003
+003,-003
+003,-003
+003,-003
+003,-003
+003,-003
+003,-003
+003,-003
+003,-003
+003,-003
+003,-003
+003,-003
+003,-003
+003,-004
+003,-004
+003,-004
+003,-004
+003,-004
+003,-004
+003,-004
+003,-004
+003,-004
+003,-004
+003,-004
+003,-004
+003,-004
+003,-004
+003,-004
+003,-004
+003,-004
+003,-004
+003,-004
+003,-004
+003,-004
+003,-004
+003,-004
+003,-004
+003,-004
+003,-004
+003,-004
+003,-004
+003,-004
+003,-004
+003,-004
+003,-004
+003,-004
+003,-004
+003,-004
+003,-004
+003,-004
+003,-004
+003,-004
+003,-004
+003,-004
+003,-004
+003,-004
+003,-004
+003,-004
+003,-004
+003,-004
+003,-004
+003,-001
+003,-002
+003,-002
+003,-002
+003,-002
+003,-002
+003,-002
+003,-002
+003,-002
+003,-002
+003,-002
+003,-002
+003,-002
+003,-002
+003,-002
+003,-002
+003,-002
+003,-002
+003,-002
+003,-002
+003,-002
+003,-002
+003,-002
+003,-002
+003,-002
+003,-002
+003,-002
+003,-002
+003,-002
+003,-002
+003,-002
+003,-002
+003,-002
+003,-002
+003,-002
+003,-002
+003,-002
+003,-002
+003,-002
+003,-002
+003,-002
+003,-002
+003,-002
+003,-002
+003,-002
+003,-002
+003,-002
+003,-002
+003,-002
+003,-002
+003,-002
+003,-002
+003,-002
+003,-002
+003,-002
+003,-002
+003,-002
+003,-002
+003,-002
+003,-002
+003,-002
+003,-002
+003,-002
+003,-002
+003,-002
+003,-002
+003,-002
+003,-002
+003,-002
+003,-002
+003,-002
+003,-002
+003,-002
+003,-002
+003,-002
+003,-002
+003,-002
+003,-002
+003,-002
+003,-002
+003,-002
+003,-002
+005,-002
+005,-002
+005,-002
+005,-002
+005,-002
+005,-002
+005,-002
+005,-002
+005,-002
+005,-002
+005,-002
+005,-002
+005,-002
+005,-002
+005,-002
+005,-002
+005,-002
+005,-002
+005,-002
+005,-002
+005,-002
+005,-002
+005,-002
+005,-002
+005,-002
+005,-002
+005,-002
+005,-002
+003,-002
+003,-002
+003,-002
+003,-002
+003,-002
+003,-002
+003,-002
+003,-002
+003,-002
+003,-002
+003,-002
+003,-002
+003,-002
+003,-002
+003,-002
+003,-002
+003,-002
+003,-002
+003,-003
+001,-003
+001,-003
+001,-003
+001,-003
+001,-003
+001,-003
+001,-003
+001,-003
+001,-003
+001,-004
+001,-004
+001,-004
+001,-004
+001,-004
+001,-004
+001,-004
+001,-004
+002,-004
+002,-004
+002,-005
+002,-005
+002,-005
-003,-005
-003,-005
-003,-005
-003,-005
-003,-005
-003,-005
-003,-005
-003,-006
-004,-006
-004,-006
-004,-006
-004,-006
-004,-006
-004,-006
-004,-006
-004,-006
-004,-006
-004,-006
-004,-006
-004,-006
-004,-007
-004,-007
-005,-007
-005,-007
-005,-007
-005,-007
-005,-007
-005,-007
-005,-007
-005,-007
-005,-007
-005,-007
-005,-007
-005,-007
-005,-008
-005,-008
-005,-008
-005,-008
-005,-008
-005,-008
-005,-008
-005,-008
-005,-008
-005,-008
-005,-008
-005,-008
-005,-008
-005,-008
-005,-008
-005,-008
-005,-008
-005,-008
-005,-008
-005,-008
-005,-008
+002,-008
+002,-008
+002,-008
+002,-008
+002,-008
+002,-008
+002,-008
+002,-008
+002,-008
+002,-008
+002,-008
+002,-008
+002,-008
+002,-008
+002,-008
+002,-008
+002,-008
+000,-008
+000,-008
+000,-008
+000,-005
+000,-005
+000,-005
+000,-005
+000,-005
+002,-005
+002,-005
+002,-005
+002,-005
+002,-005
+002,-005
+002,-005
+002,-005
+002,-005
+002,-005
+002,-005
+002,-005
+002,-005
+002,-005
+002,-005
+002,-005
+002,-005
+002,-005
+002,-005
+002,-005
+002,-005
+002,-005
+002,-005
+002,-002
+002,-002
+002,-002
+002,-002
+002,-002
+002,-002
+002,-002
+002,-002
+002,-002
+002,-002
+002,-002
+002,-002
+002,-002
+002,-002
+002,-002
+002,-002
+002,-002
+002,-002
+002,-002
+002,-002
+002,-002
+004,-002
+004,-002
+004,-002
+004,-002
+004,-002
+004,-002
+004,-002
+004,-002
+004,-002
+004,-002
+004,-002
+004,-002
+004,-002
+004,-002
+004,-002
+004,-002
+004,-002
+004,-002
+004,-002
+004,-002
+004,-002
+004,-002
+004,-002
+004,-002
+004,-002
+004,-002
+004,-002
+004,-002
+004,-002
+004,-002
+004,-002
+002,-002
+002,-002
+002,-002
+002,-002
+002,-002
+002,-002
+002,-002
+002,-002
+002,-002
+002,-002
+002,-002
+002,-002
+002,-002
+002,-002
+002,-002
+002,-002
+002,-002
+002,-002
+002,-002
+002,-002
+002,-002
+002,-002
+002,-003
+002,-003
+002,-003
+002,-003
+002,-003
+002,-003
+002,-003
+002,-003
+002,-003
+002,-003
+002,-003
+002,-003
+002,-003
+002,-003
+002,-003
+002,-003
+002,-004
+002,-004
+002,-004
+002,-004
+002,-004
+002,-004
+000,-004
+000,-004
+000,-004
+000,-004
+000,-004
+000,-004
+000,-004
+000,-004
+000,-004
+000,-004
+000,-004
+000,-004
+000,-004
+000,-004
+000,-004
+000,-004
+000,-004
+000,-004
+000,-004
+000,-004
+000,-004
+000,-004
+000,-004
+000,-004
+000,-004
+000,-004
+000,-004
+000,-004
+000,-004
+000,-004
+000,-004
+000,-004
+000,-004
+000,-004
+000,-004
+000,-004
+000,-004
+000,-004
+000,-004
+000,-004
+000,-004
+000,-004
+000,-004
+000,-004
+000,-004
+000,-004
+000,-004
+000,-004
+000,-004
+000,-004
+000,-004
+000,-004
+000,-004
+000,-004
+000,-004
+000,-004
+000,-004
+000,-004
+000,-004
+000,-004
+000,-004
+000,-004
+000,-004
+000,-004
+000,-004
+000,-004
+000,-004
+000,-004
+000,-004
+000,-004
+000,-004
+000,-004
+000,-004
+000,-001
+000,-002
+000,-002
+000,-002
+000,-002
+000,-002
+000,-002
+000,-002
+000,-002
+000,-002
+000,-002
+000,-002
+000,-002
+000,-002
+000,-002
+000,-002
+000,-002
+000,-002
+000,-002
+000,-002
+000,-002
+000,-002
+000,-002
+000,-002
+000,-002
+000,-002
+000,-002
+000,-002
+000,-002
+000,-002
+000,-002
+000,-002
+000,-002
+000,-002
+000,-002
+000,-002
+000,-002
+000,-002
+000,-002
+000,-002
+000,-002
+000,-002
+000,-002
+000,-002
+000,-002
+000,-002
+000,-002
+000,-002
+000,-002
+000,-002
+000,-002
+000,-002
+000,-002
+000,-002
+000,-002
+000,-002
+000,-002
+000,-002
+002,-002
+002,-002
+002,-002
+002,-002
+002,-002
+002,-002
+002,-002
+002,-002
+002,-002
+002,-002
+002,-002
+002,-002
+002,-002
+002,-002
+002,-002
+002,-002
+002,-002
+002,-002
+002,-002
+002,-002
+002,-002
+002,-002
+002,-002
+002,-002
+002,-002
+002,-002
+002,-002
+002,-002
+002,-002
+002,-002
+002,-003
+002,-003
+002,-003
+002,-003
+002,-003
+002,-003
+002,-003
+002,-003
+002,-003
+002,-003
+002,-003
+002,-003
+002,-003
+002,-003
+002,-003
+002,-003
+002,-003
+002,-003
+002,-003
+002,-003
+002,-003
+002,-003
+002,-003
+002,-003
+002,-003
+002,-003
+002,-003
+002,-003
+002,-003
+002,-003
+002,-003
+002,-003
+002,-003
+002,-003
+002,-003
+002,-003
+002,-003
+002,-003
+002,-003
+002,-003
+002,-003
+002,-003
+002,-003
+002,-003
+002,-003
+002,-003
+002,-004
+002,-004
+000,-004
+000,-004
+000,-004
+000,-004
+000,-004
+000,-004
+000,-004
+000,-004
+000,-004
+000,-004
+000,-004
+000,-004
+000,-004
+000,-004
+000,-004
+000,-004
+000,-004
+000,-004
+000,-004
+000,-004
+000,-004
+000,-004
+000,-004
+000,-004
+000,-004
+000,-004
+000,-004
+000,-004
+000,-004
+000,-004
+000,-004
+000,-004
+000,-005
+000,-005
+000,-005
+000,-005
+000,-005
+000,-005
+000,-005
+000,-005
+000,-005
+000,-005
+000,-005
+000,-005
+002,-005
+002,-005
+002,-005
+002,-005
+002,-005
+002,-005
+002,-005
+002,-005
+002,-005
+002,-005
+002,-005
+002,-005
+002,-005
+002,-005
+002,-005
+002,-005
+002,-005
+002,-005
+002,-005
+002,-005
+002,-005
+002,-005
+002,-005
+002,-005
+002,-005
+002,-005
+002,-005
+002,-005
+002,-005
+002,-005
+002,-005
+002,-005
+002,-005
+002,-005
+002,-005
+002,-005
+002,-005
+002,-005
+002,-005
+002,-005
+002,-005
+002,-006
+002,-006
-003,-006
-003,-006
-003,-006
-003,-006
-003,-006
-003,-006
-003,-006
-003,-006
-003,-006
-003,-006
-003,-006
-003,-006
-003,-006
-003,-006
-003,-006
-003,-006
-003,-006
-003,-006
-003,-006
-003,-006
-003,-006
-003,-006
-003,-006
-003,-006
-003,-006
-003,-006
-003,-006
-003,-006
-003,-006
-003,-006
-003,-006
-003,-006
-003,-007
-003,-007
-003,-007
-003,-007
-003,-007
-003,-007
-003,-007
-003,-007
-003,-007
-003,-007
-003,-007
-003,-007
-003,-007
-003,-007
-003,-007
-003,-007
-003,-007
-003,-007
-003,-007
-003,-007
-003,-007
-003,-007
-003,-007
-003,-007
-003,-007
-003,-007
-003,-007
-003,-007
-003,-007
-003,-007
-003,-007
-003,-007
-003,-007
-003,-007
-003,-007
-003,-007
-003,-007
-003,-007
-003,-007
-003,-007
-003,-007
-003,-007
-003,-007
-003,-007
-003,-007
-003,-007
-003,-007
-003,-007
-003,-007
-003,-007
-003,-007
-003,-007
-003,-007
-003,-007
-003,-007
-003,-007
-003,-007
-003,-007
-003,-007
-003,-007
-003,-007
-003,-007
-003,-007
-003,-007
-003,-007
-003,-007
-003,-007
-003,-007
-003,-007
-003,-007
-003,-007
-003,-007
-003,-007
-003,-007
-003,-007
-003,-007
-003,-007
-003,-007
-003,-007
-003,-007
-003,-007
-003,-007
-003,-007
-003,-007
-003,-007
-003,-007
-003,-007
-003,-007
-003,-007
-003,-007
-003,-007
-003,-007
-003,-007
-003,-007
-003,-007
-003,-007
-003,-007
-003,-007
-003,-007
-003,-007
-003,-007
-003,-007
-003,-007
-003,-007
-003,-007
-003,-007
-003,-007
-003,-007
-003,-007
+001,-007
+001,-007
+001,-007
+001,-007
+001,-007
+001,-007
+001,-007
+001,-007
+001,-007
+001,-007
+001,-007
+001,-007
+001,-007
+001,-007
+001,-007
+001,-007
+001,-007
+001,-007
+001,-007
+001,-007
+001,-007
+001,-007
+001,-007
+001,-007
+001,-007
+001,-007
+001,-007
+001,-007
+001,-007
+001,-007
+001,-007
+001,-007
+001,-007
+001,-007
+001,-007
+001,-007
+001,-007
+001,-007
+001,-007
+001,-007
+001,-007
+001,-007
+001,-007
+001,-007
+001,-007
+001,-007
+001,-007
+001,-007
+001,-007
+001,-007
+001,-007
+001,-007
+001,-007
+001,-007
+001,-007
+001,-007
+001,-007
+001,-007
+001,-007
+001,-007
+001,-007
+001,-007
+001,-007
+001,-007
+001,-007
+001,-007
+001,-007
+001,-007
+001,-007
+001,-004
+001,-005
+001,-005
+001,-005
+001,-005
+001,-005
+001,-005
+001,-005
+001,-005
+001,-005
+001,-005
+001,-005
+001,-005
+001,-005
+001,-005
+001,-005
+001,-005
+001,-005
+001,-005
+001,-005
+001,-005
+001,-005
+001,-005
+001,-005
+001,-005
+001,-005
+001,-005
+001,-005
+001,-005
+001,-005
+001,-005
+001,-005
+001,-005
+001,-005
+001,-005
+001,-005
+001,-005
+001,-005
+001,-005
+001,-005
+001,-005
+001,-005
+001,-005
+001,-005
+001,-005
+001,-005
+001,-005
+001,-005
+001,-005
+001,-005
+001,-005
+001,-005
+001,-005
+001,-005
+001,-005
+001,-005
+001,-005
+001,-005
+001,-005
+001,-005
+001,-005
+001,-005
+001,-005
+001,-005
+001,-005
+001,-005
+001,-005
+001,-005
+001,-005
+001,-005
+001,-005
+001,-005
+001,-005
+001,-005
+001,-005
+001,-005
+001,-005
+001,-005
+001,-005
+001,-005
+001,-005
+001,-005
+001,-005
+001,-005
+001,-005
+001,-005
+001,-005
+001,-005
+001,-005
+001,-005
+001,-005
+001,-005
+001,-005
+001,-005
+001,-005
+001,-005
+001,-005
+001,-005
+001,-005
+001,-005
+001,-005
+001,-005
+001,-005
+001,-005
+001,-005
+001,-005
+001,-005
+001,-005
+001,-005
+001,-005
+001,-005
+002,-005
+002,-005
+002,-005
+002,-005
+002,-005
+002,-005
+002,-005
+002,-002
+002,-003
+002,-003
+002,-003
+002,-003
+002,-003
+002,-003
+002,-003
+002,-003
+002,-003
+002,-003
+002,-003
+002,-003
+002,-003
+002,-003
+002,-003
+002,-003
+002,-003
+002,-003
+002,-003
+002,-003
+002,-003
+002,-003
+002,-003
+002,-003
+002,-003
+002,-003
+002,-003
+002,-003
+002,-000
+002,-001
+002,-001
+002,-001
+002,-001
+002,-001
+002,-001
+002,-001
+002,-001
+002,-001
+002,-001
+002,-001
+002,-001
+002,-001
+002,-001
+002,-001
+002,-001
+002,-002
+002,-001
+002,-001
+002,-001
+002,-001
+002,-001
+002,-001
+002,-001
+002,-001
+002,-001
+002,-001
+002,-001
+002,-001
+002,-001
+002,-001
+002,-001
+002,-001
+002,-001
+002,-001
+002,-004
+002,-004
+002,-003
+002,-003
+002,-003
+002,-003
+002,-003
+002,-003
+002,-003
+002,-003
+002,-003
+002,-003
+002,-003
+002,-003
+002,-003
+002,-003
+002,-003
+002,-003
+002,-003
+002,-003
+002,-003
+002,-003
+002,-003
+002,-003
+002,-003
+002,-003
+002,-003
+002,-003
+002,-003
+000,-003
+000,-003
+000,-003
+000,-003
+000,-003
+000,-003
+000,-003
+000,-003
+000,-003
+000,-003
+000,-003
+000,-003
+000,-003
+000,-003
+000,-003
+000,-003
+000,-003
+000,-003
+000,-003
+000,-003
+000,-003
+000,-003
+000,-003
+000,-003
+000,-003
+000,-003
+000,-003
+000,-003
+000,-003
+000,-003
+000,-003
+000,-003
+000,-003
+000,-003
+000,-003
+000,-003
+000,-003
+000,-003
+000,-003
+000,-003
+000,-003
+000,-003
+000,-003
+000,-003
+000,-003
+000,-003
+000,-003
+000,-003
+000,-003
+000,-003
+000,-003
+000,-006
+000,-005
+000,-005
+000,-005
+000,-005
+000,-005
+000,-005
+000,-005
+000,-005
+000,-005
+000,-005
+000,-005
+000,-005
+000,-005
+000,-005
+000,-005
+000,-005
+000,-005
+000,-005
+000,-005
+000,-005
+000,-005
+000,-005
+000,-005
+000,-005
+000,-005
+000,-005
+000,-005
+000,-005
+000,-005
+000,-005
+000,-005
+000,-005
+000,-005
+000,+007
+000,+007
+000,+007
+000,+007
+002,+007
+002,+007
+002,+007
+002,+007
+002,+007
+002,+007
+002,+007
+002,+007
+002,+007
+002,+007
+002,+007
+002,+007
+002,+007
+002,+007
+002,+007
+002,+007
+002,+007
+002,+007
+002,+007
+002,+007
+002,+007
+002,+007
+002,+007
+002,+007
+002,+007
+002,+007
+002,+007
+002,+007
+002,+007
+002,+007
+002,+007
+002,+007
+002,+007
+002,+007
+002,+007
+002,+007
+002,+007
+002,+007
+002,+007
-003,+007
-003,+007
-003,+007
-003,+007
-003,+007
-003,+007
-003,+007
-003,+007
-003,+007
-003,+007
-003,+007
-003,+007
-003,+007
-003,+007
-003,+007
-003,+007
-003,+007
-003,+007
-003,+007
-003,+007
-003,+007
-003,+007
-003,+007
-003,+007
-003,+007
-003,+007
-003,+007
-003,+007
-003,+007
-003,+007
-003,+007
-003,+007
-003,+007
-003,+007
-003,+007
-003,+007
-003,+007
-003,+007
-003,+007
-003,+007
-003,+007
-003,+007
-003,+007
-003,+007
-003,+007
-003,+007
-003,+007
-003,+007
-003,+007
-003,+007
-003,+007
-003,+007
-003,+007
-003,+007
-003,+007
-003,+007
-003,+007
-003,+007
-003,+007
-003,+007
-003,+007
-003,+007
-003,+007
-003,+007
-003,+007
-003,+007
-003,+007
-003,+007
-003,+007
-003,+007
-003,+007
-003,+007
-003,+007
-003,+007
-003,+007
-003,+007
-003,+007
-003,+007
-003,+007
-003,+007
-003,+007
-003,+007
-003,+007
-003,+007
-003,+007
-003,+007
-003,+007
-003,+007
-003,+007
-003,+007
-003,+007
-003,+007
-003,+007
-003,+007
-003,+007
-003,+007
-003,+007
-003,+007
-003,+007
-003,+007
-003,+007
-003,-006
-003,-006
-003,-006
-003,-006
-003,-006
-003,-006
-003,-006
-003,-006
-003,-006
-003,-006
-003,-005
-003,-005
-003,-005
-003,-005
-003,-005
-003,-005
-003,-005
-003,-005
-003,-005
-003,-005
-003,-005
-003,-005
-003,-005
-003,-005
-003,-005
-003,-005
-003,-005
-003,-005
-003,-005
-003,-005
-003,-005
-003,-004
-003,-004
-003,-004
-003,-004
-003,-004
-003,-004
-003,-004
-003,-004
-003,-004
-003,-004
-003,-004
-003,-004
-003,-004
-003,-004
-003,-004
-003,-004
-003,-004
-003,-004
-003,-004
-003,-004
-003,-004
-003,-004
-003,-004
+001,-004
+001,-004
+001,-004
+001,-004
+001,-004
+001,-004
+001,-004
+001,-004
+001,-004
+001,-004
+001,-003
+001,-003
+001,-003
+001,-003
+001,-003
+001,-003
+001,-003
+001,-003
+001,-003
+001,-003
+001,-003
+001,-003
+001,-003
+001,-002
+001,-002
+001,-002
+001,-002
+001,-002
+001,-002
+001,-002
+001,-002
+001,-002
+001,-002
+001,-002
+001,-002
+001,-002
+001,-002
+001,-002
+001,-002
+001,-002
+001,-002
+001,-002
+001,-002
+001,-002
+001,-002
+001,-002
+001,-002
+001,-002
+001,-002
+001,-002
+001,-002
+001,-002
+001,-002
+001,-002
+001,-002
+001,-002
+001,-002
+001,-002
+001,-002
+001,-002
+001,-002
+001,-002
+001,-002
+001,-002
+001,-002
+001,-002
+001,-002
+001,-002
+001,-002
+001,-002
+001,-002
+001,-002
+001,-002
+001,-002
+001,-002
+001,-002
+001,-002
+001,-002
+001,-002
+001,-002
+001,-002
+001,-002
+001,-002
+001,-002
+001,-002
+001,-002
+001,-002
+001,-002
+001,-002
+001,-002
+001,-002
+001,-002
+001,-002
+001,-002
+001,-002
+001,-002
+001,-002
+001,-002
+001,-002
+001,-002
+001,-002
+001,-002
+001,-002
+001,-002
+001,-002
+001,-002
+001,-002
+001,-002
+001,-002
+001,-002
+001,-002
+001,-002
+001,-002
+001,-002
+001,-002
+001,-002
+001,-002
+001,-002
+001,-002
+001,-002
+003,-002
+003,-002
+003,-002
+003,-002
+003,-002
+003,-002
+003,-002
+003,-002
+003,-002
+003,-002
+003,-002
+003,-002
+003,-002
+003,-002
+003,-002
+003,-002
+003,-002
+003,-002
+003,-002
+003,-002
+003,-002
+003,-002
+003,-002
+003,-002
+003,-002
+003,-002
+003,-002
+003,-002
+003,-002
+003,-002
+003,-002
+003,-002
+003,-002
+003,-002
+003,-002
+003,-002
+003,-002
+003,-002
+003,-002
+003,-002
+003,-002
+003,-002
+003,-002
+003,-002
+003,-002
+003,-002
+003,-002
+003,-002
+003,-002
+003,-002
+003,-002
+003,-002
+003,-002
+003,-002
+003,-002
+003,-002
+003,-002
+003,-002
+003,-002
+003,-002
+003,-002
+003,-002
+003,-002
+003,-002
+003,-002
+003,-002
+003,-002
+003,-002
+003,-002
+003,-002
+003,-002
+003,-002
+003,-002
+003,-002
+003,-002
+001,-002
+001,-002
+001,-002
+001,-002
+001,-002
+001,-002
+001,-002
+001,-002
+001,-002
+001,-002
+001,-002
+001,-002
+001,-002
+001,-002
+001,-002
+001,-002
+001,-002
+001,-005
+001,-004
+001,-004
+001,-004
+001,-004
+001,-004
+001,-004
+001,-004
+001,-004
+001,-004
+001,-004
+001,-004
+001,-004
+001,-004
+001,-004
+001,-004
+001,-004
+001,-004
+001,-004
+001,-004
+001,-004
+001,-004
+001,-004
+001,-004
+001,-004
+001,-004
+001,-004
+001,-004
+001,-004
+001,-004
+001,-004
+001,-004
+001,-004
+001,-004
+001,-004
+001,-004
+001,-004
+001,-004
+001,-004
+001,-004
+001,-004
+001,-004
+001,-004
+001,-004
+001,-004
+001,-004
+001,-004
+001,-004
+001,-004
+001,-004
+001,-004
+001,-004
+001,-004
+001,-004
+001,-004
+001,-004
+001,-004
+001,-004
+001,-004
+001,-004
+001,-004
+001,-004
+001,-004
+001,-004
+001,-004
+001,-004
+001,-004
+001,-004
+001,-004
+001,-004
+001,-004
+001,-004
+001,-004
+001,-004
+001,-004
+001,-004
+001,-004
+001,-004
+001,-004
+001,-004
+001,-004
+001,-004
+001,-004
+001,-004
+001,-004
+001,-004
+001,-004
+001,-004
+001,-004
+001,-004
+001,-004
+001,-004
+001,-004
+001,-004
+001,-004
+001,-004
+001,-004
+001,-004
+001,-004
+001,-004
+001,-004
+001,-004
+001,-004
+001,-004
+001,-004
+001,-004
+001,-004
+001,-004
+001,-004
+001,-004
+001,-004
+001,-004
+001,-004
+001,-004
+001,-004
+001,-004
+001,-004
+001,-004
+001,-004
+001,-004
+001,-004
+003,-004
+003,-004
+003,-004
+003,-004
+003,-004
+003,-004
+005,-004
+005,-004
+005,-004
+005,-004
+005,-004
+005,-004
+005,-004
+005,-004
+005,-004
+005,-004
+005,-004
+005,-004
+005,+007
+005,-006
+005,-006
+005,-006
+005,-006
+005,-006
+005,-006
+005,-006
+005,-006
+005,-006
+005,-006
+005,-006
+005,-006
+005,-006
+005,-006
+007,-006
+007,-006
+007,-006
+007,-006
+007,-006
+007,-006
+007,-006
+007,-006
+007,-006
+007,-006
+007,-006
+007,-006
+007,-006
+005,-006
+005,-006
+005,-006
+005,-006
+005,-006
+005,-006
+005,-006
+005,-006
+005,-006
+005,-006
+005,-006
+005,-006
+005,-006
+005,-006
+005,-006
+005,-006
+005,-006
+005,-006
+005,-006
+005,-006
+005,-006
+005,-006
+005,-006
+005,-006
+005,-006
+005,-006
+005,-006
+005,-006
+005,-006
+005,-006
+005,-006
+005,-006
+005,-006
+005,-006
+005,-006
+005,-006
+005,-006
+003,-006
+003,-006
+003,-006
+003,-006
+003,-006
+003,-006
+003,-006
+003,-006
+003,-006
+003,-006
+003,-006
+003,-006
+003,-006
+003,-006
+001,-006
+001,-006
+001,-006
+001,-006
+001,-006
+001,-006
+001,-006
+001,-006
+001,-006
+001,-006
+001,-006
+001,-006
+001,-006
+001,-006
+001,-006
+001,-006
+001,-006
+001,-006
+001,-006
+001,-006
+001,-006
+001,-006
+001,-006
+001,-006
+001,-006
+001,-006
+001,-006
+001,-006
+001,-006
+001,-006
+001,-006
+001,-006
+001,-006
+001,-006
+001,-006
+001,-006
+001,-006
+001,-006
+001,-006
+002,-006
+002,-006
+002,-006
+002,-006
+002,-006
+002,-006
+002,-006
+002,-006
+002,-006
+002,-006
+002,-006
+002,-006
+002,-006
+002,-006
+002,-006
+002,-006
+002,-006
+002,-006
+002,-006
+002,-006
+002,-006
+002,-006
+002,-006
+002,-006
+002,-006
+002,-006
+002,-006
+002,-006
+002,-006
+002,-006
+002,-006
+002,-006
+002,-006
+002,-006
+002,-006
+002,-006
+002,-006
+002,-006
+002,-006
+002,-006
+002,-006
+002,-006
+002,-006
+002,-006
+002,-006
+002,-006
+002,-006
+002,-006
+002,-006
+002,-006
+002,-006
+002,-006
+002,-006
+002,-006
+002,-006
+002,-006
+002,-006
+002,-006
+002,-006
+002,-006
+002,-006
+002,-006
+002,-006
+002,-006
+002,-006
+002,-006
+002,-006
+002,-006
+002,-006
+002,-006
+002,-006
+002,-006
+002,-006
+002,-006
+002,-006
+002,-006
+002,+008
+002,+008
+002,+008
+002,+008
+002,+008
+000,+008
+000,+008
+000,+008
+000,+008
+000,+008
+000,+008
+000,+008
+000,+008
+000,+008
+000,+008
+002,+008
+002,+008
+002,+010
+002,+010
+002,+010
+002,+010
+002,+010
+002,+010
+002,+010
+002,+010
+002,+010
+002,+010
+002,+010
+002,+010
+002,+010
+002,+010
+002,+010
+002,+010
+002,+010
+002,+010
+002,+010
+002,+010
+002,+010
+002,+010
+002,+010
+002,+010
+002,+010
+002,+010
+002,+010
+002,+010
+002,+010
+002,+010
+002,+010
+002,+010
+002,+010
+002,+010
+002,+010
+002,+010
+002,+010
+002,+010
+002,+010
+002,+010
+002,+010
+002,+010
+002,+010
+002,+010
+002,+010
+002,+010
+002,+010
+002,+010
+002,+010
+002,+010
+002,+010
+002,+010
+002,+010
+002,+010
+002,+010
+002,+010
+002,+010
+002,+010
+002,+010
+002,+010
+002,+010
+002,+010
+002,+010
+002,+010
+002,+010
+002,+010
+002,+010
+002,+010
+002,+010
+002,+010
+002,+010
+002,+010
+002,+010
+002,+010
+002,+010
+002,+010
+002,+012
+002,+012
+002,+012
+002,+012
+002,+012
+002,+012
+002,+012
+002,+012
+002,+012
+002,+012
+002,+012
+002,+012
+002,+012
+002,+012
+002,+012
+002,+012
+002,+012
+002,+012
+002,+012
+002,+012
+002,+012
+002,+012
+002,+012
+000,+012
+000,+012
+000,+012
+000,+012
+000,+012
+000,+012
+000,+012
+000,+012
+000,+014
+000,+014
+000,+014
+000,+014
+000,+014
+000,+014
+000,+014
+000,+014
+000,+014
+000,+014
+000,+014
+000,+014
+000,+014
+000,+014
+000,+014
+000,+014
+000,+014
+000,+014
+000,+014
+000,+014
+000,+014
+000,+014
+000,+014
+000,+014
+000,+014
+000,+014
+000,+014
+000,+014
+000,+014
+000,+014
+000,+014
+000,+014
+000,+014
+000,+014
+000,+014
+000,+014
+000,+014
+000,+014
+000,+014
+000,+014
+000,+014
+000,+014
+000,+014
+000,+014
+000,+014
+000,+014
+000,+014
+000,+014
+000,+014
+000,+014
+000,+014
+000,+016
+000,+016
+000,+016
+000,+016
+000,+016
+000,+016
+000,+016
+000,+016
+000,+016
+000,+016
+000,+016
+000,+016
+000,+016
+000,+016
+000,+016
+000,+016
+000,+016
+000,+016
+000,+016
+000,+016
+000,+016
+000,+016
+000,+016
+000,+016
+000,+016
+000,+016
+000,+016
+000,+016
+000,+016
+000,+016
+000,+016
+000,+016
+000,+016
+000,+016
+000,+016
+000,+018
+000,+018
+000,+018
+000,+018
+000,+018
+000,+018
+000,+018
+000,+018
+000,+018
+000,+018
+000,+018
+000,+018
+000,+018
+000,+020
+002,+020
+002,+020
+002,+020
+002,+020
+002,+022
+002,+022
+002,+022
+002,+022
+002,+022
+002,+022
+002,+022
+002,+022
+002,+022
+002,+022
+004,+022
+004,+022
+004,+022
+004,+022
+004,+022
+004,+022
+004,+022
+004,+022
+004,+022
+004,+022
+004,+022
+004,+022
+004,+022
+004,+022
+004,+022
+004,+022
+004,+022
+004,+022
+004,+022
+004,+022
+004,+022
+004,+022
+004,+022
+004,+022
+004,+022
+004,+022
+004,+022
+004,+022
+004,+022
+004,+022
+004,+022
+004,+022
+004,+022
+004,+022
+004,+022
+004,+022
+004,+022
+004,+022
+004,+022
+004,+022
+004,+022
+004,+022
+004,+022
+004,+022
+004,+022
+004,+022
+004,+022
+004,+022
+004,+022
+004,+022
+004,+022
+004,+022
+004,+022
+004,+022
+004,+022
+004,+022
+004,+022
+004,+022
+004,+022
+004,+024
+004,+024
+004,+024
+002,+024
+002,+024
+002,+024
+002,+024
+002,+024
+002,+024
+002,+024
+002,+024
+002,+024
+002,+024
+002,+024
+002,+024
+002,+024
+002,+024
+002,+024
+002,+024
+002,+024
+002,+024
+002,+024
+002,+024
+002,+024
+002,+024
+002,+024
+002,+026
+002,+026
+002,+026
+002,+026
+000,+026
+000,+026
+000,+026
+000,+026
+000,+026
+000,+026
+000,+026
+000,+026
+000,+026
+000,+026
+000,+026
+000,+026
+000,+026
+000,+026
+000,+026
+000,+026
+000,+026
+000,+026
+000,+026
+000,+026
+000,+026
+000,+026
+000,+026
+000,+026
+000,+026
+000,+026
+000,+026
+000,+026
+000,+026
+000,+026
+000,+026
+000,+026
+000,+026
+000,+026
+000,+026
+000,+026
+000,+026
+000,+026
+000,+026
+000,+026
+000,+026
+000,+026
+000,+026
+000,+026
+000,+026
+000,+026
+000,+026
+000,+026
+000,+026
+000,+026
+000,+026
+000,+026
+000,+026
+000,+026
+000,+026
+000,+026
+000,+026
+000,+026
+000,+026
+000,+026
+000,+026
+000,+026
+000,+026
+000,+026
+000,+026
+000,+026
+000,+026
+000,+026
+000,+026
+000,+026
+000,+026
+000,+026
+000,+026
+002,+026
+002,+026
+002,+026
+002,+026
+002,+026
+002,+026
+002,+026
+002,+026
+002,+026
+002,+026
+002,+026
+002,+026
+002,+026
+002,+026
+002,+026
+002,+026
+002,+026
+002,+026
+002,+026
+002,+026
+002,+026
+002,+026
+002,+026
+002,+026
+002,+026
+002,+026
+002,+026
+002,+026
+002,+026
+002,+026
+002,+026
+002,+026
+002,+026
+002,+026
+002,+026
+002,+026
+002,+026
+002,+026
+002,+026
+002,+026
+002,+026
+002,+026
+002,+026
+002,+026
+002,+026
+002,+026
+002,+026
+002,+026
+002,+026
+002,+028
+002,+028
+002,+028
+002,+028
+002,+028
+002,+028
+002,+028
+002,+028
+002,+028
+000,+028
+000,+028
+000,+028
+000,+028
+000,+028
+000,+028
+000,+028
+000,+028
+000,+028
+000,+028
+000,+028
+000,+028
+000,+028
+000,+028
+000,+028
+000,+028
+000,+028
+000,+028
+000,+028
+000,+028
+000,+028
+000,+028
+000,+028
+002,+028
+002,+028
+002,+028
+002,+028
+002,+028
+002,+028
+002,+028
+002,+028
+002,+028
+002,+028
+002,+028
+002,+028
+002,+028
+002,+028
+002,+028
+002,+028
+002,+028
+004,+026
+004,+026
+004,+026
+004,+026
+004,+026
+004,+026
+004,+026
+004,+026
+004,+026
+004,+026
+004,+026
+004,+026
+004,+026
+004,+026
+006,+026
+006,+026
+006,+024
+006,+024
+006,+024
+006,+024
+006,+024
+006,+024
+006,+024
+006,+024
+006,+024
+006,+024
+006,+024
+006,+024
+006,+024
+006,+024
+006,+024
+006,+024
+006,+024
+006,+024
+006,+024
+006,+024
+006,+024
+006,+024
+006,+024
+006,+024
+006,+024
+006,+024
+006,+024
+006,+024
+006,+024
+006,+024
+006,+024
+006,+024
+006,+024
+006,+024
+006,+022
+006,+022
+006,+022
+006,+022
+006,+022
+006,+022
+006,+022
+006,+022
+006,+022
+006,+022
+006,+022
+006,+022
+006,+022
+006,+022
+006,+022
+006,+022
+006,+022
+006,+022
+006,+022
+006,+022
+006,+022
+006,+022
+006,+022
+006,+022
+006,+022
+006,+022
+006,+022
+006,+022
+006,+022
+004,+022
+004,+022
+004,+022
+002,+020
+002,+020
+002,+018
+000,+018
+000,+018
+000,+018
+000,+018
+000,+018
+000,+018
+000,+018
+002,+018
+002,+018
+002,+018
+002,+018
+002,+018
+002,+018
+002,+018
-003,+016
-003,+016
-003,+016
-003,+016
-003,+016
-003,+016
-004,+016
-004,+016
-004,+016
-004,+016
-004,+016
-004,+016
-005,+016
-005,+016
-005,+014
-005,+014
-006,+014
-007,+014
-007,+014
-007,+014
-007,+012
-007,+012
-007,+012
-007,+012
-007,+012
-007,+012
-007,+012
-007,+012
-007,+012
-007,+012
-007,+012
-007,+012
-007,+012
-008,+012
-008,+012
-008,+012
-008,+012
-008,+012
-008,+012
-008,+012
-008,+012
-008,+012
-008,+012
-008,+012
-008,+012
-008,+012
-008,+012
-008,+012
-008,+012
-008,+012
-008,+012
-008,+012
-008,+012
-008,+012
-008,+012
-008,+012
-008,+012
-008,+012
-008,+012
-008,+012
-008,+012
-008,+012
-008,+012
-008,+012
-008,+012
-008,+012
-008,+012
-008,+012
-008,+012
-008,+012
-008,+012
-008,+010
-008,+010
-008,+010
-008,+010
-008,+010
-008,+010
-008,+010
-008,+010
-008,+010
-008,+010
-008,+010
-008,+010
-008,+010
-008,+010
-008,+010
-008,+010
-008,+010
-008,+010
-008,+010
-008,+010
-008,+010
-008,+010
-008,+010
-008,+010
-008,+010
-008,+010
-008,+010
-008,+010
-008,+010
-008,+010
-008,+010
-008,+010
-008,+010
-008,+010
-008,+010
-008,+010
-008,+010
-008,+010
-008,+010
-008,+010
-008,+010
-005,+010
-005,+010
-005,+010
-005,+010
-005,+010
-005,+010
-005,+010
-005,+010
-005,+010
-005,+010
-005,+010
-005,+010
-005,+010
-005,+010
-005,+010
-005,+010
-005,+010
-005,+010
-005,+010
-005,+008
-005,+008
-005,+008
-005,+008
-005,+008
-005,+008
-005,+008
-005,+008
-005,+008
-005,+008
-005,+008
+002,+008
-003,+008
-003,+008
-003,+008
-003,+008
-003,+008
-003,+008
-003,+008
-003,+008
-003,+008
-003,+008
-003,+008
+001,+008
+001,+008
+001,+008
+001,+008
+001,+008
+001,+008
+001,+008
+001,+008
+001,+008
+001,+008
+001,+008
+001,+008
+001,+008
+001,+008
+001,+008
+001,+008
+001,+008
+001,+008
+001,+008
+001,+008
+001,+008
+001,+008
+001,+008
+001,+008
+001,+008
+001,+008
+001,+008
+001,+008
+001,+008
+001,+008
+001,+008
+001,+008
+001,+008
+001,+008
+001,+008
+001,+008
+001,+008
+001,+008
+001,+008
+001,+008
+001,+008
+001,+008
+001,+008
+001,+008
+001,+008
+001,+008
+001,+008
+001,+008
+001,+010
+001,+010
+001,+010
+001,+010
+001,+010
+001,+010
+001,+010
+001,+010
+001,+010
+001,+010
+001,+010
+001,+010
+001,+010
+001,+010
+001,+010
+001,+012
+001,+012
+001,+012
+001,+012
+001,+012
+001,+012
+001,+012
+001,+012
+001,+012
+001,+012
+001,+012
+001,+012
+001,+012
+001,+012
+001,+012
+001,+012
+001,+012
+001,+012
+001,+012
+001,+012
+001,+012
+001,+012
+001,+012
+001,+012
+001,+012
+001,+012
+001,+012
+001,+014
+001,+014
+001,+014
+001,+014
+001,+014
+001,+014
+001,+014
+001,+014
+001,+014
+001,+014
+001,+014
+001,+014
+001,+014
+001,+014
+001,+014
+001,+014
+001,+016
+001,+016
+001,+016
+001,+016
+001,+016
+001,+016
+002,+016
+002,+016
+002,+016
+002,+016
+002,+016
+002,+016
+002,+016
+002,+016
+002,+016
+002,+016
+002,+016
+002,+016
+002,+016
+002,+016
+002,+016
+002,+016
+002,+016
+002,+016
+002,+016
+002,+016
-003,+016
-003,+016
-003,+016
-003,+016
-003,+016
-003,+016
-003,+016
-003,+016
-003,+016
-003,+016
-003,+016
-003,+016
-003,+016
-003,+016
-003,+016
-003,+016
-003,+016
-003,+016
-003,+016
-003,+016
-003,+016
-003,+016
-003,+016
-003,+016
-003,+016
-003,+016
-003,+016
-003,+016
-003,+016
-003,+016
-003,+016
-003,+016
-003,+016
-003,+016
-003,+016
-003,+016
-003,+016
-003,+016
-003,+016
-003,+016
-003,+016
-003,+016
-003,+016
-003,+016
-003,+016
-003,+016
-003,+016
-003,+016
-003,+016
-003,+016
-003,+016
-003,+016
-003,+016
-003,+016
-003,+016
-003,+016
-003,+016
-003,+016
-003,+016
-003,+016
-003,+016
-003,+016
-003,+016
-003,+016
-003,+016
-003,+016
-003,+016
-003,+016
-003,+016
-003,+016
-003,+016
-003,+016
-003,+016
-003,+018
-003,+018
-003,+018
-003,+018
-003,+018
-003,+018
-003,+018
-003,+018
-003,+018
-003,+018
-003,+018
-003,+018
-003,+018
-003,+018
-003,+018
-003,+018
-003,+018
-003,+018
-003,+018
-003,+018
-003,+018
-003,+018
-003,+018
-003,+018
-003,+018
-003,+018
-003,+018
-003,+018
-003,+018
-003,+018
-003,+018
-003,+018
-003,+018
-003,+018
-003,+018
-004,+018
-004,+018
-004,+018
-004,+018
-004,+018
-004,+018
-004,+018
-004,+018
-004,+018
-004,+018
-004,+018
-004,+018
-004,+018
-004,+018
-004,+018
-004,+018
-004,+018
-004,+018
-004,+018
-004,+018
-004,+018
-004,+018
-004,+018
-004,+018
-004,+018
-004,+018
-004,+018
-004,+018
-004,+018
-004,+018
-004,+018
-004,+018
-004,+018
-004,+018
-005,+018
-005,+018
-005,+018
-005,+018
-005,+018
-005,+018
-005,+018
-005,+018
-005,+018
-005,+018
-005,+018
-005,+018
-005,+018
-005,+018
-005,+018
-005,+018
-005,+018
-005,+018
-005,+018
-005,+018
-005,+018
-005,+018
-005,+018
-005,+018
-005,+018
-005,+018
-005,+018
-005,+018
-005,+018
-005,+018
-005,+018
-005,+018
-005,+018
-005,+018
-005,+018
-005,+018
-005,+018
-005,+018
-005,+018
-005,+018
-005,+018
-005,+018
-005,+018
-005,+018
-005,+018
-005,+018
-005,+018
-005,+018
-005,+018
-005,+018
-005,+018
-005,+018
-005,+018
-005,+018
-006,+018
-006,+018
-006,+018
-006,+018
-006,+018
-006,+018
-006,+018
-006,+018
-006,+018
-006,+018
-006,+018
-006,+018
-006,+018
-006,+018
-006,+018
-006,+018
-006,+018
-006,+018
-006,+018
-006,+018
-006,+018
-006,+018
-006,+018
-006,+018
-006,+018
-006,+018
-007,+018
-007,+018
-007,+018
-007,+018
-007,+018
-007,+018
-007,+018
-007,+018
-007,+018
-007,+018
-007,+018
-007,+018
-007,+018
-007,+018
-007,+018
-007,+018
-007,+018
-007,+018
-007,+018
-007,+018
-007,+018
-007,+018
-007,+018
-007,+018
-007,+018
-007,+018
-007,+018
-007,+018
-007,+018
-008,+018
-008,+018
-008,+018
-008,+018
-008,+018
-008,+018
-008,+018
-009,+018
-009,+018
-009,+018
-009,+018
-009,+018
-009,+018
-009,+018
-009,+018
-009,+018
-009,+018
-010,+018
-010,+018
-010,+018
-010,+018
-010,+018
-010,+015
-010,+017
-010,+017
-010,+017
-010,+017
-011,+017
-011,+017
-011,+015
-011,+015
-011,+015
-011,+015
-011,+015
-011,+015
-011,+015
-011,+015
-011,+015
-011,+015
-011,+015
-011,+015
-011,+015
-011,+015
-011,+015
-011,+015
-011,+015
-011,+015
-011,+015
-011,+015
-011,+015
-011,+015
-011,+015
-011,+015
-011,+015
-011,+015
-011,+015
-011,+015
-011,+015
-011,+015
-011,+015
-011,+015
-011,+015
-011,+015
-011,+015
-011,+015
-011,+015
-011,+015
-011,+015
-011,+015
-011,+015
-011,+015
-011,+015
-011,+015
-011,+015
-011,+015
-011,+015
-011,+015
-011,+015
-011,+015
-011,+015
-011,+015
-011,+015
-011,+015
-011,+015
-011,+015
-011,+015
-011,+015
-011,+015
-011,+015
-011,+015
-011,+015
-011,+015
-011,+015
-011,+015
-011,+015
-011,+015
-011,+015
-011,+015
-011,+015
-011,+015
-011,+015
-011,+015
-011,+015
-011,+015
-011,+015
-011,+015
-011,+015
-011,+015
-011,+015
-011,+015
-011,+015
-011,+015
-011,+015
-011,+015
-011,+015
-011,+015
-011,+015
-011,+015
-011,+015
-011,+015
-008,+015
-009,+015
-009,+015
-009,+015
-009,+015
-009,+015
-009,+015
-009,+015
-009,+015
-009,+015
-009,+015
-009,+015
-006,+015
-008,+015
-008,+015
-008,+015
-008,+015
-008,+015
-008,+015
-008,+015
-008,+015
-008,+015
-008,+015
-008,+015
-008,+015
-008,+015
-008,+015
-005,+015
-006,+015
-006,+015
-006,+015
-006,+015
-006,+015
-006,+015
-006,+015
-006,+015
-006,+015
-006,+015
-007,+013
-007,+013
-007,+013
-007,+013
-007,+013
-007,+013
-007,+013
-007,+013
-007,+013
-007,+013
-007,+013
-007,+013
-007,+013
-007,+013
-007,+013
-007,+013
-007,+013
-007,+013
-007,+013
-007,+013
-007,+013
-007,+011
-007,+011
-007,+011
-007,+011
-007,+011
-007,+011
-007,+011
-007,+011
-007,+011
-007,+011
-007,+011
-007,+013
-007,+013
-007,+013
-004,+013
-005,+013
-005,+013
-005,+013
-005,+013
-005,+013
-005,+013
-005,+013
-005,+013
-005,+013
-005,+013
-006,+013
-006,+013
-006,+013
-006,+013
-006,+013
-006,+013
-006,+013
-007,+013
-007,+013
-007,+013
-007,+013
-007,+013
-007,+013
-007,+013
-007,+013
-007,+011
-007,+011
-007,+011
-007,+011
-007,+011
-007,+011
-007,+011
-007,+011
-007,+011
-007,+011
-007,+011
-007,+011
-008,+011
-008,+011
-008,+011
-008,+011
-008,+011
-008,+011
-008,+011
-008,+011
-008,+011
-008,+011
-008,+011
-009,+011
-009,+011
-009,+011
-009,+011
-009,+011
-009,+011
-009,+011
-009,+011
-009,+011
-009,+011
-009,+011
-009,+011
-009,+011
-009,+011
-009,+011
-010,+011
-010,+011
-010,+011
-010,+011
-010,+011
-010,+011
-010,+011
-010,+013
-010,+013
-010,+013
-010,+013
-010,+013
-010,+013
-010,+013
-011,+013
-011,+013
-011,+013
-011,+013
-011,+013
-011,+013
-011,+013
-011,+013
-011,+013
-011,+013
-011,+013
-011,+013
-011,+013
-011,+013
-011,+013
-011,+013
-011,+013
-011,+013
-011,+013
-011,+013
-012,+013
-012,+013
-012,+013
-012,+013
-012,+013
-012,+013
-012,+013
-012,+013
-012,+013
-012,+013
-012,+013
-012,+013
-012,+013
-013,+013
-013,+013
-013,+013
-013,+013
-013,+013
-013,+013
-013,+015
-013,+015
-013,+015
-013,+015
-013,+015
-013,+015
-013,+015
-013,+015
-013,+015
-013,+015
-013,+015
-013,+015
-013,+015
-013,+015
-013,+015
-013,+015
-013,+015
-013,+015
-013,+015
-013,+015
-013,+015
-013,+015
-013,+013
-013,+013
-013,+013
-013,+013
-013,+013
-013,+013
-013,+013
-013,+013
-013,+013
-013,+013
-013,+013
-013,+013
-013,+013
-013,+013
-013,+013
-013,+013
-013,+013
-013,+013
-013,+013
-013,+013
-013,+013
-013,+013
-013,+013
-013,+013
-010,+013
-010,+013
-010,+013
-010,+013
-010,+013
-010,+013
-010,+013
-010,+013
-010,+013
-010,+013
-010,+013
-010,+013
-010,+013
-010,+013
-010,+013
-010,+013
-010,+013
-010,+013
-010,+013
-010,+013
-010,+013
-010,+013
-010,+013
-010,+013
-010,+013
-010,+013
-010,+013
-010,+013
-010,+013
-010,+013
-010,+013
-010,+013
-010,+013
-010,+013
-010,+013
-010,+013
-010,+013
-010,+013
-010,+013
-007,+013
-007,+013
-007,+015
-007,+015
-007,+015
-007,+015
-007,+015
-004,+015
-005,+015
-005,+015
-005,+015
-005,+015
-005,+015
-005,+015
-005,+015
-005,+015
-005,+017
-005,+017
-005,+017
-005,+017
-005,+017
-005,+017
-005,+017
-005,+017
-005,+017
-005,+017
-005,+017
-005,+017
-005,+017
-005,+019
-005,+019
-005,+019
-005,+019
-005,+019
-005,+019
-005,+019
-005,+019
-005,+019
-005,+019
-005,+019
-005,+019
-005,+019
-005,+019
-005,+019
-005,+019
-005,+019
-005,+019
-005,+019
-005,+019
-005,+019
-005,+019
-005,+019
-005,+019
-005,+019
-005,+019
-005,+019
-005,+019
-005,+019
-005,+019
-005,+021
-005,+021
-005,+021
-005,+021
-005,+021
-005,+021
-005,+021
-006,+021
-006,+021
-006,+021
-006,+021
-006,+021
-006,+021
-006,+021
-006,+021
-006,+021
-006,+021
-007,+021
-007,+021
-007,+021
-007,+021
-007,+021
-007,+019
-008,+019
-008,+019
-008,+019
-008,+019
-008,+019
-008,+019
-008,+019
-008,+019
-008,+019
-008,+019
-008,+019
-009,+019
-009,+019
-009,+019
-009,+019
-009,+019
-010,+019
-010,+019
-010,+019
-010,+019
-010,+019
-010,+017
-010,+017
-010,+017
-011,+017
-011,+017
-011,+017
-011,+017
-011,+017
-011,+017
-011,+017
-011,+017
-011,+017
-011,+017
-011,+019
-011,+019
-011,+019
-011,+019
-011,+019
-011,+019
-011,+019
-011,+019
-011,+019
-011,+019
-011,+019
-011,+019
-008,+019
-009,+019
-009,+019
-009,+019
-009,+019
-009,+019
-009,+019
-009,+019
-009,+019
-009,+019
-009,+019
-009,+019
-009,+019
-009,+019
-009,+019
-009,+019
-009,+019
-009,+021
-009,+021
-009,+021
-009,+021
-009,+021
-009,+021
-009,+021
-009,+021
-009,+021
-009,+021
-009,+021
-009,+021
-009,+021
-009,+021
-009,+021
-009,+021
-009,+021
-009,+021
-009,+021
-009,+021
-009,+021
-009,+021
-009,+021
-009,+021
-009,+021
-009,+021
-009,+021
-009,+021
-009,+021
-009,+021
-009,+021
-009,+021
-006,+021
-007,+021
-007,+023
-007,+023
-007,+023
-007,+023
-007,+023
-007,+023
-007,+023
-007,+023
-007,+023
-007,+023
-007,+023
-007,+023
-007,+023
-007,+023
-007,+023
-007,+023
-007,+023
-007,+023
-007,+023
-007,+023
-007,+023
-007,+023
-007,+023
-007,+023
-007,+023
-007,+023
-007,+023
-007,+023
-007,+023
-007,+023
-007,+023
-007,+023
-007,+023
-007,+023
-007,+023
-007,+023
-007,+023
-007,+023
-007,+023
-007,+023
-007,+023
-007,+023
-007,+023
-007,+023
-007,+023
-007,+023
-007,+023
-007,+023
-007,+023
-007,+023
-007,+023
-007,+023
-007,+023
-007,+023
-007,+023
-007,+023
-007,+023
-007,+023
-007,+023
-007,+023
-007,+023
-007,+023
-007,+023
-007,+023
-007,+023
-007,+023
-007,+023
-007,+023
-007,+023
-007,+023
-007,+023
-007,+023
-007,+023
-007,+023
-007,+023
-007,+023
-007,+023
-007,+023
-007,+023
-007,+023
-007,+023
-007,+023
-007,+023
-007,+023
-007,+023
-007,+023
-007,+023
-007,+023
-007,+023
-008,+023
-008,+023
-008,+023
-008,+023
-008,+023
-008,+023
-008,+021
-008,+021
-008,+021
-008,+021
-008,+021
-008,+021
-008,+021
-008,+021
-008,+021
-008,+021
-008,+021
-008,+021
-008,+021
-008,+021
-008,+021
-008,+021
-008,+021
-008,+021
-008,+021
-008,+021
-008,+021
-008,+021
-008,+021
-008,+021
-008,+021
-008,+021
-008,+021
-008,+021
-008,+021
-009,+021
-009,+021
-009,+021
-009,+021
-009,+021
-009,+021
-009,+021
-009,+021
-009,+021
-009,+021
-009,+021
-009,+021
-009,+021
-009,+021
-009,+021
-009,+021
-009,+021
-009,+021
-009,+021
-009,+021
-009,+021
-009,+021
-009,+021
-009,+021
-009,+021
-009,+021
-009,+021
-009,+021
-009,+021
-009,+021
-009,+021
-009,+021
-009,+021
-009,+021
-009,+021
-009,+021
-009,+021
-009,+021
-009,+021
-009,+021
-009,+021
-009,+021
-010,+021
-010,+021
-010,+021
-010,+019
-010,+021
-010,+021
-010,+021
-010,+021
-011,+021
-011,+021
-011,+021
-011,+021
-011,+021
-011,+021
-011,+021
-012,+021
-012,+021
-012,+021
-012,+021
-012,+021
-013,+019
-013,+021
-013,+021
-013,+021
-013,+021
-013,+021
-013,+021
-013,+021
-013,+021
-013,+021
-013,+021
-013,+021
-013,+021
-013,+021
-013,+021
-013,+019
-013,+019
-014,+019
-014,+019
-014,+019
-014,+019
-014,+019
COP Area(S): 000153
COP Area(R): 000382