+000,+000
+000,+000
+000,+000
+000,+000
+000,+000
+000,+000
+000,+000
+000,+000
+000,+000
+002,+000
+002,+000
+002,+000
+002,+002
+002,+002
+002,+002
+002,+002
+002,+002
+002,+002
+004,+002
+004,+002
+004,+002
+004,+002
+004,+002
+004,+002
+004,+002
+004,+002
+004,+002
+004,+002
+004,+002
+006,+002
+006,+002
+006,+002
+006,+002
+006,+002
+006,+002
+006,+002
+006,+002
+006,+002
+006,+002
+006,+002
+006,+002
+006,+002
+006,+002
+006,+002
+006,+002
+006,+002
+006,+002
+006,+002
+006,+002
+006,+002
+006,+002
+006,+002
+006,+002
+006,+002
+006,+002
+006,+002
+006,+002
+006,+002
+006,+002
+006,+002
+006,+002
+006,+002
+006,+002
+006,+002
+006,+002
+006,+002
+006,+002
+006,+002
+006,+002
+006,+002
+006,+002
+006,+002
+006,+002
+006,+002
+006,+002
+006,+002
+006,+002
+006,+002
+006,+002
+006,+002
+006,+002
+006,+002
+006,+002
+006,+002
+006,+002
+006,+002
+006,+002
+006,+002
+006,+002
+006,+002
+006,+002
+006,+002
+006,+002
+006,+002
+006,+002
+006,+002
+006,+002
+006,+002
+006,+002
+006,+002
+006,+002
+006,+002
+006,+002
+006,+002
+004,+002
+004,+002
+004,+002
+004,+002
+004,+002
+004,+002
+004,+002
+004,+002
+004,+000
+004,+000
+004,+000
+004,+000
+004,+000
+004,+000
+006,+000
+006,+000
+006,+000
+006,+000
+006,+000
+006,+000
+006,+000
+006,+000
+006,+000
+006,+000
+006,+000
+006,+000
+006,+000
+006,+000
+006,+000
+006,+000
+006,+000
+006,+000
+006,+000
+006,+000
+006,+000
+006,+000
+006,+000
+006,+000
+006,+000
+006,+000
+004,+000
+004,+000
+004,+000
+004,+000
+002,+000
+002,+000
+000,+000
+000,+000
+000,+000
+000,+000
+000,+000
+000,+000
+000,+000
+000,+000
+000,+000
+000,+000
+002,+000
+002,+000
+002,+000
+002,+000
+002,+000
+002,+000
+002,+000
+002,+000
+002,+000
+002,+000
+002,+000
+002,+000
+002,+000
+002,+000
+004,+000
+004,+000
+004,+000
+004,+000
+004,+002
+004,+002
+004,+002
+004,+002
+004,+002
+004,+002
+004,+002
+004,+002
+004,+002
+004,+002
+004,+002
+004,+002
+004,+002
+004,+002
+004,+002
+004,+002
+004,+002
+004,+002
+004,+002
+004,+002
+004,+002
+002,+002
+002,+002
+002,+002
+002,+002
+002,+002
+002,+002
+002,+002
+002,+002
+002,+002
+002,+002
+002,+002
+002,+002
+002,+002
+002,+002
+002,+002
+002,+002
+002,+002
+002,+002
+002,+002
+002,+002
+002,+002
+002,+002
+002,+002
+002,+002
+002,+002
+002,+002
+002,+002
+002,+002
+002,+002
+002,+002
+002,+002
+002,+002
+002,+002
+002,+002
+002,+002
+002,+002
+002,+002
+002,+002
+002,+002
+002,+002
+002,+002
+002,+002
+002,+002
+000,+002
+000,+002
+000,+002
+000,+002
+000,+002
+000,+002
+000,+002
+000,+002
+000,+002
+000,+002
+000,+002
+000,+002
+000,+002
+000,+002
+000,+002
+000,+002
+000,+002
+000,+002
+000,+002
+000,+002
+000,+002
+000,+002
+000,+002
+000,+002
+000,+002
+000,+002
+000,+002
+000,+002
+000,+002
+000,+002
+000,+002
+000,+002
+000,+002
+000,+002
+002,+002
+002,+002
+002,+002
+002,+002
+002,+002
+002,+002
+002,+002
+002,+002
+002,+002
+004,+002
+004,+002
+004,+002
+004,+002
+006,+002
+006,+002
+006,+002
+006,+002
+006,+002
+006,+002
+008,+002
+008,+002
+008,+002
+008,+002
+008,+002
+008,+002
+008,+002
+008,+002
+008,+002
+008,+002
+010,+002
+010,+002
+010,+002
+010,+002
+010,+002
+010,+002
+010,+002
+010,+002
+010,+002
+010,+002
+010,+002
+010,+002
+010,+002
+010,+002
+010,+002
+010,+002
+010,+002
+010,+002
+010,+002
+010,+002
+010,+002
+010,+004
+010,+004
+010,+004
+010,+004
+010,+004
+010,+004
+010,+004
+010,+004
+010,+004
+010,+004
+010,+004
+010,+004
+010,+004
+010,+004
+008,+004
+008,+004
+008,+004
+008,+004
+008,+004
+008,+004
+008,+004
+008,+004
+008,+006
+008,+006
+008,+006
+008,+006
+010,+006
+010,+006
+010,+006
+010,+006
+010,+006
+010,+006
+010,+006
+010,+006
+010,+006
+010,+006
+012,+006
+012,+006
+012,+006
+012,+006
+012,+006
+014,+006
+014,+006
+014,+006
+014,+006
+014,+006
+016,+006
+016,+006
+016,+006
+016,+006
+016,+006
+016,+006
+016,+006
+016,+006
+016,+004
+018,+004
+018,+004
+018,+004
+018,+004
+018,+004
+018,+004
+018,+004
+018,+004
+018,+004
+018,+004
+018,+004
+018,+004
+018,+004
+016,+004
+016,+004
+016,+004
+016,+004
+016,+004
+016,+004
+016,+004
+014,+004
+014,+004
+014,+004
+014,+004
+014,+004
+014,+004
+014,+004
+012,+004
+012,+004
+012,+004
+012,+004
+012,+004
+012,+004
+010,+004
+010,+004
+010,+004
+010,+004
+010,+004
+010,+004
+008,+004
+008,+004
+008,+004
+008,+004
+008,+004
+008,+004
+008,+004
+008,+004
+008,+004
+008,+004
+008,+004
+008,+004
+008,+004
+008,+004
+008,+004
+008,+004
+008,+004
+008,+004
+008,+004
+008,+004
+008,+004
+008,+004
+008,+004
+008,+004
+008,+004
+008,+004
+010,+004
+010,+004
+010,+004
+010,+004
+010,+004
+010,+004
+010,+004
+008,+004
+008,+004
+008,+004
+008,+004
+008,+004
+008,+004
+008,+004
+008,+004
+006,+004
+006,+004
+006,+004
+006,+004
+006,+004
+006,+004
+006,+004
+006,+004
+006,+004
+006,+004
+006,+006
+006,+006
+006,+006
+006,+006
+006,+006
+006,+006
+006,+006
+006,+006
+008,+006
+008,+006
+008,+006
+008,+006
+008,+006
+008,+006
+008,+006
+008,+006
+008,+006
+008,+006
+008,+006
+008,+006
+008,+006
+008,+006
+008,+006
+008,+006
+008,+006
+008,+006
+008,+006
+008,+006
+008,+006
+008,+006
+008,+006
+008,+006
+008,+006
+008,+006
+008,+006
+008,+006
+008,+006
+008,+006
+008,+006
+008,+006
+008,+006
+008,+006
+008,+006
+008,+004
+008,+004
+008,+004
+008,+004
+008,+004
+010,+004
+010,+004
+010,+004
+010,+004
+010,+004
+010,+004
+010,+004
+010,+004
+010,+004
+010,+004
+010,+004
+010,+004
+010,+004
+010,+004
+010,+004
+010,+004
+010,+004
+010,+004
+010,+004
+010,+004
+010,+004
+010,+004
+008,+004
+008,+004
+008,+004
+008,+004
+008,+004
+008,+004
+008,+004
+008,+004
+008,+004
+008,+004
+008,+004
+008,+004
+008,+004
+008,+004
+008,+004
+008,+004
+008,+004
+008,+004
+008,+004
+008,+004
+008,+004
+008,+006
+008,+006
+008,+006
+008,+006
+008,+006
+008,+006
+008,+006
+008,+006
+008,+006
+008,+006
+008,+006
+008,+006
+008,+006
+008,+006
+008,+008
+008,+008
+008,+008
+008,+008
+008,+008
+008,+008
+008,+008
+008,+008
+008,+008
+008,+008
+008,+008
+008,+008
+008,+008
+008,+008
+008,+008
+008,+008
+008,+008
+008,+008
+008,+008
+008,+008
+008,+008
+008,+008
+008,+008
+008,+008
+008,+008
+008,+008
+008,+006
+006,+006
+006,+006
+006,+006
+006,+006
+006,+006
+006,+006
+006,+006
+006,+006
+006,+006
+006,+006
+006,+004
+006,+004
+006,+004
+006,+004
+004,+004
+004,+004
+004,+004
+004,+004
+004,+004
+004,+004
+004,+004
+004,+004
+004,+004
+004,+004
+004,+002
+004,+002
+004,+002
+004,+002
+002,+002
+002,+002
+002,+002
+002,+002
+002,+002
+002,+002
+002,+002
+002,+002
+002,+002
+002,+002
+002,+002
+002,+002
+002,+002
+004,+002
+004,+002
+004,+002
+004,+002
+004,+002
+004,+002
+004,+002
+004,+002
+004,+002
+004,+002
+004,+002
+006,+002
+006,+004
+006,+004
+006,+004
+006,+004
+006,+004
+006,+004
+006,+004
+008,+004
+008,+004
+008,+004
+008,+004
+008,+004
+008,+004
+008,+004
+008,+004
+008,+004
+008,+004
+008,+006
+008,+006
+008,+006
+008,+006
+008,+006
+008,+006
+008,+006
+008,+006
+008,+006
+008,+006
+008,+006
+008,+006
+008,+006
+008,+006
+008,+006
+006,+006
+006,+006
+006,+006
+006,+006
+006,+006
+006,+006
+006,+004
+006,+004
+006,+004
+006,+004
+006,+004
+006,+004
+006,+004
+006,+004
+006,+004
+006,+004
+006,+004
+006,+004
+006,+004
+004,+004
+004,+004
+004,+004
+004,+004
+004,+002
+004,+002
+004,+002
+004,+002
+004,+002
+004,+002
+004,+002
+004,+002
+004,+002
+002,+002
+002,+002
+002,+002
+002,+002
+002,+002
+002,+002
+002,+002
+002,+002
+002,+002
+002,+002
+002,+000
+002,+000
+002,+000
+002,+000
+002,+000
+002,+000
+002,+000
+002,+000
+004,+000
+004,+000
+004,+000
+004,+000
+004,+000
+004,+000
+004,+000
+004,+000
+004,+002
+004,+002
+004,+002
+004,+002
+004,+002
+004,+002
+006,+002
+006,+002
+006,+002
+006,+002
+006,+004
+006,+004
+006,+004
+006,+004
+006,+004
+006,+004
+006,+004
+006,+004
+006,+004
+006,+004
+006,+004
+006,+004
+006,+004
+006,+004
+006,+004
+006,+004
+006,+004
+006,+004
+006,+004
+006,+004
+006,+004
+006,+004
+006,+004
+006,+004
+006,+004
+006,+004
+006,+004
+006,+004
+006,+004
+008,+004
+008,+004
+008,+004
+008,+004
+008,+004
+008,+004
+008,+004
+008,+004
+008,+004
+008,+004
+010,+004
+010,+004
+010,+004
+010,+002
+010,+002
+010,+002
+010,+002
+010,+002
+010,+002
+010,+002
+010,+002
+010,+002
+010,+002
+010,+002
+010,+002
+010,+002
+010,+002
+010,+002
+010,+002
+010,+002
+010,+002
+010,+002
+010,+002
+010,+002
+010,+002
+010,+000
+010,+000
+010,+000
+010,+000
+010,+000
+010,+000
+010,+000
+010,+000
+010,+000
+010,+000
+010,+000
+010,+000
+010,+000
+010,+000
+010,+000
+010,+000
+010,+000
+010,+000
+010,+000
+010,+000
+010,+002
+010,+002
+010,+002
+010,+002
+010,+002
+010,+002
+010,+002
+010,+002
+010,+002
+010,+002
+010,+002
+010,+002
+010,+002
+010,+002
+010,+002
+010,+002
+010,+002
+010,+002
+010,+002
+010,+002
+010,+002
+010,+002
+010,+002
+010,+002
+010,+002
+010,+002
+010,+002
+010,+002
+010,+002
+010,+002
+010,+002
+010,+002
+010,+002
+010,+002
+010,+002
+010,+002
+010,+002
+010,+002
+010,+002
+010,+002
+010,+002
+010,+004
+010,+004
+010,+004
+010,+004
+010,+004
+008,+004
+008,+004
+008,+004
+008,+004
+008,+004
+008,+004
+008,+004
+008,+004
+008,+004
+008,+004
+008,+004
+008,+004
+008,+004
+008,+004
+008,+004
+006,+004
+006,+004
+006,+004
+006,+004
+006,+004
+006,+004
+006,+004
+006,+004
+006,+004
+006,+004
+006,+004
+006,+004
+004,+004
+004,+004
+004,+004
+004,+004
+004,+004
+004,+004
+004,+004
+004,+004
+004,+004
+004,+004
+004,+004
+004,+004
+004,+004
+004,+004
+004,+004
+004,+004
+004,+004
+004,+004
+004,+004
+004,+004
+004,+004
+002,+004
+002,+004
+002,+004
+002,+004
+002,+004
+002,+004
+002,+004
+002,+004
+002,+004
+002,+004
+002,+004
+002,+004
+002,+004
+002,+004
+002,+004
+002,+004
+002,+004
+002,+004
+002,+004
+002,+006
+000,+006
+000,+006
+000,+006
+000,+006
+000,+006
+000,+006
+000,+006
+000,+006
+000,+006
+000,+006
+000,+006
+000,+006
+000,+006
+000,+006
+000,+006
+000,+006
+000,+006
+000,+006
+002,+006
+002,+006
+002,+006
+002,+006
+002,+006
+002,+008
+002,+008
+002,+008
+002,+008
+002,+008
+002,+008
+002,+008
+002,+008
+002,+008
+002,+008
+002,+008
+002,+008
+002,+008
+002,+008
+002,+008
+002,+008
+002,+008
+002,+008
+004,+008
+004,+008
+004,+008
+004,+006
+004,+006
+004,+006
+004,+006
+004,+004
+004,+004
+004,+004
+004,+004
+006,+002
+006,+002
+006,+002
+006,+002
+006,+002
+006,+002
+008,+002
+008,+002
+008,+002
+008,+002
+008,+000
+008,+000
+008,+000
+010,+000
+010,+000
+010,+000
+010,+000
+010,+000
+010,+000
+010,+000
+010,+000
+010,+000
+010,+000
+012,+000
+012,+000
+012,+000
+012,+000
+012,+000
+012,+000
+012,+000
+012,+000
+012,+000
+012,+000
+012,+000
+012,+000
+012,+000
+012,+000
+012,+002
+012,+002
+012,+002
+012,+002
+012,+002
+012,+002
+012,+002
+012,+002
+012,+002
+012,+002
+012,+002
+012,+002
+012,+002
+012,+002
+012,+002
+012,+002
+012,+002
+012,+002
+012,+002
+012,+002
+012,+002
+012,+002
+012,+002
+012,+002
+012,+002
+012,+002
+012,+002
+012,+002
+012,+002
+012,+002
+012,+002
+012,+002
+012,+002
+012,+002
+012,+002
+012,+002
+012,+002
+012,+002
+012,+000
+014,+000
+014,+000
+014,+000
+014,+000
+014,+000
+014,+000
+014,+000
+014,+000
+014,+000
+014,+000
+014,+002
+014,+002
+014,+002
+014,+002
+014,+002
+014,+002
+014,+002
+016,+002
+016,+002
+016,+002
+016,+002
+016,+002
+016,+002
+014,+002
+014,+002
+014,+002
+014,+002
+014,+002
+014,+002
+012,+002
+012,+002
+012,+002
+012,+002
+012,+002
+012,+002
+012,+002
+012,+002
+010,+002
+010,+002
+010,+002
+010,+002
+010,+002
+010,+002
+010,+002
+010,+002
+010,+002
+010,+002
+010,+002
+010,+002
+010,+002
+010,+002
+010,+002
+008,+002
+008,+002
+008,+002
+008,+002
+008,+002
+008,+002
+008,+002
+008,+002
+008,+002
+008,+002
+008,+002
+008,+002
+008,+002
+008,+002
+008,+002
+008,+002
+008,+002
+008,+002
+008,+002
+008,+002
+008,+002
+008,+002
+008,+002
+008,+002
+008,+002
+008,+002
+008,+002
+008,+002
+008,+002
+008,+002
+008,+002
+008,+002
+008,+002
+008,+002
+008,+002
+008,+002
+008,+002
+008,+002
+010,+002
+010,+002
+010,+002
+010,+002
+010,+002
+010,+002
+010,+002
+010,+002
+010,+002
+010,+002
+010,+002
+008,+002
+008,+002
+008,+002
+008,+002
+008,+002
+008,+002
+008,+002
+008,+002
+008,+002
+008,+002
+008,+002
+008,+002
+008,+002
+008,+002
+006,+002
+006,+002
+006,+002
+006,+002
+006,+002
+006,+004
+006,+004
+004,+004
+004,+004
+004,+004
+004,+004
+004,+004
+004,+004
+004,+004
+004,+004
+004,+004
+004,+004
+004,+004
+004,+004
+004,+004
+004,+004
+004,+004
+004,+004
+004,+004
+004,+004
+002,+004
+002,+004
+002,+004
+002,+004
+002,+004
+002,+004
+002,+004
+002,+004
+002,+004
+002,+004
+002,+004
+002,+004
+002,+004
+002,+004
+002,+004
+002,+004
+002,+004
+002,+004
+002,+004
+002,+004
+002,+004
+002,+004
+002,+004
+002,+004
+002,+004
+002,+004
+002,+004
+002,+004
+000,+004
+000,+004
+000,+004
+000,+004
+000,+004
+000,+004
+000,+004
+000,+004
+000,+004
+000,+004
+000,+004
+000,+004
+000,+004
+000,+004
+000,+004
+000,+004
+000,+004
+000,+004
+000,+004
+000,+004
+000,+004
+000,+004
+000,+004
+000,+004
+000,+004
+000,+004
+000,+004
+000,+004
+000,+004
+000,+004
+000,+004
+000,+004
+000,+004
+000,+004
+000,+004
+000,+004
+000,+004
+000,+004
+000,+004
+000,+006
+000,+006
+000,+006
+000,+006
+000,+006
+000,+006
+000,+006
+000,+006
+000,+006
+000,+006
+000,+006
+000,+006
+000,+006
+000,+006
+000,+006
+000,+006
+000,+006
+000,+006
+000,+006
+000,+006
+000,+006
+000,+006
+000,+006
+000,+006
+000,+006
+000,+006
+000,+006
+000,+006
+000,+006
+000,+006
+000,+006
+000,+006
+000,+006
+000,+006
+000,+006
+000,+006
+000,+006
+000,+006
+000,+006
+000,+006
+000,+006
+000,+006
+000,+006
+000,+006
+000,+006
+000,+006
+000,+006
+000,+006
+000,+006
+000,+006
+000,+006
+000,+006
+000,+006
+000,+006
+000,+006
+000,+006
+000,+006
+000,+006
+000,+004
+000,+004
+000,+004
+000,+004
+000,+004
+000,+004
+000,+004
+000,+004
+000,+004
+000,+004
+000,+004
+000,+004
+000,+004
+000,+004
+000,+004
+000,+004
+000,+004
+000,+004
+000,+004
+000,+004
+000,+004
+000,+004
+000,+006
+000,+006
+000,+006
+000,+006
+000,+006
+000,+006
+000,+006
+000,+006
+000,+006
+000,+006
+000,+006
+000,+006
+000,+006
+000,+006
+000,+006
+000,+006
+002,+006
+002,+006
+002,+006
+002,+006
+002,+006
+002,+006
+002,+006
+002,+006
+002,+006
+002,+006
+002,+006
+002,+006
+002,+006
+002,+006
+002,+006
+002,+006
+002,+008
+004,+008
+004,+008
+004,+008
+004,+008
+004,+008
+004,+008
+004,+008
+004,+008
+004,+008
+004,+008
+004,+010
+004,+010
+004,+010
+004,+010
+006,+010
+006,+010
+006,+010
+006,+010
+006,+010
+006,+010
+006,+010
+006,+010
+006,+010
+006,+010
+006,+010
+006,+010
+006,+010
+006,+010
+006,+010
+006,+010
+006,+010
+006,+010
+006,+010
+006,+010
+006,+010
+006,+010
+006,+010
+006,+010
+006,+010
+006,+010
+006,+010
+006,+010
+006,+010
+006,+010
+006,+010
+006,+010
+006,+010
+006,+010
+006,+010
+006,+010
+006,+010
+006,+010
+006,+010
+006,+010
+006,+010
+006,+010
+006,+010
+006,+010
+006,+010
+006,+010
+006,+010
+006,+010
+006,+010
+006,+010
+006,+010
+006,+010
+006,+010
+006,+010
+006,+010
+006,+010
+006,+010
+006,+010
+006,+010
+006,+010
+006,+010
+006,+010
+006,+010
+008,+010
+008,+012
+008,+012
+008,+012
+008,+012
+008,+012
+008,+012
+008,+012
+008,+012
+008,+012
+008,+012
+008,+012
+008,+012
+008,+012
+008,+012
+008,+012
+008,+012
+008,+012
+008,+012
+008,+012
+008,+012
+008,+012
+008,+012
+008,+012
+008,+012
+008,+012
+008,+012
+008,+012
+008,+012
+008,+012
+008,+012
+008,+012
+008,+012
+008,+012
+008,+012
+008,+012
+008,+012
+008,+012
+008,+012
+008,+012
+008,+012
+008,+012
+008,+012
+008,+012
+008,+012
+008,+012
+006,+012
+006,+012
+006,+012
+006,+012
+006,+012
+006,+012
+006,+012
+006,+012
+006,+012
+006,+012
+006,+012
+006,+012
+006,+012
+006,+012
+006,+012
+006,+012
+006,+012
+006,+012
+006,+012
+006,+010
+006,+010
+006,+010
+006,+010
+006,+010
+006,+010
+006,+010
+006,+010
+006,+010
+006,+010
+006,+010
+006,+010
+006,+010
+006,+010
+006,+010
+006,+010
+006,+010
+006,+010
+006,+010
+006,+010
+006,+010
+006,+010
+006,+010
+006,+010
+006,+010
+006,+010
+004,+010
+004,+010
+004,+010
+004,+010
+004,+010
+004,+010
+004,+010
+004,+008
+004,+008
+004,+008
+004,+008
+004,+008
+004,+008
+004,+008
+004,+008
+004,+008
+004,+008
+004,+008
+004,+008
+004,+008
+004,+008
+004,+008
+004,+008
+004,+008
+004,+008
+004,+008
+004,+008
+004,+008
+004,+008
+004,+008
+004,+008
+004,+008
+004,+008
+004,+008
+004,+008
+004,+008
+004,+008
+004,+008
+004,+008
+004,+008
+004,+008
+004,+008
+004,+008
+004,+008
+004,+008
+004,+008
+004,+008
+004,+008
+004,+008
+004,+008
+004,+008
+004,+008
+004,+008
+004,+008
+004,+008
+004,+008
+004,+008
+004,+008
+004,+008
+004,+008
+004,+008
+004,+010
+004,+010
+004,+010
+004,+010
+004,+010
+004,+010
+004,+010
+004,+010
+004,+010
+004,+010
+004,+010
+004,+010
+004,+010
+004,+010
+004,+010
+004,+010
+004,+010
+004,+010
+004,+010
+004,+010
+004,+010
+004,+010
+004,+010
+004,+010
+004,+010
+004,+010
+004,+010
+004,+010
+004,+010
+004,+010
+004,+010
+004,+010
+004,+010
+004,+010
+004,+010
+004,+010
+004,+010
+004,+010
+004,+010
+004,+010
+004,+010
+004,+010
+004,+010
+004,+010
+004,+010
+004,+010
+004,+010
+004,+010
+004,+010
+004,+010
+004,+010
+004,+010
+004,+010
+004,+010
+004,+010
+004,+010
+004,+010
+004,+010
+004,+010
+004,+010
+004,+010
+004,+010
+004,+010
+004,+010
+004,+010
+004,+010
+004,+010
+004,+010
+004,+010
+004,+010
+004,+010
+004,+010
+004,+010
+004,+010
+004,+010
+004,+010
+004,+010
+004,+010
+004,+010
+004,+010
+004,+010
+004,+010
+004,+010
+004,+010
+004,+010
+004,+010
+004,+010
+004,+010
+004,+010
+004,+010
+004,+010
+004,+010
+004,+010
+004,+010
+004,+010
+004,+010
+004,+010
+004,+010
+004,+010
+004,+010
+004,+010
+004,+010
+004,+010
+004,+010
+004,+010
+004,+010
+004,+010
+004,+010
+004,+010
+004,+010
+004,+010
+004,+010
+004,+010
+004,+010
+004,+010
+004,+010
+004,+010
+004,+010
+004,+010
+004,+010
+004,+010
+004,+010
+004,+010
+004,+010
+004,+010
+004,+010
+004,+010
+004,+010
+004,+010
+004,+010
+004,+010
+004,+010
+004,+010
+004,+010
+004,+010
+004,+010
+004,+010
+004,+010
+004,+010
+004,+010
+004,+010
+004,+010
+004,+010
+004,+010
+004,+010
+004,+010
+004,+010
+004,+010
+004,+010
+004,+010
+004,+010
+004,+010
+004,+010
+004,+010
+004,+010
+004,+010
+004,+010
+004,+010
+004,+010
+004,+010
+004,+010
+004,+010
+004,+010
+004,+010
+004,+010
+004,+010
+004,+010
+004,+010
+004,+010
+004,+010
+004,+010
+004,+010
+004,+010
+004,+010
+004,+010
+004,+010
+004,+010
+004,+010
+006,+010
+006,+010
+006,+010
+006,+010
+006,+010
+006,+010
+006,+010
+006,+010
+006,+012
+006,+012
+006,+012
+006,+012
+006,+012
+006,+012
+006,+012
+006,+012
+006,+014
+006,+014
+006,+014
+006,+014
+006,+014
+006,+014
+006,+014
+006,+014
+006,+014
+006,+014
+006,+014
+006,+014
+006,+014
+006,+014
+006,+014
+006,+014
+006,+014
+006,+014
+006,+014
+006,+014
+006,+014
+006,+014
+006,+014
+006,+014
+006,+014
+006,+014
+006,+014
+006,+014
+006,+014
+006,+014
+006,+014
+006,+014
+006,+014
+006,+014
+006,+014
+006,+014
+006,+014
+006,+014
+006,+014
+006,+012
+006,+012
+006,+012
+006,+012
+006,+012
+006,+012
+006,+012
+006,+012
+006,+012
+006,+012
+006,+012
+006,+012
+004,+012
+004,+012
+004,+012
+004,+012
+004,+012
+004,+012
+004,+012
+004,+012
+004,+012
+004,+012
+004,+012
+004,+012
+004,+012
+004,+012
+004,+012
+004,+012
+004,+012
+004,+012
+004,+012
+006,+012
+006,+012
+006,+012
+006,+014
+006,+014
+006,+014
+006,+014
+006,+014
+006,+014
+006,+014
+006,+014
+006,+014
+006,+014
+006,+014
+006,+014
+006,+014
+006,+014
+008,+014
+008,+014
+008,+014
+008,+014
+008,+014
+008,+014
+008,+014
+008,+014
+008,+014
+008,+014
+008,+014
+008,+014
+008,+014
+008,+014
+008,+014
+008,+014
+008,+014
+008,+014
+008,+014
+008,+014
+008,+014
+008,+014
+008,+014
+008,+014
+008,+014
+008,+014
+008,+014
+008,+014
+008,+014
+008,+014
+008,+014
+008,+014
+008,+014
+008,+014
+008,+014
+008,+014
+008,+014
+008,+014
+008,+014
+008,+014
+008,+014
+008,+014
+008,+014
+008,+014
+008,+014
+008,+014
+008,+014
+008,+014
+008,+014
+008,+014
+008,+014
+008,+014
+008,+014
+008,+014
+006,+012
+006,+012
+006,+012
+006,+012
+006,+012
+006,+012
+006,+012
+006,+012
+006,+012
+006,+012
+006,+012
+006,+012
+006,+012
+006,+012
+006,+012
+006,+012
+006,+012
+006,+012
+006,+012
+006,+012
+006,+012
+006,+012
+006,+012
+006,+012
+006,+012
+006,+012
+006,+012
+006,+012
+006,+012
+006,+012
+006,+012
+006,+012
+006,+012
+006,+012
+006,+012
+006,+012
+006,+012
+006,+012
+006,+012
+006,+012
+006,+012
+006,+012
+006,+012
+006,+012
+006,+012
+006,+012
+008,+012
+008,+012
+008,+012
+008,+012
+008,+012
+008,+012
+008,+012
+008,+014
+008,+014
+008,+014
+008,+014
+008,+014
+008,+014
+008,+014
+008,+014
+008,+014
+008,+014
+008,+014
+008,+014
+008,+014
+008,+014
+008,+014
+008,+014
+008,+014
+008,+014
+008,+014
+008,+014
+008,+014
+008,+014
+008,+014
+008,+014
+008,+014
+008,+014
+008,+014
+008,+014
+008,+014
+008,+014
+008,+014
+008,+014
+008,+014
+008,+012
+008,+012
+008,+012
+008,+012
+008,+012
+008,+012
+008,+012
+008,+012
+008,+012
+006,+012
+006,+012
+006,+012
+006,+012
+006,+012
+006,+012
+006,+012
+006,+012
+006,+012
+006,+012
+006,+012
+006,+012
+006,+012
+006,+012
+006,+012
+006,+012
+006,+012
+006,+012
+006,+012
+006,+012
+006,+012
+006,+012
+006,+012
+006,+012
+006,+012
+006,+012
+006,+012
+006,+012
+006,+012
+006,+012
+006,+012
+006,+012
+006,+012
+006,+012
+006,+012
+006,+012
+006,+012
+006,+012
+006,+012
+006,+012
+006,+012
+006,+012
+006,+012
+006,+012
+008,+012
+008,+012
+008,+012
+008,+012
+008,+014
+008,+014
+008,+014
+008,+014
+008,+014
+008,+014
+008,+014
+008,+014
+008,+014
+008,+014
+008,+014
+008,+014
+008,+014
+008,+014
+008,+014
+008,+014
+008,+014
+008,+014
+008,+014
+008,+014
+008,+014
+008,+014
+008,+014
+008,+014
+008,+014
+008,+014
+008,+014
+008,+014
+008,+014
+008,+014
+008,+014
+008,+012
+008,+012
+008,+012
+008,+012
+008,+012
+006,+012
+006,+012
+006,+012
+006,+012
+006,+012
+006,+012
+006,+012
+006,+012
+006,+012
+006,+010
+006,+010
+006,+010
+006,+010
+006,+010
+006,+010
+006,+010
+006,+010
+006,+010
+006,+010
+006,+010
+006,+010
+006,+010
+006,+010
+006,+010
+006,+010
+006,+010
+006,+010
+006,+010
+006,+010
+006,+010
+006,+010
+006,+010
+006,+010
+006,+010
+006,+010
+006,+010
+006,+010
+006,+010
+006,+010
+006,+010
+006,+010
+006,+010
+006,+010
+006,+010
+006,+010
+006,+010
+006,+010
+006,+010
+006,+010
+006,+010
+006,+010
+006,+010
+006,+010
+006,+010
+006,+010
+006,+010
+006,+010
+006,+010
+006,+010
+006,+010
+006,+010
+006,+010
+006,+010
+006,+010
+006,+010
+006,+010
+004,+008
+004,+008
+004,+008
+004,+008
+004,+008
+004,+008
+004,+008
+004,+008
+004,+008
+004,+008
+004,+008
+004,+008
+004,+008
+004,+008
+004,+008
+004,+008
+004,+008
+004,+008
+004,+008
+004,+008
+002,+008
+002,+008
+002,+008
+002,+008
+002,+006
+002,+006
+002,+006
+002,+006
+002,+006
+002,+006
+002,+006
+002,+006
+002,+006
+002,+006
+002,+006
+002,+006
+002,+006
+002,+006
+004,+006
+004,+006
+004,+006
+004,+006
+004,+006
+004,+006
+004,+006
+004,+006
+004,+006
+004,+006
+006,+006
+006,+006
+006,+006
+006,+006
+006,+006
+006,+006
+006,+006
+006,+006
+006,+006
+006,+006
+006,+006
+006,+006
+006,+006
+006,+006
+006,+006
+006,+006
+006,+006
+006,+006
+006,+006
+006,+006
+006,+006
+006,+006
+006,+004
+006,+004
+006,+004
+006,+004
+006,+004
+006,+004
+006,+004
+006,+004
+006,+004
+006,+004
+006,+004
+006,+004
+006,+004
+006,+004
+006,+004
+006,+004
+006,+004
+004,+004
+004,+004
+004,+004
+004,+004
+004,+004
+004,+004
+004,+004
+004,+004
+004,+004
+004,+002
+004,+002
+004,+002
+004,+002
+004,+002
+004,+002
+002,+002
+002,+002
+002,+002
+002,+002
+002,+002
+002,+002
+002,+002
+002,+002
+002,+002
+002,+002
+002,+002
+002,+002
+002,+002
+002,+002
+002,+002
+002,+002
+002,+002
+002,+002
+002,+002
+002,+002
+002,+002
+002,+002
+002,+002
+002,+002
+002,+002
+002,+002
+002,+002
+002,+002
+002,+002
+002,+002
+002,+002
+002,+004
+002,+004
+002,+004
+002,+004
+002,+004
+002,+004
+002,+004
+002,+006
+002,+006
+002,+006
+002,+006
+002,+006
+002,+008
+002,+008
+002,+008
+002,+008
+002,+008
+002,+008
+002,+008
+002,+008
+002,+008
+002,+008
+002,+008
+002,+008
+002,+008
+002,+008
+002,+008
+002,+008
+002,+008
+002,+008
+002,+008
+002,+008
+002,+008
+002,+008
+002,+008
+002,+008
+002,+008
+002,+008
+002,+008
+002,+008
+002,+008
+002,+006
+002,+006
+002,+006
+002,+006
+002,+006
+002,+006
+002,+006
+002,+006
+002,+006
+002,+006
+002,+006
+002,+006
+002,+006
+002,+006
+002,+006
+002,+006
+002,+006
+002,+006
+002,+006
+002,+006
+002,+006
+002,+006
+002,+006
+002,+006
+002,+006
+002,+006
+002,+006
+002,+006
+002,+008
+002,+008
+002,+008
+004,+008
+004,+008
+004,+008
+004,+008
+004,+008
+004,+008
+004,+008
+004,+008
+004,+008
+004,+008
+004,+008
+004,+008
+004,+008
+004,+008
+004,+008
+004,+008
+004,+008
+004,+008
+004,+008
+004,+008
+004,+008
+004,+008
+004,+008
+004,+008
+004,+008
+004,+008
+004,+008
+004,+008
+004,+008
+004,+008
+004,+008
+004,+008
+004,+008
+004,+008
+004,+008
+004,+008
+004,+008
+004,+008
+002,+008
+002,+008
+002,+008
+002,+008
+002,+008
+002,+008
+002,+008
+002,+008
+002,+008
+002,+008
+002,+008
+002,+008
+002,+008
+000,+008
+000,+008
+000,+008
+000,+006
+000,+006
+000,+006
+000,+006
+000,+006
+000,+006
+000,+006
+000,+006
+000,+006
+000,+006
+000,+006
+000,+006
+000,+006
+000,+006
+000,+006
+000,+006
+000,+006
+000,+006
+000,+006
+000,+006
+000,+006
+000,+006
+000,+006
+000,+006
+000,+006
+000,+006
+000,+006
+000,+006
+000,+006
+000,+006
+000,+006
+000,+006
+000,+006
+000,+006
+000,+006
+000,+006
+000,+006
+000,+006
+000,+006
+000,+006
+000,+006
+000,+006
+000,+006
+000,+006
+000,+006
+000,+006
+000,+006
+000,+006
+000,+006
+000,+006
+000,+006
+000,+006
+000,+006
+000,+006
+000,+006
+000,+006
+000,+006
+000,+006
+000,+006
+000,+006
+000,+006
+000,+006
+002,+006
+002,+006
+002,+006
+002,+006
+002,+006
+002,+006
+002,+006
+002,+006
+002,+006
+002,+006
+002,+006
+002,+006
+000,+006
+000,+006
+000,+006
+000,+006
+000,+006
+000,+006
+000,+006
+000,+006
+000,+006
+000,+006
+000,+006
+000,+006
+000,+006
+000,+006
+000,+006
+000,+006
+000,+006
+000,+006
+000,+006
+000,+006
+000,+006
+000,+004
+000,+004
+000,+004
+000,+004
+000,+004
+000,+004
+000,+004
+000,+004
+000,+004
+000,+004
+000,+004
+000,+004
+000,+004
+000,+004
+000,+004
+000,+004
+000,+004
+000,+004
+000,+002
+000,+002
+000,+002
+000,+002
+000,+002
+000,+002
+000,+002
+000,+002
+000,+002
+000,+002
+000,+002
+000,+002
+000,+002
+000,+002
+000,+002
+000,+002
+000,+002
+000,+002
+000,+002
+000,+002
+000,+002
+000,+002
+000,+002
+000,+002
+000,+002
+000,+002
+000,+002
+000,+002
+000,+002
+000,+002
+000,+002
+000,+002
+000,+002
+000,+002
+002,+002
+002,+002
+002,+002
+002,+002
+002,+002
+002,+002
+002,+002
+002,+002
+002,+002
+002,+002
+002,+002
+002,+002
+002,+002
+002,+002
+002,+002
+002,+002
+002,+002
+002,+002
+002,+002
+002,+002
+002,+002
+002,+002
+002,+002
+002,+002
+002,+002
+002,+002
+002,+002
+002,+002
+002,+002
+002,+002
+002,+002
+002,+002
+002,+002
+002,+002
+002,+002
+002,+002
+002,+002
+002,+002
+002,+002
+002,+002
+002,+002
+002,+002
+002,+002
+002,+002
+002,+000
+002,+000
+002,+000
+002,+000
+002,+000
+002,+000
+002,+000
+002,+000
+002,+000
+002,+000
+004,+000
+004,+000
+004,+000
+004,+000
+004,+000
+004,+000
+004,+000
+004,+000
+004,+000
+004,+000
+004,+000
+004,+000
+004,+000
+004,+000
+004,+000
+004,+000
+004,+000
+004,+000
+004,+000
+004,+000
+004,+000
+004,+000
+004,+000
+004,+000
+004,+000
+004,+000
+004,+002
+004,+002
+004,+002
+004,+002
+004,+002
+004,+002
+002,+002
+002,+002
+002,+002
+002,+002
+002,+002
+002,+002
+002,+002
+002,+002
+002,+002
+002,+002
+002,+002
+002,+002
+002,+002
+002,+002
+002,+002
+002,+002
+002,+002
+002,+002
+002,+002
+002,+002
+002,+002
+002,+002
+002,+002
+002,+002
+002,+002
+002,+002
+002,+002
+002,+004
+002,+004
+002,+004
+002,+004
+002,+004
+002,+004
+002,+004
+002,+004
+002,+004
+002,+004
+002,+004
+002,+004
+002,+004
+000,+004
+000,+004
+000,+004
+000,+004
+000,+004
+000,+004
+000,+004
+000,+004
+000,+004
+000,+004
+000,+006
+000,+006
+000,+006
+000,+006
+000,+006
+000,+006
+002,+006
+002,+006
+002,+006
+002,+006
+002,+006
+002,+006
+002,+006
+002,+006
+002,+006
+002,+006
+002,+006
+002,+006
+002,+006
+002,+006
+002,+006
+002,+006
+002,+006
+002,+006
+002,+006
+002,+006
+002,+006
+002,+006
+002,+006
+002,+006
+002,+006
+000,+006
+000,+006
+000,+006
+000,+006
+000,+006
+000,+006
+000,+006
+000,+006
+000,+006
+000,+006
+000,+006
+000,+006
+000,+006
+000,+006
+000,+006
+000,+006
+000,+006
+000,+006
+000,+006
+000,+006
+000,+006
+000,+006
+000,+006
+000,+006
+000,+006
+000,+006
+000,+006
+000,+006
+000,+006
+000,+006
+000,+006
+000,+006
+000,+004
+000,+004
+000,+004
+000,+004
+000,+004
+000,+004
+000,+004
+000,+004
+000,+004
+000,+004
+000,+004
+000,+004
+000,+004
+000,+004
+000,+004
+000,+004
+000,+004
+000,+004
+000,+004
+000,+004
+000,+004
+000,+004
+000,+004
+000,+004
+000,+004
+000,+004
+000,+004
+000,+004
+000,+004
+000,+004
+000,+004
+000,+004
+000,+004
+000,+004
+000,+004
+000,+004
+000,+004
+000,+004
+000,+004
+000,+004
+000,+004
+000,+004
+000,+004
+000,+004
+000,+004
+000,+004
+000,+004
+000,+006
+000,+006
+000,+006
+000,+006
+000,+006
+000,+006
+000,+006
+000,+006
+000,+006
+000,+006
+000,+006
+000,+006
+000,+006
+000,+006
+000,+006
+000,+006
+000,+006
+000,+006
+000,+006
+000,+006
+000,+006
+000,+006
+000,+006
+000,+006
+000,+006
+000,+006
+000,+004
+000,+004
+000,+004
+000,+004
+000,+004
+002,+004
+002,+004
+002,+004
+002,+004
+002,+004
+002,+004
+002,+004
+002,+004
+002,+004
+002,+004
+002,+004
+002,+004
+002,+004
+002,+004
+002,+004
+002,+004
+002,+004
+002,+002
+002,+002
+002,+002
+002,+002
+002,+002
+002,+002
+004,+002
+004,+002
+004,+002
+004,+002
+004,+002
+004,+002
+004,+002
+004,+002
+004,+002
+004,+002
+004,+002
+004,+002
+004,+002
+004,+002
+004,+002
+004,+002
+004,+002
+004,+002
+004,+002
+004,+002
+004,+002
+004,+002
+004,+002
+004,+002
+006,+002
+006,+002
+006,+002
+006,+002
+006,+002
+006,+002
+006,+002
+006,+002
+006,+002
+006,+002
+006,+002
+006,+002
+006,+002
+006,+002
+006,+002
+006,+002
+006,+002
+006,+002
+006,+002
+006,+002
+006,+002
+006,+002
+006,+004
+008,+004
+008,+004
+008,+004
+008,+004
+008,+004
+008,+004
+008,+004
+008,+004
+008,+004
+008,+004
+008,+002
+008,+004
+008,+004
+008,+004
+008,+004
+008,+004
+006,+002
+006,+002
+008,+002
+008,+002
+008,+002
+008,+002
+008,+002
+008,+002
+008,+002
+008,+002
+008,+002
+008,+002
+008,+002
+008,+002
+008,+002
+008,+002
+008,+002
+008,+002
+008,+002
+008,+002
+008,+002
+006,+002
+006,+002
+006,+002
+006,+002
+006,+002
+006,+002
+006,+002
+006,+002
+006,+002
+006,+002
+006,+002
+006,+002
+006,+002
+006,+002
+006,+002
+006,+002
+006,+002
+006,+002
+006,+002
+006,+002
+006,+002
+006,+002
+006,+002
+006,+002
+006,+002
+006,+002
+006,+002
+006,+002
+006,+002
+006,+002
+006,+002
+006,+002
+006,+002
+006,+002
+006,+002
+006,+002
+006,+002
+006,+002
+006,+002
+006,+002
+006,+002
+006,+002
+006,+002
+006,+002
+004,+002
+004,+002
+004,+002
+004,+002
+004,+002
+004,+002
+004,+002
+004,+002
+004,+002
+004,+002
+004,+002
+004,+002
+004,+002
+004,+002
+004,+002
+004,+002
+004,+002
+004,+002
+004,+002
+002,+002
+002,+002
+002,+002
+002,+004
+002,+004
+002,+004
+002,+004
+002,+004
+002,+004
+002,+004
+002,+004
+002,+004
+002,+004
+002,+004
+002,+004
+002,+004
+002,+004
+002,+004
+002,+004
+002,+004
+002,+004
+002,+004
+002,+004
+002,+004
+002,+004
+002,+004
+002,+004
+002,+004
+002,+004
+002,+004
+002,+004
+002,+004
+002,+004
+002,+004
+002,+004
+002,+004
+002,+004
+002,+004
+002,+004
+002,+004
+002,+004
+002,+004
+002,+004
+002,+004
+002,+004
+002,+004
+002,+004
+002,+004
+002,+004
+002,+004
+002,+004
+002,+004
+002,+004
+002,+004
+002,+004
+002,+004
+002,+004
+002,+006
+002,+006
+002,+006
+002,+006
+002,+006
+002,+006
+002,+006
+002,+006
+002,+006
+002,+006
+002,+006
+002,+006
+002,+006
+002,+006
+002,+006
+002,+006
+002,+006
+002,+006
+002,+006
+000,+006
+000,+006
+000,+006
+000,+006
+000,+006
+000,+006
+000,+006
+000,+006
+000,+006
+000,+006
+000,+006
+000,+006
+000,+006
+000,+006
+000,+008
+000,+008
+000,+008
+000,+008
+000,+008
+000,+008
+000,+008
+000,+008
+000,+008
+000,+008
+000,+008
+002,+008
+002,+008
+002,+008
+002,+008
+002,+008
+004,+011
+004,+011
+004,+011
+004,+011
+004,+011
+004,+011
+004,+011
+004,+011
+004,+011
+004,+011
+004,+011
+004,+011
+004,+011
+006,+011
+006,+011
+006,+011
+006,+011
+006,+011
+006,+011
+008,+011
+008,+011
+008,+013
+008,+013
+008,+013
+008,+013
+008,+013
+008,+013
+008,+013
+008,+013
+008,+013
+008,+013
+008,+013
+008,+013
+008,+013
+008,+013
+008,+013
+008,+013
+008,+013
+008,+013
+008,+013
+008,+013
+008,+013
+010,+013
+010,+013
+010,+013
+010,+013
+010,+013
+010,+013
+010,+013
+010,+013
+010,+013
+010,+013
+010,+013
+010,+013
+010,+013
+010,+013
+010,+013
+010,+013
+010,+013
+010,+013
+010,+013
+010,+013
+010,+013
+010,+013
+010,+013
+010,+013
+010,+013
+010,+013
+010,+013
+010,+013
+010,+013
+010,+013
+010,+013
+010,+013
+010,+013
+010,+013
+010,+013
+010,+013
+010,+013
+010,+013
+010,+013
+010,+013
+010,+013
+010,+013
+010,+013
+010,+013
+010,+013
+010,+013
+010,+013
+010,+013
+010,+013
+010,+013
+010,+013
+010,+013
+010,+013
+010,+013
+010,+013
+010,+013
+010,+013
+010,+013
+010,+013
+010,+015
+010,+015
+010,+015
+010,+015
+010,+015
+010,+015
+010,+015
+010,+015
+010,+015
+010,+015
+010,+015
+010,+015
+010,+015
+010,+015
+010,+015
+010,+015
+010,+015
+010,+015
+010,+015
+010,+015
+010,+015
+010,+015
+010,+015
+010,+015
+010,+015
+010,+015
+010,+015
+010,+015
+010,+015
+010,+015
+010,+015
+010,+015
+010,+015
+010,+015
+010,+015
+010,+015
+010,+015
+010,+015
+010,+015
+010,+015
+010,+015
+010,+015
+010,+015
+010,+015
+010,+015
+010,+015
+008,+015
+008,+015
+008,+013
+008,+013
+008,+013
+008,+013
+008,+013
+008,+013
+008,+013
+008,+013
+006,+013
+006,+013
+006,+013
+006,+013
+006,+013
+006,+013
+006,+013
+004,+013
+004,+013
+004,+013
+004,+013
+004,+013
+004,+011
+004,+011
+000,+011
+000,+011
+000,+009
+000,+009
+000,+009
+000,+009
+000,+009
+000,+009
+000,+009
+000,+009
+000,+009
+000,+007
+000,+007
+000,+007
+000,+007
+000,+007
+000,+007
+000,+007
+000,+007
+000,+007
+000,+007
+003,+007
+003,+007
+003,+007
+003,+007
+003,+007
+003,+007
+001,+007
+001,+007
+001,+007
+001,+007
+001,+007
+001,+007
+001,+007
+001,+007
+001,+007
+001,+007
+001,+007
+001,+007
+001,+007
+001,+007
+001,+007
+001,+007
+001,+007
+001,+007
+001,+007
+001,+007
+003,+007
+003,+007
+003,+007
+003,+007
+003,+007
+003,+007
+003,+007
+003,+007
+003,+007
+003,+007
+003,+007
+003,+007
+005,+007
+005,+007
+005,+007
+005,+007
+005,+007
+005,+007
+005,+007
+005,+007
+005,+007
+005,+007
+005,+007
+005,+007
+005,+007
+005,+005
+005,+005
+005,+005
+005,+005
+005,+005
+005,+005
+005,+005
+007,+005
+007,+005
+007,+005
+007,+005
+007,+005
+007,+003
+007,+003
+007,+003
+007,+003
+007,+003
+007,+003
+007,+003
+007,+003
+007,+001
+007,+001
+007,+001
+007,+001
+007,+001
+007,+001
+007,+001
+007,+001
+007,+001
+005,+001
+005,+001
+005,+001
+005,+001
+005,+001
+005,+001
+005,+001
+003,+003
+003,+003
+003,+003
+003,+003
+003,+003
+003,+003
+003,+003
+003,+003
+003,+003
+001,+003
+001,+003
+001,+003
+001,+003
+001,+005
+001,+005
+001,+005
+001,+005
+001,+005
+001,+005
+001,+005
+001,+005
+001,+005
+001,+005
+003,+005
+003,+005
+003,+005
+003,+007
+003,+007
+003,+007
+003,+007
+005,+007
+005,+007
+005,+007
+005,+007
+005,+007
+005,+007
+005,+007
+005,+007
+005,+007
+005,+007
+005,+007
+005,+007
+005,+007
+005,+007
+005,+007
+005,+007
+005,+007
+005,+007
+005,+007
+005,+007
+005,+007
+005,+007
+005,+007
+005,+007
+005,+007
+005,+007
+005,+007
+005,+007
+005,+007
+005,+007
+005,+007
+005,+007
+005,+007
+005,+007
+005,+007
+005,+007
+005,+007
+005,+007
+005,+007
+005,+007
+005,+007
+005,+007
+005,+007
+005,+007
+005,+007
+005,+007
+005,+007
+005,+007
+005,+007
+005,+007
+005,+007
+005,+007
+005,+007
+005,+007
+005,+007
+005,+007
+005,+007
+005,+007
+005,+007
+005,+009
+005,+009
+005,+009
+005,+009
+005,+009
+005,+009
+005,+009
+005,+009
+005,+009
+005,+009
+005,+009
+005,+009
+005,+009
+005,+009
+007,+009
+007,+009
+007,+009
+007,+009
+007,+009
+007,+009
+007,+009
+007,+009
+007,+009
+007,+009
+007,+011
+009,+011
+009,+011
+009,+011
+009,+011
+009,+011
+009,+011
+011,+011
+011,+011
+011,+011
+011,+011
+011,+011
+011,+011
+011,+011
+011,+013
+011,+013
+011,+013
+011,+013
+011,+013
+011,+013
+011,+013
+011,+013
+011,+013
+011,+013
+011,+013
+011,+013
+011,+013
+011,+013
+011,+013
+009,+013
+009,+013
+009,+013
+009,+013
+009,+013
+009,+013
+007,+011
+007,+011
+007,+011
+007,+011
+005,+011
+005,+011
+005,+011
+005,+011
+005,+009
+005,+009
+005,+009
+005,+009
+005,+009
+003,+009
+003,+009
+003,+009
+003,+009
+001,+009
+001,+009
+001,+009
+001,+009
+001,+009
+001,+009
+001,+009
+001,+009
+001,+009
+001,+009
+001,+007
+001,+007
+001,+007
+001,+007
+001,+007
+001,+007
+001,+007
+001,+007
+001,+007
+001,+007
+001,+007
+001,+007
+001,+007
+001,+007
+001,+007
+001,+007
+003,+007
+003,+007
+003,+005
+003,+005
+003,+005
+003,+005
+003,+005
+003,+005
+003,+005
+003,+005
+003,+005
+003,+005
+003,+005
+003,+003
+003,+003
+003,+003
+003,+003
+003,+003
+003,+003
+003,+003
+003,+003
+003,+003
+003,+003
+003,+003
+003,+003
+003,+003
+003,+003
+003,+003
+003,+003
+003,+003
+003,+003
+003,+003
+003,+003
+003,+003
+003,+003
+003,+003
+003,+003
+003,+003
+003,+003
+003,+003
+003,+003
+003,+003
+003,+003
+003,+003
+003,+003
+003,+003
+003,+003
+003,+003
+003,+003
+003,+003
+003,+003
+003,+003
+003,+003
+003,+003
+005,+003
+005,+003
+005,+003
+005,+003
+005,+003
+005,+003
+005,+003
+005,+003
+005,+003
+005,+003
+005,+003
+005,+003
+005,+003
+005,+003
+005,+003
+005,+003
+005,+003
+005,+003
+005,+003
+005,+003
+005,+003
+005,+003
+005,+003
+005,+003
+005,+003
+005,+003
+005,+003
+005,+003
+005,+003
+003,+005
+003,+005
+003,+005
+003,+005
+003,+005
+003,+005
+003,+005
+003,+005
+001,+005
+001,+005
+001,+005
+001,+005
+001,+005
+001,+005
+001,+005
+001,+005
+001,+005
+001,+005
+001,+005
+001,+005
+001,+005
+001,+005
+001,+005
+001,+005
+001,+005
+001,+005
+001,+005
+001,+005
+001,+005
+001,+005
+001,+005
+001,+005
+001,+005
+001,+005
+001,+005
+001,+005
+001,+005
+001,+005
+001,+007
+001,+007
+001,+007
+001,+007
+001,+007
+001,+007
+001,+007
+001,+007
+001,+007
+001,+007
+001,+007
+003,+007
+003,+007
+003,+007
+003,+007
+003,+007
+003,+007
+003,+007
+003,+007
+003,+007
+003,+007
+003,+007
+003,+007
+003,+007
+003,+007
+003,+007
+003,+007
+003,+007
+003,+007
+003,+007
+003,+007
+003,+007
+003,+007
+003,+007
+003,+007
+005,+007
+005,+007
+005,+007
+005,+007
+005,+007
+005,+007
+005,+007
+005,+007
+005,+007
+007,+007
+007,+007
+007,+007
+007,+007
+007,+007
+007,+007
+007,+007
+007,+007
+007,+007
+007,+007
+007,+007
+007,+007
+007,+007
+007,+007
+007,+007
+007,+007
+007,+007
+007,+007
+007,+007
+007,+007
+007,+007
+007,+007
+007,+009
+007,+009
+007,+009
+007,+009
+007,+009
+007,+009
+007,+009
+007,+009
+007,+009
+007,+009
+007,+009
+007,+009
+007,+009
+007,+009
+007,+009
+007,+009
+007,+009
+007,+009
+007,+009
+007,+009
+007,+009
+007,+009
+007,+009
+007,+009
+007,+009
+007,+009
+007,+009
+007,+009
+007,+009
+009,+009
+009,+009
+009,+009
+009,+009
+009,+009
+009,+009
+009,+009
+009,+009
+009,+009
+009,+009
+009,+009
+009,+009
+009,+009
+009,+009
+009,+009
+009,+009
+009,+009
+009,+009
+009,+009
+009,+009
+009,+009
+009,+009
+009,+009
+009,+009
+009,+009
+009,+009
+009,+009
+009,+009
+009,+007
+009,+007
+009,+007
+007,+007
+007,+007
+007,+007
+007,+007
+007,+007
+007,+007
+007,+007
+007,+007
+007,+007
+007,+007
+007,+007
+007,+007
+007,+007
+007,+007
+005,+005
+005,+005
+005,+005
+005,+005
+005,+005
+005,+005
+005,+005
+005,+005
+003,+005
+003,+005
+003,+005
+003,+005
+003,+005
+003,+003
+003,+003
+003,+003
+003,+003
+003,+003
+003,+003
+003,+003
+003,+003
+003,+003
+003,+003
+001,+003
+001,+003
+001,+003
+001,+003
+001,+003
+001,+003
+001,+003
+001,+003
+003,+003
+003,+003
+003,+003
+003,+003
+003,+003
+003,+003
+003,+003
+003,+003
+003,+003
+003,+003
+003,+003
+003,+003
+003,+003
+003,+003
+003,+003
+003,+003
+003,+003
+003,+003
+003,+003
+003,+003
+003,+003
+003,+003
+003,+003
+003,+003
+003,+003
+003,+003
+003,+003
+003,+003
+003,+003
+003,+003
+003,+001
+003,+001
+001,+001
+001,+001
+001,+001
+001,+001
+001,+001
+001,+001
+001,+001
+001,+001
+001,+001
+001,+001
+001,+001
+001,+001
+001,+001
+001,+001
+001,+001
+001,+001
+001,+001
+001,+001
+001,+001
+001,+001
+001,+001
+001,+001
+001,+001
+001,+001
+001,+001
+001,+001
+001,+001
+001,+001
+001,+001
+001,+001
+001,+001
+001,+001
+001,+001
+001,+001
+001,+001
+001,+001
COP Area(S): 000120
COP Area(R): 000192