+000,-000
+000,-001
+000,-000
+000,-000
+000,-000
+000,-001
+000,-001
+000,-001
+000,-001
+000,-001
+000,-001
+000,-001
+000,-001
+000,-001
+000,-001
+000,-001
+000,-001
+000,-001
+000,-001
+000,-001
+000,-001
+000,-001
+000,-001
+000,-001
+000,-001
+000,-001
+000,-001
+000,-001
+000,-001
+000,-001
+000,-001
+000,-001
+000,-001
+002,-001
+002,-001
+002,-001
+002,-001
+002,-001
+002,-001
+002,-001
+002,-001
+002,-001
+002,-001
+002,-001
+002,-001
+002,-001
+002,-001
+002,-001
+002,-001
+002,-001
+002,-001
+002,-001
+002,-001
+002,-001
+002,-001
+002,-001
+002,-001
+002,-001
+002,-001
+002,-001
+002,-001
+002,-002
+002,-002
+002,-002
+002,-002
+002,-002
+002,-002
+002,-002
+002,-002
+002,-002
+002,-002
+002,-002
+004,-002
+004,-002
+004,-002
+004,-002
+004,-002
+004,-002
+004,-002
+004,-002
+004,-003
+006,-003
+006,-003
+006,-003
+006,-003
+006,-003
+006,-003
+006,-004
+006,-004
+006,-004
+008,-004
+008,-004
+008,-004
+008,-004
+008,-005
+008,-005
+008,-005
+008,-005
+008,-005
+008,-005
+008,-005
+008,-005
+008,-006
+008,-006
+010,-006
+010,-006
+010,-006
+010,-006
+010,-006
+010,-006
+010,-006
+010,-006
+010,-007
+010,-007
+012,-007
+012,-007
+012,-007
+012,-007
+012,-007
+012,-007
+012,-007
+012,-007
+012,-007
+012,-004
+012,-004
+012,-004
+012,-004
+012,-004
-013,-004
-013,-004
-013,-004
-013,-004
-013,-004
-013,-004
-013,-004
-013,-004
-013,-004
-013,-004
-013,-004
-013,-004
-013,-004
-013,-004
-013,-004
-013,-004
-013,-005
-013,-005
-013,-005
-013,-005
+011,-006
+011,-006
+011,-006
+011,-006
+011,-006
+011,-006
+011,-006
+011,-006
+011,-006
+011,-006
+011,-006
+011,-006
+011,-006
+011,-006
+011,-006
+011,-006
+011,-006
+011,-006
+011,-006
+011,-006
+011,-006
+009,-006
+009,-006
+009,-006
+009,-006
+009,-006
+009,-006
+009,-006
+009,-006
+009,-006
+009,-006
+007,-006
+007,-006
+007,-006
+007,-006
+007,-006
+007,-006
+007,-006
+007,-006
+005,-006
+005,-007
+005,-007
+005,-007
+005,-007
+003,-007
+003,-007
+003,-007
+003,-007
+003,-007
+003,-007
+001,-007
+001,-007
+001,-007
+001,-007
+001,-007
+001,-007
+001,-007
+001,-007
+001,-007
+001,-007
+001,-007
+001,-007
+001,-007
+001,-007
+001,-007
+001,-007
+003,-007
+003,-007
+003,-007
+003,-007
+003,-007
+003,-007
+003,-007
+003,-007
+003,-007
+003,-007
+003,-007
+003,-007
+003,-007
+003,-007
+003,-007
+003,-007
+003,-007
+003,-007
+003,-007
+003,-007
+003,-007
+003,-007
+003,-004
+003,-004
+003,-004
+003,-004
+003,-004
+003,-004
+003,-004
+003,-004
+003,-004
+003,-004
+003,-004
+003,-004
+003,-005
+003,-005
+003,-005
+003,-005
+003,-005
+003,-005
+003,-005
+003,-005
+003,-005
+003,-005
+003,-005
+003,-005
+003,-005
+003,-005
+003,-005
+003,-005
+003,-005
+003,-005
+003,-005
+003,-005
+003,-005
+003,-005
+003,-005
+003,-005
+001,-005
+001,-005
+001,-005
+001,-005
+001,-005
+001,-005
+001,-005
+001,-005
+001,-005
+001,-005
+001,-005
+001,-005
+001,-005
+001,-005
+001,-005
+001,-005
+001,-005
+001,-005
+001,-005
+001,-005
+001,-005
+001,-005
+001,-005
+001,-005
+001,-005
+001,-005
+001,-005
+001,-005
+001,-005
+001,-005
+001,-005
+001,-005
+001,-005
+001,-005
+001,-005
+001,-005
+001,-005
+001,-005
+001,-005
+001,-005
+001,-005
+001,-005
+001,-005
+001,-005
+001,-005
+001,-005
+001,-005
+003,-005
+003,-005
+003,-005
+003,-005
+003,-005
+003,-005
+003,-005
+003,-005
+003,-005
+003,-005
+003,-005
+003,-005
+003,-005
+003,-005
+005,-005
+005,-005
+005,-005
+005,-005
+005,-005
+005,-005
+005,-005
+005,-005
+005,-005
+005,-005
+005,-005
+005,-005
+005,-005
+005,-005
+005,-005
+005,-005
+005,-005
+005,-005
+005,-005
+005,-005
+005,-005
+005,-005
+005,-005
+005,-005
+005,-005
+005,-005
+005,-005
+005,-005
+005,-005
+005,-005
+005,-005
+005,-005
+005,-005
+005,-005
+005,-005
+005,-005
+005,-005
+005,-005
+005,-005
+005,-005
+005,-005
+005,-005
+005,-005
+005,-005
+005,-005
+005,-005
+005,-005
+005,-005
+005,-005
+005,-005
+005,-005
+005,-005
+005,-005
+005,-005
+005,-005
+005,-005
+005,-005
+005,-005
+003,-005
+003,-005
+003,-005
+003,-005
+003,-005
+003,-005
+003,-005
+003,-005
+003,-005
+003,-005
+003,-005
+001,-005
+001,-005
+001,-005
+001,-005
+001,-005
+001,-005
+001,-005
+001,-005
+001,-005
+001,-005
+001,-005
+001,-005
+001,-006
+001,-006
+001,-006
+001,-006
+001,-006
+001,-006
+001,-006
+001,-006
+001,-006
+001,-006
+001,-006
+001,-007
+001,-007
+001,-007
+001,-007
+003,-007
+003,-007
+003,-007
+003,-007
+003,-007
+003,-007
+003,-007
+003,-007
+003,-007
+003,-008
+003,-008
+003,-008
+003,-008
+003,-008
+003,-008
+003,-008
+003,-008
+003,-008
+003,-008
+003,-008
+003,-008
+003,-008
+003,-008
+003,-008
+003,-008
+003,-008
+003,-008
+003,-008
+003,-008
+003,-008
+003,-008
+003,-008
+003,-008
+003,-008
+003,-008
+003,-008
+003,-008
+003,-008
+003,-008
+003,-008
+003,-008
+003,-008
+001,-008
+001,-008
+001,-008
+001,-008
+001,-008
+001,-008
+001,-008
+001,-008
+001,-008
+001,-008
+001,-008
+001,-008
+001,-008
+001,-008
+001,-008
+001,-008
+001,-008
+001,-008
+001,-008
+001,-008
+001,-008
+001,-008
+001,-008
+001,-008
+001,-008
+001,-008
+001,-008
+001,-009
+001,-009
+001,-009
+001,-009
+001,-009
+001,-009
+001,-009
+001,-009
+001,-009
+001,-009
+001,-009
+001,-009
+003,-009
+003,-009
+003,-009
+003,-009
+003,-009
+003,-009
+003,-009
+003,-009
+003,-009
+003,-009
+003,-009
+003,-009
+003,-009
+003,-009
+003,-009
+003,-009
+003,-009
+003,-009
+003,-009
+003,-009
+003,-009
+003,-009
+003,-009
+003,-009
+003,-009
+003,-009
+003,-009
+005,-009
+005,-009
+005,-009
+005,-009
+005,-009
+005,-009
+005,-009
+005,-009
+005,-009
+005,-009
+005,-010
+005,-010
+005,-010
+005,-010
+005,-010
+005,-010
+005,-010
+005,-010
+005,-010
+005,-010
+005,-010
+005,-010
+007,-010
+007,-010
+007,-010
+007,-010
+007,-010
+007,-010
+007,-010
+007,-010
+007,-010
+007,-010
+007,-010
+007,-010
+007,-010
+007,-010
+007,-010
+007,-010
+007,-010
+007,-010
+005,-010
+005,-011
+005,-011
+005,-011
+005,-011
+005,-011
+005,-011
+005,-011
+005,-011
+005,-011
+005,-011
+005,-011
+005,-011
+005,-011
+005,-011
+005,-011
+005,-011
+005,-011
+005,-011
+005,-011
+005,-011
+005,-011
+005,-012
+005,-012
+005,-012
+005,-012
+005,-012
+005,-012
+005,-012
+005,-012
+005,-012
+005,-012
+005,-012
+005,-012
+005,-012
+005,-012
+005,-012
+005,-012
+005,-012
+005,-012
+005,-012
+005,-012
+005,-012
+005,-012
+005,-012
+007,-013
+007,-013
+007,-013
+007,-013
+007,-013
+009,-013
+009,-013
+009,-013
+009,-013
+009,-013
+009,-013
+009,-013
+009,-013
+009,-013
+009,-013
+009,-013
+009,-013
+009,-013
+009,-013
+011,-013
+011,-013
+011,-013
+011,-013
+011,-013
+011,-013
+011,-013
+011,-013
+011,-013
+011,-013
+011,-013
+011,-013
+011,-013
+011,-013
+011,-013
+011,-013
+011,-013
+011,-013
+011,-013
+011,-013
+011,-013
+011,-013
+011,-013
+011,-013
+011,-013
+011,-013
+011,-013
+011,-013
+011,-013
+011,-013
+011,-013
+011,-013
+009,-013
+009,-013
+009,-013
+009,-013
+009,-013
+009,-013
+009,-013
+009,-013
+007,-013
+007,-013
+007,-013
+005,-013
+005,-013
+005,-013
+005,-013
+005,-013
+005,-013
+003,-013
+003,-013
+003,-013
+003,-013
+003,-013
+003,-013
+003,-010
+001,-011
+001,-011
+001,-011
+001,-011
+001,-011
+001,-011
+001,-011
+001,-011
+001,-011
+001,-011
+003,-011
+003,-011
+003,-011
+003,-012
+003,-012
+003,-012
+003,-012
+003,-012
+005,-012
+005,-012
+005,-012
+005,-012
+005,-012
+005,-012
+005,-012
+005,-012
+005,-012
+005,-013
+005,-013
+005,-013
+005,-013
+005,-013
+005,-013
+005,-013
+005,-013
+005,-013
+005,-013
+005,-013
+005,-013
+005,-013
+005,-013
+005,-013
+005,-013
+005,-013
+005,-013
+005,-013
+005,-013
+005,-013
+007,-013
+007,-013
+007,-013
+007,-013
+007,-013
+007,-013
+007,-013
+007,-013
+007,-013
+007,-013
+007,-013
+007,-013
+007,-013
+007,-013
+007,-010
+007,-010
+007,-010
+007,-010
+007,-010
+007,-010
+007,-010
+007,-010
+007,-010
+007,-010
+007,-010
+007,-010
+007,-010
+007,-010
+007,-010
+007,-007
+007,-008
+007,-008
+007,-008
+007,-008
+007,-008
+007,-008
+007,-008
+007,-008
+007,-008
+007,-008
+009,-008
+009,-008
+009,-008
+009,-008
+009,-008
+009,-005
+009,-005
+009,-006
+009,-006
+009,-006
+009,-006
+009,-006
+009,-006
+009,-006
+009,-006
+009,-006
+009,-006
+009,-006
+009,-003
+009,-004
+009,-004
+009,-004
+009,-004
+009,-004
+009,-004
+009,-004
+009,-004
+009,-004
+009,-004
+009,-004
+009,-004
+009,-004
+009,-004
+009,-005
+009,-005
+009,-005
+009,-005
+009,-005
+009,-005
+009,-005
+009,-005
+009,-005
+009,-005
+009,-006
+009,-006
+009,-006
+009,-006
+009,-006
+009,-006
+009,-006
+009,-006
+009,-006
+009,-006
+009,-006
+009,-006
+009,-006
+009,-006
+009,-006
+009,-006
+009,-006
+009,-007
+009,-007
+009,-007
+009,-007
+009,-007
+009,-007
+009,-007
+009,-007
+009,-007
+009,-007
+009,-008
+009,-008
+009,-008
+009,-008
+009,-008
+009,-008
+009,-008
+009,-008
+009,-008
+009,-008
+009,-009
+009,-009
+009,-009
+009,-009
+009,-009
+009,-009
+009,-009
+009,-009
+009,-009
+009,-009
+009,-009
+009,-009
+007,-009
+007,-009
+007,-009
+007,-009
+007,-009
+007,-009
+007,-009
+007,-009
+007,-010
+007,-010
+007,-010
+007,-010
+007,-010
+007,-010
+007,-010
+007,-010
+007,-010
+007,-010
+007,-010
+007,-010
+007,-010
+007,-010
+007,-010
+007,-010
+007,-010
+007,-010
+007,-010
+007,-010
+007,-010
+007,-010
+007,-010
+007,-010
+007,-010
+007,-010
+007,-010
+007,-010
+007,-010
+007,-010
+007,-010
+007,-010
+007,-010
+007,-010
+007,-010
+007,-010
+007,-010
+007,-010
+007,-010
+007,-010
+007,-010
+007,-010
+007,-010
+007,-010
+007,-010
+007,-010
+007,-010
+007,-010
+007,-010
+007,-010
+007,-010
+007,-010
+007,-010
+007,-010
+007,-010
+007,-010
+007,-010
+007,-010
+007,-010
+007,-010
+007,-010
+007,-010
+007,-010
+007,-010
+007,-010
+007,-010
+009,-010
+009,-010
+009,-010
+009,-010
+009,-010
+009,-010
+009,-010
+009,-010
+009,-010
+009,-010
+009,-010
+009,-010
+009,-010
+009,-010
+009,-010
+009,-010
+009,-010
+009,-010
+009,-010
+009,-010
+009,-010
+007,-010
+007,-007
+007,-008
+007,-008
+007,-008
+007,-008
+007,-008
+007,-008
+007,-008
+007,-008
+007,-008
+007,-008
+007,-008
+007,-008
+005,-008
+005,-008
+005,-008
+005,-008
+005,-008
+005,-008
+005,-008
+005,-008
+005,-008
+005,-008
+005,-008
+005,-008
+005,-008
+005,-008
+005,-008
+005,-008
+005,-008
+005,-008
+005,-008
+005,-008
+005,-008
+005,-008
+005,-008
+005,-008
+005,-008
+005,-008
+003,-008
+003,-008
+003,-008
+003,-008
+003,-008
+003,-008
+003,-008
+003,-008
+003,-008
+003,-008
+003,-008
+003,-008
+003,-008
+003,-008
+003,-008
+003,-008
+003,-008
+003,-008
+001,-008
+001,-008
+001,-008
+001,-008
+001,-008
+001,-008
+001,-005
+001,-005
+001,-006
+001,-006
+001,-006
+001,-006
+001,-006
+001,-006
+001,-006
+001,-006
+001,-006
+001,-006
+001,-006
+001,-006
+001,-006
+001,-006
+003,-006
+003,-006
+003,-006
+003,-006
+003,-006
+003,-006
+003,-006
+005,-006
+005,-006
+005,-006
+005,-006
+005,-006
+005,-006
+005,-006
+005,-006
+005,-006
+005,-006
+007,-006
+007,-006
+007,-007
+007,-007
+007,-007
+007,-007
+007,-007
+007,-007
+007,-007
+007,-007
+009,-007
+009,-007
+009,-007
+009,-007
+009,-007
+009,-007
+009,-007
+009,-007
+009,-007
+009,-008
+009,-008
+009,-008
+009,-008
+009,-008
+011,-008
+011,-008
+011,-008
+011,-008
+011,-008
+011,-008
+011,-008
+011,-008
+011,-008
+011,-008
+011,-008
+011,-008
+011,-008
+011,-008
+011,-008
+012,-009
+012,-009
+012,-010
+012,-010
+012,-010
+012,-010
-013,-010
-013,-010
-013,-010
-013,-010
-013,-010
-013,-010
-013,-010
-013,-010
-013,-010
-014,-010
-014,-010
-014,-010
-014,-010
-014,-010
-014,-010
-014,-010
-014,-010
-014,-010
-014,-010
-014,-011
-015,-011
-015,-011
-015,-011
-015,-011
-015,-011
-015,-011
-015,-011
-015,-012
-016,-012
-016,-012
-016,-012
-016,-012
-016,-012
-016,-012
-016,-013
-017,-013
-017,-013
-017,-014
-017,-014
-017,-014
-017,-014
-017,-015
-017,-015
-017,-015
-017,-015
-017,-015
-017,-015
-017,-015
-017,-015
-017,-015
-017,-016
-017,-016
-017,-016
-017,-016
-014,-016
-014,-016
-014,-016
-014,-016
-014,-016
-014,-016
-014,-016
-014,-016
-014,-016
-014,-016
-014,-017
-014,-017
-014,-017
-014,-017
+012,-017
+012,-017
+012,-017
+012,-018
+012,-018
+012,-018
+010,-018
+010,-018
+010,-018
+010,-018
+010,-018
+010,-018
+008,-018
+008,-019
+008,-019
+008,-019
+008,-019
+008,-019
+008,-019
+008,-019
+008,-019
+008,-019
+008,-019
+006,-019
+006,-019
+006,-019
+006,-019
+006,-019
+006,-019
+006,-019
+006,-019
+006,-019
+006,-019
+006,-019
+006,-019
+006,-019
+006,-019
+006,-019
+006,-019
+006,-019
+004,-019
+004,-019
+004,-019
+004,-019
+004,-016
+004,-016
+004,-016
+004,-016
+004,-016
+004,-016
+004,-016
+004,-013
+004,-014
+002,-014
+002,-014
+002,-014
+002,-014
+002,-014
+002,-014
+002,-014
+002,-014
+002,-014
+002,-014
+002,-014
+002,-014
+002,-014
+002,-014
+002,-014
+002,-014
+002,-014
+002,-014
+002,-014
+002,-014
+002,-014
+002,-014
+002,-014
+002,-014
+002,-014
+002,-011
+002,-012
+002,-012
+002,-012
+002,-012
+002,-012
+002,-012
+002,-012
+002,-012
+002,-012
+002,-012
+002,-012
+002,-012
+002,-012
+002,-012
+002,-012
+002,-012
+002,-012
+002,-012
+002,-012
+002,-012
+002,-012
+002,-012
+002,-012
+002,-012
+002,-012
+002,-009
+002,-010
+002,-010
+002,-010
+002,-010
+002,-010
+002,-010
+002,-010
+002,-010
+002,-010
+002,-010
+002,-010
+002,-010
+002,-010
+002,-010
+002,-010
+002,-010
+002,-010
+002,-010
+002,-010
+002,-010
+002,-010
+002,-010
+002,-010
+002,-010
+002,-010
+002,-010
+002,-010
+002,-010
+002,-010
+002,-010
+002,-010
+002,-010
+002,-010
+002,-010
+002,-010
+002,-010
+004,-010
+004,-010
+004,-010
+004,-007
+004,-007
+004,-007
+006,-007
+006,-007
+006,-007
+006,-007
+006,-007
+006,-007
+006,-007
+006,-007
+006,-007
+008,-007
+008,-007
+008,-007
+008,-007
+008,-007
+008,-007
+008,-007
+008,-007
+008,-007
+008,-007
+010,-007
+010,-007
+010,-007
+010,-007
+010,-007
+010,-008
+010,-008
+010,-008
+010,-008
+010,-008
+010,-008
+012,-008
+012,-008
+012,-008
+012,-008
+012,-008
+012,-008
+012,-008
+012,-008
+012,-008
+012,-008
+012,-008
+012,-008
+012,-008
+012,-008
+012,-008
+012,-008
+012,-008
+012,-008
+012,-008
+012,-008
+012,-008
+012,-005
+012,-006
+012,-006
+012,-006
+012,-006
+012,-006
+012,-006
+012,-006
+010,-006
+012,-006
+012,-006
+012,-006
+012,-006
+012,-003
+012,-004
+010,-005
+010,-005
+010,-005
+010,-005
+010,-005
+010,-005
+010,-005
+010,-005
+010,-005
+010,-005
+010,-005
+010,-005
+010,-005
+010,-005
+010,-005
+010,-005
+010,-005
+008,-005
+008,-005
+008,-005
+008,-005
+008,-005
+008,-005
+008,-005
+008,-005
+008,-005
+008,-005
+008,-005
+008,-005
+008,-005
+006,-005
+006,-005
+006,-005
+006,-006
+006,-006
+006,-006
+006,-006
+004,-006
+004,-006
+004,-006
+004,-007
+004,-007
+004,-007
+002,-007
+002,-007
+002,-007
+002,-007
+002,-007
+002,-007
+000,-007
+000,-008
+000,-008
+000,-008
+000,-008
+000,-008
+000,-008
+000,-008
+000,-008
+000,-008
+000,-008
+002,-008
+002,-008
+002,-008
+002,-008
+002,-008
+002,-008
+002,-008
+002,-008
+002,-008
+002,-008
+002,-008
+002,-008
+002,-008
+002,-008
+002,-008
+002,-008
+002,-009
+002,-009
+002,-009
+002,-009
+004,-009
+004,-009
+004,-009
+004,-009
+004,-009
+004,-009
+004,-009
+004,-009
+004,-009
+004,-009
+004,-009
+004,-009
+004,-009
+004,-009
+004,-009
+004,-009
+004,-009
+004,-009
+004,-009
+004,-009
+004,-009
+004,-009
+004,-009
+004,-009
+004,-009
+004,-009
+004,-009
+004,-009
+002,-009
+002,-009
+002,-009
+002,-009
+002,-009
+002,-009
+002,-009
+002,-009
+002,-009
+002,-009
+002,-009
+002,-009
+002,-009
+002,-009
+002,-009
+002,-009
+002,-009
+002,-009
+002,-009
+002,-009
+002,-009
+002,-009
+002,-009
+002,-009
+002,-009
+002,-009
+002,-009
+002,-009
+002,-009
+002,-009
+002,-009
+002,-009
+002,-009
+002,-009
+002,-009
+002,-009
+002,-009
+002,-009
+002,-006
+002,-006
+002,-007
+002,-007
+002,-007
+002,-007
+002,-007
+002,-007
+002,-007
+002,-007
+002,-007
+002,-007
+002,-007
+002,-007
+002,-007
+002,-007
+000,-008
+000,-008
+000,-008
+000,-008
+000,-008
+000,-008
+000,-008
+000,-008
+000,-009
+000,-009
+002,-009
+002,-009
+002,-009
+002,-009
+002,-009
+002,-010
+002,-010
+002,-010
+002,-010
+004,-010
+004,-010
+004,-010
+004,-010
+004,-010
+004,-011
+004,-011
+004,-011
+006,-011
+006,-011
+006,-011
+006,-011
+006,-012
+006,-012
+006,-012
+006,-012
+006,-012
+006,-012
+006,-012
+006,-012
+008,-012
+008,-012
+008,-013
+008,-013
+008,-013
+008,-013
+008,-013
+008,-013
+008,-013
+008,-013
+008,-013
+008,-013
+010,-013
+010,-013
+010,-013
+010,-013
+010,-013
+010,-013
+010,-013
+010,-013
+010,-013
+010,-013
+010,-013
+010,-013
+010,-013
+010,-013
+010,-013
+010,-013
+010,-013
+010,-013
+010,-013
+010,-013
+010,-013
+010,-013
+010,-013
+010,-013
+010,-013
+010,-013
+010,-013
+010,-013
+010,-013
+010,-013
+010,-013
+010,-013
+010,-013
+010,-013
+010,-013
+010,-009
+010,-010
+010,-011
+012,-011
+012,-011
+012,-011
+012,-011
+012,-011
+012,-011
+012,-011
+012,-008
+012,-009
+012,-009
+012,-009
+012,-009
+012,-009
+012,-009
+010,-009
+010,-009
+010,-009
+010,-009
+010,-009
+010,-009
+010,-009
+010,-009
+010,-009
+010,-009
+010,-009
+010,-009
+010,-009
+010,-009
+010,-009
+010,-009
+010,-009
+010,-009
+010,-009
+010,-009
+010,-009
+010,-009
+010,-009
+010,-009
+010,-009
+010,-009
+010,-009
+010,-009
+010,-009
+010,-009
+010,-009
+010,-009
+010,-009
+012,-009
+012,-009
+012,-009
+012,-009
+012,-009
+012,-009
+012,-009
+012,-009
+012,-009
+012,-009
+012,-009
+012,-009
+012,-009
+012,-009
+012,-009
+012,-010
+012,-010
+012,-010
+012,-010
+012,-010
+012,-010
+012,-010
+012,-010
+012,-010
+012,-010
+012,-010
+012,-010
+012,-010
+012,-010
+012,-010
+012,-010
+012,-010
+012,-010
+012,-010
+012,-010
+012,-010
+012,-010
+012,-010
+012,-010
+012,-010
+012,-010
+012,-010
+012,-010
+012,-010
+012,-010
+012,-010
+012,-010
+012,-010
+012,-010
+012,-010
+012,-010
+012,-010
+012,-010
+012,-010
+012,-010
+012,-010
+012,-010
+012,-010
+012,-010
+012,-010
+012,-010
+012,-010
+010,-010
+012,-010
+012,-010
+012,-010
+012,-010
+012,-010
+012,-010
+012,-010
+012,-010
+010,-010
+010,-010
+010,-010
+010,-007
+010,-008
+010,-008
+010,-008
+010,-008
+010,-008
+010,-008
+010,-008
+010,-008
+010,-008
+008,-008
+008,-008
+008,-008
+008,-008
+008,-008
+008,-008
+008,-008
+008,-008
+006,-008
+006,-008
+006,-008
+006,-008
+006,-008
+006,-008
+006,-008
+006,-008
+006,-008
+006,-008
+006,-008
+006,-008
+006,-008
+006,-008
+006,-008
+006,-008
+006,-008
+004,-008
+004,-008
+004,-008
+004,-008
+004,-008
+004,-008
+004,-008
+004,-008
+004,-008
+004,-008
+004,-008
+004,-008
+004,-008
+004,-008
+004,-008
+004,-008
+002,-008
+002,-008
+002,-008
+002,-008
+002,-008
+002,-008
+002,-008
+002,-008
+002,-008
+002,-008
+002,-008
+002,-008
+002,-008
+002,-008
+002,-008
+002,-008
+002,-008
+002,-008
+002,-008
+002,-008
+000,-008
+000,-008
+000,-008
+000,-008
+000,-008
+000,-008
+000,-008
+000,-008
+000,-008
+000,-008
+000,-008
+000,-008
+000,-008
+000,-008
+000,-008
+000,-008
+000,-008
+000,-008
+000,-008
+000,-008
+002,-008
+002,-008
+002,-008
+002,-008
+002,-008
+002,-008
+002,-008
+002,-008
+002,-008
+002,-008
+002,-008
+002,-008
+002,-008
+002,-008
+002,-008
+002,-008
+002,-008
+002,-008
+002,-008
+002,-008
+002,-008
+004,-008
+004,-008
+004,-008
+004,-008
+004,-008
+004,-008
+004,-008
+004,-008
+004,-008
+004,-008
+004,-008
+002,-008
+002,-008
+002,-008
+002,-008
+002,-008
+002,-008
+002,-008
+002,-008
+002,-008
+002,-008
+002,-008
+002,-008
+002,-008
+000,-008
+000,-008
+000,-008
+000,-008
+000,-008
+000,-008
+000,-008
+000,-008
+000,-008
+002,-008
+002,-008
+002,-008
+002,-009
+002,-009
+002,-009
+002,-009
+002,-009
+004,-009
+004,-009
+004,-009
+004,-009
+004,-009
+004,-010
+004,-010
+004,-010
+004,-010
+004,-010
+006,-010
+006,-010
+006,-011
+006,-011
+006,-011
+006,-011
+006,-011
+006,-011
+006,-011
+006,-011
+008,-011
+008,-012
+008,-012
+008,-012
+008,-012
+008,-013
+008,-013
+008,-013
+008,-014
+008,-014
+010,-014
+010,-014
+010,-014
+010,-014
+010,-014
+010,-014
+010,-014
+010,-014
+010,-014
+010,-014
+010,-014
+012,-014
+012,-014
+012,-014
+012,-014
+012,-014
+012,-014
+012,-014
+012,-014
+012,-014
+012,-014
+012,-014
+012,-015
+012,-015
+012,-015
+012,-015
+012,-015
-013,-015
-013,-016
-013,-016
-013,-016
-013,-016
-013,-017
-013,-017
-013,-017
-013,-017
-013,-017
-013,-017
-013,-018
-013,-018
-013,-018
-013,-018
-013,-018
-013,-018
-013,-018
-013,-018
-013,-018
-013,-018
-013,-018
-013,-019
-013,-019
-013,-019
-013,-019
-013,-019
-013,-019
-013,-019
-013,-020
-013,-020
-013,-020
-013,-020
-013,-020
-013,-020
-013,-021
-013,-021
-013,-021
-013,-022
-013,-022
-013,-022
-013,-022
-013,-023
-013,-023
-013,-023
-013,-023
-013,-023
-013,-023
-013,-024
-013,-024
-013,-024
-013,-024
-013,-024
-013,-024
-013,-024
-013,-025
-013,-025
-013,-025
-013,-025
-013,-025
-013,-025
-013,-025
-013,-025
-013,-025
-013,-025
-013,-025
-013,-025
-013,-025
-013,-026
-013,-026
-013,-026
-013,-026
-013,-026
-013,-026
-013,-026
-013,-026
-013,-026
-013,-026
-013,-026
-013,-026
-013,-026
-013,-026
-013,-026
-013,-026
-013,-026
-013,-026
-013,-026
-013,-026
-013,-026
-013,-023
-013,-023
+011,-024
+011,-024
+011,-024
+011,-024
+011,-024
+011,-024
+011,-024
+011,-024
+011,-024
+011,-024
+011,-024
+011,-024
+011,-024
+011,-024
+011,-024
+011,-021
+011,-021
+009,-021
+009,-021
+009,-021
+009,-021
+009,-021
+009,-021
+009,-021
+009,-021
+009,-021
+009,-021
+007,-021
+007,-021
+007,-021
+007,-021
+007,-021
+007,-021
+007,-021
+005,-021
+005,-021
+005,-021
+005,-021
+005,-021
+005,-018
+005,-019
+005,-019
+005,-019
+005,-019
+003,-019
+003,-019
+003,-019
+003,-019
+003,-019
+003,-019
+003,-019
+003,-019
+003,-019
+003,-019
+001,-019
+001,-019
+001,-019
+001,-019
+001,-019
+001,-019
+001,-019
+001,-019
+001,-019
+001,-019
+001,-019
+001,-019
+001,-019
+001,-019
+001,-019
+001,-019
+001,-019
+001,-019
+001,-019
+001,-019
+001,-019
+001,-019
+001,-019
+001,-019
+001,-019
+001,-019
+001,-019
+001,-019
+001,-019
+001,-019
+001,-019
+001,-016
+001,-016
+001,-017
+001,-017
+001,-017
+001,-017
+001,-017
+001,-017
+001,-017
+001,-017
+001,-017
+001,-017
+001,-017
+001,-017
+001,-017
+001,-017
+001,-017
+001,-014
+001,-015
+001,-015
+001,-015
+001,-015
+001,-015
+001,-015
+001,-015
+001,-015
+001,-015
+001,-015
+001,-015
+001,-015
+001,-015
+001,-015
+001,-015
+001,-015
+001,-015
+001,-015
+001,-015
+001,-015
+001,-015
+001,-015
+001,-015
+001,-015
+001,-015
+001,-015
+001,-015
+001,-015
+001,-015
+003,-015
+003,-015
+003,-015
+003,-015
+003,-015
+003,-015
+003,-015
+003,-015
+003,-016
+003,-016
+003,-016
+003,-016
+003,-016
+003,-016
+003,-016
+003,-016
+003,-016
+003,-016
+003,-016
+005,-016
+005,-016
+005,-016
+005,-016
+005,-016
+005,-016
+005,-016
+005,-016
+007,-016
+007,-016
+007,-016
+007,-016
+007,-016
+007,-016
+007,-016
+007,-016
+007,-016
+007,-016
+007,-016
+007,-016
+009,-016
+009,-016
+009,-016
+009,-016
+009,-016
+009,-016
+009,-016
+009,-016
+011,-016
+011,-016
+011,-016
+011,-016
+011,-016
+011,-016
+011,-016
+012,-016
+012,-016
+012,-016
-013,-016
-013,-016
-013,-016
-013,-013
-013,-014
-013,-014
-014,-014
-014,-014
-014,-014
-015,-014
-015,-014
-015,-014
-015,-014
-016,-014
-016,-014
-016,-014
-016,-014
-016,-014
-016,-014
-017,-014
-017,-014
-017,-014
-017,-014
-017,-014
-017,-014
-017,-014
-017,-014
-017,-014
-017,-014
-017,-014
-017,-014
-017,-014
-017,-014
-017,-014
-017,-014
-017,-014
-017,-014
-017,-014
-017,-014
-017,-014
-017,-014
-017,-014
-017,-014
-017,-014
-017,-014
-017,-014
-017,-014
-017,-014
-017,-014
-017,-014
-017,-014
-017,-014
-017,-014
-017,-014
-017,-014
-017,-015
-017,-015
-017,-015
-017,-015
-017,-015
-017,-015
-017,-015
-017,-015
-017,-015
-017,-015
-017,-015
-017,-015
-017,-015
-017,-015
-017,-015
-017,-015
-017,-015
-017,-015
-017,-015
-017,-015
-017,-015
-017,-015
-017,-015
-017,-015
-017,-015
-017,-015
-017,-015
-017,-015
-017,-015
-017,-015
-017,-015
-017,-015
-017,-015
-017,-015
-017,-015
-017,-015
-017,-015
-017,-015
-017,-015
-017,-015
-017,-015
-017,-015
-017,-015
-014,-015
-015,-015
-015,-015
-015,-015
-015,-015
-015,-015
-015,-015
-015,-015
-015,-015
-015,-015
-015,-015
-015,-015
-015,-015
-015,-015
-015,-015
-015,-015
-015,-015
-015,-015
-015,-015
-015,-015
-015,-015
-015,-015
-015,-015
-015,-015
-015,-015
-015,-015
-015,-015
-015,-015
-015,-015
-015,-015
-015,-016
-015,-016
-015,-016
-015,-016
-015,-016
-015,-016
-015,-016
-015,-016
-015,-016
-015,-016
-015,-016
-015,-016
-015,-016
-015,-016
-015,-016
-015,-016
-015,-016
-015,-016
-015,-013
-015,-013
-015,-014
-015,-014
-015,-014
-015,-014
-015,-014
-015,-014
-015,-014
-015,-014
-015,-014
-015,-014
-015,-014
-015,-014
-015,-014
-015,-014
-015,-014
-015,-014
-015,-014
-015,-014
-015,-014
-015,-014
-015,-014
-015,-014
-015,-014
-015,-014
-015,-014
-015,-014
+012,-014
+012,-014
+012,-014
+012,-014
+012,-014
+012,-014
+012,-014
+012,-014
+012,-014
+012,-014
+012,-014
+012,-014
+012,-011
+012,-011
+012,-012
+012,-012
+012,-012
+012,-012
+012,-012
+012,-012
+012,-012
+010,-012
+010,-012
+010,-012
+010,-012
+010,-012
+010,-009
+008,-010
+008,-010
+008,-010
+008,-010
+008,-010
+008,-010
+008,-010
+006,-010
+006,-010
+006,-010
+006,-010
+006,-010
+006,-010
+006,-010
+006,-010
+006,-010
+006,-010
+004,-010
+004,-010
+004,-010
+004,-010
+004,-010
+004,-010
+004,-010
+004,-010
+004,-010
+004,-010
+004,-010
+004,-010
+004,-010
+004,-010
+004,-010
+004,-010
+002,-010
+002,-010
+002,-010
+002,-010
+002,-010
+002,-010
+002,-010
+002,-010
+002,-010
+002,-010
+002,-010
+002,-010
+002,-010
+002,-010
+002,-010
+002,-010
+002,-010
+000,-010
+000,-010
+000,-010
+000,-010
+000,-010
+000,-010
+000,-010
+000,-010
+000,-010
+000,-010
+000,-010
+000,-010
+000,-010
+000,-010
+002,-010
+002,-010
+002,-010
+002,-010
+002,-010
+002,-010
+002,-010
+002,-010
+002,-010
+002,-010
+002,-010
+002,-010
+002,-010
+002,-010
+002,-010
+002,-010
+002,-010
+002,-010
+002,-010
+002,-010
+002,-010
+002,-010
+002,-010
+002,-011
+002,-011
+002,-011
+002,-011
+002,-011
+002,-011
+002,-011
+002,-011
+002,-011
+002,-011
+002,-011
+002,-011
+002,-011
+002,-011
+002,-011
+002,-011
+002,-011
+002,-011
+002,-011
+002,-011
+002,-011
+002,-011
+002,-012
+002,-012
+002,-012
+002,-012
+002,-012
+002,-012
+002,-012
+002,-012
+002,-012
+002,-012
+002,-012
+002,-012
+002,-012
+002,-012
+002,-012
+002,-012
+002,-012
+000,-012
+000,-012
+000,-012
+000,-013
+000,-013
+000,-013
+000,-013
+000,-013
+000,-013
+000,-013
+000,-013
+000,-013
+000,-013
+000,-013
+000,-013
+000,-014
+002,-014
+002,-014
+002,-014
+002,-014
+002,-014
+002,-014
+002,-014
+002,-014
+002,-014
+002,-014
+002,-014
+002,-014
+002,-014
+002,-015
+002,-015
+002,-015
+002,-015
+002,-015
+002,-015
+002,-015
+002,-015
+002,-016
+002,-016
+002,-016
+002,-016
+002,-016
+002,-017
+002,-017
+002,-018
+002,-018
+002,-018
+002,-018
+002,-018
+002,-018
+002,-018
+002,-019
+002,-019
+002,-019
+002,-019
+002,-019
+002,-019
+002,-019
+002,-019
+002,-019
+002,-019
+002,-020
+002,-020
+002,-020
+002,-020
+002,-020
+002,-020
+002,-020
+002,-020
+002,-020
+002,-020
+002,-020
+002,-020
+002,-020
+002,-021
+002,-021
+002,-021
+002,-021
+002,-021
+002,-021
+002,-021
+002,-022
+002,-022
+002,-022
+000,-022
+000,-022
+000,-022
+000,-022
+000,-022
+000,-022
+000,-022
+000,-022
+000,-022
+000,-022
+000,-022
+000,-022
+000,-022
+000,-022
+000,-023
+000,-023
+000,-023
+000,-023
+000,-023
+000,-023
+000,-023
+000,-023
+000,-023
+000,-023
+000,-023
+000,-023
+000,-024
+000,-024
+000,-024
+000,-024
+002,-024
+002,-024
+002,-024
+002,-024
+002,-024
+002,-024
+002,-024
+002,-024
+002,-024
+002,-024
+002,-024
+002,-025
+002,-025
+002,-025
+002,-025
+002,-025
+002,-025
+002,-025
+002,-025
+002,-025
+002,-025
+004,-025
+004,-025
+004,-025
+004,-025
+004,-025
+004,-025
+004,-025
+004,-025
+004,-025
+004,-025
+004,-025
+004,-025
+004,-025
+004,-025
+004,-025
+004,-025
+004,-025
+004,-025
+004,-025
+004,-025
+004,-025
+004,-025
+004,-025
+004,-025
+004,-025
+004,-025
+004,-025
+004,-025
+004,-025
+004,-025
+004,-025
+004,-025
+004,-025
+004,-025
+004,-025
+004,-025
+004,-025
+004,-025
+004,-025
+004,-025
+004,-025
+004,-025
+004,-025
+004,-025
+004,-025
+004,-025
+004,-025
+004,-025
+004,-025
+004,-025
+004,-025
+004,-025
+004,-025
+004,-025
+004,-025
+004,-025
+004,-025
+004,-025
+004,-025
+004,-025
+004,-025
+004,-025
+004,-025
+004,-025
+004,-025
+004,-025
+004,-025
+004,-025
+004,-025
+004,-025
+004,-025
+004,-022
+004,-023
+004,-023
+004,-023
+004,-023
+004,-023
+004,-023
+004,-023
+004,-023
+004,-023
+004,-023
+004,-023
+004,-023
+004,-023
+004,-023
+004,-023
+004,-023
+004,-023
+004,-023
+004,-023
+004,-023
+004,-023
+004,-023
+004,-023
+004,-023
+004,-023
+004,-023
+004,-023
+004,-023
+004,-023
+002,-023
+002,-023
+002,-023
+002,-023
+002,-023
+002,-023
+000,-023
+000,-020
+000,-021
+000,-021
+000,-021
+000,-021
+002,-021
+002,-021
+002,-021
+002,-021
+002,-021
+002,-021
+002,-021
+002,-021
+002,-021
+004,-021
+004,-021
+004,-021
+004,-021
+004,-021
+006,-021
+006,-021
+006,-021
+006,-021
+006,-021
+006,-021
+006,-021
+006,-021
+006,-021
+006,-021
+006,-021
+008,-021
+008,-021
+008,-021
+008,-021
+008,-021
+008,-021
+008,-021
+008,-018
+008,-019
+008,-019
+008,-019
+008,-019
+008,-019
+008,-019
+008,-019
+008,-019
+008,-019
+008,-019
+008,-020
+008,-020
+008,-020
+008,-020
+008,-020
+008,-020
+008,-020
+008,-020
+010,-021
+010,-021
+010,-021
+010,-021
+010,-021
+010,-021
+010,-021
+010,-021
+010,-021
+010,-021
+010,-021
+010,-021
+010,-021
+010,-021
+010,-021
+010,-021
+010,-021
+010,-021
+010,-021
+010,-021
+010,-021
+010,-021
+010,-022
+010,-022
+010,-022
+010,-022
+010,-022
+010,-022
+010,-022
+010,-022
+010,-022
+010,-022
+010,-022
+010,-022
+010,-022
+010,-022
+010,-023
+010,-023
+010,-023
+010,-023
+010,-023
+010,-023
+010,-023
+010,-023
+010,-023
+010,-023
+010,-024
+010,-024
+010,-024
+010,-024
+010,-024
+010,-024
+010,-024
+010,-024
+010,-024
+010,-024
+010,-025
+010,-025
+010,-025
+010,-025
+010,-025
+010,-025
+010,-025
+010,-025
+008,-025
+008,-025
+008,-025
+008,-025
+008,-025
+008,-025
+008,-025
+008,-025
+006,-025
+006,-025
+006,-025
+006,-025
+006,-025
+006,-025
+006,-025
+006,-025
+006,-025
+006,-025
+006,-025
+006,-025
+006,-025
+004,-025
+004,-025
+004,-025
+004,-025
+004,-025
+004,-025
+004,-025
+004,-025
+004,-025
+004,-025
+002,-025
+002,-025
+002,-025
+002,-025
+002,-025
+002,-025
+000,-025
+000,-025
+000,-025
+000,-025
+000,-025
+000,-025
+000,-025
+000,-025
+000,-022
+000,-023
+000,-023
+000,-023
+000,-023
+000,-023
+000,-023
+000,-023
+000,-023
+000,-023
+000,-023
+000,-023
+000,-023
+000,-020
+000,-020
+000,-021
+000,-021
+000,-021
+000,-021
+000,-021
+000,-021
+000,-021
+000,-021
+000,-021
+000,-021
+000,-021
+000,-021
+000,-021
+000,-021
+000,-021
+000,-021
+000,-021
+000,-021
+000,-021
+000,-021
+000,-021
+000,-021
+000,-021
+000,-021
+000,-021
+000,-021
+000,-021
+002,-021
+002,-021
+002,-021
+002,-021
+002,-018
+002,-019
+002,-019
+002,-019
+002,-019
+002,-019
+002,-019
+002,-019
+002,-019
+002,-019
+002,-019
+002,-019
+002,-019
+002,-019
+002,-019
+002,-019
+002,-019
+002,-019
+002,-019
+002,-019
+002,-019
+002,-019
+002,-019
+002,-019
+002,-016
+002,-017
+002,-017
+002,-017
+004,-017
+004,-017
+004,-017
+004,-017
+004,-017
+004,-017
+004,-017
+004,-017
+004,-017
+004,-017
+006,-017
+006,-017
+006,-017
+006,-017
+006,-017
+006,-017
+006,-017
+006,-017
+006,-017
+008,-017
+008,-017
+008,-017
+008,-017
+008,-017
+010,-017
+010,-017
+010,-017
+010,-017
+010,-017
+010,-017
+010,-017
+012,-017
+012,-017
+012,-017
+012,-017
+012,-017
-013,-017
-013,-017
-013,-017
-013,-017
-014,-017
-014,-017
-014,-017
-015,-017
-015,-017
-015,-017
-015,-017
-015,-017
-015,-017
-015,-017
-015,-017
-015,-017
-015,-017
-015,-017
-015,-017
-016,-017
-016,-017
-016,-017
-016,-017
-016,-017
-016,-017
-016,-017
-016,-017
-016,-017
-016,-017
-016,-017
-016,-017
-016,-017
-016,-017
-016,-017
-016,-017
-016,-017
-016,-017
-016,-017
-016,-017
-016,-018
-016,-018
-016,-018
-016,-018
-016,-018
-016,-018
-016,-018
-016,-018
-016,-018
-016,-018
-016,-018
-016,-018
-016,-018
-016,-018
-016,-018
-016,-018
-016,-018
-016,-018
-016,-018
-016,-018
-016,-018
-016,-018
-016,-018
-016,-018
-016,-018
-016,-018
-016,-018
-016,-018
-016,-018
-016,-018
-016,-018
-016,-018
-016,-018
-016,-018
-016,-015
-016,-016
-016,-016
-016,-016
-016,-016
-016,-016
-016,-016
-016,-016
-016,-016
-016,-016
-016,-016
-016,-016
-016,-016
-016,-016
-016,-016
-016,-016
-016,-016
-017,-016
-017,-016
-017,-016
-017,-016
-017,-016
-017,-016
-017,-013
-017,-013
-017,-014
-017,-014
-017,-014
-017,-014
-017,-014
-017,-014
-017,-014
-017,-014
-017,-014
-017,-014
-017,-014
-017,-014
-017,-014
-018,-014
-018,-014
-018,-014
-018,-014
-018,-014
-018,-014
-018,-014
-018,-014
-018,-014
-018,-014
-018,-014
-019,-014
-020,-011
-020,-012
-020,-012
-020,-012
-020,-012
-020,-012
-020,-012
-020,-012
-020,-012
-020,-012
-020,-012
-020,-012
-020,-012
-020,-012
-020,-012
-020,-012
-020,-012
-020,-012
-020,-012
-020,-012
-020,-012
-020,-012
-020,-012
-021,-012
-021,-012
-021,-012
-021,-012
-021,-012
-021,-012
-021,-012
-021,-012
-021,-012
-021,-012
-021,-012
-021,-012
-021,-012
-021,-012
-021,-012
-021,-012
-021,-012
-021,-012
-021,-012
-018,-012
-019,-009
-019,-009
-019,-011
-019,-011
-019,-011
-019,-011
-019,-011
-019,-011
-016,-011
-016,-011
-016,-011
-016,-011
-016,-011
-016,-011
-016,-011
-016,-011
-016,-011
-016,-011
-016,-011
-016,-011
-016,-011
-016,-011
-016,-011
-016,-011
-013,-011
-013,-011
-013,-011
-013,-011
-013,-011
-013,-011
-013,-011
-013,-011
-013,-008
-013,-009
-013,-009
-013,-009
-013,-009
-013,-009
-013,-009
-013,-009
-013,-009
+011,-009
+011,-009
+011,-009
+011,-009
+011,-009
+011,-009
+011,-009
+011,-009
+011,-009
+011,-009
+011,-009
+009,-009
+009,-009
+009,-009
+009,-009
+009,-009
+009,-009
+009,-009
+009,-009
+009,-009
+009,-009
+009,-009
+009,-009
+009,-009
+009,-009
+009,-009
+009,-009
+009,-009
+007,-009
+007,-009
+007,-009
+007,-009
+007,-009
+007,-009
+007,-009
+007,-009
+007,-009
+007,-009
+007,-009
+007,-009
+007,-009
+007,-009
+005,-009
+005,-009
+005,-009
+005,-009
+005,-009
+005,-009
+005,-009
+005,-009
+005,-009
+005,-009
+005,-009
+005,-009
+005,-009
+005,-009
+005,-009
+005,-009
+005,-009
+005,-009
+005,-009
+005,-009
+005,-009
+005,-009
+005,-010
+005,-010
+005,-010
+005,-010
+005,-011
+005,-011
+005,-011
+005,-011
+005,-011
+005,-011
+005,-011
+005,-011
+005,-011
+005,-012
+005,-012
+005,-012
+005,-012
+005,-013
+005,-013
+005,-013
+005,-013
+005,-014
+005,-014
+005,-015
+005,-015
+005,-015
+005,-015
+005,-016
+005,-016
+007,-016
+007,-016
+007,-016
+007,-016
+007,-016
+007,-017
+007,-017
+007,-017
+007,-018
+007,-018
+007,-018
+007,-018
+007,-018
+007,-018
+007,-018
+007,-018
+007,-019
+007,-019
+007,-019
+007,-019
+007,-019
+007,-020
+007,-020
+007,-020
+007,-020
+007,-020
+007,-020
+007,-020
+007,-021
+007,-021
+009,-021
+009,-021
+009,-021
+009,-021
+009,-021
+009,-022
+009,-022
+009,-022
+009,-022
+009,-022
+009,-022
+009,-022
+009,-022
+009,-022
+009,-022
+009,-022
+009,-022
+009,-022
+009,-022
+009,-022
+009,-022
+009,-022
+009,-022
+009,-022
+009,-022
+009,-022
+009,-022
+009,-022
+009,-022
+009,-022
+009,-022
+009,-022
+009,-022
+009,-022
+009,-022
+009,-022
+009,-022
+009,-022
+009,-022
+009,-022
+009,-022
+009,-022
+009,-022
+009,-022
+009,-022
+009,-022
+009,-022
+009,-022
+009,-022
+009,-022
+009,-022
+009,-022
+009,-022
+009,-022
+009,-022
+009,-022
+009,-022
+009,-022
+009,-022
+009,-022
+009,-022
+009,-022
+009,-022
+009,-022
+009,-022
+009,-022
+009,-022
+009,-022
+009,-022
+009,-022
+009,-019
+009,-020
+009,-020
+009,-020
+009,-020
+009,-020
+009,-020
+009,-020
+009,-020
+009,-020
+009,-020
+009,-020
+009,-020
+009,-020
+009,-020
+009,-020
+009,-017
+009,-017
+009,-018
+009,-018
+009,-018
+009,-018
+009,-018
+009,-018
+009,-018
+009,-018
+009,-018
+009,-018
+009,-018
+009,-018
+009,-018
+009,-018
+009,-018
+009,-018
+009,-018
+009,-018
+009,-018
+009,-018
+009,-018
+009,-015
+009,-015
+009,-015
+009,-015
+007,-015
+007,-015
+007,-015
+007,-015
+007,-015
+007,-015
+007,-015
+007,-015
+007,-015
+007,-015
+007,-015
+007,-015
+005,-016
+005,-016
+005,-016
+005,-016
+005,-016
+005,-016
+005,-016
+005,-016
+005,-016
+005,-016
+005,-016
+005,-016
+005,-016
+005,-016
+005,-016
+005,-016
+005,-016
+003,-016
+003,-016
+003,-016
+003,-016
+003,-016
+003,-016
+003,-016
+003,-016
+003,-016
+003,-016
+003,-016
+003,-016
+003,-016
+003,-016
+003,-016
+003,-016
+003,-016
+001,-016
+001,-016
+001,-016
+001,-016
+001,-016
+001,-016
+001,-016
+001,-016
+001,-016
+001,-016
+001,-016
+001,-016
+001,-016
+001,-016
+001,-016
+001,-016
+001,-016
+001,-016
+001,-016
+001,-016
+001,-016
+001,-016
+001,-016
+001,-016
+001,-016
+001,-016
+001,-016
+001,-016
+001,-016
+001,-016
+001,-016
+001,-016
+001,-016
+001,-016
+001,-016
+001,-016
+001,-016
+001,-016
+001,-016
+001,-016
+001,-016
+001,-016
+001,-016
+001,-016
+001,-016
+001,-016
+001,-016
+001,-016
+001,-016
+001,-016
+001,-016
+001,-016
+001,-016
+001,-016
+001,-016
+001,-016
+001,-017
+001,-017
+001,-017
+001,-017
+001,-018
+001,-018
+001,-018
+001,-018
+001,-018
+001,-018
+001,-018
+001,-018
+001,-018
+001,-019
+001,-019
+003,-019
+003,-019
+003,-019
+003,-019
+003,-019
+003,-019
+003,-019
+003,-019
+003,-019
+005,-019
+005,-019
+005,-019
+005,-019
+005,-019
+005,-019
+005,-019
+005,-019
+005,-019
+005,-019
+005,-019
+005,-019
+005,-019
+005,-019
+005,-019
+005,-019
+005,-019
+005,-019
+005,-019
+005,-019
+005,-019
+005,-019
+005,-019
+005,-019
+005,-019
+005,-019
+005,-019
+005,-019
+005,-019
+005,-019
+005,-019
+005,-019
+005,-019
+005,-019
+005,-019
+005,-019
+005,-019
+005,-019
+005,-019
+005,-019
+005,-019
+005,-019
+005,-019
+005,-019
+005,-019
+003,-019
+003,-019
+003,-019
+003,-019
+003,-019
+003,-019
+003,-019
+003,-019
+003,-019
+003,-019
+003,-019
+003,-019
+003,-019
+003,-019
+001,-019
+001,-019
+001,-019
+001,-019
+001,-019
+001,-019
+001,-019
+001,-019
+001,-019
+001,-019
+001,-019
+001,-019
+001,-019
+001,-019
+001,-016
+001,-016
+001,-016
+001,-016
+001,-016
+001,-016
+001,-016
+001,-016
+001,-016
+001,-016
+001,-016
+001,-016
+001,-016
+001,-016
+001,-016
+001,-016
+001,-016
+001,-016
+001,-016
+001,-016
+001,-016
+001,-016
+001,-016
+001,-016
+001,-016
+001,-016
+001,-016
+001,-016
+001,-016
+001,-016
+001,-016
+001,-016
+001,-016
+001,-016
+001,-016
+001,-016
+001,-016
+001,-016
+001,-016
+001,-016
+001,-016
+001,-016
+001,-016
+001,-016
+001,-016
+001,-016
+001,-016
+001,-016
+001,-016
+001,-016
+001,-016
+001,-016
+001,-016
+001,-016
+001,-016
+001,-016
+001,-016
+001,-016
+001,-016
+001,-016
+001,-016
+001,-016
+001,-016
+001,-016
+001,-016
+001,-016
+001,-016
+001,-016
+001,-016
+001,-016
+001,-016
+001,-016
+001,-016
+001,-016
+001,-016
+001,-016
+001,-016
+001,-016
+001,-016
+001,-016
+001,-016
+001,-016
+001,-016
+001,-016
+001,-016
+001,-016
+001,-016
+001,-016
+001,-016
+001,-016
+001,-016
+001,-016
+001,-016
+001,-016
+001,-016
+001,-016
+001,-016
+001,-016
+001,-016
+001,-016
+001,-016
+001,-016
+001,-016
+001,-016
+001,-016
+001,-016
+001,-016
+001,-016
+001,-016
+001,-016
+001,-016
+001,-016
+001,-016
+001,-016
+001,-016
+001,-016
+001,-017
+001,-017
+001,-017
+001,-017
+001,-017
+001,-017
+001,-017
+001,-017
+001,-017
+001,-017
+001,-017
+001,-017
+001,-017
+001,-017
+001,-018
+001,-018
+001,-018
+001,-018
+001,-018
+001,-018
+001,-018
+001,-018
+001,-018
+001,-018
+001,-018
+001,-018
+001,-018
+001,-018
+001,-018
+003,-018
+003,-018
+003,-018
+003,-018
+003,-018
+003,-018
+003,-018
+003,-018
+003,-018
+003,-018
+003,-018
+003,-018
+003,-018
+003,-018
+003,-018
+003,-018
+003,-018
+003,-018
+003,-018
+003,-018
+003,-018
+005,-018
+005,-018
+005,-018
+005,-018
+005,-018
+005,-018
+005,-018
+005,-018
+005,-018
+005,-018
+005,-018
+005,-018
+005,-018
+005,-018
+005,-018
+005,-018
+005,-018
+005,-018
+005,-018
+005,-018
+005,-018
+005,-018
+005,-018
+005,-018
+007,-018
+007,-018
+007,-018
+007,-018
+007,-018
+007,-018
+007,-018
+007,-018
+007,-018
+007,-018
+007,-018
+007,-018
+007,-018
+007,-018
+007,-018
+007,-018
+007,-018
+007,-018
+007,-018
+007,-018
+007,-018
+007,-018
+007,-018
+007,-018
+007,-018
+007,-018
+007,-018
+007,-018
+007,-018
+007,-018
+007,-018
+007,-018
+007,-018
+007,-018
+007,-018
+009,-018
+009,-018
+009,-018
+009,-018
+009,-018
+009,-018
+009,-018
+009,-018
+009,-018
+009,-018
+009,-018
+009,-018
+009,-018
+009,-018
+009,-018
+009,-018
+009,-018
+011,-018
+011,-018
+011,-018
+011,-018
+011,-019
+011,-019
+011,-019
+011,-019
+011,-019
+011,-019
+011,-019
+011,-020
+011,-020
+011,-020
COP Area(S): 000343
COP Area(R): 000672