+000,-000
+000,-000
+000,-000
+000,-000
+000,-000
+000,-000
+000,-000
+000,-000
+000,-000
+000,-000
+000,-000
+000,-000
+000,-000
+000,-000
+000,-000
+000,-000
+002,-000
+002,-000
+002,-000
+002,-000
+002,-000
+002,-000
+002,-000
+002,-000
+002,-000
+002,-000
+002,-000
+002,-000
+002,-000
+002,-000
+002,-000
+002,-000
+002,-000
+002,-000
+002,-000
+002,-000
+004,-000
+004,-000
+004,-000
+004,-000
+004,-000
+004,-000
+004,-000
+004,-000
+004,-000
+004,-000
+004,-000
+004,-000
+004,-000
+004,-000
+004,-000
+004,-000
+004,-000
+004,-000
+004,-000
+004,-000
+004,-000
+004,-000
+004,-000
+006,-000
+006,-000
+006,-000
+006,-000
+006,-000
+006,-000
+006,-000
+006,-000
+006,-000
+006,-000
+006,-000
+006,-000
+006,-000
+008,-000
+008,-000
+008,-000
+008,-000
+008,-000
+008,-000
+008,-000
+008,-000
+008,-000
+008,-000
+008,-000
+008,-000
+008,-000
+008,-000
+008,-000
+008,-000
+008,-000
+010,-000
+010,-000
+010,-000
+010,-000
+010,-000
+010,-000
+010,-000
+010,-000
+010,-000
+010,-000
+012,-000
+012,-000
+012,-001
+012,-001
+012,-001
+012,-001
+012,-001
+012,-001
+012,-001
+012,-001
+012,-001
+012,-001
+012,-001
+012,-001
+012,-001
+012,-002
+014,-002
+014,-002
+014,-002
+014,-002
+014,-002
+014,-002
+014,-002
+014,-002
+014,-002
+014,-002
+014,-002
+014,-002
+014,-002
+014,-002
+014,-002
+014,-002
+014,-002
+014,-002
+014,-002
+014,-002
+014,-002
+014,-002
+014,-002
+014,-002
+014,-002
+014,-002
+014,-002
+014,-002
+014,-002
+014,-002
+014,-002
+014,-002
+014,-002
+014,-002
+016,-002
+016,-002
+016,-002
+016,-002
+016,-002
+016,-002
+016,-002
+016,-001
+016,-001
+016,-001
+016,-001
+016,-001
+016,-001
+016,-001
+016,-001
+016,-001
+016,-001
+016,-001
+016,-001
+016,-001
+016,-001
+016,-001
+016,-001
+018,-004
+018,-004
+018,-004
+018,-004
+018,-004
+018,-004
+018,-004
+018,-004
+018,-004
+018,-004
+018,-004
+020,-004
+020,-004
+020,-007
+020,-007
+020,-007
+020,-007
+020,-007
+020,-007
+020,-007
+020,-007
+020,-007
+020,-007
+020,-007
+020,-007
+020,-007
+020,-007
+020,-007
+020,-007
+020,-007
+020,-007
+020,-010
+020,-009
+020,-009
+020,-009
+020,-009
+020,-009
+020,-009
+020,-009
+020,-009
+020,-009
+020,-009
+020,-009
+020,-009
+020,-012
+020,-012
+020,-011
+020,-011
+020,-011
+018,-011
+018,-011
+018,-011
+018,-011
+018,-011
+018,-011
+018,-011
+018,-011
+018,-011
+018,-011
+016,-011
+016,-011
+016,-011
+016,-011
+016,-011
+016,-011
+016,-011
+016,-011
+016,-011
+014,-011
+014,-011
+014,-011
+014,-011
+014,-011
+014,-011
+014,-011
+012,-011
+012,-011
+012,-011
+012,-011
+012,-011
+012,-011
+012,-011
+012,-011
+012,-011
+012,-011
+012,-011
+012,-011
+012,-011
+012,-011
+010,-010
+010,-010
+010,-010
+010,-010
+010,-010
+010,-010
+010,-009
+010,-009
+010,-009
+010,-009
+010,-009
+010,-009
+010,-009
+010,-009
+010,-008
+010,-008
+010,-008
+010,-008
+010,-008
+010,-008
+010,-008
+010,-008
+010,-008
+010,-007
+010,-007
+010,-007
+010,-007
+010,-007
+010,-007
+010,-006
+008,-006
+008,-006
+008,-006
+008,-006
+008,-006
+008,-006
+008,-005
+008,-005
+008,-005
+008,-005
+008,-005
+008,-005
+008,-005
+008,-005
+008,-005
+008,-004
+008,-004
+008,-004
+008,-004
+008,-004
+008,-004
+008,-004
+008,-004
+008,-004
+008,-004
+008,-003
+008,-003
+008,-003
+008,-003
+008,-003
+008,-003
+008,-003
+008,-003
+008,-003
+008,-003
+008,-003
+008,-003
+008,-003
+008,-003
+008,-003
+008,-002
+008,-002
+008,-002
+008,-002
+008,-002
+008,-002
+008,-002
+008,-002
+008,-002
+008,-002
+008,-002
+008,-002
+008,-002
+010,-002
+010,-002
+010,-002
+010,-002
+010,-002
+010,-002
+010,-002
+010,-002
+010,-002
+010,-002
+010,-002
+010,-002
+012,-002
+012,-002
+012,-002
+012,-002
+012,-002
+012,-002
+012,-002
+012,-002
+012,-002
+012,-002
+014,-002
+014,-002
+014,-002
+014,-002
+014,-002
+014,-002
+014,-002
+014,-002
+014,-002
+014,-002
+014,-002
+014,-002
+014,-002
+014,-002
+014,-002
+014,-002
+014,-002
+014,-002
+014,-002
+014,-002
+014,-002
+014,-002
+014,-002
+014,-002
+014,-002
+014,-002
+014,-002
+014,-002
+014,-002
+014,-002
+014,-002
+014,-002
+014,-002
+014,-002
+014,-002
+014,-002
+014,-002
+012,-002
+012,-002
+012,-002
+012,-002
+012,-002
+012,-002
+012,-002
+012,-002
+012,-002
+012,-002
+012,-002
+012,-002
+012,-002
+012,-002
+012,-001
+012,-001
+012,-001
+012,-001
+012,-001
+012,-001
+012,-001
+012,-001
+012,-001
+012,-001
+012,-001
+012,-001
+012,-001
+012,-001
+012,-000
+012,-000
+012,-000
+010,-000
+010,-000
+010,-000
+010,-000
+010,-001
+010,-001
+010,-001
+010,-001
+010,-001
+010,-001
+010,-001
+010,-001
+010,-001
+010,-001
+010,-001
+010,-001
+010,-001
+010,-001
+010,-001
+010,-001
+010,-001
+010,-001
+010,-001
+010,-001
+010,-001
+010,-001
+010,-001
+010,-001
+010,-001
+010,-001
+010,-001
+010,-001
+010,-001
+010,-001
+010,-001
+010,-001
+010,-001
+010,-001
+010,-001
+010,-001
+010,-001
+010,-001
+010,-001
+010,-001
+010,-001
+010,-001
+010,-001
+010,-001
+010,-001
+010,-001
+010,-001
+010,-001
+010,-001
+010,-001
+010,-001
+010,-001
+010,-001
+010,-001
+010,-001
+010,-001
+010,-001
+008,-001
+008,-001
+008,-001
+008,-001
+008,-001
+008,-001
+008,-001
+008,-001
+008,-001
+008,-001
+008,-001
+008,-001
+008,-001
+008,-001
+008,-001
+008,-001
+008,-001
+008,-001
+008,-001
+008,-001
+008,-001
+008,-001
+008,-001
+008,-001
+008,-001
+008,-001
+008,-001
+008,-001
+008,-001
+008,-001
+008,-001
+008,-001
+008,-001
+006,-001
+006,-001
+006,-001
+006,-001
+006,-001
+006,-001
+006,-001
+006,-001
+006,-001
+006,-001
+006,-001
+006,-001
+006,-001
+006,-001
+006,-001
+006,-001
+006,-001
+006,-001
+006,-001
+006,-001
+004,-002
+004,-002
+004,-002
+004,-002
+004,-002
+004,-002
+004,-002
+004,-002
+004,-002
+004,-002
+002,-002
+002,-002
+002,-002
+002,-003
+002,-003
+002,-003
+002,-003
+002,-003
+002,-003
+002,-003
+002,-003
+002,-003
+002,-003
+002,-003
+002,-003
+002,-003
+002,-003
+000,-003
+000,-003
+000,-003
+000,-003
+000,-003
+000,-003
+000,-003
+000,-003
+000,-003
+000,-003
+000,-003
+000,-003
+000,-003
+000,-003
+000,-003
+000,-003
+000,-003
+000,-003
+000,-003
+000,-003
+000,-003
+002,-003
+002,-003
+002,-003
+002,-003
+002,-003
+002,-003
+002,-003
+002,-003
+002,-003
+002,-003
+002,-003
+002,-003
+002,-003
+002,-003
+002,-003
+002,-003
+002,-003
+004,-003
+004,-003
+004,-003
+004,-003
+004,-003
+004,-003
+004,-003
+004,-000
+004,-001
+006,-001
+006,-001
+006,-001
+006,-001
+006,-001
+006,-001
+006,-001
+006,-001
+006,-001
+006,-001
+006,-001
+008,-001
+008,-001
+008,-001
+008,-001
+008,-001
+008,-001
+008,-001
+008,-002
+008,-001
+008,-001
+008,-001
+008,-001
+008,-001
+008,-001
+008,-001
+008,-001
+008,-001
+008,-001
+008,-001
+008,-001
+008,-001
+008,-001
+008,-001
+008,-001
+008,-001
+008,-001
+008,-001
+008,-001
+008,-001
+008,-001
+008,-001
+008,-001
+008,-001
+008,-001
+008,-001
+008,-001
+008,-001
+008,-001
+008,-001
+008,-001
+008,-001
+008,-001
+008,-001
+008,-001
+008,-001
+008,-001
+008,-001
+008,-001
+008,-001
+008,-001
+008,-001
+008,-001
+008,-001
+008,-001
+008,-001
+008,-001
+008,-001
+008,-001
+008,-001
+008,-001
+008,-001
+008,-001
+008,-001
+008,-001
+008,-001
+008,-001
+008,-001
+008,-001
+008,-001
+008,-001
+008,-001
+008,-001
+008,-001
+008,-001
+008,-001
+008,-001
+008,-001
+008,-001
+008,-001
+008,-001
+008,-001
+008,-001
+008,-001
+008,-001
+008,-001
+008,-001
+008,-001
+008,-001
+008,-000
+008,-000
+008,-000
+008,-000
+008,-000
+008,-000
+008,-000
+006,-001
+006,-001
+006,-001
+006,-001
+006,-001
+006,-001
+006,-001
+006,-001
+006,-001
+004,-001
+004,-001
+004,-001
+004,-001
+004,-002
+004,-002
+004,-002
+002,-002
+002,-002
+002,-003
+002,-003
+000,-003
+000,-003
+000,-003
+000,-004
+000,-004
+000,-005
+002,-005
+002,-005
+002,-005
+002,-005
+002,-006
+002,-006
+002,-006
+002,-007
+004,-007
+004,-007
+004,-007
+004,-007
+004,-007
+004,-007
+004,-007
+004,-007
+004,-007
+004,-007
+004,-007
+004,-007
+004,-007
+004,-007
+004,-007
+004,-007
+004,-007
+004,-007
+004,-007
+004,-007
+004,-007
+002,-007
+002,-007
+002,-007
+002,-007
+002,-007
+002,-007
+002,-007
+002,-007
+002,-007
+002,-007
+002,-007
+002,-007
+000,-007
+000,-007
+000,-007
+000,-007
+000,-004
+000,-004
+000,-004
+000,-004
+000,-004
+002,-004
+002,-004
+002,-004
+002,-004
+002,-004
+002,-004
+002,-004
+002,-004
+002,-004
+002,-004
+002,-004
+002,-004
+004,-004
+004,-004
+004,-004
+004,-004
+004,-004
+004,-004
+004,-004
+004,-004
+004,-004
+004,-004
+004,-004
+004,-004
+004,-004
+004,-004
+004,-004
+004,-004
+004,-004
+004,-004
+004,-004
+004,-004
+004,-004
+004,-004
+004,-004
+004,-004
+004,-004
+004,-004
+004,-004
+004,-004
+004,-004
+004,-004
+004,-004
+004,-004
+004,-004
+004,-004
+004,-004
+004,-004
+004,-004
+004,-004
+004,-004
+004,-004
+004,-004
+004,-001
+004,-002
+004,-002
+004,-002
+004,-002
+002,-002
+002,-002
+002,-002
+002,-002
+002,-002
+002,-002
+000,-002
+000,-002
+000,-002
+000,-002
+000,-002
+000,-002
+000,-002
+002,-002
+002,-002
+002,-002
+002,-002
+002,-002
+002,-002
+002,-002
+002,-002
+002,-002
+002,-002
+004,-002
+004,-001
+004,-000
+004,-000
+004,-000
+004,-000
+004,-000
+004,-000
+004,-000
+004,-000
+004,-000
+004,-000
+004,-000
+004,-000
+004,-000
+004,-000
+004,-000
+004,-000
+004,-000
+004,-000
+004,-000
+004,-000
+004,-000
+004,-000
+004,-000
+004,-000
+004,-000
+006,-000
+006,-000
+006,-000
+006,-000
+006,-000
+006,-000
+006,-000
+006,-000
+006,-000
+006,-000
+006,-000
+006,-000
+006,-000
+006,-000
+006,-000
+006,-000
+006,-001
+006,-001
+004,-001
+004,-001
+004,-001
+004,-001
+004,-001
+004,-001
+004,-001
+004,-001
+004,-001
+004,-001
+004,-001
+004,-001
+004,-001
+004,-001
+004,-001
+004,-002
+004,-002
+004,-002
+004,-002
+004,-002
+004,-002
+004,-002
+004,-002
+004,-002
+004,-002
+004,-002
+004,-002
+004,-002
+004,-002
+004,-003
+004,-003
+004,-003
+004,-003
+004,-003
+004,-003
+004,-003
+004,-003
+004,-003
+004,-004
+004,-004
+002,-004
+002,-004
+002,-004
+002,-004
+002,-004
+002,-004
+002,-004
+002,-004
+002,-004
+002,-004
+002,-004
+002,-005
+002,-005
+002,-005
+002,-005
+002,-005
+002,-005
+002,-005
+002,-005
+002,-005
+002,-005
+002,-006
+002,-006
+002,-006
+002,-006
+002,-006
+002,-006
+002,-006
+002,-006
+002,-006
+002,-006
+002,-006
+002,-006
+002,-006
+002,-006
+002,-006
+000,-006
+000,-006
+000,-006
+000,-006
+000,-006
+000,-007
+000,-007
+000,-007
+000,-007
+000,-007
+000,-007
+000,-007
+000,-007
+000,-007
+000,-007
+000,-007
+000,-008
+000,-008
+000,-008
+000,-008
+000,-008
+000,-008
+000,-008
+000,-008
+000,-008
+000,-008
+000,-008
+000,-008
+000,-008
+000,-009
+000,-009
+000,-009
+000,-009
+000,-009
+000,-009
+000,-009
+000,-009
+000,-009
+000,-009
+000,-009
+000,-009
+000,-009
+000,-009
+000,-009
+000,-009
+000,-009
+000,-009
+000,-009
+000,-009
+000,-009
+000,-009
+000,-009
+000,-009
+000,-009
+000,-009
+000,-009
+000,-009
+000,-009
+000,-009
+000,-009
+000,-009
+000,-009
+000,-009
+000,-009
+000,-009
+000,-009
+000,-009
+000,-009
+000,-009
+000,-009
+000,-009
+000,-009
+000,-009
+000,-009
+000,-009
+000,-009
+000,-009
+002,-009
+002,-009
+002,-009
+002,-009
+002,-009
+002,-009
+002,-009
+002,-009
+002,-009
+002,-009
+002,-009
+002,-009
+002,-009
+002,-009
+002,-009
+002,-009
+002,-009
+002,-009
+002,-009
+002,-009
+002,-009
+002,-009
+002,-009
+002,-009
+002,-009
+002,-010
+002,-010
+002,-010
+002,-010
+002,-010
+002,-011
+002,-011
+002,-011
+002,-011
+002,-011
+002,-011
+004,-011
+004,-011
+004,-011
+004,-012
+004,-012
+004,-012
+004,-012
+004,-012
+004,-012
+004,-012
+004,-012
+004,-012
+004,-012
+004,-012
+004,-012
+004,-012
+004,-012
+004,-012
+004,-012
+004,-012
+004,-012
+004,-012
+004,-012
+004,-012
+004,-012
+004,-012
+004,-012
+006,-012
+006,-012
+006,-012
+006,-012
+006,-012
+006,-012
+006,-012
+006,-012
+006,-012
+006,-012
+006,-012
+006,-012
+006,-012
+006,-012
+006,-012
+006,-012
+006,-012
+006,-012
+006,-012
+006,-012
+006,-012
+006,-012
+008,-012
+008,-012
+008,-012
+008,-012
+008,-012
+008,-012
+008,-012
+008,-012
+008,-012
+008,-012
+008,-012
+010,-012
+010,-012
+010,-012
+010,-012
+010,-012
+010,-012
+010,-012
+010,-012
+010,-009
+010,-010
+010,-010
+012,-010
+012,-010
+012,-010
+012,-010
+012,-010
+012,-010
+012,-010
+012,-010
+012,-010
+012,-010
+012,-010
+012,-010
+012,-010
+012,-010
+012,-010
+012,-010
+012,-010
+012,-010
+012,-010
+012,-010
+014,-010
+014,-010
+014,-010
+014,-010
+014,-010
+014,-010
+014,-010
+014,-010
+014,-010
+014,-010
+014,-010
+014,-010
+014,-010
+014,-010
+014,-010
+014,-010
+014,-010
+014,-010
+014,-010
+014,-010
+014,-010
+014,-010
+014,-010
+014,-010
+014,-010
+014,-010
+014,-010
+014,-010
+012,-010
+012,-010
+012,-010
+012,-010
+012,-010
+012,-010
+012,-010
+012,-010
+012,-010
+012,-010
+012,-010
+012,-010
+012,-010
+012,-010
+010,-010
+010,-010
+010,-010
+010,-010
+010,-010
+010,-007
+010,-008
+010,-008
+010,-008
+010,-008
+010,-008
+010,-008
+010,-008
+010,-008
+010,-008
+010,-008
+010,-008
+010,-008
+010,-008
+010,-008
+010,-008
+010,-008
+010,-008
+010,-008
+010,-008
+010,-008
+010,-008
+010,-008
+010,-008
+010,-008
+010,-008
+010,-008
+010,-008
+010,-008
+010,-008
+010,-008
+010,-008
+010,-008
+010,-008
+010,-008
+010,-008
+010,-008
+010,-008
+010,-008
+010,-008
+010,-008
+010,-008
+010,-008
+010,-008
+010,-008
+010,-008
+010,-008
+010,-008
+010,-008
+010,-008
+010,-008
+010,-008
+010,-009
+010,-009
+010,-009
+010,-009
+010,-009
+010,-009
+010,-009
+010,-009
+010,-009
+010,-009
+010,-009
+010,-009
+010,-009
+010,-010
+010,-010
+010,-010
+010,-010
+010,-010
+010,-010
+010,-010
+010,-010
+010,-010
+010,-010
+010,-010
+010,-010
+010,-010
+010,-010
+010,-010
+010,-010
+010,-010
+010,-010
+010,-010
+010,-010
+010,-010
+010,-010
+010,-010
+010,-010
+010,-010
+010,-010
+010,-010
+010,-010
+010,-010
+010,-010
+010,-010
+010,-010
+010,-010
+010,-010
+010,-010
+010,-010
+010,-010
+010,-010
+010,-010
+010,-010
+010,-010
+010,-010
+010,-010
+008,-010
+008,-010
+008,-010
+008,-010
+008,-010
+008,-010
+008,-010
+008,-010
+008,-010
+008,-010
+008,-010
+008,-010
+008,-010
+008,-010
+008,-010
+008,-010
+008,-010
+008,-010
+008,-007
+008,-007
+008,-008
+008,-008
+008,-008
+006,-008
+006,-008
+006,-008
+006,-008
+006,-008
+006,-008
+006,-008
+006,-008
+006,-008
+006,-008
+006,-008
+006,-008
+006,-008
+006,-008
+006,-008
+006,-008
+006,-008
+006,-008
+006,-008
+006,-008
+006,-008
+006,-008
+006,-008
+006,-008
+006,-008
+006,-008
+006,-008
+006,-008
+006,-008
+006,-008
+006,-008
+006,-008
+006,-008
+006,-008
+006,-008
+006,-008
+006,-008
+006,-008
+006,-008
+006,-008
+006,-008
+006,-008
+006,-008
+006,-009
+006,-009
+006,-009
+006,-009
+006,-009
+006,-009
+006,-009
+006,-009
+006,-009
+006,-009
+006,-009
+006,-009
+006,-009
+006,-009
+006,-009
+006,-009
+006,-009
+006,-009
+006,-009
+006,-009
+006,-009
+006,-009
+006,-009
+006,-009
+006,-009
+006,-009
+006,-009
+006,-009
+006,-009
+006,-009
+006,-009
+006,-009
+006,-009
+006,-009
+006,-009
+006,-009
+006,-009
+006,-009
+006,-009
+006,-009
+006,-009
+006,-009
+006,-009
+006,-009
+006,-009
+006,-009
+006,-009
+006,-009
+006,-009
+006,-009
+006,-009
+006,-009
+006,-009
+006,-009
+006,-009
+006,-009
+006,-009
+006,-009
+006,-009
+006,-006
+006,-007
+006,-007
+006,-007
+006,-007
+006,-007
+006,-007
+006,-007
+006,-007
+006,-007
+006,-007
+006,-007
+006,-007
+006,-007
+006,-007
+006,-007
+006,-007
+006,-007
+006,-007
+006,-007
+006,-007
+006,-007
+006,-007
+006,-007
+006,-007
+006,-007
+006,-007
+006,-007
+006,-007
+006,-007
+006,-007
+006,-007
+006,-007
+006,-007
+006,-007
+006,-007
+006,-007
+006,-007
+006,-007
+006,-007
+006,-007
+006,-007
+004,-007
+004,-007
+004,-007
+004,-007
+004,-007
+004,-007
+004,-007
+004,-007
+004,-007
+004,-007
+004,-007
+004,-007
+004,-007
+004,-007
+004,-007
+004,-007
+004,-007
+004,-007
+004,-007
+004,-007
+004,-007
+004,-007
+004,-007
+004,-007
+004,-007
+004,-007
+004,-007
+004,-007
+004,-007
+004,-007
+004,-008
+004,-008
+004,-008
+002,-008
+002,-008
+002,-008
+002,-008
+002,-008
+002,-008
+002,-008
+002,-008
+002,-008
+002,-008
+002,-008
+002,-008
+002,-008
+002,-008
+002,-009
+002,-009
+002,-009
+002,-009
+002,-009
+002,-009
+002,-009
+002,-009
+002,-009
+002,-009
+002,-009
+002,-009
+002,-009
+002,-009
+002,-009
+002,-009
+002,-009
+002,-009
+002,-009
+002,-009
+002,-009
+002,-009
+002,-009
+002,-009
+002,-009
+002,-009
+002,-009
+002,-009
+002,-009
+002,-009
+002,-009
+002,-009
+002,-009
+002,-009
+002,-009
+002,-009
+002,-009
+002,-009
+002,-009
+002,-009
+002,-009
+002,-009
+002,-009
+002,-009
+002,-009
+002,-009
+002,-009
+002,-009
+002,-009
+002,-009
+002,-009
+002,-009
+002,-009
+002,-009
+002,-009
+002,-009
+002,-009
+002,-009
+002,-009
+002,-009
+002,-009
+002,-009
+002,-009
+002,-009
+002,-009
+002,-009
+002,-009
+002,-009
+002,-009
+002,-009
+002,-009
+002,-009
+002,-009
+002,-009
+002,-009
+002,-009
+002,-009
+002,-009
+002,-006
+002,-007
+002,-007
+002,-007
+002,-007
+002,-007
+002,-007
+002,-007
+002,-007
+002,-007
+002,-007
+002,-007
+002,-007
+002,-007
+004,-007
+004,-007
+004,-007
+004,-007
+004,-007
+004,-007
+004,-007
+004,-007
+004,-007
+004,-007
+004,-007
+004,-007
+004,-007
+004,-007
+004,-007
+004,-007
+004,-007
+004,-007
+004,-007
+004,-007
+004,-007
+004,-008
+004,-008
+004,-008
+004,-008
+004,-008
+004,-008
+004,-008
+004,-008
+004,-008
+004,-008
+004,-008
+004,-008
+004,-008
+004,-008
+004,-008
+004,-008
+004,-008
+004,-008
+004,-008
+004,-008
+004,-008
+004,-008
+004,-008
+004,-008
+004,-008
+004,-008
+004,-008
+004,-008
+004,-008
+004,-008
+004,-008
+004,-008
+004,-008
+004,-008
+004,-008
+004,-008
+004,-008
+004,-008
+004,-008
+004,-008
+004,-008
+004,-008
+004,-008
+004,-008
+004,-008
+004,-008
+004,-008
+002,-008
+002,-008
+002,-008
+002,-009
+002,-009
+002,-009
+002,-009
+002,-009
+002,-009
+002,-009
+002,-009
+002,-009
+002,-009
+002,-009
+002,-009
+002,-009
+002,-009
+002,-009
+002,-009
+002,-009
+002,-009
+002,-009
+002,-009
+002,-009
+002,-009
+002,-009
+002,-009
+002,-009
+002,-009
+002,-009
+000,-010
+000,-010
+000,-010
+000,-010
+000,-010
+000,-010
+000,-010
+000,-010
+000,-010
+000,-010
+000,-010
+000,-010
+000,-010
+000,-010
+000,-010
+000,-010
+000,-010
+000,-010
+000,-010
+000,-010
+000,-010
+000,-010
+000,-010
+000,-010
+000,-010
+000,-010
+000,-010
+000,-010
+000,-010
+000,-010
+000,-010
+000,-010
+000,-010
+000,-010
+000,-010
+000,-010
+000,-010
+000,-010
+002,-010
+002,-010
+002,-010
+002,-010
+002,-010
+002,-010
+002,-010
+002,-010
+002,-010
+002,-010
+002,-007
+002,-008
+002,-008
+002,-008
+002,-008
+002,-008
+004,-008
+004,-008
+004,-008
+004,-008
+004,-008
+004,-008
+004,-008
+004,-008
+004,-008
+004,-008
+004,-008
+004,-008
+004,-008
+004,-008
+004,-008
+004,-008
+004,-008
+004,-008
+004,-008
+004,-008
+004,-008
+004,-008
+004,-008
+004,-008
+004,-008
+004,-008
+004,-008
+004,-008
+004,-008
+004,-008
+004,-008
+006,-008
+006,-008
+006,-008
+006,-008
+006,-008
+006,-008
+006,-008
+006,-008
+006,-008
+006,-008
+006,-008
+006,-008
+006,-008
+006,-008
+006,-008
+006,-008
+006,-008
+006,-008
+006,-008
+006,-008
+006,-008
+006,-008
+006,-008
+006,-008
+006,-008
+006,-008
+006,-008
+006,-008
+006,-008
+006,-008
+006,-008
+006,-008
+006,-008
+006,-008
+006,-008
+006,-008
+006,-008
+006,-008
+006,-008
+006,-008
+006,-008
+006,-008
+006,-008
+006,-008
+006,-008
+006,-008
+006,-008
+006,-008
+006,-008
+006,-008
+006,-008
+006,-008
+006,-008
+006,-008
+006,-008
+006,-008
+006,-008
+006,-008
+006,-008
+006,-008
+006,-008
+006,-008
+006,-008
+006,-008
+006,-008
+006,-008
+006,-008
+006,-008
+006,-008
+006,-008
+006,-008
+006,-008
+006,-008
+006,-008
+006,-008
+004,-008
+004,-008
+004,-008
+004,-008
+004,-008
+004,-008
+004,-008
+004,-008
+004,-008
+004,-008
+004,-008
+004,-008
+004,-008
+004,-008
+004,-008
+004,-008
+004,-008
+004,-008
+004,-008
+004,-008
+004,-008
+004,-008
+004,-008
+004,-008
+004,-008
+004,-008
+004,-008
+004,-008
+004,-008
+004,-008
+004,-008
+004,-008
+004,-005
+004,-006
+004,-006
+004,-006
+004,-006
+004,-006
+006,-006
+006,-006
+006,-006
+006,-006
+006,-006
+006,-006
+006,-006
+006,-006
+006,-006
+006,-006
+006,-006
+006,-006
+006,-006
+006,-006
+006,-006
+006,-006
+006,-006
+006,-006
+006,-006
+006,-006
+006,-006
+006,-006
+006,-006
+006,-006
+006,-006
+006,-006
+006,-006
+008,-006
+008,-006
+008,-006
+008,-006
+008,-006
+008,-006
+008,-006
+008,-006
+008,-006
+008,-006
+008,-006
+008,-006
+008,-006
+008,-006
+008,-006
+008,-006
+008,-006
+008,-006
+008,-006
+008,-006
+008,-006
+008,-006
+008,-006
+008,-006
+008,-006
+008,-006
+008,-006
+008,-006
+008,-006
+008,-006
+010,-006
+010,-006
+010,-006
+010,-006
+010,-006
+010,-006
+010,-006
+010,-006
+010,-006
+010,-006
+010,-003
+010,-004
+010,-004
+010,-004
+010,-004
+010,-004
+010,-004
+010,-004
+010,-004
+010,-004
+010,-004
+010,-004
+010,-004
+010,-004
+010,-004
+010,-004
+010,-004
+010,-004
+010,-004
+012,-004
+012,-004
+012,-004
+012,-004
+012,-004
+012,-004
+012,-004
+012,-004
+012,-004
+012,-004
+012,-004
+012,-004
+012,-004
+012,-004
+012,-004
+012,-004
+012,-004
+012,-004
+012,-004
+012,-004
+012,-004
+012,-004
+012,-004
+012,-004
+012,-004
+012,-004
+012,-004
+012,-004
+012,-004
+012,-004
+012,-004
+014,-004
+014,-004
+014,-004
+014,-004
+014,-004
+014,-004
+014,-004
+014,-004
+014,-004
+014,-004
+014,-004
+014,-004
+014,-004
+014,-004
+014,-004
+014,-004
+014,-004
+014,-004
+014,-004
+014,-004
+014,-004
+014,-004
+014,-004
+014,-004
+014,-004
+014,-004
+014,-004
+014,-004
+014,-004
+014,-004
+014,-004
+014,-004
+014,-004
+014,-004
+014,-004
+014,-004
+014,-004
+014,-004
+014,-004
+014,-004
+014,-004
+014,-004
+014,-004
+014,-004
+014,-004
+014,-004
+014,-004
+014,-004
+014,-004
+014,-004
+014,-004
+014,-004
+014,-004
+014,-004
+014,-004
+014,-004
+014,-004
+014,-004
+014,-004
+014,-004
+014,-004
+014,-004
+014,-004
+014,-004
+014,-004
+014,-004
+014,-004
+014,-004
+014,-004
+014,-004
+014,-004
+014,-004
+014,-004
+014,-004
+014,-004
+014,-004
+014,-001
+014,-001
+014,-001
+014,-001
+014,-001
+014,-001
+014,-002
+014,-002
+014,-002
+014,-002
+014,-002
+014,-002
+012,-002
+012,-002
+012,-002
+012,-002
+012,-002
+012,-002
+012,-002
+012,-002
+012,-002
+012,-002
+012,-002
+012,-002
+012,-002
+012,-002
+012,-002
+012,-002
+012,-002
+010,-002
+010,-002
+010,-002
+010,-002
+010,-002
+010,-002
+010,-002
+010,-002
+010,-002
+010,-002
+010,-002
+010,-002
+010,-002
+010,-002
+010,-002
+010,-002
+010,-002
+010,-002
+010,-002
+010,-002
+010,-002
+010,-002
+010,-002
+010,-002
+010,-002
+010,-002
+010,-002
+010,-002
+010,-002
+010,-002
+010,-002
+010,-002
+010,-002
+010,-002
+010,-002
+012,-002
+012,-002
+012,-002
+012,-002
+012,-002
+012,-002
+012,-002
+012,-002
+012,-002
+012,-002
+012,-002
+012,-002
+012,-002
+012,-002
+012,-002
+012,-002
+012,-002
+012,-002
+012,-002
+012,-002
+012,-002
+012,-003
+012,-003
+012,-003
+012,-003
+012,-003
+012,-003
+014,-003
+014,-003
+014,-003
+014,-003
+014,-004
+014,-004
+014,-004
+014,-004
+014,-004
+014,-004
+014,-004
+014,-004
+014,-004
+014,-004
+014,-004
+014,-004
+014,-004
+014,-004
+014,-005
+014,-005
+014,-005
+014,-005
+014,-005
+014,-005
+014,-005
+014,-005
+014,-005
+014,-005
+014,-005
+014,-005
+014,-005
+014,-005
+014,-005
+014,-005
+014,-005
+014,-005
+014,-005
+014,-005
+014,-005
+014,-005
+014,-005
+014,-005
+014,-005
+014,-005
+014,-005
+014,-005
+014,-005
+014,-005
+014,-005
+014,-005
+014,-005
+014,-005
+012,-005
+012,-005
+012,-005
+012,-005
+012,-005
+012,-005
+012,-005
+012,-005
+012,-005
+012,-005
+012,-005
+012,-005
+012,-005
+012,-005
+012,-005
+012,-005
+012,-005
+012,-005
+012,-005
+012,-005
+012,-005
+012,-005
+012,-005
+012,-005
+012,-005
+012,-005
+010,-005
+010,-005
+010,-005
+010,-005
+010,-005
+010,-005
+010,-005
+010,-005
+010,-005
+010,-005
+010,-005
+010,-005
+010,-005
+010,-005
+010,-005
+010,-005
+010,-005
+010,-005
+010,-005
+010,-005
+010,-005
+010,-005
+010,-005
+010,-005
+010,-005
+010,-005
+010,-005
+010,-005
+010,-005
+010,-005
+010,-006
+010,-006
+010,-006
+010,-006
+010,-006
+010,-006
+010,-006
+010,-006
+010,-006
+010,-006
+010,-006
+010,-006
+010,-006
+010,-006
+010,-006
+010,-006
+010,-006
+010,-006
+010,-006
+010,-006
+010,-006
+010,-006
+010,-006
+010,-006
+010,-006
+010,-006
+010,-006
+010,-006
+010,-006
+010,-006
+010,-006
+010,-006
+010,-006
+010,-006
+010,-006
+010,-006
+010,-006
+010,-006
+010,-006
+010,-006
+010,-006
+010,-006
+010,-006
+010,-006
+010,-006
+010,-006
+010,-006
+010,-006
+010,-006
+010,-006
+010,-006
+010,-006
+010,-006
+010,-006
+010,-006
+010,-006
+010,-006
+010,-006
+010,-006
+010,-006
+010,-006
+010,-006
+010,-006
+010,-006
+010,-006
+010,-006
+010,-006
+010,-006
+010,-006
+010,-006
+010,-006
+010,-006
+010,-006
+010,-006
+010,-006
+010,-006
+010,-006
+010,-006
+010,-006
+010,-006
+008,-006
+008,-006
+008,-006
+008,-006
+008,-006
+008,-006
+008,-006
+008,-006
+008,-006
+008,-006
+008,-006
+008,-006
+008,-006
+008,-006
+008,-006
+008,-006
+008,-006
+008,-006
+008,-006
+008,-006
+008,-006
+008,-006
+008,-006
+006,-006
+006,-006
+006,-006
+006,-006
+006,-007
+006,-007
+006,-007
+006,-007
+006,-007
+006,-007
+006,-007
+006,-007
+006,-007
+006,-007
+006,-007
+006,-007
+006,-007
+006,-007
+006,-007
+006,-007
+006,-007
+004,-007
+004,-007
+004,-007
+004,-007
+004,-007
+004,-007
+004,-007
+004,-007
+004,-007
+004,-007
+004,-007
+004,-007
+004,-007
+004,-007
+004,-007
+004,-007
+004,-007
+004,-007
+004,-007
+004,-007
+004,-007
+004,-007
+004,-007
+004,-007
+004,-007
+004,-007
+004,-007
+004,-007
+004,-007
+004,-007
+004,-007
+004,-007
+004,-007
+004,-007
+004,-007
+004,-007
+004,-007
+004,-007
+004,-007
+004,-007
+004,-007
+004,-007
+004,-007
+004,-007
+004,-007
+004,-007
+004,-007
+004,-007
+004,-007
+004,-007
+004,-007
+004,-007
+004,-007
+004,-007
+004,-007
+004,-007
+004,-007
+004,-007
+004,-007
+004,-007
+004,-007
+004,-007
+004,-007
+004,-007
+004,-007
+004,-007
+004,-007
+004,-007
+004,-007
+004,-007
+004,-007
+004,-007
+004,-007
+004,-007
+004,-007
+004,-007
+004,-007
+004,-007
+004,-007
+004,-007
+004,-007
+004,-007
+004,-007
+004,-007
+004,-007
+004,-007
+004,-007
+004,-007
+004,-004
+004,-005
+004,-005
+004,-005
+004,-005
+004,-005
+004,-005
+004,-005
+004,-005
+004,-005
+004,-005
+004,-005
+004,-005
+004,-005
+004,-005
+004,-005
+004,-005
+004,-005
+004,-005
+004,-005
+004,-005
+004,-005
+004,-005
+004,-005
+004,-005
+004,-005
+004,-005
+004,-005
+004,-005
+004,-005
+004,-005
+004,-005
+004,-005
+004,-005
+004,-005
+004,-005
+004,-005
+004,-005
+004,-005
+004,-005
+004,-005
+004,-005
+004,-005
+004,-005
+004,-005
+004,-005
+004,-005
+004,-005
+004,-005
+004,-005
+004,-005
+004,-005
+004,-005
+004,-005
+004,-005
+004,-005
+004,-005
+004,-005
+004,-005
+004,-005
+004,-005
+004,-005
+004,-005
+004,-002
+004,-003
+004,-003
+004,-003
+004,-003
+004,-003
+004,-003
+004,-003
+004,-003
+004,-003
+004,-003
+004,-003
+004,-003
+004,-003
+004,-003
+004,-003
+004,-003
+004,-003
+004,-003
+004,-003
+004,-003
+004,-003
+004,-003
+004,-003
+004,-003
+004,-003
+004,-003
+004,-003
+004,-003
+004,-003
+004,-003
+004,-003
+004,-003
+004,-003
+004,-003
+004,-003
+004,-003
+004,-003
+004,-003
+004,-003
+004,-003
+004,-003
+004,-003
+004,-003
+004,-003
+004,-003
+004,-003
+004,-003
+004,-003
+004,-003
+004,-003
+004,-003
+004,-003
+004,-003
+004,-003
+004,-003
+004,-003
+004,-003
+004,-003
+004,-003
+006,-003
+006,-003
+006,-003
+006,-003
+006,-003
+006,-003
+006,-000
+006,-000
+006,-001
+006,-001
+006,-001
+006,-001
+006,-001
+006,-001
+006,-001
+006,-001
+006,-001
+006,-001
+006,-001
+006,-001
+006,-001
+006,-001
+006,-001
+006,-001
+006,-001
+006,-001
+006,-001
+006,-001
+006,-001
+006,-001
+006,-001
+006,-001
+006,-001
+006,-001
+006,-001
+006,-001
+006,-001
+006,-001
+006,-001
+006,-001
+006,-001
+006,-001
+006,-001
+006,-001
+006,-001
+006,-001
+006,-001
+006,-001
+006,-001
+006,-001
+006,-001
+006,-001
+006,-001
+006,-001
+006,-001
+006,-001
+006,-001
+006,-001
+006,-001
+006,-001
+006,-001
+006,-001
+006,-001
+006,-001
+006,-001
+006,-001
+006,-001
+006,-001
+006,-001
+006,-001
+006,-001
+006,-001
+006,-001
+008,-001
+008,-001
+008,-001
+008,-001
+008,-001
+008,-001
+008,-001
+008,-001
+008,-001
+008,-001
+008,-001
+008,-001
+008,-001
+008,-001
+008,-001
+008,-001
+008,-001
+008,-001
+008,-001
+008,-001
+008,-001
+008,-001
+008,-001
+008,-001
+008,-001
+008,-001
+008,-001
+008,-001
+008,-001
+008,-001
+008,-001
+008,-001
+008,-001
+008,-001
+008,-001
+008,-001
+008,-001
+008,-001
+008,-001
+008,-001
+008,-001
+008,-001
+008,-001
+008,-001
+008,-001
+008,-001
+008,-001
+008,-001
+008,-001
+008,-001
+008,-001
+008,-001
+008,-001
+008,-001
+008,-001
+008,-001
+008,-001
+008,-001
+008,-001
+008,-001
+008,-001
+008,-001
+008,-001
+008,-001
+008,-001
+008,-001
+008,-001
+008,-001
+008,-001
+008,-001
+008,-001
+008,-001
+008,-001
+008,-001
+008,-001
+008,-001
+008,-001
+008,-001
+008,-001
+008,-001
+008,-001
+008,-001
+008,-001
+008,-001
+008,-001
+008,-001
+008,-001
+008,-001
+008,-001
+008,-002
+008,-002
+008,-002
+008,-002
+008,-002
+008,-002
+008,-002
+008,-002
+008,-002
+008,-002
+008,-002
+008,-002
+008,-002
+008,-002
+008,-002
+008,-003
+008,-003
+008,-003
+008,-003
+008,-003
+008,-003
+008,-003
+008,-003
+008,-003
+008,-003
+008,-003
+008,-003
+008,-003
+008,-003
+008,-003
+008,-004
+008,-004
+008,-004
+008,-005
+008,-005
+008,-005
+008,-005
+008,-005
+008,-005
+008,-005
+008,-006
+008,-006
+008,-006
+008,-006
+008,-006
+008,-006
+008,-006
+008,-006
+008,-006
+008,-006
+008,-006
+008,-006
+008,-006
+008,-006
+008,-006
+008,-006
+008,-006
+008,-006
+008,-006
+010,-006
+010,-006
+010,-006
+010,-006
+010,-006
+010,-006
+010,-006
+010,-006
+010,-006
+010,-006
+010,-006
+010,-006
+010,-006
+010,-006
+010,-006
+010,-006
+010,-006
+010,-006
+010,-006
+010,-006
+010,-006
+010,-006
+010,-006
+010,-006
+012,-006
+012,-006
+012,-006
+012,-006
+012,-006
+012,-006
+012,-006
+012,-006
+012,-006
+012,-006
+012,-006
+012,-006
+012,-006
+012,-006
+012,-006
+012,-006
+012,-006
+012,-006
+012,-006
+012,-006
+012,-006
+012,-006
+012,-006
+012,-006
+012,-006
+012,-006
+012,-006
+012,-006
+012,-006
+012,-006
+012,-006
+012,-006
+012,-006
+012,-006
+012,-006
+012,-006
+012,-006
+012,-006
+012,-006
+012,-006
+012,-006
+012,-006
+012,-006
+012,-006
+012,-006
+012,-006
+012,-006
+012,-006
+012,-006
+012,-006
+012,-006
+012,-006
+012,-006
+012,-006
+012,-006
+010,-006
+010,-006
+010,-006
+010,-006
+010,-006
+010,-006
+010,-006
+010,-006
+010,-006
+010,-006
+010,-006
+010,-006
+010,-006
+010,-006
+010,-006
+010,-006
+010,-006
+010,-006
+010,-006
+010,-006
+010,-006
+010,-006
+010,-006
+010,-006
+010,-006
+010,-006
+010,-006
+010,-006
+010,-006
+010,-006
+010,-006
+010,-006
+010,-006
+010,-007
+010,-007
+010,-007
+010,-007
+010,-007
+010,-007
+010,-007
+010,-007
+010,-007
+010,-007
+010,-007
+010,-007
+010,-007
+010,-007
+008,-007
+008,-007
+008,-007
+008,-007
+008,-007
+008,-007
+008,-007
+008,-007
+008,-007
+008,-007
+008,-007
+008,-007
+008,-007
+008,-007
+008,-007
+008,-007
+008,-007
+008,-007
+008,-007
+008,-007
+008,-007
+008,-007
+008,-007
+008,-008
+008,-008
+008,-008
+008,-008
+008,-008
+008,-008
+008,-008
+008,-008
+008,-008
+008,-008
+008,-008
+008,-008
+008,-008
+008,-008
+008,-008
+008,-008
+008,-008
+008,-008
+008,-008
+008,-008
+008,-008
+008,-008
+008,-008
+008,-008
+008,-008
+008,-008
+008,-008
+006,-008
+006,-008
+006,-008
+006,-008
+006,-008
+006,-008
+006,-008
+006,-008
+006,-008
+006,-008
+006,-008
+006,-008
+006,-008
+006,-008
+006,-008
+006,-005
+006,-005
+006,-005
+006,-005
+006,-005
+006,-005
+006,-005
+006,-005
+006,-005
+006,-005
+006,-005
+006,-005
+006,-005
+006,-005
+006,-005
+006,-005
+006,-005
+006,-005
+006,-005
+006,-005
+006,-005
+006,-005
+006,-005
+006,-005
+006,-005
+006,-005
+006,-005
+006,-005
+006,-005
+006,-005
+006,-005
+006,-005
+006,-005
+006,-005
+006,-005
+006,-005
+006,-005
+006,-005
+006,-005
+006,-005
+006,-005
+006,-005
+006,-005
+006,-005
+006,-005
+004,-005
+004,-005
+004,-005
+004,-005
+004,-005
+004,-005
+004,-005
+004,-005
+004,-002
+004,-002
+004,-003
+004,-003
+004,-003
+004,-003
+004,-003
+004,-003
+004,-003
+004,-003
+004,-003
+004,-003
+004,-003
+004,-003
+004,-003
+004,-003
+004,-003
+004,-003
+004,-003
+004,-003
+004,-003
+004,-003
+004,-003
+004,-003
+004,-003
+004,-003
+004,-003
+004,-003
+004,-003
+004,-003
+004,-003
+004,-003
+004,-003
+004,-003
+004,-003
+004,-003
+004,-003
+004,-003
+004,-003
+004,-003
+004,-003
+004,-003
+004,-003
+004,-003
+004,-003
+004,-003
+004,-003
+004,-003
+004,-003
+004,-003
+004,-003
+004,-003
+004,-003
+004,-003
+004,-003
+004,-003
+004,-003
+004,-003
+004,-003
+004,-003
+004,-003
+004,-003
+004,-003
+004,-003
+004,-003
+004,-003
+004,-003
+004,-003
+004,-003
+004,-003
+004,-003
+004,-003
+004,-003
+004,-003
+004,-003
+004,-003
+004,-003
+004,-003
+004,-003
+004,-003
+004,-003
+004,-003
+004,-003
+004,-003
+004,-003
+004,-003
+004,-003
+004,-003
+004,-003
+004,-003
+004,-003
+004,-003
+004,-003
+004,-003
+004,-003
+004,-003
+004,-003
+004,-003
+004,-003
+004,-003
+006,-003
+006,-003
+006,-003
+006,-003
+006,-003
+006,-003
+006,-003
+006,-003
+006,-003
+006,-003
+006,-000
+006,-000
+006,-000
+006,-000
+006,-000
+006,-000
+006,-000
+006,-000
+006,-000
+006,-000
+006,-000
+006,-000
+006,-000
+006,-000
+006,-000
+006,-000
+006,-000
+006,-000
+006,-000
+006,-000
+006,-000
+006,-000
+006,-000
+006,-003
+006,-003
+006,-002
+006,-002
+006,-002
+006,-002
+006,-002
+006,-002
+006,-002
+006,-002
+006,-002
+006,-002
+006,-002
+006,-002
+006,-002
+006,-002
+006,-002
+006,-005
+006,-005
+006,-004
+006,-004
+006,-004
+006,-004
+006,-004
+006,-004
+006,-004
+006,-004
+006,-004
+006,-004
+006,-004
+006,-004
+006,-004
+006,-004
+006,-007
+006,-007
+006,-006
+006,-006
+006,-006
+006,-006
+006,-006
+006,-006
+006,-006
+006,-006
+006,-006
+006,-006
+006,-006
+006,-006
+006,-006
+006,-006
+006,-006
+006,-006
+006,-006
+006,-006
+006,-006
+006,-006
+006,-006
+006,-006
+006,-006
+006,-006
+006,-006
+006,-006
+006,-006
+006,-006
+006,-006
+006,-006
+006,-006
+006,-006
+006,-006
+006,-006
+006,-006
+006,-006
+006,-006
+006,-006
+006,-006
+006,-006
+006,-006
+006,-006
+006,-006
+006,-006
+006,-006
+006,-006
+006,-006
+006,-006
+006,-006
+006,-006
+006,-006
+006,-006
+006,-006
+006,-006
+006,-006
+006,-006
+006,-006
+006,-006
+006,-006
+006,-006
+006,-006
+006,-006
+006,-006
+006,-006
+006,-006
+006,-009
+006,-009
+006,-008
+006,-008
+006,-008
+006,-008
+006,-008
+006,-008
+006,-008
+006,-008
+006,-008
+006,-008
+006,-008
+006,-008
+006,-008
+006,-008
+006,-008
+006,-008
+006,-008
+006,-008
+006,-008
+006,-008
+006,-008
+006,-008
+006,-008
+006,-008
+006,-008
+006,-011
+006,-010
+006,-010
+006,-010
+006,-010
+006,-010
+006,-010
+006,-010
+006,-010
+006,-010
+006,-010
+006,-010
+006,-010
+006,-010
+006,-010
+006,-010
+006,-010
+006,-010
+006,-010
+006,-010
+006,-010
+006,-010
+006,-010
+006,-010
+006,-010
+006,-010
+006,-010
+006,-010
+006,-010
+006,-010
+006,-010
+006,-010
+006,-010
+008,-010
+008,-010
+008,-010
+008,-010
+008,-010
+008,-010
+008,-010
+008,-010
+008,-010
+008,-010
+008,-010
+008,-010
+008,-010
+008,-010
+008,-010
+008,-010
+008,-010
+008,-010
+008,-010
+008,-010
+008,-010
+008,-010
+008,-010
+008,-010
+008,-010
+008,-010
+008,-010
+008,-010
+008,-010
+008,-010
+008,-010
+008,-010
+008,-010
+008,-010
+008,-010
+008,-010
+008,-010
+008,-010
+008,-010
+008,-010
+008,-010
+008,-010
+008,-010
+008,-010
+008,-010
+008,-010
+008,-010
+008,-010
+008,-010
+008,-010
+008,-010
+008,-010
+008,-010
+008,-010
+008,-010
+008,-010
+008,-010
+008,-010
+008,-010
+008,-010
+008,-010
+008,-010
+008,-010
+008,-010
+008,-010
+008,-010
+008,-010
+008,-010
+010,-010
+010,-010
+010,-010
+010,-010
+010,-009
+010,-009
+010,-009
+010,-009
+010,-009
+010,-009
+010,-009
+010,-009
+010,-009
+010,-009
+010,-009
+010,-009
+010,-009
+010,-008
+010,-008
+010,-008
+010,-008
+010,-008
+010,-008
+010,-008
+012,-008
+012,-008
+012,-008
+012,-008
+012,-008
+012,-008
+012,-007
+012,-007
+012,-007
+012,-007
+012,-007
+012,-007
+012,-007
+012,-007
+012,-006
+012,-006
+012,-006
+012,-006
+012,-006
+012,-006
+012,-006
+012,-006
+012,-006
+012,-006
+012,-006
+012,-006
+012,-006
+012,-006
+012,-006
+012,-006
+012,-006
+012,-006
+012,-006
+012,-006
+012,-005
+012,-005
+014,-005
+014,-005
+014,-005
+014,-005
+014,-005
+014,-005
+014,-005
+014,-005
+014,-005
+014,-005
+014,-005
+014,-005
+014,-005
+014,-005
+014,-005
+014,-005
+014,-005
+014,-005
+014,-005
+014,-005
+014,-005
+014,-005
+014,-005
+014,-005
+014,-005
+014,-005
+014,-005
+014,-005
+014,-005
+014,-005
+014,-005
+014,-004
+014,-004
+014,-004
+014,-004
+014,-004
+014,-004
+014,-004
+014,-003
+016,-003
+016,-003
+016,-003
+016,-003
+016,-003
+016,-003
+016,-002
+016,-002
+016,-002
+016,-002
+016,-002
+016,-002
+016,-002
+016,-002
+016,-002
+016,-002
+016,-002
+016,-002
+016,-001
+014,-001
+014,-001
+014,-001
+014,-001
+014,-001
+014,-001
+014,-000
+014,-000
+014,-000
+014,-000
+014,-000
+014,-000
+014,-000
+014,-000
+014,-000
+014,-000
+014,-000
+014,-000
+014,-001
+014,-001
+014,-001
+014,-001
+014,-001
+014,-001
+014,-001
+014,-001
+014,-001
+014,-001
+014,-001
+014,-001
+014,-001
+014,-001
+014,-001
+014,-001
+014,-001
+014,-001
+014,-001
+014,-001
+014,-001
+014,-002
+012,-002
+012,-002
+012,-002
+012,-002
+012,-002
+012,-002
+012,-002
+012,-002
+012,-002
+012,-002
+012,-002
+012,-002
+012,-002
+012,-002
+012,-002
+012,-002
+012,-002
+012,-002
+012,-002
+012,-003
+012,-003
+012,-003
+012,-003
+012,-003
+012,-003
+012,-003
+012,-003
+012,-003
+012,-003
+012,-003
+012,-003
+012,-003
+012,-003
+012,-003
+012,-003
+012,-003
+012,-003
+012,-003
+012,-003
+012,-003
+012,-003
+012,-003
+012,-003
+012,-003
+012,-003
+012,-003
+012,-004
+012,-004
+012,-004
+012,-004
+012,-004
+012,-004
+012,-004
+012,-004
+012,-004
+012,-004
+012,-004
+012,-004
+012,-004
+012,-004
+012,-004
+012,-004
+012,-004
+012,-004
+012,-004
+012,-004
+012,-004
+012,-004
+012,-004
+012,-004
+012,-004
+012,-004
+012,-004
+010,-004
+010,-004
+010,-004
+010,-004
+010,-004
+010,-004
+010,-004
+010,-005
+010,-005
+010,-005
+010,-005
+010,-005
+010,-005
+010,-005
+010,-005
+010,-005
+010,-005
+010,-005
+010,-005
+010,-005
+010,-005
+010,-005
+010,-005
+010,-005
+010,-005
+010,-005
+010,-005
+010,-005
+010,-005
+010,-005
+010,-005
+010,-005
+010,-005
+010,-005
+010,-005
+010,-005
+010,-005
+010,-005
+010,-005
+010,-005
+010,-005
+010,-005
+010,-005
+010,-005
+010,-005
+010,-005
+010,-005
+010,-005
+010,-005
+010,-005
+010,-005
+010,-005
+010,-005
+010,-005
+010,-005
+010,-005
+010,-005
+010,-005
+010,-005
+010,-005
+010,-005
+010,-005
+012,-005
+012,-005
+012,-005
+012,-005
+012,-005
+012,-005
+012,-005
+012,-005
+012,-005
+012,-005
+012,-005
+012,-005
+012,-005
+012,-005
+012,-005
+012,-005
+012,-005
+012,-005
+012,-005
+012,-002
+012,-002
+012,-002
+012,-002
+012,-002
+012,-002
+012,-002
+012,-002
+012,-002
+012,-002
+012,-002
+012,-002
+010,-002
+010,-002
+010,-002
+010,-002
+010,-002
+010,-002
+010,-002
+010,-002
+010,-002
+010,-002
+010,-002
+010,-002
+010,-002
+010,-002
+010,-002
+010,-002
+010,-002
+010,-002
+010,-002
+010,-002
+010,-002
+010,-002
+010,-002
+010,-002
+010,-002
+010,-002
+010,-002
+010,-002
+010,-002
+010,-002
+008,-002
+008,-002
+008,-002
+008,-002
+008,-002
+008,-002
+008,-002
+008,-002
+008,-001
+008,-001
+008,-001
+008,-001
+008,-001
+008,-001
+008,-001
+008,-001
+008,-001
+008,-001
+008,-001
+008,-001
+008,-001
+008,-001
+008,-001
+008,-001
+008,-001
+008,-001
+008,-001
+006,-001
+006,-001
+006,-001
+006,-001
+006,-001
+006,-001
+006,-001
+006,-001
+006,-001
+006,-001
+006,-001
+006,-001
+006,-001
+006,-001
+006,-001
+006,-001
+006,-001
+006,-001
+006,-001
+006,-004
+006,-003
+006,-003
+006,-003
+006,-003
+006,-003
+006,-003
+006,-003
+006,-003
+006,-003
+006,-003
+006,-003
+006,-003
+006,-003
+004,-003
+004,-003
+004,-003
+004,-003
+004,-003
+004,-003
+004,-003
+004,-003
+004,-003
+004,-003
+004,-003
+004,-003
+004,-003
+004,-003
+004,-003
+004,-003
+004,-003
+004,-003
+004,-003
+004,-003
+004,-003
+004,-003
+004,-003
+004,-003
+004,-003
+004,-003
+004,-003
+004,-003
+004,-003
+004,-003
+004,-002
+004,-002
+004,-002
+004,-002
+004,-002
+004,-002
+004,-002
+004,-002
+004,-002
+004,-002
+004,-002
+004,-002
+004,-002
+004,-002
+004,-002
+004,-002
+004,-002
+004,-001
+004,-001
+004,-001
+004,-001
+004,-001
+004,-001
+004,-001
+004,-001
+004,-001
+004,-001
+004,-000
+004,-000
+004,-000
+004,-000
+004,-000
+004,-000
+004,-000
+004,-000
+004,-000
COP Area(S): 000153
COP Area(R): 000258