-000,+000
-001,+001
-001,+001
-001,+001
-001,+001
-001,+001
-001,+001
+004,+001
+004,+001
+004,+001
+004,+001
+004,+001
+004,+001
+006,+001
+006,+001
+006,+001
+008,+001
+008,+001
+008,+001
+008,+001
+010,+001
+010,+001
+010,+001
+012,+001
+012,+001
+012,+001
+012,+001
+012,+003
+014,+003
+014,+003
+014,+003
+014,+003
+016,+003
+016,+005
+016,+005
+016,+005
+016,+005
+016,+005
+018,+005
+018,+005
+018,+005
+018,+005
+020,+005
+020,+005
+020,+005
+020,+003
+022,+003
+022,+003
+022,+003
+024,+003
+024,+003
+024,+003
+024,+003
+026,+003
+026,+003
+026,+003
+026,+003
+026,+003
+028,+003
+028,+003
+028,+005
+030,+005
+030,+005
+030,+005
+030,+005
+030,+005
+030,+005
+030,+005
+030,+005
+030,+005
+030,+005
+030,+005
+030,+005
+030,+005
+030,+005
+030,+003
+030,+003
+030,+003
+030,+003
+030,+001
+030,+001
+030,+001
+030,+001
+028,+001
+028,+000
+028,-001
+028,-001
+026,-001
+026,-002
+026,-003
+026,-003
+024,-003
+024,-004
+024,-005
+022,-005
+022,-006
+022,-007
+022,-007
+020,-008
+020,-009
+020,-009
+018,-010
+018,-012
+018,-012
+016,-012
+016,-014
+016,-015
+014,-015
+014,-016
+014,-017
+014,-017
+012,-018
+012,-019
+010,-020
+010,-020
+010,-021
+010,-021
+008,-021
+008,-021
+008,-022
+008,-022
+008,-022
+008,-022
+008,-022
+008,-022
+006,-022
+006,-022
+006,-022
+006,-022
+006,-022
+006,-019
+006,-019
+006,-019
+006,-019
+006,-019
+006,-019
+006,-019
+004,-019
+004,-019
+004,-019
+004,-019
+004,-019
+004,-019
+004,-019
+004,-019
+004,-019
+004,-019
+004,-019
+004,-019
+004,-019
+004,-019
+004,-019
+004,-019
+004,-019
+004,-019
+004,-019
+004,-019
+004,-019
+004,-016
+004,-016
+004,-016
+006,-016
+006,-016
+006,-016
+006,-016
+006,-016
+008,-016
+008,-016
+008,-016
+008,-016
+010,-016
+010,-016
+010,-016
+010,-016
+010,-016
+012,-016
+012,-016
+012,-016
+012,-013
+012,-013
+014,-013
+014,-013
+014,-013
+014,-013
+014,-010
+014,-010
+014,-010
+014,-010
+014,-010
+014,-010
+014,-007
+014,-007
+014,-007
+014,-007
+014,-007
+014,-007
+014,-004
+014,-004
+014,-004
+014,-004
+014,-004
+014,-004
+014,-004
+014,-004
+014,-004
+014,-004
+014,-004
+014,-004
+014,-004
+014,-004
+014,-004
+014,-001
+014,-001
+014,-001
+012,-001
+012,-001
+012,-001
+012,-001
+012,-001
+012,-001
+012,-001
+012,-001
+010,-001
+010,-001
+010,-001
+010,-001
+010,-001
+010,-001
+010,-001
+010,-001
+010,-001
+008,-001
+008,-001
+008,-001
+008,-001
+008,-001
+008,-002
+006,-002
+006,-002
+006,-003
+006,-003
+006,-004
+006,-004
+004,-004
+004,-004
+004,-005
+004,-005
+004,-006
+004,-006
+004,-006
+004,-006
+004,-006
+004,-007
+004,-007
+004,-007
+004,-007
+004,-008
+004,-008
+004,-008
+004,-008
+004,-008
+004,-008
+006,-008
+006,-008
+006,-008
+006,-008
+006,-008
+006,-008
+006,-008
+006,-009
+006,-009
+008,-009
+008,-009
+008,-010
+008,-010
+008,-010
+008,-010
+008,-010
+008,-010
+008,-011
+010,-011
+010,-011
+010,-011
+010,-011
+010,-011
+012,-011
+012,-011
+012,-011
+012,-011
+014,-011
+014,-011
+014,-011
+014,-011
+016,-011
+016,-011
+016,-011
+016,-011
+016,-011
+016,-011
+018,-011
+018,-008
+018,-008
+018,-008
+018,-008
+018,-008
+018,-008
+018,-008
+018,-008
+018,-008
+018,-008
+018,-008
+018,-008
+018,-008
+016,-008
+016,-005
+016,-005
+016,-005
+016,-005
+016,-005
+016,-005
+016,-005
+016,-005
+016,-005
+016,-005
+016,-005
+016,-005
+016,-005
+016,-002
+016,-002
+016,-002
+016,-002
+016,-002
+016,-002
+016,-002
+016,-002
+016,-002
+016,-002
+014,-002
+014,-002
+014,-002
+014,-002
+014,-002
+014,-002
+014,-002
+014,-002
+014,-002
+014,-002
+014,-002
+014,-002
+014,-003
+014,-003
+014,-003
+014,-003
+014,-003
+014,-003
+014,-003
+014,-003
+014,-003
+014,-003
+016,-004
+016,-004
+016,-004
+016,-004
+016,-004
+016,-004
+016,-004
+016,-004
+016,-004
+016,-004
+016,-004
+016,-004
+016,-004
+016,-004
+016,-004
+016,-001
+016,-001
+016,-001
+016,-001
+016,-001
+016,-001
+016,-001
+016,-001
+018,-001
+018,-001
+018,-001
+018,-001
+018,-001
+018,-001
+018,-001
+018,-001
+018,-001
+018,-001
+018,-001
+018,-001
+018,-001
+018,-001
+018,-001
+018,-001
+018,-001
+018,-001
+018,-001
+018,-001
+020,-001
+020,-001
+020,-001
+020,-001
+020,-001
+020,-001
+020,-001
+020,-001
+020,-001
+020,-001
+020,-001
+020,-001
+020,-001
+020,-001
+020,-001
+018,-001
+018,-001
+018,-001
+018,-001
+018,-001
+018,-002
+018,-002
+018,-002
+018,-002
+018,-003
+016,-003
+016,-003
+016,-003
+016,-003
+016,-004
+016,-004
+016,-004
+016,-004
+016,-004
+016,-005
+016,-005
+016,-005
+016,-006
+014,-006
+014,-006
+014,-007
+014,-007
+014,-007
+014,-007
+014,-008
+014,-008
+014,-008
+014,-008
+012,-008
+012,-009
+012,-009
+012,-009
+012,-009
+012,-009
+012,-010
+010,-010
+010,-010
+010,-011
+010,-011
+010,-011
+010,-011
+010,-011
+008,-011
+008,-011
+008,-012
+008,-012
+008,-012
+008,-012
+008,-012
+008,-012
+006,-012
+006,-012
+006,-012
+006,-013
+006,-013
+006,-013
+006,-013
+006,-013
+004,-013
+004,-013
+004,-014
+004,-014
+004,-014
-003,-014
-003,-014
-003,-014
-002,-014
-002,-014
-002,-014
-001,-014
-001,-015
-001,-015
-001,-015
-000,-015
-000,-015
-000,-015
-000,-015
-000,-015
-001,-015
-001,-015
-001,-015
-001,-015
-002,-012
-002,-012
-002,-012
-002,-012
-002,-012
-002,-012
-002,-012
-003,-012
-003,-012
-003,-012
-003,-012
-003,-009
-003,-009
-003,-009
-003,-009
-003,-009
-003,-009
-003,-009
-003,-009
-003,-009
-003,-009
-003,-009
-003,-009
-003,-006
-003,-006
-003,-006
-003,-006
-004,-006
-004,-006
-004,-006
-004,-006
-004,-006
-004,-006
-004,-003
-004,-004
-004,-004
-004,-004
-004,-004
-004,-004
-004,-004
-004,-004
-004,-004
-004,-004
-004,-001
-004,-001
-004,-001
-004,-001
-004,-001
-004,-001
-004,-001
-004,-001
-004,-001
-004,-001
-004,-001
-004,-001
-004,-001
-004,-001
-004,-001
-004,-001
-004,-001
-004,-001
-004,-001
-004,-001
-004,-001
-004,-001
-001,-001
-001,-001
-001,-001
-001,-001
-001,-001
-001,-001
-001,-001
-001,-001
-001,-001
-001,-001
-001,-001
-001,-001
-001,-001
-001,-002
-001,-002
-001,-002
-001,-002
-002,-002
-001,-002
-001,-002
-001,-002
-001,-002
-001,-002
-001,-002
-001,-002
-001,-003
-001,-003
-001,-003
-001,-003
-001,-004
-001,-004
-001,-004
-001,-004
-001,-005
-001,-005
-001,-005
+004,-005
+004,-006
+004,-006
+004,-006
+004,-006
+004,-006
+004,-006
+004,-006
+004,-007
+004,-007
+004,-007
+004,-007
+004,-008
+006,-008
+006,-009
+006,-009
+006,-009
+008,-009
+008,-010
+008,-010
+008,-010
+008,-010
+008,-010
+008,-010
+010,-011
+010,-011
+010,-011
+012,-011
+012,-011
+012,-011
+012,-011
+012,-011
+012,-011
+014,-011
+014,-011
+014,-008
+014,-008
+014,-008
+014,-008
+014,-008
+014,-008
+016,-008
+016,-008
+016,-008
+016,-005
+016,-005
+016,-005
+016,-005
+016,-006
+016,-006
+016,-006
+016,-006
+014,-006
+014,-007
+014,-007
+014,-007
+014,-007
+014,-008
+014,-008
+014,-008
+014,-009
+014,-009
+014,-009
+014,-009
+014,-009
+014,-009
+012,-009
+012,-009
+012,-009
+012,-009
+012,-009
+012,-009
+012,-009
+012,-009
+012,-009
+012,-006
+012,-007
+012,-007
+012,-007
+012,-007
+012,-007
+012,-007
+012,-007
+012,-007
+012,-007
+012,-007
+012,-007
+012,-007
+012,-007
+012,-007
+012,-007
+010,-007
+010,-007
+010,-007
+010,-007
+010,-007
+010,-007
+010,-007
+010,-007
+008,-007
+008,-007
+008,-007
+008,-004
+008,-004
+008,-004
+008,-004
+006,-004
+006,-004
+006,-004
+006,-004
+006,-004
+006,-004
+006,-004
+006,-004
+006,-004
+006,-004
+006,-001
+006,-001
+006,-001
+006,-001
+006,-001
+006,-001
+006,-001
+006,-001
+006,-001
+006,-001
+006,-001
+006,-001
+006,-001
+006,-001
+006,-001
+006,-001
+006,-001
+006,-001
+006,-001
+006,-001
+006,-001
+006,-001
+006,-001
+006,-001
+006,-001
+006,-001
+006,-001
+006,-001
+006,-001
+006,-001
+006,-001
+006,-002
+006,-002
+006,-002
+006,-002
+006,-002
+006,-002
+006,-002
+006,-002
+006,-002
+006,-002
+006,-002
+006,-002
+006,-002
+006,-002
+006,-003
+004,-003
+004,-003
+004,-004
+004,-004
+004,-004
+004,-004
+004,-004
+004,-004
+004,-004
+004,-005
+004,-005
+004,-005
+004,-006
+004,-006
+004,-006
+004,-006
+004,-006
+004,-007
+004,-007
+004,-007
+004,-007
+004,-007
+004,-007
+004,-007
+004,-007
+006,-007
+006,-007
+006,-007
+006,-007
+006,-008
+006,-008
+006,-008
+008,-008
+008,-008
+008,-008
+008,-008
+008,-009
+008,-009
+010,-009
+010,-009
+010,-009
+010,-009
+010,-009
+010,-009
+012,-009
+012,-009
+012,-009
+014,-009
+014,-009
+014,-009
+014,-009
+014,-009
+016,-009
+016,-009
+016,-006
+018,-007
+018,-007
+018,-007
+018,-008
+020,-008
+020,-008
+020,-008
+020,-008
+020,-008
+020,-008
+020,-008
+022,-008
+022,-008
+022,-008
+022,-008
+022,-008
+022,-008
+022,-009
+022,-009
+022,-009
+022,-009
+022,-009
+022,-009
+022,-009
+022,-009
+022,-009
+022,-009
+022,-009
+022,-009
+022,-009
+022,-009
+022,-009
+022,-009
+022,-009
+022,-009
+022,-009
+022,-009
+022,-009
+022,-009
+022,-009
+022,-009
+022,-009
+022,-009
+022,-009
+022,-009
+022,-009
+022,-009
+022,-009
+022,-009
+022,-009
+022,-009
+022,-009
+022,-009
+022,-009
+022,-009
+022,-009
+022,-009
+022,-010
+022,-010
+022,-010
+022,-010
+022,-010
+022,-010
+022,-010
+022,-010
+022,-010
+022,-011
+022,-011
+022,-011
+022,-011
+022,-012
+020,-012
+020,-012
+020,-013
+020,-013
+020,-013
+020,-013
+020,-014
+020,-014
+020,-014
+020,-014
+020,-015
+020,-015
+020,-015
+020,-015
+020,-015
+020,-015
+020,-015
+020,-015
+020,-015
+020,-015
+020,-015
+020,-012
+020,-012
+020,-012
+020,-012
+020,-012
+020,-012
+020,-012
+020,-012
+020,-012
+020,-012
+020,-012
+020,-012
+020,-012
+020,-009
+020,-009
+020,-009
+020,-009
+020,-009
+020,-009
+020,-009
+020,-009
+020,-009
+020,-009
+020,-009
+020,-009
+020,-009
+020,-009
+020,-009
+020,-009
+020,-009
+020,-009
+020,-006
+020,-006
+020,-006
+020,-006
+020,-006
+020,-006
+020,-006
+020,-006
+020,-006
+020,-006
+020,-006
+020,-006
+020,-006
+022,-006
+022,-006
+022,-003
+022,-003
+022,-003
+022,-003
+022,-003
+022,-003
+022,-003
+022,-003
+022,-003
+022,-003
+022,-003
+022,-003
+022,-003
+022,-003
+022,-003
+022,-003
+022,-003
+022,-003
+020,-003
+020,-003
+020,-003
+020,-003
+020,-003
+020,-003
+020,-003
+020,-003
+020,-003
+020,-003
+020,-003
+020,-003
+018,-003
+018,-003
+018,-003
+018,-003
+018,-003
+018,-003
+018,-003
+018,-003
+018,-003
+018,-003
+016,-003
+016,-003
+016,-003
+016,-003
+016,-003
+016,-003
+016,-003
+014,-003
+014,-003
+014,-004
+014,-004
+014,-004
+014,-004
+014,-004
+014,-004
+012,-004
+012,-004
+012,-004
+012,-004
+012,-004
+012,-004
+012,-004
+012,-004
+012,-004
+012,-004
+012,-004
+012,-004
+012,-004
+012,-004
+012,-004
+012,-004
+012,-004
+012,-004
+012,-004
+012,-004
+012,-004
+012,-004
+012,-004
+012,-004
+012,-004
+012,-004
+012,-004
+012,-004
+012,-005
+012,-005
+012,-005
+012,-005
+012,-005
+012,-006
+012,-006
+012,-006
+012,-006
+012,-007
+012,-007
+012,-007
+012,-007
+012,-007
+012,-007
+012,-007
+012,-007
+012,-008
+012,-008
+012,-008
+012,-008
+012,-008
+012,-008
+012,-008
+012,-008
+012,-008
+012,-008
+012,-008
+012,-008
+012,-008
+012,-008
+012,-008
+012,-008
+012,-008
+012,-008
+012,-008
+012,-008
+012,-008
+012,-008
+012,-008
+012,-008
+012,-008
+012,-008
+010,-009
+010,-009
+010,-009
+010,-009
+010,-010
+010,-010
+010,-010
+010,-010
+008,-010
+008,-010
+008,-010
+008,-010
+008,-010
+008,-010
+008,-010
+008,-010
+008,-010
+008,-010
+008,-010
+008,-010
+008,-010
+008,-010
+008,-010
+008,-010
+008,-010
+008,-010
+008,-010
+008,-010
+008,-010
+008,-010
+008,-010
+008,-010
+008,-010
+008,-010
+008,-010
+008,-010
+010,-010
+010,-010
+010,-010
+010,-010
+010,-011
+010,-011
+010,-011
+012,-011
+012,-011
+012,-011
+012,-011
+012,-011
+012,-011
+012,-011
+014,-011
+014,-011
+014,-011
+014,-012
+014,-012
+014,-012
+016,-012
+016,-012
+016,-012
+016,-012
+018,-013
+018,-013
+018,-013
+018,-013
+018,-013
+018,-013
+018,-013
+018,-013
+018,-013
+018,-013
+020,-013
+020,-013
+020,-013
+020,-013
+020,-013
+020,-013
+020,-013
+020,-013
+020,-013
+020,-013
+022,-013
+022,-013
+022,-010
+022,-011
+022,-011
+022,-011
+022,-011
+022,-011
+022,-011
+022,-011
+022,-011
+022,-011
+022,-011
+022,-011
+022,-011
+022,-008
+022,-009
+022,-009
+022,-009
+022,-009
+024,-009
+024,-009
+024,-009
+024,-009
+024,-009
+024,-009
+024,-009
+024,-009
+024,-009
+024,-009
+024,-009
+024,-009
+024,-009
+024,-009
+024,-009
+024,-009
+024,-006
+024,-006
+024,-006
+024,-006
+024,-006
+024,-006
+026,-006
+026,-006
+026,-006
+026,-006
+026,-006
+026,-006
+026,-006
+026,-006
+028,-006
+028,-006
+028,-006
+028,-006
+028,-006
+030,-006
+030,-006
+030,-006
+030,-006
+030,-006
+032,-006
+032,-006
+032,-006
+034,-006
+034,-006
+034,-006
+036,-006
+036,-006
+036,-006
+036,-006
+036,-006
+036,-006
+036,-006
+038,-006
+038,-006
+038,-006
+038,-006
+038,-006
+038,-006
+038,-006
+038,-006
+038,-006
+038,-006
+038,-006
+038,-006
+038,-006
+038,-006
+038,-006
+038,-006
+038,-006
+038,-007
+038,-007
+038,-007
+038,-007
+038,-007
+038,-007
+038,-007
+038,-007
+038,-007
+036,-007
+036,-007
+036,-007
+036,-007
+036,-008
+036,-008
+034,-008
+034,-008
+034,-008
+032,-008
+032,-008
+032,-009
+032,-009
+032,-009
+030,-009
+030,-009
+028,-009
+028,-009
+028,-009
+028,-010
+026,-010
+026,-011
+026,-011
+024,-011
+024,-011
+024,-011
+022,-011
+022,-011
+022,-012
+022,-012
+022,-012
+022,-012
+022,-012
+020,-012
+020,-013
+020,-013
+020,-013
+020,-013
+020,-013
+020,-013
+020,-013
+020,-013
+020,-013
+020,-013
+020,-013
+020,-013
+020,-013
+020,-013
+020,-013
+020,-013
+020,-013
+020,-013
+022,-013
+022,-013
+022,-010
+022,-010
+022,-010
+022,-010
+022,-010
+022,-010
+022,-010
+022,-010
+022,-010
+022,-010
+022,-010
+022,-010
+022,-010
+022,-010
+022,-010
+024,-010
+024,-010
+024,-010
+024,-010
+024,-010
+024,-010
+024,-010
+026,-010
+026,-010
+026,-010
+026,-010
+026,-010
+028,-010
+028,-010
+028,-010
+028,-010
+028,-010
+028,-010
+028,-010
+028,-010
+028,-010
+028,-010
+028,-010
+028,-010
+028,-010
+028,-010
+028,-010
+028,-010
+028,-010
+030,-010
+030,-010
+030,-010
+030,-010
+030,-010
+030,-010
+030,-010
+030,-010
+028,-010
+028,-010
+028,-010
+028,-007
+028,-007
+028,-007
+028,-007
+028,-007
+028,-007
+028,-007
+026,-007
+026,-007
+026,-007
+026,-007
+026,-007
+026,-007
+026,-004
+024,-004
+024,-004
+024,-004
+024,-004
+024,-004
+024,-004
+022,-001
+022,-001
+022,-001
+022,-001
+022,-001
+022,-001
+022,+001
+022,+001
+022,+001
+020,+001
+020,+001
+020,+001
+020,+001
+020,+001
+020,+001
+020,+001
+020,+001
+020,+003
+020,+003
+020,+003
+020,+003
+020,+003
+020,+003
+020,+003
+020,+003
+020,+003
+020,+003
+020,+003
+018,+003
+018,+003
+018,+003
+018,+003
+018,+003
+018,+003
+018,+003
+018,+003
+018,+003
+016,+003
+016,+003
+016,+003
+016,+003
+016,+003
+016,+003
+016,+003
+016,+003
+014,+003
+014,+003
+014,+003
+014,+003
+014,+003
+014,+003
+014,+003
+014,+003
+012,+003
+012,+003
+012,+003
+012,+003
+010,+003
+010,+003
+010,+003
+010,+003
+010,+003
+010,+003
+010,+003
+008,+003
+008,+003
+008,+003
+008,+003
+008,+003
+006,+003
+006,+003
+006,+003
+006,+003
+006,+005
+006,+005
+006,+005
+006,+005
+006,+005
+006,+005
+006,+005
+006,+005
+006,+005
+004,+005
+004,+007
+004,+007
+004,+007
+004,+007
+004,+007
+004,+007
+004,+007
+004,+007
+004,+007
+004,+007
+004,+007
+004,+007
+006,+007
+006,+007
+006,+007
+006,+007
+006,+007
+006,+007
+006,+007
+006,+007
+006,+007
+006,+007
+006,+007
+006,+007
+006,+007
+006,+007
+006,+007
+006,+007
+006,+007
+006,+007
+006,+007
+006,+007
+006,+007
+006,+007
+006,+007
+006,+007
+006,+005
+006,+005
+006,+005
+006,+005
+006,+005
+006,+005
+006,+005
+006,+005
+006,+005
+006,+005
+006,+003
+006,+003
+006,+003
+006,+003
+006,+003
+006,+003
+006,+003
+006,+003
+006,+003
+006,+003
+008,+003
+008,+003
+008,+003
+008,+003
+008,+003
+008,+003
+008,+003
+010,+003
+010,+003
+010,+003
+010,+001
+010,+001
+012,+001
+012,+001
+012,+001
+012,+001
+014,+001
+014,+001
+014,+001
+014,+001
+016,+001
+016,+001
+016,+001
+018,+001
+018,+001
+018,+001
+018,+001
+020,+001
+020,+001
+020,+001
+020,+001
+022,+001
+022,+001
+022,+001
+022,+001
+022,+001
+024,+001
+024,+001
+024,+001
+024,+001
+026,+001
+026,+001
+026,+001
+026,+001
+026,+001
+026,+001
+028,+001
+028,+001
+028,+001
+028,+001
+028,+001
+028,+001
+028,+001
+028,+001
+028,+001
+028,+001
+028,+000
+028,+000
+028,+000
+030,+000
+030,+000
+030,+000
+030,+000
+030,+000
+030,+000
+030,+000
+030,+000
+030,+000
+030,+000
+030,+000
+030,+000
+030,+000
+030,+000
+030,+000
+028,+000
+028,+000
+028,+000
+028,-001
+028,-001
+028,-001
+028,-002
+028,-002
+028,-002
+028,-003
+028,-003
+028,-003
+028,-004
+028,-004
+028,-005
+028,-005
+028,-005
+028,-006
+028,-006
+028,-006
+028,-006
+028,-006
+028,-007
+028,-007
+028,-007
+028,-007
+028,-007
+028,-007
+028,-007
+028,-007
+028,-007
+028,-007
+028,-007
+028,-007
+028,-007
+028,-007
+028,-008
+028,-008
+028,-008
+028,-008
+028,-008
+028,-008
+028,-008
+028,-008
+028,-008
+030,-008
+030,-008
+030,-008
+030,-008
+030,-008
+030,-008
+030,-008
+030,-008
+030,-008
+030,-008
+032,-008
+032,-008
+032,-008
+032,-008
+032,-008
+032,-008
+032,-008
+032,-008
+032,-009
+032,-009
+032,-009
+032,-009
+032,-009
+032,-009
+032,-009
+032,-010
+032,-010
+032,-010
+032,-010
+032,-010
+032,-010
+032,-011
+032,-011
+032,-011
+032,-011
+030,-011
+030,-011
+030,-012
+030,-012
+030,-012
+030,-012
+030,-013
+028,-013
+028,-013
+028,-014
+028,-014
+028,-014
+028,-014
+026,-014
+026,-015
+026,-015
+026,-015
+026,-015
+026,-015
+026,-016
+024,-016
+024,-016
+024,-016
+024,-016
+022,-016
+022,-016
+022,-017
+022,-017
+022,-017
+022,-017
+020,-017
+020,-017
+020,-017
+020,-017
+018,-017
+018,-017
+018,-017
+016,-017
+016,-017
+016,-017
+016,-017
+016,-017
+016,-018
+016,-018
+016,-018
+016,-018
+016,-018
+016,-018
+016,-018
+014,-018
+014,-018
+014,-018
+014,-018
+014,-018
+014,-018
+014,-018
+014,-018
+016,-015
+016,-015
+016,-015
+016,-015
+016,-015
+016,-015
+018,-015
+018,-015
+018,-012
+018,-012
+020,-012
+020,-012
+020,-012
+020,-012
+020,-009
+022,-009
+022,-009
+022,-009
+022,-009
+024,-009
+024,-009
+024,-009
+024,-009
+024,-009
+024,-009
+024,-009
+024,-009
+024,-009
+024,-009
+026,-009
+026,-009
+026,-009
+026,-009
+026,-009
+026,-009
+026,-009
+026,-009
+026,-006
+026,-006
+026,-007
+026,-007
+026,-007
+026,-007
+024,-007
+024,-007
+024,-007
+024,-007
+024,-007
+024,-007
+024,-007
+024,-004
+024,-004
+024,-005
+024,-005
+024,-005
+022,-005
+022,-005
+022,-005
+022,-005
+022,-005
+022,-005
+020,-005
+020,-005
+020,-005
+020,-005
+020,-005
+020,-005
+020,-002
+018,-002
+018,-002
+018,-002
+018,-002
+018,-002
+018,-002
+016,-002
+016,-002
+016,-002
+016,-002
+016,-002
+014,-002
+014,+000
+014,+000
+014,+000
+014,+000
+014,+000
+014,+000
+014,+000
+014,+000
+012,+000
+012,+000
+012,+000
+012,+000
+012,+000
+012,+000
+012,+000
+012,+000
+012,+000
+012,+000
+012,+000
+012,+000
+010,+000
+010,+000
+010,-001
+010,-001
+010,-001
+010,-001
+010,-002
+010,-002
+010,-002
+008,-002
+008,-002
+008,-003
+008,-003
+008,-003
+008,-003
+008,-003
+008,-004
+008,-004
+008,-004
+008,-004
+008,-004
+008,-004
+008,-005
+008,-005
+008,-005
+008,-005
+008,-005
+008,-005
+008,-005
+008,-005
+008,-005
+008,-005
+008,-005
+008,-005
+008,-005
+008,-005
+008,-005
+008,-005
+008,-005
+008,-005
+008,-005
+008,-005
+008,-005
+008,-005
+008,-005
+008,-005
+008,-005
+008,-005
+008,-005
+008,-006
+008,-006
+008,-006
+008,-006
+008,-006
+008,-006
+008,-006
+008,-006
+008,-006
+010,-006
+010,-006
+010,-006
+010,-006
+010,-006
+010,-006
+010,-006
+010,-006
+010,-006
+010,-006
+010,-006
+010,-006
+010,-006
+008,-006
+008,-006
+008,-006
+008,-006
+008,-006
+008,-006
+008,-006
+008,-006
+008,-006
+008,-006
+008,-006
+008,-006
+008,-006
+006,-006
+006,-006
+006,-006
+006,-006
+006,-006
+006,-006
+006,-003
+006,-003
+006,-003
+006,-004
+006,-004
+006,-004
+006,-004
+006,-004
+006,-004
+006,-004
+006,-004
+006,-004
+006,-004
+006,-004
+008,-004
+008,-004
+008,-004
+008,-004
+008,-004
+008,-004
+008,-004
+010,-004
+010,-004
+010,-004
+010,-004
+010,-004
+012,-004
+012,-004
+012,-004
+014,-004
+014,-004
+014,-004
+014,-004
+014,-004
+014,-001
+016,-002
+016,-002
+016,-002
+016,-002
+016,-002
+016,-002
+018,-002
+018,-002
+018,-002
+018,-002
+018,-002
+018,-002
+018,+000
+018,+000
+018,+000
+018,+000
+018,+000
+018,+000
+018,+000
+018,+000
+018,+000
+018,+000
+018,+000
+018,+000
+018,+000
+018,+000
+018,+000
+018,+000
+018,+000
+018,+000
+018,+000
+018,+000
+018,+000
+018,+000
+018,+000
+018,+000
+018,+000
+018,+000
+018,+000
+018,+000
+018,+000
+018,+000
+018,+000
+018,+000
+018,+000
+018,+000
+018,+000
+018,+000
+018,+000
+018,+000
+018,+000
+018,-001
+018,-001
+018,-001
+018,-001
+018,-001
+018,-001
+018,-001
+018,-001
+018,-001
+018,-001
+018,-001
+018,-001
+018,-001
+018,-001
+018,-001
+018,-001
+018,-001
+018,-001
+018,-001
+018,-001
+018,-001
+018,-001
+018,-001
+018,-001
+018,-001
+018,-001
+018,-001
+018,-001
+018,-001
+018,-001
+018,-001
+018,-001
+018,-001
+018,-001
+018,-001
+018,-001
+018,-001
+018,-001
+018,-001
+018,-001
+018,-001
+018,-001
+018,-001
+018,-001
+018,-001
+018,-001
+018,-002
+020,-002
+020,-002
+020,-002
+020,-002
+020,-002
+020,-002
+020,-002
+020,-002
+020,-002
+020,-002
+020,-002
+020,-002
+020,-002
+020,-002
+020,-002
+020,-002
+020,-003
+020,-003
+018,-003
+018,-004
+018,-004
+018,-004
+018,-004
+018,-004
+018,-004
+018,-005
+018,-005
+018,-005
+018,-005
+018,-005
+018,-006
+018,-006
+018,-006
+018,-006
+018,-006
+018,-006
+018,-006
+018,-006
+018,-006
+018,-006
+018,-006
+016,-006
+016,-006
+016,-006
+016,-006
+016,-006
+016,-006
+016,-006
+016,-006
+016,-007
+016,-007
+016,-007
+016,-007
+016,-007
+016,-007
+016,-008
+016,-008
+016,-008
+016,-008
+016,-008
+016,-008
+016,-008
+016,-009
+016,-009
+016,-009
+016,-009
+016,-009
+016,-009
+016,-009
+016,-009
+016,-009
+016,-009
+016,-010
+016,-010
+016,-010
+016,-010
+016,-010
+016,-010
+018,-010
+018,-010
+018,-010
+018,-010
+018,-010
+018,-010
+018,-007
+018,-007
+018,-007
+018,-007
+018,-007
+018,-007
+018,-007
+018,-007
+018,-007
+018,-004
+018,-004
+018,-004
+018,-004
+018,-004
+018,-004
+018,-004
+018,-004
+018,-004
+018,-004
+018,-004
+018,-001
+018,-001
+018,-001
+018,-001
+018,-001
+018,-001
+018,-001
+018,-001
+018,-001
+018,-001
+018,-001
+018,-001
+018,-001
+018,-001
+018,+001
+018,+001
+016,+001
+016,+001
+016,+001
+016,+001
+016,+003
+016,+003
+016,+003
+016,+003
+016,+003
+016,+005
+014,+005
+014,+005
+014,+005
+014,+005
+014,+007
+014,+007
+014,+007
+012,+007
+012,+007
+012,+007
+012,+007
+010,+007
+010,+007
+010,+007
+010,+007
+010,+007
+010,+007
+010,+007
+010,+007
+010,+007
+010,+007
+008,+007
+008,+007
+008,+007
+008,+007
+008,+007
+008,+007
+008,+007
+008,+007
+008,+007
+008,+007
+008,+007
+008,+007
+008,+007
+006,+007
+006,+007
+006,+007
+006,+007
+006,+007
+006,+007
+006,+007
+006,+007
+006,+007
+006,+007
+004,+007
+004,+007
+004,+007
+004,+007
+004,+007
+004,+007
-003,+007
-002,+007
-002,+007
-002,+007
-002,+007
-002,+007
-002,+007
-001,+007
-001,+007
-001,+007
-000,+007
-000,+007
-000,+007
-000,+007
-001,+007
-001,+007
-001,+007
-001,+007
-002,+007
-002,+007
-002,+007
-002,+007
-002,+007
-002,+007
-002,+007
-002,+007
-002,+007
-002,+007
-002,+007
-002,+005
-003,+005
-003,+005
-003,+005
-003,+005
-003,+005
-003,+005
-003,+005
-003,+005
-003,+005
-003,+005
-003,+005
-003,+005
-003,+003
-003,+003
-003,+003
-003,+003
-003,+003
-003,+003
-003,+003
-003,+001
-003,+001
-003,+001
-003,+001
-003,+001
-003,+001
-003,+001
-003,+000
-003,+000
-000,+000
-000,-001
-000,-001
-000,-001
-000,-001
-000,-001
-000,-002
-000,-002
-000,-002
-000,-002
-000,-002
-000,-003
-000,-003
-000,-003
-000,-003
-003,-003
-003,-003
-003,-003
-003,-003
-003,-003
-003,-003
-003,-004
-003,-004
-003,-004
-003,-004
-003,-004
-003,-004
-003,-004
-003,-004
-003,-004
-003,-004
-003,-004
-003,-004
-003,-004
-003,-004
-003,-004
-003,-004
-003,-004
-003,-004
-003,-004
-003,-004
-003,-004
-003,-004
-003,-004
-003,-004
-003,-005
-003,-005
-003,-005
-003,-006
-003,-006
-003,-006
-003,-006
-003,-006
-003,-006
-003,-006
-003,-006
-003,-006
-003,-006
-003,-006
-003,-006
-003,-006
-003,-006
-003,-006
-003,-006
-003,-006
-003,-006
-003,-003
-003,-003
-003,-003
-003,-003
-003,-003
-003,-003
-003,-003
-003,-003
-003,-003
-003,-003
-003,+000
-003,+000
-003,+000
-003,+000
-003,+000
-003,+000
-003,+000
-003,+000
-003,+000
-003,+000
-003,+000
-003,+000
-003,+000
-003,+000
-003,+000
-003,+000
-003,+000
-003,+000
-003,+000
-003,+000
-003,+000
-003,+000
-003,+000
-003,+000
-003,+000
-003,+000
-003,+000
-003,+000
-003,+000
-003,+000
-003,+000
-003,+000
-003,+000
-003,+000
-003,+000
-003,+000
-003,+000
-003,+000
-003,+000
-003,+000
-003,+000
-003,+000
-003,+000
-003,+000
-003,+000
-003,+000
-003,+000
-003,+002
-003,+002
-003,+002
-003,+002
-003,+002
-003,+002
-003,+002
-003,+002
-003,+002
-003,+002
-003,+002
-003,+002
-003,+002
-003,+002
-003,+002
-003,+002
-003,+002
-003,+002
-003,+002
-003,+002
-003,+002
-003,+002
-003,+002
-003,+002
-003,+002
-003,+002
-003,+002
+005,+002
+005,+002
+005,+002
+005,+002
+005,+002
+005,+002
+005,+002
+005,+002
+005,+002
+005,+002
+005,+002
+005,+002
+005,+002
+005,+002
+005,+002
+005,+002
+005,+002
+005,+002
+007,+002
+007,+002
+007,+002
+007,+002
+007,+002
+007,+002
+007,+002
+009,+002
+009,+002
+009,+002
+009,+002
+009,+002
+009,+002
+009,+002
+009,+002
+009,+002
+011,+002
+011,+002
+011,+002
+011,+002
+011,+002
+011,+002
+011,+002
+011,+002
+011,+002
+011,+002
+011,+002
+011,+002
+011,+002
+011,+002
+011,+002
+011,+002
+011,+002
+011,+002
+011,+002
+011,+002
+011,+002
+011,+000
+013,+000
+013,+000
+013,+000
+013,+000
+013,+000
+013,+000
+013,+000
+013,+000
+013,+000
+013,-001
+013,-001
+013,-001
+013,-001
+013,-001
+013,-001
+013,-001
+013,-001
+013,-001
+013,-001
+013,-001
+013,-001
+013,-001
+013,-001
+013,-001
+011,-001
+011,-001
+011,-001
+011,-001
+009,-001
+009,-001
+009,-001
+007,-001
+007,-001
+007,-001
+007,-001
+005,-001
+005,-001
+005,-001
+004,-001
+004,-001
-003,-001
-003,-001
-003,-001
-002,-001
-002,-001
-002,-001
-001,-001
-001,+001
-001,+001
-001,+001
-000,+001
-000,+001
-000,+001
-000,+001
-001,+001
-001,+001
-001,+001
-001,+000
-001,+000
-001,+000
-001,+000
-001,+000
-001,+000
-001,+000
-001,+000
-001,-001
-001,-001
-001,-001
-001,-001
-001,-001
-001,-001
-001,-002
-001,-002
-001,-002
-001,-002
-001,-003
-001,-003
-001,-003
-001,-003
-001,-003
-001,-003
-001,-003
-001,-003
-001,-003
-001,-003
-001,-003
-001,-003
-001,-003
-001,-004
-001,-004
-001,-004
-001,-004
-002,-005
-002,-005
-002,-005
-002,-005
-002,-006
-002,-006
-002,-006
-002,-007
-002,-007
-002,-007
-002,-007
-002,-007
-002,-007
-002,-007
-002,-007
-002,-007
-002,-008
-002,-008
-002,-008
-002,-008
+004,-008
+004,-008
+004,-008
+004,-009
+004,-009
+004,-009
+004,-009
+004,-009
+004,-009
+006,-009
+006,-009
+006,-009
+006,-009
+006,-009
+006,-010
+006,-010
+006,-010
+006,-010
+006,-010
+006,-010
+008,-010
+008,-010
+008,-010
+008,-010
+008,-010
+008,-010
+008,-010
+008,-010
+008,-010
+008,-010
+008,-010
+008,-010
+008,-010
+008,-010
+008,-010
+006,-010
+006,-010
+006,-010
+006,-010
+006,-010
+006,-010
+006,-010
+006,-010
+006,-010
+006,-010
+006,-010
+006,-010
+006,-010
+004,-010
+004,-010
+004,-010
+004,-010
+004,-007
+004,-007
+004,-007
+004,-007
-003,-007
-003,-007
-002,-007
-002,-007
-002,-007
-001,-007
-001,-007
-001,-007
-000,-007
-001,-007
-001,-007
-001,-007
-001,-007
-001,-007
-001,-007
-002,-007
-002,-007
-002,-007
-002,-007
-002,-007
-002,-007
-002,-007
-002,-007
-002,-008
-002,-008
-002,-008
-002,-008
-002,-009
-002,-009
-002,-009
-002,-009
-002,-009
-002,-009
-002,-009
-002,-009
-002,-009
-002,-009
-002,-009
-002,-009
-002,-009
-002,-009
-002,-009
-002,-009
-002,-009
-002,-009
-002,-009
-002,-006
-002,-007
-002,-007
-002,-007
-002,-007
-001,-007
-001,-007
-001,-007
-001,-007
-001,-007
-001,-007
-001,-007
-001,-007
-001,-007
-001,-007
-001,-007
-001,-007
-001,-007
-001,-007
-001,-004
-001,-004
-001,-005
-001,-005
-001,-005
-001,-005
-001,-005
-001,-005
-001,-005
-001,-005
-001,-005
-001,-005
-001,-005
-001,-005
-001,-005
-001,-005
-001,-006
-001,-006
-001,-006
+004,-006
+004,-006
+004,-006
+004,-006
+004,-006
+004,-006
+004,-006
+004,-006
+004,-006
+004,-006
+004,-006
+004,-006
+004,-006
+004,-006
+004,-006
+004,-006
+004,-006
+004,-006
+004,-006
+004,-006
+004,-006
+004,-006
+004,-006
+004,-006
+004,-006
+004,-006
+004,-006
+004,-006
+004,-003
+004,-003
+004,-003
+004,-003
+004,-003
+004,-003
+004,-004
+004,-004
+006,-004
+006,-004
+006,-004
+006,-004
+006,-004
+006,-005
+006,-005
+006,-005
+006,-005
+006,-005
+006,-005
+006,-005
+006,-005
+006,-005
+008,-005
+008,-005
+008,-005
+008,-005
+008,-005
+008,-005
+008,-005
+008,-005
+008,-005
+008,-005
+008,-002
+008,-002
+008,-002
+008,-002
+008,-002
+008,-002
+008,-002
+008,-002
+006,-002
+006,-002
+006,-002
+006,-002
+006,-002
+006,-002
+006,+000
+006,+000
+006,+000
+006,+000
+006,+000
+006,+000
+006,+000
+006,+000
+006,+000
+006,+000
+006,+000
+006,+000
+006,+000
+006,+000
+006,+000
+006,+000
+006,+000
+006,+000
+006,+000
+008,+000
+008,+000
+008,+000
+008,+000
+008,+000
+008,+000
+008,+000
+008,+000
+008,+000
+008,+000
+008,+000
+008,+000
+008,+000
+008,+000
+008,+000
+008,+000
+008,+000
+008,+000
+008,+000
+008,+000
+008,+000
+008,+000
+008,+000
+008,+000
+008,+000
+006,+000
+006,+000
+006,+000
+006,+000
+006,+000
+006,+000
+004,+000
+004,+000
+004,+000
+004,+000
-003,+000
-003,+000
-003,+000
-003,+000
-003,+000
-002,+000
-002,+000
-001,+002
-001,+002
-001,+002
-001,+002
-000,+002
-000,+002
-001,+002
-001,+002
-002,+002
-002,+002
-002,+002
-002,+002
-003,+002
-003,+002
-003,+002
-003,+002
-003,+002
-004,+002
-004,+002
-004,+002
-004,+002
-004,+002
-004,+002
-004,+002
-004,+002
-004,+002
-004,+002
-004,+002
-004,+002
-004,+002
-004,+002
-004,+002
-004,+002
-004,+002
-004,+002
-004,+002
-004,+002
-004,+002
-004,+002
-004,+002
-004,+002
-004,+002
-004,+000
-004,+000
-004,+000
-004,+000
-004,+000
-004,+000
-004,+000
-004,+000
-004,+000
-004,+000
-004,+000
-004,+000
-004,+000
-004,+000
-004,+000
-004,+000
-004,+000
-004,+000
-004,+000
-004,+000
-004,+000
-004,+000
-004,+000
-004,+000
-004,+000
-004,+000
-004,+000
-004,+000
-004,+000
-004,+000
-001,+000
-002,+000
-002,+000
-002,+000
-002,+000
-002,+000
-002,-001
-002,-001
-002,-001
-002,-002
-001,-002
-001,-002
-001,-003
-001,-003
-001,-003
-001,-004
+004,-004
+004,-004
+004,-004
+004,-005
+004,-005
+004,-005
+006,-005
+006,-005
+006,-006
+006,-006
+008,-006
+008,-006
+008,-006
+008,-006
+008,-006
+010,-006
+010,-006
+010,-006
+010,-006
+012,-006
+012,-006
+012,-006
+012,-006
+012,-006
+012,-003
+014,-003
+014,-003
+014,-003
+014,-003
+014,-003
+014,-003
+014,-003
+014,-003
+014,-003
+014,-003
+014,-003
+014,-003
+014,-003
+014,-003
+014,-003
+014,-003
+014,+000
+014,-001
+014,-001
+014,-001
+014,-001
+014,-001
+014,-001
+014,-001
+014,-001
+012,-001
+012,-001
+012,-001
+012,-001
+012,-001
+012,-001
+012,-001
+010,-001
+010,-001
+010,-001
+010,-001
+010,-001
+010,-001
+008,-001
+008,-001
+008,-001
+008,-001
+008,-001
+008,-001
+008,-001
+008,-001
+008,-001
+008,-001
+008,-001
+008,-001
+008,-001
+008,-001
+008,-001
+008,-001
+008,-001
+008,-001
+008,-001
+008,-001
+006,-001
+006,-001
+006,-001
+006,-001
+006,-001
+006,-001
+006,-001
+006,+001
+004,+001
+004,+001
+004,+001
+004,+001
+004,+001
+004,+001
+004,+001
-003,+001
-003,+001
-003,+001
-003,+001
-003,+001
-002,+001
-002,+001
-002,+001
-002,+001
-002,+001
-002,+001
-002,+000
-002,+000
-002,+000
-002,+000
-002,+000
-002,+000
-001,+000
-001,+000
-001,+000
-001,+000
-001,+000
-001,+000
-001,+000
-001,-001
-000,-001
-000,-001
-000,-001
-000,-001
-001,-001
-001,-001
-001,-001
-001,-001
-002,-001
-002,-001
-002,-001
-002,-001
-002,-001
-002,-001
-003,-001
-003,-001
-003,-001
-003,-001
-003,-001
-003,-001
-003,-001
-003,-001
-003,-001
-003,-001
-003,-001
-003,-001
-003,-001
-003,-001
-003,-001
-003,-001
-003,-001
-003,-001
-003,-001
-003,-001
-003,-001
-003,-001
-003,-001
-003,-001
-003,-001
-000,-001
-000,-001
-000,-001
-000,-001
-000,-001
-000,-001
-000,-001
-000,-001
-000,-001
-003,-001
-003,-001
-003,-001
-003,-001
-003,-001
-003,-001
-003,-001
+005,-001
+005,-001
+005,-001
+005,-001
+005,-001
+005,-001
+007,-001
+007,-001
+007,-001
+007,+001
+007,+001
+007,+001
+007,+001
+009,+001
+009,+001
+009,+001
+009,+001
+009,+001
+009,+001
+009,+001
+011,+001
+011,+001
+011,+001
+011,+001
+011,+001
+011,+001
+011,+001
+011,+001
+011,+001
+013,+001
+013,+001
+013,+001
+013,+001
+013,+001
+013,+001
+013,+001
+013,+001
+013,+001
+013,+001
+013,+001
+013,+001
+013,+001
+013,+001
+013,+001
+015,+001
+015,+001
+015,+003
+015,+003
+015,+003
+015,+003
+015,+003
+015,+003
+015,+003
+015,+003
+015,+003
+015,+003
+015,+003
+015,+003
+015,+003
+015,+003
+015,+003
+015,+003
+015,+003
+015,+003
+015,+003
+015,+003
+015,+003
+015,+003
+015,+003
+015,+003
+015,+003
+015,+003
+015,+005
+015,+005
+015,+005
+015,+005
+015,+005
+015,+005
+015,+005
+015,+005
+015,+005
+015,+005
+015,+005
+015,+005
+015,+005
+013,+005
+013,+005
+013,+003
+013,+003
+013,+003
+013,+003
+013,+003
+013,+003
+013,+003
+013,+003
+011,+003
+011,+003
+011,+003
+011,+003
+011,+003
+011,+003
+011,+003
+011,+003
+011,+003
+011,+003
+011,+003
+011,+005
+011,+005
+011,+005
+011,+005
+011,+005
+009,+005
+009,+005
+009,+005
+009,+005
+009,+005
+007,+005
+007,+005
+007,+005
+007,+005
+007,+005
+007,+005
+007,+007
+005,+007
+005,+007
+005,+007
+005,+007
+005,+007
+005,+007
+005,+009
+005,+009
+004,+009
+004,+009
+004,+009
+004,+009
+004,+011
+004,+011
+004,+011
+004,+011
+004,+011
+004,+011
+004,+011
+004,+011
+004,+011
+004,+011
+004,+011
+004,+011
+004,+011
+006,+011
+006,+011
+006,+011
+006,+011
+006,+011
+006,+011
+006,+011
+006,+011
+006,+011
+008,+011
+008,+011
+008,+011
+008,+011
+008,+011
+008,+011
+008,+011
+010,+011
+010,+011
+010,+011
+010,+011
+012,+011
+012,+011
+012,+011
+012,+011
+012,+011
+012,+011
+014,+013
+014,+013
+014,+013
+014,+013
+016,+013
+016,+013
+016,+013
+016,+013
+016,+013
+016,+013
+016,+013
+016,+013
+016,+013
+016,+013
+016,+013
+016,+013
+016,+013
+016,+013
+016,+013
+016,+013
+016,+013
+016,+013
+016,+013
+016,+013
+016,+013
+016,+013
+016,+013
+016,+013
+016,+013
+016,+013
+016,+013
+016,+013
+016,+013
+016,+013
+016,+013
+016,+015
+016,+015
+016,+015
+016,+015
+016,+015
+016,+015
+016,+015
+016,+015
+016,+015
+016,+015
+016,+015
+016,+015
+016,+015
+016,+015
+016,+015
+016,+015
+016,+017
+016,+017
+016,+017
+016,+017
+016,+017
+016,+017
+016,+017
+016,+017
+016,+017
+016,+017
+016,+019
+016,+019
+016,+019
+016,+019
+014,+019
+014,+019
+014,+019
+014,+021
+014,+021
+014,+021
+014,+021
+014,+021
+014,+021
+014,+021
+014,+021
+012,+023
+012,+023
+012,+023
+012,+023
+012,+023
+010,+025
+010,+025
+010,+025
+010,+025
+008,+025
+008,+025
+008,+025
+008,+027
+006,+027
+006,+027
+006,+027
+006,+027
+006,+027
+004,+027
+004,+027
+004,+027
+004,+027
+004,+027
+004,+027
+004,+027
+004,+027
+004,+027
+004,+027
+004,+027
+004,+027
+004,+027
+004,+027
+004,+027
+004,+027
+004,+027
+004,+027
+004,+027
+004,+027
+004,+029
+004,+029
+004,+029
+004,+029
+004,+029
+004,+029
+004,+029
+004,+029
+004,+029
+006,+029
+006,+029
+006,+029
+006,+029
+006,+029
+006,+029
+006,+031
+006,+031
+006,+031
+006,+031
+008,+031
+008,+031
+008,+031
+008,+031
+008,+031
+010,+031
+010,+031
+010,+031
+010,+031
+010,+031
+012,+031
+012,+031
+012,+031
+012,+029
+012,+029
+012,+029
+012,+029
+012,+029
+012,+029
+012,+029
+012,+029
+012,+029
+012,+029
+014,+029
+014,+029
+014,+029
+014,+029
+014,+029
+014,+029
+014,+029
+014,+029
+014,+029
+014,+031
+014,+031
+014,+031
+014,+031
+014,+031
+016,+031
+016,+031
+016,+031
+016,+031
+016,+031
+016,+031
+016,+033
+016,+033
+016,+033
+016,+033
+016,+033
+016,+033
+016,+035
+016,+035
+016,+035
+016,+037
+016,+037
+016,+037
+016,+037
+016,+037
+016,+037
+016,+037
+016,+037
+016,+039
+016,+039
+016,+039
+016,+039
+016,+039
+014,+039
+014,+039
+014,+039
+014,+039
+014,+039
+014,+039
+014,+039
+014,+039
+014,+039
+014,+039
+014,+039
+014,+039
+014,+039
+014,+039
+012,+039
+012,+039
+012,+039
+012,+039
+012,+039
+012,+039
+012,+039
+012,+039
+012,+039
+012,+039
+012,+039
+012,+039
+010,+037
+010,+037
+010,+037
+010,+037
+010,+037
+010,+037
+010,+035
+010,+035
+010,+035
+010,+035
+008,+035
+008,+035
+008,+035
+008,+035
+008,+035
+008,+035
+008,+035
+008,+033
+006,+033
+006,+033
+006,+033
+006,+033
+004,+033
+004,+031
+004,+031
+004,+031
+004,+031
+004,+029
-003,+029
-003,+029
-003,+029
-002,+029
-002,+027
-002,+027
-002,+027
-002,+027
-002,+027
-001,+027
-001,+027
-001,+027
-001,+025
-000,+025
-000,+025
-000,+025
-000,+025
-000,+025
-000,+025
-001,+025
-001,+025
-002,+025
-002,+023
-003,+023
-003,+023
-003,+023
-003,+023
-003,+023
-004,+023
-004,+023
-005,+023
-005,+023
-005,+023
-006,+023
-006,+023
-006,+023
-006,+023
-006,+023
-006,+023
-006,+023
-006,+023
-006,+023
-006,+023
-006,+023
-006,+023
-006,+021
-006,+021
-006,+021
-006,+021
-006,+021
-006,+019
-006,+019
-006,+019
-006,+019
-006,+019
-006,+017
-006,+017
-006,+017
-006,+017
-006,+017
-006,+017
-006,+017
-006,+015
-006,+015
-006,+015
-006,+015
-006,+015
-006,+015
-003,+015
-003,+015
-003,+015
-003,+015
-003,+015
-003,+015
-003,+015
-003,+013
-003,+013
-003,+013
-000,+013
-000,+013
-000,+013
-000,+013
-000,+013
-000,+013
-000,+013
-000,+013
-000,+013
-000,+015
-000,+015
-000,+015
-000,+015
-000,+015
-000,+015
-000,+015
-000,+015
-000,+015
-000,+015
-000,+015
-000,+015
-000,+015
-003,+015
-003,+015
-003,+015
-003,+015
-003,+015
-003,+015
-003,+015
-003,+015
-003,+015
-003,+015
-003,+015
-003,+015
-003,+015
-003,+015
-003,+015
-003,+015
-003,+015
-003,+015
-003,+015
+005,+015
+005,+015
+005,+015
+005,+015
+005,+017
+005,+017
+005,+017
+005,+017
+005,+017
+005,+017
+005,+017
+005,+017
+005,+017
+005,+017
+005,+017
+005,+017
+005,+017
+005,+017
+005,+017
+005,+017
+005,+017
+005,+017
+005,+017
+005,+017
+005,+017
+005,+017
+005,+017
+005,+017
+005,+017
+005,+015
+005,+015
+005,+015
+005,+015
+005,+015
+005,+015
+005,+015
+005,+015
+005,+015
+005,+015
+005,+015
+005,+015
+005,+015
+005,+015
+005,+015
+005,+015
+005,+015
+005,+015
+005,+015
+005,+015
+005,+013
+005,+013
+005,+013
+005,+013
+007,+011
+007,+011
+007,+011
+007,+011
+007,+011
+007,+011
+009,+011
+009,+011
+009,+011
+009,+011
+009,+011
+009,+011
+009,+011
+011,+011
+011,+011
+011,+011
+011,+011
+011,+011
+011,+011
+011,+011
+013,+011
+013,+011
+013,+011
+013,+011
+013,+011
+013,+011
+013,+011
+013,+011
+013,+011
+013,+011
+015,+011
+015,+011
+015,+011
+015,+011
+015,+011
+015,+011
+017,+011
+017,+011
+017,+011
+017,+011
+019,+011
+019,+011
+019,+011
+021,+011
+021,+011
+021,+011
+021,+011
+023,+013
+023,+013
+023,+013
+025,+013
+025,+013
+025,+013
+025,+013
+025,+013
+027,+013
+027,+013
+027,+013
+027,+013
+029,+013
+029,+013
+029,+013
+029,+013
+029,+013
+029,+013
+029,+013
+029,+013
+029,+013
+029,+013
+029,+011
+029,+011
+029,+011
+029,+011
+029,+011
+029,+011
+029,+011
+029,+011
+029,+011
+029,+011
+029,+011
+029,+011
+029,+011
+029,+011
+029,+011
+029,+011
+029,+011
+029,+011
+029,+011
+029,+011
+029,+011
+029,+011
+029,+011
+029,+011
+029,+011
+027,+011
+027,+013
+027,+013
+027,+013
+027,+013
+025,+013
+025,+013
+025,+013
+025,+013
+025,+013
+023,+013
+023,+013
+023,+013
+023,+013
+023,+013
+021,+013
+021,+013
+021,+013
+021,+013
+021,+011
+021,+011
+021,+011
+021,+011
+021,+011
+019,+011
+019,+011
+019,+011
+019,+011
+019,+011
+019,+009
+019,+009
+019,+009
+019,+009
+019,+009
+017,+009
+017,+009
+017,+009
+017,+009
+017,+009
+017,+009
+017,+011
+017,+011
+017,+011
+017,+011
+017,+011
+017,+011
+017,+011
+015,+011
+015,+011
+015,+011
+015,+011
+015,+011
+015,+009
+015,+009
+015,+009
+015,+009
+015,+009
+013,+009
+013,+009
+013,+009
+013,+009
+013,+009
+013,+009
+013,+009
+013,+009
+013,+009
+013,+009
+013,+009
+013,+009
+013,+009
+013,+009
+013,+011
+013,+011
+013,+011
+013,+011
+013,+011
+013,+011
+013,+011
+013,+011
+013,+011
+013,+011
+013,+011
+013,+011
+013,+011
+013,+011
+013,+011
+013,+011
+013,+011
+013,+011
+013,+011
+013,+011
+013,+011
+013,+011
+013,+011
+013,+011
+013,+011
+013,+011
+013,+011
+013,+013
+013,+013
+013,+013
+013,+013
+013,+013
+013,+013
+013,+013
+013,+013
+013,+013
+013,+013
+013,+013
+013,+013
+011,+013
+011,+015
+011,+015
+011,+015
+011,+015
+011,+015
+011,+015
+011,+015
+011,+015
+011,+015
+011,+015
+011,+015
+011,+015
+011,+015
+011,+015
+011,+015
+011,+015
+011,+015
+011,+015
+011,+015
+011,+015
+011,+015
+011,+015
+011,+015
+011,+015
+011,+015
+011,+015
+011,+015
+011,+015
+011,+015
+011,+015
+011,+015
+011,+015
+011,+015
COP Area(S): 000376
COP Area(R): 000652