-000,-000
-000,-000
-000,-000
-000,-000
-000,-000
-000,-000
-000,-000
-000,-000
-000,-000
-000,-000
-000,-000
-000,-000
-000,-000
-000,-000
-000,-000
-000,-000
-000,-000
-000,-000
-000,-000
-000,-000
-000,-000
-000,-000
-000,-000
-000,-000
-000,-000
-003,-000
-003,-000
-002,-000
-002,-000
-002,-003
-002,-003
-002,-003
-002,-003
-002,-003
-002,-003
-002,-003
-002,-003
-002,-003
-002,-003
-002,-003
-002,-003
-002,-003
-002,-003
-002,-003
-002,-003
-002,-003
-002,-003
-002,-003
-002,-003
-002,-003
-002,-003
-002,-003
-002,-003
-002,-003
-002,-003
-002,-003
-002,-003
-002,-003
-002,-003
-002,-003
-002,-002
-002,-002
-002,-002
-002,-002
-002,-002
-002,-002
-002,-002
-002,-002
-002,-001
-002,-001
-001,-001
-001,-001
-001,-001
-001,-001
-001,-000
-001,-000
-001,-000
-001,-000
-001,-000
-001,-000
-000,-000
-000,-001
-000,-001
-000,-001
-000,-001
-000,-001
-000,-001
-000,-001
-000,-001
-001,-001
-001,-001
-001,-001
-001,-001
-001,-001
-001,-001
-001,-001
-001,-001
-001,-001
-001,-001
-001,-001
-002,-001
-002,-001
-002,-001
-002,-001
-002,-001
-002,-001
-002,-001
-002,-001
-002,-001
-002,-001
-002,-001
-002,-001
-002,-001
-002,-001
-002,-001
-002,-001
-003,-001
-003,-001
-003,-001
-003,-001
-003,-001
-003,-001
-004,-001
-004,-001
-004,-001
-004,-001
-004,-001
-005,-001
-005,-001
-005,-001
-005,-001
-005,-001
-005,-001
-006,-001
-006,-001
-006,-001
-006,-001
-006,-001
-006,-001
-007,-001
-007,-001
-007,-001
-007,-001
-007,-001
-007,-001
-007,-001
-008,-001
-008,-001
-008,-002
-008,-002
-008,-002
-008,-002
-008,-002
-008,-002
-008,-002
-008,-002
-008,-002
-008,-002
-008,-002
-008,-002
-008,-002
-009,-002
-009,-002
-009,-002
-009,-002
-009,-002
-009,-002
-009,-002
-009,-002
-009,-002
-009,-002
-009,-002
-009,-002
-009,-002
-009,-002
-009,-002
-009,-002
-009,-002
-009,-002
-009,-002
-009,-002
-009,-002
-009,-002
-009,-002
-009,-002
-009,-002
-009,-002
-009,-002
-009,-002
-009,-002
-009,-002
-009,-002
-009,-002
-009,-002
-009,-002
-009,-002
-009,-002
-009,-002
-009,-002
-009,-002
-009,-002
-009,-002
-009,-002
-009,-002
-009,-002
-009,-002
-009,-002
-009,-002
-009,-003
-009,-003
-009,-003
-009,-003
-009,-003
-009,-003
-009,-003
-009,-003
-009,-003
-009,-003
-009,-003
-009,-003
-009,-003
-009,-003
-009,-004
-009,-004
-009,-004
-009,-004
-009,-004
-009,-004
-009,-004
-009,-004
-009,-004
-009,-004
-009,-004
-009,-004
-009,-005
-009,-005
-009,-005
-009,-005
-009,-005
-009,-005
-009,-005
-009,-005
-006,-005
-007,-005
-007,-005
-007,-005
-007,-005
-007,-005
-007,-005
-007,-005
-007,-005
-007,-005
-007,-005
-007,-005
-007,-005
-007,-006
-007,-006
-007,-006
-007,-006
-007,-006
-007,-006
-007,-006
-007,-006
-007,-006
-007,-006
-007,-007
-007,-007
-007,-007
-007,-007
-007,-007
-007,-007
-007,-007
-007,-007
-007,-007
-007,-007
-007,-007
-007,-007
-007,-007
-007,-007
-007,-007
-007,-007
-007,-007
-007,-007
-007,-007
-007,-007
-007,-007
-007,-007
-007,-007
-007,-007
-007,-007
-007,-007
-007,-007
-007,-007
-007,-007
-007,-007
-004,-007
-005,-007
-005,-007
-005,-007
-005,-007
-005,-007
-005,-008
-005,-008
-005,-008
-005,-008
-005,-008
-005,-008
-005,-008
-005,-008
-005,-008
-005,-008
-005,-008
-005,-008
-005,-008
-005,-008
-005,-008
-005,-008
-005,-008
-005,-008
-005,-008
-005,-008
-005,-008
-005,-008
-005,-008
-005,-008
-005,-008
-005,-008
-005,-008
-005,-009
-005,-009
-005,-009
-005,-009
-005,-009
-005,-009
-005,-009
-005,-009
-005,-009
-005,-009
-005,-009
-005,-009
-005,-009
-005,-010
-005,-010
-005,-010
-002,-010
-002,-010
-003,-010
-003,-010
-003,-011
-003,-011
-003,-011
-003,-011
-003,-011
-003,-011
-003,-011
-003,-011
-003,-011
-003,-012
-000,-013
-000,-014
-000,-014
-000,-015
-000,-015
-000,-015
-000,-015
-000,-016
-000,-016
-000,-016
-000,-017
-000,-017
-000,-017
-000,-018
-000,-018
-000,-018
-000,-018
-000,-018
-000,-018
-000,-019
-000,-019
-000,-019
-000,-019
-000,-020
-000,-020
-000,-020
-003,-020
-003,-021
-003,-021
-003,-021
-003,-022
-003,-022
-003,-022
-003,-022
-002,-022
-002,-022
-002,-022
-002,-022
-002,-022
-002,-022
-002,-022
-002,-022
-002,-022
-002,-022
-002,-022
-002,-022
-002,-022
-002,-022
-002,-022
-002,-022
-002,-022
-002,-019
-002,-019
-002,-019
-002,-019
-002,-019
-002,-019
-002,-019
-002,-019
-002,-019
-002,-019
-002,-019
-002,-019
-002,-019
-002,-019
-002,-019
-002,-019
-002,-019
-002,-019
+005,-019
+005,-019
+005,-019
+005,-019
+005,-019
+005,-019
+005,-019
+005,-019
+005,-019
+005,-019
+005,-019
+005,-019
+005,-019
+005,-019
+005,-019
+005,-019
+005,-016
+005,-017
+005,-017
+005,-017
+005,-017
+005,-017
+005,-017
+005,-017
+005,-017
+005,-017
+005,-017
+005,-017
+005,-017
+005,-017
+005,-017
+005,-017
+005,-017
+005,-017
+005,-017
+005,-017
+005,-017
+005,-017
+005,-017
+005,-017
+005,-017
+005,-017
+005,-017
+005,-017
+005,-017
+005,-017
+005,-017
+005,-017
+005,-017
+005,-017
+005,-017
+005,-017
+005,-017
+005,-017
+005,-017
+005,-017
+005,-017
+005,-017
+005,-017
+005,-017
+005,-017
+005,-018
+005,-018
+005,-018
+005,-018
+005,-018
+005,-018
+005,-018
+005,-018
+005,-018
+005,-018
+005,-018
+005,-018
+005,-018
+005,-018
+005,-018
+005,-018
+005,-018
+005,-018
+005,-018
+005,-018
+007,-018
+007,-018
+007,-018
+007,-018
+007,-018
+007,-018
+007,-018
+007,-018
+007,-018
+007,-018
+007,-018
+007,-018
+007,-018
+007,-018
+007,-018
+007,-018
+007,-018
+007,-018
+007,-018
+007,-018
+007,-018
+007,-018
+007,-018
+009,-018
+009,-019
+009,-019
+009,-019
+009,-019
+009,-019
+009,-019
+009,-019
+009,-019
+009,-019
+009,-019
+009,-019
+009,-019
+009,-019
+009,-019
+009,-019
+009,-019
+009,-019
+009,-019
+009,-019
+009,-019
+009,-019
+009,-019
+009,-019
+009,-019
+009,-019
+009,-019
+009,-019
+009,-019
+009,-019
+009,-019
+009,-019
+009,-019
+009,-019
+009,-019
+009,-019
+009,-019
+009,-019
+009,-019
+009,-019
+009,-019
+009,-019
+009,-019
+009,-019
+009,-019
+009,-019
+009,-016
+009,-016
+007,-016
+007,-016
+007,-016
+007,-016
+007,-016
+007,-016
+007,-016
+007,-016
+007,-016
+007,-016
+007,-013
+005,-013
+005,-013
+005,-013
+005,-013
+005,-013
+005,-013
+005,-013
+005,-013
+005,-013
+005,-013
+005,-013
+005,-013
+005,-013
+005,-013
+005,-013
+005,-013
+005,-013
+005,-013
+005,-013
+005,-013
+005,-013
+005,-013
+005,-013
+005,-013
+005,-013
+005,-013
+005,-013
+005,-013
+005,-013
+005,-013
+005,-013
+005,-013
+005,-013
+005,-013
+005,-013
+005,-013
+005,-013
+005,-013
+005,-013
+005,-013
+005,-013
+005,-013
+005,-013
+005,-013
+005,-013
+005,-013
+005,-013
+005,-013
+005,-013
+005,-013
+005,-013
+005,-013
+005,-013
+005,-013
+005,-013
+005,-013
+005,-013
+005,-013
+005,-013
+005,-013
+005,-013
+005,-013
+005,-013
+005,-013
+005,-013
+005,-013
+005,-013
+005,-013
+005,-013
+005,-013
+005,-013
+005,-013
+005,-013
+005,-013
+005,-013
+005,-013
+005,-013
+005,-013
+005,-013
+005,-013
+005,-013
+005,-013
+005,-013
+005,-013
+005,-013
+005,-013
+005,-013
+005,-013
+005,-013
+005,-013
+005,-013
+005,-013
+005,-013
-004,-013
-004,-013
-004,-013
-004,-013
-004,-013
-004,-013
-004,-010
-004,-010
-004,-011
-004,-011
-004,-011
-004,-011
-004,-011
-004,-011
-002,-011
-002,-008
-001,-008
-001,-008
-001,-008
-001,-008
-001,-008
-001,-008
-001,-008
-000,-008
-000,-008
-000,-008
-000,-008
-000,-008
-000,-008
-000,-008
-000,-008
-000,-008
-000,-008
-000,-008
-000,-008
-000,-008
-001,-008
-001,-008
-001,-008
-001,-008
-001,-008
-001,-008
-001,-008
-001,-008
-001,-008
-001,-008
-001,-008
-001,-008
-001,-008
-001,-008
-001,-008
-001,-008
-001,-008
-001,-008
-001,-008
-001,-008
-001,-008
-001,-005
-001,-006
-001,-006
-001,-006
-001,-006
-001,-006
-001,-006
-001,-006
-001,-006
-001,-006
-001,-006
-001,-006
-001,-006
-001,-006
-001,-006
-001,-006
-001,-006
-001,-006
-001,-006
-001,-006
-001,-006
-001,-006
-001,-006
-001,-006
-001,-006
-001,-006
-001,-006
-001,-006
-001,-007
-001,-007
-001,-007
-001,-007
-001,-007
-001,-007
-001,-007
-001,-007
-001,-007
-001,-007
-001,-008
-001,-008
-001,-008
-001,-008
-001,-008
-002,-008
-002,-009
-002,-009
-002,-009
-002,-009
-002,-009
-002,-009
-002,-009
-002,-009
-002,-009
-002,-009
-002,-009
-002,-009
-002,-009
-002,-009
-002,-009
-002,-009
-002,-009
-002,-009
-002,-009
-002,-009
-002,-009
-002,-009
-002,-009
-002,-009
-002,-009
-002,-009
-002,-009
-002,-009
-002,-009
-002,-009
-002,-009
-002,-009
-002,-009
-002,-009
-002,-009
-003,-009
-003,-009
-003,-009
-003,-009
-003,-009
-003,-009
-003,-009
-003,-009
-003,-009
-003,-009
-003,-009
-003,-009
-003,-009
-003,-009
-003,-009
-003,-009
-003,-009
-003,-009
-003,-009
-003,-009
-003,-009
-003,-009
-003,-009
-003,-009
-003,-009
-003,-009
-003,-009
-004,-009
-004,-009
-004,-009
-004,-009
-004,-009
-004,-009
-004,-009
-004,-009
-004,-009
-004,-009
-004,-009
-004,-009
-005,-009
-005,-009
-005,-009
-005,-009
-005,-009
-005,-009
-005,-009
-005,-009
-005,-009
-005,-009
-005,-009
-006,-009
-006,-009
-006,-009
-006,-009
-006,-009
-006,-009
-006,-009
-006,-009
-007,-009
-007,-009
-007,-009
-007,-009
-007,-009
-007,-009
-007,-009
-007,-009
-007,-009
-007,-009
-007,-009
-007,-009
-007,-009
-007,-009
-007,-009
-008,-009
-008,-009
-008,-009
-008,-009
-008,-009
-008,-009
-008,-009
-008,-009
-008,-009
-008,-009
-008,-009
-008,-009
-008,-009
-008,-009
-008,-009
-008,-009
-008,-009
-008,-009
-008,-009
-008,-009
-008,-009
-008,-006
-008,-007
-008,-007
-008,-007
-008,-007
-008,-007
-008,-007
-008,-007
-008,-007
-008,-007
-008,-007
-008,-007
-008,-007
-008,-007
-008,-007
-008,-007
-008,-007
-008,-007
-008,-007
-008,-007
-008,-007
-008,-007
-008,-007
-008,-007
-008,-007
-008,-007
-008,-007
-008,-007
-008,-007
-008,-007
-008,-007
-008,-007
-008,-007
-008,-007
-008,-007
-008,-007
-008,-007
-008,-007
-008,-007
-008,-007
-008,-007
-008,-007
-008,-008
-008,-008
-008,-008
-008,-008
-008,-008
-008,-008
-008,-009
-008,-009
-008,-009
-008,-009
-008,-009
-008,-009
-008,-009
-008,-009
-008,-010
-008,-010
-008,-010
-008,-010
-008,-010
-008,-010
-008,-010
-008,-010
-008,-010
-008,-010
-009,-010
-009,-010
-009,-010
-009,-010
-009,-010
-009,-010
-009,-010
-009,-010
-009,-010
-009,-011
-009,-011
-009,-011
-009,-011
-009,-011
-009,-011
-009,-011
-009,-011
-009,-011
-009,-011
-009,-011
-009,-011
-009,-011
-009,-011
-009,-011
-009,-011
-009,-011
-009,-011
-009,-011
-009,-011
-009,-011
-009,-011
-009,-011
-009,-011
-009,-011
-009,-011
-009,-011
-009,-011
-009,-011
-006,-011
-006,-011
-006,-011
-006,-011
-006,-011
-006,-011
-006,-011
-006,-011
-006,-011
-006,-011
-006,-011
-006,-011
-006,-011
-006,-011
-006,-011
-006,-011
-006,-011
-006,-011
-006,-011
-006,-011
-006,-011
-006,-011
-006,-011
-006,-011
-006,-011
-006,-011
-006,-011
-006,-011
-006,-011
-006,-011
-006,-011
-006,-011
-006,-011
-006,-011
-006,-011
-006,-012
-006,-012
-006,-012
-006,-012
-006,-012
-006,-012
-006,-012
-006,-012
-006,-012
-006,-012
-006,-012
-006,-012
-006,-012
-006,-012
-006,-012
-006,-012
-006,-012
-006,-012
-006,-012
-006,-012
-006,-012
-006,-012
-006,-012
-006,-012
-006,-012
-006,-012
-006,-012
-006,-012
-006,-012
-006,-012
-006,-012
-006,-012
-006,-013
-006,-013
-006,-013
-006,-013
-006,-013
-006,-013
-006,-013
-006,-013
-006,-013
-006,-013
-006,-013
-006,-013
-006,-013
-006,-013
-006,-014
-006,-014
-006,-014
-006,-014
-006,-014
-006,-014
-006,-014
-006,-014
-006,-014
-006,-014
-006,-014
-006,-014
-006,-014
-006,-014
-006,-014
-006,-014
-006,-014
-006,-014
-006,-014
-006,-014
-006,-014
-006,-014
-006,-014
-006,-014
-006,-014
-006,-014
-006,-014
-006,-014
-006,-011
-006,-011
-006,-012
-006,-012
-006,-012
-006,-012
-006,-012
-006,-012
-006,-012
-006,-012
-006,-012
-006,-012
-006,-012
-006,-012
-006,-012
-006,-012
-006,-012
-006,-012
-006,-012
-006,-012
-006,-012
-006,-012
-006,-012
-006,-012
-006,-012
-006,-012
-006,-012
-006,-012
-006,-012
-006,-012
-006,-012
-006,-012
-006,-012
-006,-012
-006,-012
-006,-012
-006,-012
-006,-012
-006,-012
-006,-012
-006,-012
-006,-012
-006,-012
-006,-012
-006,-012
-006,-012
-006,-012
-006,-012
-006,-012
-006,-012
-006,-012
-006,-012
-006,-012
-006,-012
-006,-012
-006,-012
-006,-012
-006,-012
-006,-012
-006,-013
-006,-013
-006,-013
-006,-013
-006,-013
-006,-013
-006,-013
-006,-013
-006,-013
-006,-013
-006,-013
-006,-013
-006,-013
-006,-013
-006,-013
-006,-013
-006,-013
-006,-013
-006,-013
-006,-013
-006,-013
-006,-013
-006,-013
-006,-013
-006,-013
-006,-013
-006,-013
-006,-013
-006,-013
-006,-013
-006,-013
-006,-013
-006,-013
-006,-013
-006,-013
-006,-013
-006,-013
-006,-013
-006,-013
-006,-013
-006,-013
-006,-013
-006,-013
-003,-013
-003,-015
-000,-015
-000,-016
-000,-016
-000,-016
-000,-016
-000,-016
-000,-016
-000,-016
-000,-016
-000,-016
-000,-016
-000,-016
-000,-016
-000,-016
-000,-016
-000,-016
-000,-016
-000,-016
-000,-016
-000,-016
-000,-016
-000,-016
-000,-016
-000,-016
-000,-016
-000,-016
-000,-016
-000,-016
-000,-017
-000,-017
-000,-017
-000,-017
-000,-017
-000,-017
-003,-017
-003,-017
-002,-017
-002,-017
-002,-018
-002,-018
-002,-018
-002,-018
-002,-018
-002,-018
-002,-018
-002,-018
-002,-018
-002,-018
-002,-018
-002,-018
-002,-018
-002,-018
-002,-018
-002,-018
-002,-018
-002,-018
-002,-018
-002,-018
-002,-018
-002,-018
-002,-018
-002,-018
-002,-018
-002,-018
-002,-018
-002,-018
-002,-015
-002,-016
-002,-016
-002,-016
-002,-016
-002,-016
-002,-016
-002,-016
-002,-016
-002,-016
-002,-016
-002,-016
-002,-016
-002,-016
-002,-016
-002,-016
-002,-016
-002,-016
-002,-016
-002,-016
-002,-016
-002,-016
-002,-016
-002,-016
-002,-016
-002,-016
-002,-016
-002,-016
-002,-016
-002,-013
-001,-013
-000,-013
-001,-013
-001,-010
-001,-010
-001,-010
-001,-010
-001,-010
-001,-010
-001,-010
-001,-010
-001,-010
-001,-010
-001,-010
-001,-010
-001,-010
-001,-010
-001,-010
-001,-010
-001,-010
-001,-010
-001,-010
-001,-010
-001,-010
-001,-010
-001,-010
-001,-010
-001,-010
-001,-010
-001,-010
-001,-010
-001,-010
-001,-010
-001,-010
-002,-010
-002,-010
-002,-010
-002,-010
-002,-010
-002,-010
-002,-010
-002,-010
-002,-010
-002,-010
-002,-010
-002,-010
-002,-010
-002,-010
-002,-010
-002,-010
-002,-010
-002,-010
-002,-010
-002,-010
-002,-010
-002,-010
-002,-010
-002,-010
-002,-010
-002,-010
-003,-010
-003,-010
-003,-010
-003,-010
-003,-010
-003,-010
-003,-010
-003,-010
-003,-010
-003,-010
-003,-010
-003,-010
-003,-010
-003,-010
-003,-010
-003,-010
-003,-010
-003,-010
-003,-010
-003,-010
-003,-010
-003,-010
-003,-010
-003,-010
-003,-010
-003,-010
-003,-010
-003,-010
-003,-010
-003,-010
-003,-010
-003,-010
-003,-010
-003,-010
-003,-010
-003,-010
-003,-010
-003,-010
-003,-010
-003,-010
-003,-010
-003,-010
-003,-010
-003,-010
-003,-010
-003,-010
-003,-010
-003,-010
-003,-010
-003,-010
-003,-010
-003,-010
-003,-010
-003,-010
-003,-010
-003,-010
-003,-010
-003,-010
-003,-010
-003,-010
-003,-010
-003,-010
-003,-010
-003,-010
-003,-010
-003,-010
-003,-010
-003,-010
-003,-010
-003,-010
-003,-010
-003,-010
-003,-010
-003,-010
-003,-010
-003,-010
-003,-010
-003,-010
-003,-010
-003,-010
-004,-010
-004,-010
-004,-010
-004,-010
-004,-010
-004,-010
-004,-010
-004,-010
-004,-010
-004,-010
-004,-010
-004,-010
-004,-010
-004,-010
-004,-010
-004,-010
-004,-010
-004,-010
-004,-010
-004,-010
-004,-010
-004,-010
-004,-010
-004,-010
-004,-010
-004,-010
-004,-010
-004,-007
-004,-008
-004,-008
-004,-008
-004,-008
-004,-008
-004,-008
-004,-008
-004,-008
-004,-008
-004,-008
-004,-008
-004,-008
-004,-008
-004,-008
-004,-008
-004,-008
-004,-008
-004,-008
-004,-005
-005,-005
-005,-005
-005,-005
-005,-005
-005,-005
-005,-005
-005,-005
-005,-005
-005,-005
-005,-005
-005,-005
-005,-005
-005,-005
-005,-005
-005,-005
-005,-005
-005,-005
-005,-005
-005,-005
-005,-005
-005,-005
-005,-005
-005,-005
-005,-005
-005,-005
-005,-005
-005,-005
-005,-005
-005,-005
-005,-005
-005,-005
-005,-005
-005,-005
-005,-005
-005,-005
-005,-005
-005,-002
-005,-003
-005,-003
-005,-003
-005,-003
-005,-003
-005,-003
-005,-003
-005,-003
-005,-003
-005,-003
-005,-003
-005,-003
-005,-003
-005,-003
-005,-003
-005,-003
-005,-003
-005,-003
-005,-003
-005,-003
-005,-003
-005,-003
-005,-003
-005,-003
-005,-003
-005,-003
-005,-003
-005,-003
-005,-003
-005,-003
-005,-003
-005,-003
-005,-003
-006,-000
-006,-001
-006,-001
-006,-001
-006,-001
-006,-001
-006,-001
-006,-001
-006,-001
-006,-001
-006,-001
-006,-001
-006,-001
-006,-001
-006,-001
-006,-001
-006,-001
-006,-001
-006,-001
-006,-001
-006,-001
-006,-001
-006,-001
-007,-001
-007,-001
-007,-001
-007,-001
-007,-001
-007,-001
-007,-001
-007,-001
-007,-001
-007,-001
-007,-001
-007,-001
-007,-001
-007,-001
-007,-001
-007,-001
-007,-001
-008,-001
-008,-001
-008,-001
-008,-001
-008,-001
-008,-001
-008,-001
-008,-001
-008,-001
-008,-001
-008,-001
-008,-001
-008,-001
-008,-001
-008,-001
-008,-001
-008,-001
-008,-001
-008,-001
-008,-002
-008,-002
-008,-002
-008,-002
-008,-002
-008,-002
-008,-002
-008,-002
-008,-002
-008,-002
-008,-002
-008,-002
-008,-002
-008,-002
-008,-002
-008,-002
-008,-002
-008,-002
-008,-002
-008,-002
-008,-002
-008,-002
-008,-002
-008,-002
-008,-002
-008,-002
-008,-002
-008,-002
-008,-002
-008,-002
-008,-002
-008,-002
-008,-002
-008,-002
-008,-002
-008,-002
-008,-002
-008,-002
-008,-002
-008,-002
-008,-002
-008,-002
-008,-002
-008,-002
-009,-002
-009,-002
-009,-002
-009,-002
-009,-002
-009,-002
-009,-002
-009,-002
-009,-002
-009,-002
-009,-002
-009,-002
-009,-002
-009,-002
-009,-002
-009,-002
-009,-002
-009,-002
-009,-002
-009,-002
-009,-002
-009,-002
-009,-002
-009,-002
-009,-002
-009,-002
-009,-001
-009,-001
-009,-001
-009,-001
-009,-001
-009,-001
-009,-001
-009,-001
-009,-001
-009,-001
-009,-001
-009,-001
-009,-001
-009,-001
-009,-001
-009,-001
-009,-001
-009,-001
-009,-001
-009,-001
-009,-001
-009,-004
-009,-003
-009,-003
-009,-003
-009,-003
-009,-003
-009,-003
-009,-003
-009,-003
-009,-003
-009,-003
-009,-003
-009,-003
-009,-003
-009,-003
-009,-003
-009,-002
-009,-002
-009,-002
-009,-002
-009,-002
-009,-002
-009,-002
-009,-002
-009,-002
-009,-002
-009,-002
-009,-002
-009,-001
-009,-001
-009,-001
-009,-001
-009,-001
-009,-001
-009,-001
-009,-000
-009,-000
-009,-000
-009,-000
-009,-000
-009,-000
-009,-001
-009,-001
-009,-001
-009,-001
-009,-001
-009,-001
-009,-001
-009,-001
-009,-001
-009,-001
-009,-001
-009,-001
-009,-001
-009,-001
-006,-001
-006,-001
-007,-001
-007,-001
-007,-001
-007,-002
-007,-002
-007,-001
-007,-001
-007,-001
-007,-001
-007,-001
-007,-001
-007,-001
-007,-001
-007,-001
-007,-001
-007,-001
-007,-001
-007,-001
-007,-000
-007,-000
-007,-000
-007,-000
-007,-001
-007,-001
-004,-001
-004,-002
-004,-002
-004,-002
-004,-002
-004,-002
-005,-002
-005,-003
-005,-003
-005,-003
-005,-004
-005,-004
-005,-004
-005,-005
-005,-005
-005,-005
-005,-005
-005,-006
-005,-006
-005,-006
-005,-006
-005,-007
-005,-007
-005,-007
-005,-007
-005,-007
-005,-007
-005,-007
-005,-007
-005,-007
-005,-007
-005,-007
-005,-007
-005,-007
-005,-007
-005,-007
-005,-007
-005,-008
-005,-008
-005,-008
-005,-008
-005,-008
-005,-008
-005,-008
-005,-008
-005,-008
-005,-008
-005,-008
-005,-008
-005,-008
-005,-008
-005,-008
-005,-008
-005,-008
-005,-008
-005,-008
-005,-008
-005,-008
-005,-008
-005,-008
-005,-008
-005,-008
-005,-008
-005,-008
-005,-008
-005,-008
-005,-008
-005,-008
-005,-008
-005,-008
-005,-008
-005,-008
-005,-008
-005,-008
-005,-008
-005,-008
-005,-008
-005,-008
-005,-008
-005,-008
-005,-008
-005,-008
-005,-008
-005,-008
-005,-008
-005,-008
-005,-008
-005,-008
-005,-008
-005,-008
-005,-008
-005,-008
-005,-008
-005,-008
-005,-008
-005,-008
-005,-008
-005,-008
-005,-008
-005,-008
-005,-009
-005,-009
-005,-009
-005,-009
-005,-009
-005,-009
-005,-009
-005,-009
-005,-009
-005,-009
-005,-009
-005,-009
-005,-009
-005,-009
-005,-009
-005,-009
-005,-009
-005,-009
-005,-009
-005,-009
-005,-009
-005,-009
-005,-009
-005,-009
-005,-009
-005,-009
-005,-009
-005,-009
-005,-009
-005,-009
-005,-009
-005,-009
-005,-009
-005,-009
-005,-010
-005,-010
-005,-010
-005,-010
-005,-010
-005,-010
-005,-010
-005,-010
-005,-010
-005,-010
-005,-010
-005,-010
-005,-010
-005,-010
-005,-010
-005,-010
-002,-010
-002,-010
-002,-010
-003,-010
-003,-010
-003,-010
-003,-010
-003,-010
-003,-010
-003,-010
-003,-010
-003,-010
-003,-010
-003,-010
-003,-010
-003,-010
-003,-010
-003,-010
-003,-010
-003,-010
-003,-010
-003,-010
-003,-010
-003,-010
-003,-010
-003,-010
-003,-010
-003,-010
-003,-010
-003,-010
-003,-010
-003,-010
-003,-007
-003,-008
-003,-008
-003,-008
-003,-008
-003,-008
-003,-008
-003,-008
-003,-008
-003,-008
-003,-008
-003,-008
-003,-008
-003,-008
-003,-008
-003,-008
-003,-008
-003,-008
-003,-008
-003,-008
-003,-008
-003,-008
-003,-008
-003,-008
-003,-008
-003,-008
-003,-008
-003,-005
-003,-005
-003,-005
-003,-005
-003,-005
-003,-005
-003,-005
-003,-005
-003,-005
-003,-005
-003,-005
-003,-005
-003,-005
-003,-005
-003,-005
-003,-005
-003,-005
-003,-005
-003,-005
-003,-005
-003,-005
-003,-005
-003,-005
-003,-005
-003,-005
-003,-005
-003,-005
-003,-005
-003,-005
-003,-005
-003,-005
-003,-005
-003,-005
-003,-005
-003,-005
-003,-005
-003,-005
-003,-005
-003,-005
-003,-005
-003,-005
-003,-005
-003,-005
-003,-005
-003,-005
-003,-005
-003,-005
-003,-005
-003,-005
-003,-005
-003,-005
-003,-005
-003,-005
-003,-005
-003,-005
-003,-005
-003,-005
-003,-005
-003,-005
-003,-005
-003,-005
-003,-006
-003,-006
-003,-006
-003,-006
-003,-006
-003,-006
-003,-006
-003,-006
-003,-006
-003,-006
-003,-007
-003,-007
-003,-007
-003,-007
-003,-007
-003,-007
-003,-007
-003,-007
-003,-007
-003,-007
-003,-007
-003,-007
-003,-007
-003,-007
-003,-008
-003,-008
-003,-008
-003,-008
-003,-008
-003,-008
-003,-008
-003,-008
-003,-008
-003,-008
-003,-008
-003,-008
-003,-008
-003,-008
-003,-008
-003,-008
-003,-008
-003,-008
-003,-008
-003,-008
-003,-008
-003,-008
-003,-008
-003,-008
-003,-008
-003,-008
-003,-008
-003,-008
-003,-008
-003,-008
-003,-008
-003,-008
-003,-008
-003,-008
-003,-008
-003,-008
-003,-008
-003,-008
-003,-008
-003,-008
-003,-008
-003,-008
-003,-008
-003,-008
-003,-008
-003,-008
-003,-008
-003,-008
-003,-008
-003,-008
-003,-008
-003,-008
-003,-008
-003,-008
-003,-009
-003,-009
-003,-009
-003,-009
-003,-009
-003,-009
-003,-009
-003,-009
-003,-009
-003,-010
-003,-010
-003,-010
-003,-010
-003,-010
-003,-010
-003,-010
-003,-010
-003,-010
-003,-010
-003,-010
-003,-010
-003,-010
-003,-010
-003,-010
-003,-010
-003,-010
-003,-010
-003,-010
-003,-010
-003,-010
-003,-010
-003,-010
-003,-010
-003,-010
-003,-010
-003,-010
-003,-010
-003,-010
-003,-010
-003,-010
-003,-010
-003,-010
-003,-010
-003,-010
-003,-010
-003,-010
-003,-010
-003,-010
-003,-010
-003,-010
-003,-010
-003,-010
-003,-010
-003,-010
-003,-010
-003,-010
-003,-010
-003,-010
-003,-010
-003,-010
-003,-010
-003,-010
-003,-010
-003,-010
-003,-010
-003,-010
-003,-010
-003,-010
-003,-010
-003,-010
-003,-010
-003,-010
-003,-010
-003,-010
-003,-007
-003,-008
-003,-008
-003,-008
-003,-008
-003,-008
-003,-008
-003,-008
-003,-008
-003,-008
-003,-008
-003,-008
-003,-008
-003,-008
-003,-008
-003,-008
-003,-008
-003,-008
-003,-008
-003,-008
-003,-008
-003,-008
-003,-008
-003,-008
-003,-008
-003,-008
-003,-008
-004,-008
-004,-008
-004,-008
-004,-008
-004,-008
-004,-008
-004,-008
-004,-008
-004,-008
-004,-008
-004,-008
-004,-008
-004,-008
-004,-008
-004,-008
-004,-008
-004,-008
-004,-008
-004,-008
-004,-008
-004,-008
-004,-008
-004,-008
-004,-008
-004,-008
-004,-008
-004,-008
-004,-008
-004,-008
-004,-008
-004,-008
-004,-008
-004,-008
-004,-008
-004,-008
-004,-008
-004,-008
-004,-008
-004,-008
-004,-008
-004,-008
-004,-008
-004,-009
-004,-009
-004,-009
-004,-009
-004,-009
-004,-009
-004,-009
-004,-009
-004,-009
-004,-009
-004,-009
-004,-009
-004,-009
-004,-009
-004,-009
-004,-009
-004,-009
-004,-009
-004,-009
-004,-009
-004,-009
-004,-009
-004,-009
-004,-009
-004,-009
-004,-009
-004,-009
-004,-009
-004,-009
-004,-009
-004,-010
-004,-010
-004,-010
-004,-010
-004,-010
-004,-010
-004,-010
-004,-010
-004,-010
-004,-010
-004,-010
-004,-010
-004,-010
-004,-011
-004,-011
-004,-011
-004,-011
-004,-011
-004,-011
-004,-011
-004,-012
-004,-012
-004,-012
-004,-012
-004,-012
-004,-012
-004,-012
-004,-012
-004,-012
-004,-012
-004,-012
-004,-012
-004,-012
-004,-013
-004,-013
-004,-013
-004,-013
-004,-013
-004,-013
-004,-013
-004,-013
-004,-013
-004,-013
-004,-013
-004,-013
-004,-013
-004,-013
-004,-013
-004,-013
-004,-013
-004,-013
-004,-013
-004,-013
-004,-013
-004,-013
-004,-013
-004,-013
-004,-013
-004,-013
-004,-013
-004,-013
-005,-013
-005,-013
-005,-013
-005,-013
-005,-013
-005,-013
-005,-013
-005,-013
-005,-013
-005,-013
-005,-013
-005,-013
-005,-013
-005,-013
-005,-013
-005,-013
-005,-013
-005,-013
-005,-013
-005,-013
-005,-013
-005,-013
-005,-013
-005,-013
-005,-013
-005,-013
-005,-013
-005,-013
-005,-013
-005,-013
-005,-013
-005,-013
-005,-013
-005,-010
-005,-010
-005,-010
-005,-010
-005,-010
-005,-010
-005,-010
-005,-010
-005,-010
-005,-010
-005,-010
-005,-010
-005,-010
-005,-010
-005,-010
-005,-010
-005,-010
-005,-010
-005,-010
-005,-010
-005,-010
-005,-010
-005,-010
-005,-010
-005,-010
-005,-010
-005,-010
-006,-010
-006,-010
-006,-010
-006,-010
-006,-010
-006,-010
-006,-010
-006,-010
-006,-011
-006,-011
-006,-011
-006,-011
-006,-011
-006,-011
-006,-011
-006,-011
-006,-011
-007,-011
-007,-012
-007,-012
-007,-012
-007,-012
-007,-012
-007,-012
-007,-012
-007,-012
-007,-012
-007,-012
-007,-012
-007,-012
-007,-012
-007,-012
-007,-012
-007,-012
-007,-012
-007,-012
-007,-012
-007,-012
-007,-012
-007,-012
-007,-012
-007,-012
-007,-012
-007,-012
-007,-012
-007,-012
-007,-012
-007,-012
-007,-012
-007,-012
-007,-012
-007,-012
-007,-012
-007,-012
-007,-012
-007,-012
-007,-012
-007,-012
-007,-012
-007,-012
-007,-012
-007,-012
-007,-012
-007,-012
-007,-012
-007,-012
-007,-012
-007,-012
-007,-012
-007,-012
-007,-012
-007,-012
-007,-012
-007,-012
-007,-012
-007,-012
-007,-012
-007,-012
-007,-012
-007,-012
-007,-012
-007,-012
-007,-012
-007,-012
-007,-012
-007,-012
-007,-012
-007,-012
-007,-012
-007,-012
-007,-012
-007,-012
-007,-012
-004,-012
-005,-009
-005,-010
-005,-010
-005,-010
-005,-010
-005,-010
-005,-010
-005,-010
-005,-010
-005,-010
-005,-010
-005,-010
-005,-010
-005,-010
-005,-010
-005,-010
-005,-010
-005,-010
-005,-010
-005,-010
-005,-010
-005,-010
-005,-010
-005,-010
-005,-007
-005,-008
-005,-008
-005,-008
-005,-008
-005,-008
-005,-008
-005,-008
-005,-008
-005,-008
-005,-008
-005,-008
-006,-008
-006,-008
-006,-008
-006,-008
-006,-008
-006,-008
-006,-008
-006,-005
-007,-006
-007,-006
-007,-006
-007,-006
-007,-006
-007,-006
-007,-006
-007,-006
-008,-006
-008,-006
-008,-006
-008,-006
-008,-006
-008,-006
-008,-006
-008,-006
-008,-006
-008,-006
-008,-006
-008,-006
-008,-006
-008,-006
-008,-003
-008,-003
-008,-004
-008,-004
-008,-004
-008,-004
-008,-004
-009,-004
-009,-004
-009,-004
-009,-004
-009,-004
-009,-004
-009,-004
-009,-004
-009,-004
-009,-004
-010,-004
-010,-004
-010,-001
-010,-001
-010,-001
-010,-001
-010,-001
-010,-001
-010,-001
-010,-001
-010,-001
-010,-001
-010,-001
-010,-001
-010,-001
-010,-001
-011,-001
-011,-001
-011,-001
-011,-001
-011,-001
-011,-001
-011,-001
-011,-001
-011,-001
-011,-001
-011,-001
-011,-001
-011,-001
-011,-001
-011,-001
-011,-001
-011,-001
-011,-001
-011,-001
-011,-001
-011,-001
-011,-001
-011,-001
-011,-001
-011,-001
-011,-001
-011,-001
-011,-001
-011,-002
-011,-002
-011,-002
-011,-002
-011,-002
-011,-002
-011,-002
-011,-002
-011,-002
-011,-002
-011,-002
-011,-002
-011,-002
-011,-002
-011,-002
-011,-002
-011,-002
-011,-002
-011,-002
-011,-002
-011,-002
-011,-002
-011,-002
-011,-002
-011,-002
-011,-002
-011,-002
-011,-002
-011,-002
-011,-002
-011,-002
-011,-002
-011,-002
-011,-002
-011,-002
-011,-002
-011,-002
-011,-002
-011,-002
-011,-002
-011,-002
-011,-002
-011,-002
-011,-002
-011,-002
-011,-002
-011,-002
-011,-002
-011,-002
-011,-002
-011,-002
-011,-002
-011,-002
-011,-002
-011,-002
-011,-002
-011,-002
-011,-002
-011,-002
-011,-002
-011,-002
-011,-002
-011,-002
-011,-002
-011,-002
-011,-002
-011,-002
-011,-002
-011,-002
-011,-002
-011,-002
-011,-002
-011,-002
-011,-002
-011,-002
-011,-002
-011,-002
-011,-002
-011,-002
-011,-002
-011,-002
-011,-002
-011,-002
-011,-002
-011,-002
-011,-002
-011,-002
-011,-002
-011,-002
-011,-002
-011,-002
-011,-002
-011,-002
-011,-002
-011,-002
-011,-002
-011,-002
-011,-002
-011,-002
-011,-002
-011,-002
-011,-002
-011,-002
-011,-002
-011,-002
-011,-002
-011,-002
-011,-002
-011,-002
-011,-002
-011,-002
-011,-002
-011,-002
-011,-002
-011,-002
-011,-002
-011,-002
-011,-002
-011,-002
-011,-002
-011,-002
-011,-002
-011,-002
-011,-002
-011,-003
-011,-003
-011,-003
-011,-003
-011,-003
-011,-003
-011,-003
-011,-003
-011,-003
-011,-003
-011,-003
-011,-003
-011,-003
-011,-003
-011,-003
-011,-003
-011,-003
-011,-003
-011,-003
-011,-003
-011,-003
-011,-003
-011,-003
-011,-003
-011,-003
-011,-003
-011,-003
-011,-003
-011,-003
-011,-003
-011,-003
-011,-003
-011,-003
-011,-003
-011,-003
-011,-003
-011,-003
-011,-003
-011,-003
-011,-003
-011,-003
-011,-003
-011,-003
-011,-003
-011,-003
-011,-003
-011,-003
-011,-003
-011,-003
-011,-003
-011,-003
-011,-003
-011,-003
-011,-003
-011,-003
-011,-003
-011,-003
-011,-003
-011,-003
-011,-003
-011,-003
-011,-003
-011,-003
-011,-003
-011,-003
-011,-003
-011,-003
-011,-003
-011,-003
-011,-003
-011,-003
-011,-003
-011,-003
-011,-003
-011,-003
-011,-003
-011,-003
-011,-003
-011,-003
-011,-003
-011,-003
-011,-003
-011,-003
-011,-003
-011,-004
-011,-004
-011,-004
-008,-004
-008,-004
-008,-004
-008,-004
-008,-005
-008,-005
-008,-005
-008,-006
-008,-006
-008,-006
-008,-006
-008,-006
-008,-007
-008,-007
-008,-007
-008,-007
-008,-008
-005,-008
-006,-008
-006,-008
-006,-008
-006,-008
-006,-008
-006,-009
-006,-009
-006,-009
-006,-009
-006,-009
-006,-009
-006,-009
-006,-009
-006,-009
-006,-009
-006,-009
-006,-010
-006,-010
-006,-010
-003,-010
-004,-010
-004,-010
-004,-010
-004,-010
-004,-010
-004,-010
-004,-010
-004,-010
-004,-010
-004,-010
-004,-010
-004,-010
-004,-010
-004,-010
-004,-010
-004,-010
-004,-010
-004,-010
-004,-011
-004,-011
-004,-011
-004,-011
-004,-011
-004,-011
-004,-011
-004,-011
-004,-011
-004,-011
-004,-011
-004,-011
-004,-011
-004,-011
-004,-011
-004,-011
-004,-011
-004,-011
-004,-011
-004,-011
-004,-011
-004,-011
-004,-011
-004,-011
-004,-011
-004,-011
-004,-011
-004,-011
-004,-011
-004,-011
-004,-011
-004,-011
-004,-011
-004,-011
-004,-011
-004,-011
-004,-011
-004,-011
-004,-011
-004,-011
-004,-011
-004,-011
-004,-011
-004,-011
-004,-011
-004,-011
-004,-011
-004,-011
-004,-011
-004,-011
-004,-011
-004,-011
-004,-011
-004,-011
-004,-011
-004,-011
-004,-011
-004,-011
-004,-011
-004,-011
-004,-011
-004,-011
-004,-011
-004,-011
-004,-011
-004,-011
-004,-011
-004,-011
-004,-011
-004,-011
-004,-011
-004,-011
-004,-011
-004,-011
-004,-011
-004,-011
-004,-011
-004,-011
-004,-011
-004,-011
-005,-011
-005,-011
-005,-011
-005,-011
-005,-011
-005,-011
-005,-011
-005,-011
-005,-011
-005,-011
-005,-011
-005,-011
-005,-011
-005,-011
-005,-011
-005,-011
-005,-011
-005,-011
-005,-011
-005,-011
-005,-011
-005,-011
-005,-011
-005,-011
-005,-011
-005,-011
-005,-011
-005,-011
-005,-011
-005,-011
-005,-011
-005,-011
-005,-011
-005,-011
-006,-011
-006,-011
-006,-011
-006,-011
-006,-011
-006,-011
-006,-011
-006,-011
-006,-011
-006,-011
-006,-011
-006,-011
-006,-011
-006,-011
-006,-011
-006,-011
-006,-011
-006,-011
-006,-011
-006,-011
-006,-011
-006,-011
-006,-011
-007,-011
-007,-011
-007,-012
-007,-012
-007,-012
-007,-012
-007,-012
-007,-012
-007,-012
-007,-012
-007,-012
-007,-012
-007,-012
-007,-012
-007,-012
-007,-012
-007,-012
-007,-012
-007,-012
-007,-012
-007,-012
-007,-012
-007,-012
-007,-012
-007,-012
-007,-012
-007,-012
-007,-012
-007,-012
-007,-012
-007,-012
-007,-012
-007,-012
-007,-012
-007,-012
-007,-013
-007,-013
-007,-013
-007,-013
-007,-013
-007,-013
-007,-013
-007,-013
-007,-013
-007,-013
-007,-013
-007,-013
-007,-013
-007,-013
-007,-013
-007,-013
-007,-013
-007,-013
-007,-013
-007,-013
-007,-013
-007,-013
-007,-013
-007,-013
-007,-013
-007,-013
-007,-013
-007,-013
-007,-013
-007,-013
-007,-013
-007,-013
-007,-013
-007,-013
-007,-013
-007,-013
-007,-013
-007,-013
-007,-013
-007,-013
-007,-013
-007,-013
-007,-013
-007,-013
-007,-013
-007,-013
-007,-013
-007,-013
-007,-013
-007,-013
-007,-013
-007,-013
-007,-013
-007,-013
-007,-013
-007,-013
-007,-013
-007,-013
-007,-013
-007,-013
-007,-013
-007,-013
-007,-013
-007,-013
-007,-013
-007,-013
-007,-013
-007,-013
-007,-013
-007,-013
-007,-013
-007,-013
-007,-013
-007,-013
-007,-013
-007,-013
-007,-013
-007,-013
-007,-013
-007,-013
-007,-013
-007,-013
-007,-013
-007,-013
-007,-013
-007,-013
-007,-013
-007,-013
-007,-013
-007,-013
-007,-013
-007,-013
-007,-013
-007,-013
-007,-013
-007,-013
-004,-013
-004,-013
-005,-013
-005,-013
-005,-013
-005,-013
-005,-013
-005,-013
-005,-013
-005,-013
-005,-013
-005,-013
-005,-013
-005,-013
-005,-013
-005,-013
-005,-013
-005,-013
-005,-013
-005,-013
-005,-013
-005,-013
-005,-013
-005,-013
-005,-013
-005,-013
-005,-013
-005,-013
-005,-013
-005,-013
-005,-013
-005,-013
-005,-013
-005,-013
-005,-013
-005,-013
-005,-013
-005,-013
-005,-013
-005,-013
-005,-013
-005,-013
-005,-013
-005,-013
-005,-013
-005,-013
-005,-013
-005,-013
-005,-013
-005,-013
-005,-013
-005,-013
-005,-013
-005,-013
-005,-013
-005,-013
-005,-013
-005,-013
-005,-013
-005,-013
-005,-013
-005,-013
-005,-013
-005,-013
-005,-013
-005,-013
-005,-013
-005,-013
-005,-013
-005,-013
-005,-013
-005,-013
-005,-013
-005,-013
-005,-013
-005,-013
-005,-013
-005,-013
-005,-013
-005,-013
-005,-013
-005,-013
-005,-013
-005,-013
-005,-013
-005,-013
-005,-013
-005,-013
-005,-013
-005,-013
-005,-013
-005,-013
-005,-013
-005,-013
-005,-013
-005,-013
-005,-013
-005,-013
-005,-013
-005,-013
-005,-013
-005,-013
-005,-013
-005,-013
-005,-013
-005,-013
-005,-013
-005,-013
-005,-013
-005,-013
-005,-013
-005,-013
-005,-013
-005,-013
-005,-013
-005,-013
-005,-013
-005,-013
-005,-013
-005,-013
-005,-013
-005,-013
-005,-010
-005,-010
-005,-010
-005,-010
-005,-010
-005,-010
-005,-010
-005,-010
-005,-010
-005,-010
-005,-010
-005,-010
-005,-010
-005,-010
-005,-010
-005,-010
-005,-010
-005,-010
-005,-010
-005,-010
-005,-010
-005,-010
-005,-010
-005,-010
-005,-010
-005,-010
-005,-010
-005,-010
-005,-010
-005,-010
-005,-010
-005,-010
-005,-010
-005,-010
-005,-010
-005,-010
-005,-010
-005,-010
-005,-010
-005,-010
-005,-010
-005,-010
-005,-010
-005,-010
-005,-010
-005,-010
-005,-010
-005,-010
-005,-010
-005,-010
-005,-010
-005,-010
-005,-010
-005,-010
-005,-010
-005,-010
-005,-010
-005,-010
-005,-010
-005,-010
-005,-010
-005,-010
-005,-010
-005,-010
-005,-010
-005,-010
-005,-010
-005,-010
-005,-010
-005,-010
-005,-010
-005,-010
-005,-010
-005,-010
-005,-010
-005,-010
-005,-010
-005,-010
-005,-010
-005,-010
-005,-010
-005,-010
-005,-010
-005,-010
-005,-010
-005,-010
-005,-010
-005,-010
-005,-010
-005,-010
-005,-010
-005,-010
-005,-010
-005,-010
-005,-010
-005,-010
-005,-010
-005,-010
-005,-010
-005,-010
-005,-010
-005,-010
-005,-010
-005,-010
-005,-010
-005,-010
-005,-010
-005,-007
-005,-007
-005,-007
-005,-007
-005,-007
-005,-007
-005,-007
-005,-007
-005,-007
-005,-007
-005,-007
-005,-007
-005,-007
-005,-007
-005,-007
-005,-007
-005,-007
-005,-007
-005,-007
-005,-007
-005,-007
-005,-007
-005,-007
-005,-007
-005,-007
-005,-007
-005,-007
-005,-007
-005,-007
-005,-007
-005,-007
-005,-007
-005,-007
-005,-007
-005,-007
-005,-007
-005,-007
-005,-007
-005,-007
-005,-007
-005,-007
-005,-007
-005,-007
-005,-007
-005,-007
-005,-007
-005,-007
-005,-007
-005,-007
-005,-007
-005,-007
-005,-007
-005,-007
-005,-007
-005,-007
-005,-007
-005,-007
-005,-007
-005,-007
-005,-007
-005,-007
-002,-007
-002,-007
-003,-007
-003,-007
-003,-007
-003,-007
-003,-007
-003,-007
-003,-007
-003,-007
-003,-007
-003,-007
-003,-007
-003,-007
-003,-007
-003,-007
-003,-007
-003,-007
-003,-007
-003,-007
-003,-007
-003,-007
-003,-007
-003,-007
-003,-007
-003,-007
-003,-007
-003,-007
-003,-007
-003,-007
-003,-007
-000,-007
-001,-007
-001,-007
-001,-007
-001,-007
-001,-007
-001,-007
-001,-007
-001,-007
-001,-007
-001,-007
-001,-007
-001,-007
-001,-007
-001,-007
-001,-007
-001,-007
-001,-007
-001,-007
-001,-007
-001,-007
-001,-007
-001,-007
-001,-007
-001,-007
-001,-007
-001,-007
-001,-007
-001,-007
-001,-007
-001,-007
-001,-004
-001,-004
-001,-005
-001,-005
-001,-005
-001,-005
-001,-005
-001,-005
-001,-005
-001,-005
-001,-005
-001,-005
-001,-005
-001,-005
-001,-005
-001,-005
-001,-005
-001,-005
-001,-005
-001,-005
-001,-005
-001,-005
-001,-005
-001,-005
-001,-005
-001,-005
-001,-005
-001,-005
-001,-005
-001,-005
-001,-005
-001,-005
-001,-005
-001,-005
-001,-005
-001,-005
-001,-005
-001,-005
-001,-005
-001,-005
-001,-005
-001,-005
-002,-005
-001,-005
-001,-005
-001,-005
-001,-005
-001,-005
-001,-005
-001,-005
-001,-005
-001,-005
-001,-005
-001,-005
-001,-005
-001,-005
-001,-005
-001,-005
-001,-005
-001,-005
-001,-005
-001,-005
-001,-005
-001,-005
-001,-005
-001,-005
-001,-005
-001,-005
-001,-005
-001,-005
-001,-005
-001,-002
-001,-003
-001,-003
-001,-003
-001,-003
-001,-003
-001,-003
-001,-003
-001,-003
-001,-003
-001,-003
-001,-003
-001,-003
-001,-003
-001,-003
-001,-003
-001,-003
-001,-003
-001,-003
-001,-003
-001,-003
-001,-003
-001,-003
-001,-003
-001,-003
-001,-003
-001,-003
-001,-003
-001,-003
-001,-003
-001,-003
-001,-003
-001,-003
-001,-003
-001,-003
-001,-003
-001,-003
-001,-003
-001,-003
-001,-003
-001,-003
-001,-003
-001,-003
-001,-003
-001,-003
-001,-003
-001,-003
-001,-003
-001,-003
-001,-003
-001,-003
-001,-003
-001,-003
-001,-003
-001,-003
-001,-003
-001,-003
-001,-003
-001,-003
-001,-003
-001,-003
-001,-003
-001,-003
-001,-003
-001,-003
-001,-003
-001,-003
-001,-003
-001,-003
-001,-003
-001,-003
-001,-003
-001,-003
-001,-003
-001,-003
-001,-003
-001,-003
-001,-003
-001,-003
-001,-003
-001,-003
-001,-003
-001,-003
-001,-003
-001,-003
-001,-003
-001,-003
-001,-003
-001,-003
-001,-003
-001,-003
-001,-003
-001,-003
-001,-003
-001,-003
-001,-003
-001,-003
-001,-003
-001,-003
-001,-003
-001,-003
-001,-003
-001,-003
-001,-003
-001,-003
-001,-003
-001,-003
-001,-003
-001,-003
-001,-003
-001,-003
-001,-003
-001,-003
-001,-003
-001,-003
-001,-003
-001,-003
-001,-003
-001,-003
-001,-003
-001,-003
-001,-003
-001,-003
-001,-003
-001,-003
-001,-003
-001,-003
-001,-003
-001,-003
-001,-003
-001,-003
-001,-003
-001,-003
-001,-003
-001,-003
-001,-003
-001,-003
-001,-003
-001,-003
-001,-003
-001,-003
-001,-003
-001,-003
-001,-003
-001,-003
-001,-003
-001,-003
-001,-003
-001,-003
-001,-003
-001,-003
-001,-003
-001,-003
-001,-000
-001,-001
-001,-001
-001,-001
-001,-001
-001,-001
-001,-001
-001,-001
-001,-001
-001,-001
-001,-001
-001,-001
-001,-001
-001,-001
-001,-001
-001,-001
-001,-001
-001,-001
-001,-001
-001,-001
-001,-001
-001,-001
-001,-001
-001,-001
-001,-001
-001,-001
-001,-001
-001,-001
-001,-001
-001,-001
-001,-001
-001,-001
-001,-001
-001,-001
-001,-001
-001,-001
-001,-002
-001,-001
-001,-001
-001,-001
-001,-001
-001,-001
-001,-001
-001,-001
-001,-001
-001,-001
-001,-001
-001,-001
-001,-001
-001,-001
-001,-001
-001,-001
-001,-001
-001,-001
-001,-000
-001,-000
-001,-000
-001,-000
-001,-000
-001,-000
-001,-000
-001,-001
-001,-001
-001,-001
-001,-001
-001,-001
-001,-001
-001,-001
-001,-001
-001,-001
-001,-001
-001,-001
-001,-002
-001,-002
-001,-002
-001,-002
-001,-002
-001,-002
-001,-002
-001,-002
-001,-002
-001,-002
-001,-002
-001,-002
-001,-002
-001,-002
-001,-002
-001,-002
-001,-002
-001,-002
-001,-002
-001,-003
-001,-003
-001,-003
-001,-003
-001,-003
-001,-003
-001,-003
-001,-004
-001,-004
-001,-004
-001,-004
-001,-004
-001,-004
-001,-004
-001,-005
-001,-005
-001,-005
-001,-005
+005,-007
+005,-007
+005,-008
+005,-008
+005,-009
+005,-009
+005,-009
+005,-009
+005,-009
+005,-009
+005,-009
+005,-009
+007,-010
+007,-010
+007,-010
+007,-010
+007,-010
+007,-010
+007,-010
+007,-010
+007,-010
+007,-010
+007,-010
+007,-010
+007,-010
+007,-010
+007,-010
+007,-010
+007,-010
+007,-010
+007,-010
+007,-010
+007,-010
+007,-010
+007,-010
+007,-010
+007,-010
+007,-010
+007,-010
+007,-010
+007,-010
+007,-010
+007,-010
+007,-010
+007,-010
+007,-010
+007,-010
+007,-010
+007,-010
+007,-010
+007,-010
+007,-010
+007,-010
+007,-010
+007,-010
+007,-010
+009,-010
+009,-010
+009,-010
+009,-010
+009,-010
+009,-010
+009,-010
+009,-010
+009,-010
+009,-010
+009,-010
+009,-010
+009,-010
+009,-010
+009,-010
+009,-010
+009,-010
+009,-010
+009,-010
+009,-010
+009,-010
+009,-010
+009,-010
+009,-010
+009,-010
+009,-010
+009,-010
+009,-010
+009,-010
+009,-010
+009,-010
+009,-010
+009,-010
+009,-010
+009,-010
+009,-010
+009,-010
+009,-010
+009,-010
+009,-010
+009,-010
+009,-007
+009,-007
+009,-008
+009,-008
+009,-008
+009,-008
COP Area(S): 000168
COP Area(R): 000297