-000,+000
-000,+000
-000,+000
-000,+000
-000,+000
-000,+000
-000,+000
-000,+000
-000,+000
-003,+000
-003,+000
-003,+000
-003,+000
-003,+000
-003,+002
-003,+002
-003,+002
-003,+002
-003,+002
-003,+002
-003,+002
-003,+002
-003,+002
-003,+002
-003,+002
-003,+002
-006,+002
-006,+002
-006,+002
-006,+002
-006,+002
-006,+002
-006,+002
-006,+002
-006,+002
-006,+002
-006,+000
-006,+000
-006,+000
-006,+000
-006,+000
-006,+000
-006,+000
-006,+000
-006,+000
-006,+000
-006,+000
-006,+000
-006,+000
-006,+000
-006,+000
-006,+000
-009,+000
-009,+000
-009,+000
-009,+000
-009,+000
-009,+000
-009,+000
-009,+000
-009,+000
-009,+000
-009,+000
-009,+000
-009,+000
-009,+000
-009,+000
-009,+000
-009,+000
-009,+000
-009,+002
-009,+002
-009,+002
-009,+002
-009,+002
-009,+002
-009,+002
-009,+002
-009,+002
-009,+002
-009,+002
-009,+002
-009,+002
-009,+002
-009,+002
-009,+002
-009,+002
-009,+002
-009,+002
-009,+002
-009,+002
-009,+002
-009,+002
-009,+002
-009,+002
-009,+002
-009,+002
-009,+002
-009,+002
-009,+002
-009,+002
-009,+000
-009,+000
-009,+000
-009,+000
-009,+000
-009,+000
-008,+000
-008,+000
-008,+000
-008,+000
-008,+000
-008,+000
-007,+000
-007,+000
-007,+000
-006,+000
-006,+000
-006,+002
-005,+002
-005,+002
-004,+002
-004,+002
-004,+002
-003,+002
-003,+002
-002,+002
-001,+004
-001,+004
-000,+004
-000,+004
-000,+004
-000,+006
-001,+006
-002,+006
-002,+006
-003,+006
-003,+006
-003,+006
-004,+006
-004,+008
-005,+008
-005,+008
-005,+008
-005,+008
-006,+008
-006,+008
-006,+010
-007,+010
-007,+010
-007,+010
-007,+010
-008,+010
-008,+010
-008,+010
-008,+010
-008,+010
-009,+010
-009,+010
-009,+010
-009,+010
-009,+010
-009,+010
-009,+010
-009,+012
-009,+012
-009,+012
-009,+012
-009,+012
-009,+012
-009,+012
-009,+012
-009,+012
-009,+012
-009,+012
-009,+012
-009,+012
-009,+012
-009,+012
-009,+012
-009,+012
-006,+012
-006,+012
-006,+012
-006,+012
-006,+012
-006,+012
-006,+012
-006,+012
-006,+012
-006,+012
-003,+012
-003,+012
-003,+012
-003,+012
-003,+010
-003,+010
-003,+010
-003,+010
-000,+010
-000,+010
-000,+010
-000,+010
-000,+008
-000,+008
-000,+008
-000,+008
-000,+008
-003,+008
-003,+008
-003,+008
-003,+008
-003,+008
-003,+008
-003,+008
-003,+008
-003,+008
-003,+008
-006,+006
-006,+006
-006,+006
-006,+006
-006,+006
-006,+006
-006,+006
-006,+006
-006,+006
-006,+006
-006,+006
-006,+004
-006,+004
-006,+004
-009,+004
-009,+004
-009,+004
-009,+004
-009,+002
-009,+002
-009,+002
-009,+002
-009,+002
-009,+002
-009,+002
-009,+000
-009,+000
-009,+000
-009,+000
-009,+000
-012,+000
-012,+000
-012,+002
-012,+002
-012,+002
-012,+002
-012,+002
-012,+004
-012,+004
-012,+004
-012,+004
-015,+004
-015,+004
-015,+004
-015,+004
-015,+004
-015,+006
-015,+006
-015,+006
-015,+006
-018,+006
-018,+006
-018,+006
-018,+006
-018,+008
-018,+008
-018,+008
-018,+008
-018,+008
-018,+008
-021,+008
-021,+008
-021,+008
-021,+010
-021,+010
-021,+010
-021,+010
-021,+010
-021,+010
-021,+010
-021,+010
-021,+010
-021,+010
-021,+012
-024,+012
-024,+012
-024,+012
-024,+012
-024,+012
-024,+012
-024,+012
-024,+012
-024,+012
-024,+012
-024,+012
-024,+012
-024,+014
-024,+014
-024,+014
-024,+014
-024,+014
-024,+014
-024,+014
-024,+014
-024,+014
-024,+014
-024,+014
-024,+014
-024,+014
-024,+014
-024,+014
-024,+014
-024,+014
-024,+014
-024,+014
-024,+014
-024,+012
-024,+012
-024,+012
-024,+012
-024,+012
-024,+012
-023,+012
-023,+012
-023,+012
-023,+012
-023,+012
-023,+012
-023,+010
-022,+010
-022,+010
-022,+010
-022,+010
-022,+010
-022,+010
-022,+010
-021,+010
-021,+010
-021,+010
-021,+010
-021,+010
-020,+010
-020,+008
-020,+008
-019,+008
-019,+008
-019,+008
-019,+008
-018,+008
-018,+008
-018,+008
-017,+006
-017,+006
-017,+006
-016,+006
-016,+006
-016,+006
-016,+006
-015,+006
-015,+004
-015,+004
-014,+004
-014,+004
-014,+004
-013,+004
-013,+004
-012,+002
-012,+002
-012,+002
-012,+002
-012,+002
-012,+002
-011,+002
-011,+002
-011,+002
-011,+002
-010,+002
-010,+002
-010,+002
-010,+002
-010,+002
-010,+002
-009,+002
-009,+002
-009,+002
-009,+002
-009,+002
-009,+002
-009,+002
-009,+002
-009,+002
-009,+002
-009,+002
-009,+002
-009,+002
-009,+002
-009,+002
-009,+002
-009,+000
-009,+000
-009,+000
-009,+000
-009,+000
-009,+000
-009,+000
-009,+000
-009,+000
-009,+000
-009,+000
-009,+002
-009,+002
-009,+002
-009,+002
-009,+002
-009,+002
-009,+002
-012,+002
-012,+002
-012,+002
-012,+004
-012,+004
-012,+004
-012,+004
-012,+004
-012,+004
-012,+004
-012,+004
-012,+004
-012,+004
-012,+004
-012,+006
-012,+006
-012,+006
-012,+006
-012,+006
-012,+006
-012,+006
-012,+006
-012,+006
-012,+006
-012,+006
-012,+006
-012,+006
-015,+006
-015,+006
-015,+006
-015,+006
-015,+006
-015,+006
-015,+006
-015,+006
-015,+006
-015,+006
-015,+006
-015,+006
-015,+006
-015,+006
-015,+006
-015,+004
-015,+004
-015,+004
-015,+004
-015,+004
-015,+004
-015,+004
-015,+004
-015,+004
-015,+004
-015,+004
-015,+004
-015,+004
-015,+004
-015,+004
-015,+002
-015,+002
-015,+002
-015,+002
-015,+002
-015,+002
-015,+002
-015,+002
-015,+002
-014,+002
-014,+002
-014,+002
-014,+002
-014,+002
-014,+002
-013,+002
-013,+002
-012,+002
-012,+002
-012,+002
-012,+002
-012,+002
-011,+002
-011,+002
-011,+002
-011,+002
-011,+002
-010,+002
-010,+002
-010,+002
-010,+002
-010,+002
-010,+002
-010,+002
-010,+002
-010,+002
-009,+002
-009,+002
-009,+002
-009,+002
-009,+002
-009,+002
-008,+002
-008,+002
-008,+002
-008,+002
-008,+002
-008,+002
-007,+002
-007,+002
-007,+002
-007,+002
-007,+000
-007,+000
-007,+000
-007,+000
-007,+000
-007,+000
-007,+002
-007,+002
-007,+002
-007,+004
-007,+004
-007,+004
-007,+004
-007,+004
-007,+004
-007,+006
-007,+006
-007,+006
-007,+006
-007,+006
-007,+006
-007,+008
-007,+008
-007,+008
-007,+008
-007,+008
-007,+008
-007,+008
-007,+010
-007,+010
-007,+010
-007,+010
-010,+010
-010,+010
-010,+010
-010,+010
-010,+010
-010,+010
-010,+010
-010,+010
-010,+010
-010,+012
-010,+012
-010,+012
-010,+012
-010,+012
-010,+012
-010,+012
-010,+014
-010,+014
-010,+014
-010,+014
-010,+014
-010,+014
-010,+014
-010,+014
-010,+014
-009,+016
-009,+016
-009,+016
-009,+016
-009,+016
-009,+016
-009,+016
-008,+018
-008,+018
-008,+018
-007,+018
-007,+018
-007,+018
-007,+018
-007,+018
-006,+020
-006,+020
-006,+020
-006,+020
-005,+020
-005,+020
-005,+020
-005,+020
-004,+020
-004,+020
-004,+022
-004,+022
-003,+022
-003,+022
-003,+022
-003,+022
-003,+022
-003,+022
-003,+022
-002,+022
-002,+022
-002,+022
-002,+022
-002,+022
-002,+022
-002,+022
-002,+022
-002,+022
-002,+022
-002,+022
-002,+022
-002,+022
-001,+022
-001,+022
-001,+022
-001,+022
-001,+022
-001,+022
-000,+022
-000,+022
-000,+022
-000,+022
-001,+022
-001,+022
-001,+022
-001,+022
-001,+022
-001,+022
-002,+022
-002,+022
-002,+022
-002,+022
-002,+022
-002,+022
-002,+022
-002,+022
-002,+022
-002,+022
-003,+022
-003,+022
-003,+022
-003,+022
-003,+022
-003,+022
-003,+022
-003,+022
-003,+022
-003,+022
-003,+022
-003,+022
-003,+022
-003,+022
-003,+022
-003,+022
-003,+020
-004,+020
-004,+020
-004,+020
-004,+020
-004,+020
-004,+018
-004,+018
-004,+018
-004,+018
-004,+018
-004,+018
-004,+018
-004,+018
-004,+016
-004,+016
-004,+016
-004,+016
-004,+016
-004,+014
-004,+014
-004,+014
-004,+014
-004,+014
-004,+014
-004,+014
-004,+014
-004,+014
-004,+014
-004,+014
-004,+014
-004,+014
-004,+014
-001,+014
-001,+014
-001,+014
-001,+014
-001,+014
-001,+014
-001,+014
-001,+014
-001,+014
-001,+012
-001,+012
-001,+012
-001,+012
-001,+012
-001,+012
-001,+012
-001,+012
-002,+012
-002,+012
-002,+012
-002,+012
-002,+012
-002,+012
-002,+012
-002,+012
-002,+012
-002,+012
-002,+012
-002,+012
-002,+010
-002,+010
-002,+010
-002,+010
-002,+010
-002,+010
-002,+010
-002,+010
-002,+010
-002,+010
-002,+010
-002,+010
-005,+010
-005,+010
-005,+010
-005,+010
-005,+010
-005,+010
-005,+010
-005,+010
-005,+010
-005,+010
-005,+008
-005,+008
-005,+008
-005,+008
-005,+008
-005,+008
-005,+008
-005,+008
-008,+008
-008,+008
-008,+008
-008,+008
-008,+008
-008,+008
-008,+008
-008,+008
-008,+008
-008,+008
-008,+008
-008,+006
-008,+006
-008,+006
-008,+006
-008,+006
-008,+006
-011,+006
-011,+006
-011,+004
-011,+004
-011,+004
-011,+004
-011,+004
-011,+004
-011,+004
-011,+004
-011,+004
-011,+004
-011,+004
-011,+004
-011,+004
-011,+004
-011,+004
-011,+004
-011,+004
-011,+004
-011,+004
-011,+004
-011,+004
-011,+002
-011,+002
-011,+002
-011,+002
-011,+002
-011,+002
-011,+000
-011,+000
-011,+000
-011,+000
-011,+000
-011,+000
-011,+000
-011,+000
-011,+000
-011,+000
-011,+000
-011,+000
-011,+000
-011,+000
-011,+000
-011,+000
-011,+000
-011,+002
-011,+002
-011,+002
-011,+002
-011,+002
-011,+002
-011,+002
-011,+002
-011,+002
-011,+002
-011,+002
-011,+002
-011,+002
-011,+002
-011,+002
-011,+002
-011,+002
-011,+002
-011,+002
-011,+002
-011,+002
-011,+002
-011,+002
-011,+002
-011,+002
-011,+002
-011,+002
-011,+002
-011,+002
-011,+002
-011,+002
-011,+002
-011,+002
-011,+004
-011,+004
-011,+004
-011,+004
-011,+004
-011,+004
-011,+004
-011,+004
-011,+004
-011,+004
-011,+004
-011,+004
-011,+004
-011,+004
-011,+004
-011,+004
-011,+004
-011,+004
-014,+004
-013,+004
-013,+004
-013,+004
-013,+004
-013,+004
-013,+004
-013,+004
-013,+004
-013,+004
-013,+004
-013,+004
-013,+004
-013,+004
-013,+004
-013,+004
-013,+004
-016,+004
-015,+004
-015,+004
-015,+004
-015,+004
-015,+004
-015,+004
-015,+004
-015,+004
-015,+004
-015,+004
-015,+004
-015,+004
-015,+002
-015,+002
-015,+002
-015,+002
-015,+002
-015,+002
-015,+002
-018,+002
-017,+002
-017,+002
-017,+002
-017,+002
-017,+002
-017,+002
-017,+002
-017,+002
-017,+002
-017,+002
-017,+002
-017,+002
-017,+002
-017,+002
-017,+002
-017,+002
-017,+002
-017,+002
-017,+002
-017,+002
-017,+002
-017,+002
-017,+002
-017,+002
-017,+000
-017,+000
-017,+000
-017,+000
-017,+000
-017,+000
-017,+000
-017,+000
-017,+000
-017,+000
-017,+000
-017,+002
-017,+002
-017,+002
-017,+002
-017,+002
-020,+002
-019,+002
-019,+002
-019,+002
-019,+002
-019,+002
-019,+002
-019,+002
-019,+002
-019,+002
-019,+002
-019,+002
-019,+002
-019,+002
-019,+002
-019,+002
-019,+002
-019,+002
-019,+002
-019,+002
-019,+002
-019,+002
-019,+002
-019,+002
-019,+002
-019,+002
-019,+002
-019,+002
-019,+002
-019,+002
-019,+002
-019,+002
-019,+002
-019,+002
-019,+002
-019,+004
-019,+004
-019,+004
-019,+004
-019,+004
-019,+004
-019,+004
-019,+004
-019,+004
-019,+004
-019,+004
-019,+006
-019,+006
-019,+006
-019,+006
-019,+006
-019,+006
-019,+006
-019,+006
-019,+006
-019,+006
-019,+006
-019,+006
-019,+006
-019,+006
-019,+006
-019,+006
-019,+008
-019,+008
-019,+008
-019,+008
-019,+008
-019,+008
-019,+008
-019,+008
-019,+008
-019,+008
-019,+008
-019,+008
-019,+008
-019,+008
-019,+008
-019,+008
-019,+008
-019,+008
-019,+008
-019,+008
-019,+008
-019,+008
-019,+008
-019,+008
-019,+008
-019,+008
-019,+008
-019,+008
-019,+008
-019,+008
-019,+008
-019,+008
-018,+008
-018,+008
-018,+008
-018,+008
-018,+008
-018,+008
-018,+008
-018,+008
-018,+008
-017,+008
-017,+008
-017,+008
-017,+008
-016,+008
-016,+008
-016,+006
-015,+006
-015,+006
-015,+006
-015,+006
-014,+006
-014,+006
-014,+006
-014,+006
-013,+006
-013,+006
-013,+004
-013,+004
-012,+004
-012,+004
-012,+004
-012,+004
-011,+004
-011,+002
-011,+002
-011,+002
-010,+002
-010,+002
-010,+002
-010,+002
-009,+002
-009,+002
-009,+002
-008,+002
-008,+000
-008,+000
-007,+000
-007,+000
-007,+000
-006,+000
-006,+000
-006,+000
-005,+000
-004,+000
-004,+000
-004,+000
-004,+000
-003,+002
-003,+002
-003,+002
-002,+002
-002,+002
-001,+002
-001,+002
-000,+002
-000,+002
-000,+002
-001,+000
-001,+000
-001,+000
-001,+000
-001,+000
-001,+000
-001,+000
-001,+000
-001,+000
-001,+000
-002,+000
-002,+000
-002,+000
-002,+000
-002,+000
-002,+000
-002,+000
-002,+000
-002,+000
-002,+000
-002,+000
-002,+002
-002,+002
-002,+002
-002,+002
-002,+002
-002,+002
-002,+002
-002,+002
-002,+002
-002,+002
-002,+004
-002,+004
-002,+004
-002,+004
-002,+006
-002,+006
-002,+006
-001,+006
-000,+006
-000,+006
-000,+006
-000,+006
-000,+006
-000,+008
-000,+008
-000,+008
-000,+008
-000,+008
-000,+008
-000,+008
-000,+008
-000,+008
-003,+008
-003,+008
-003,+008
-003,+008
-003,+008
-003,+008
-003,+008
-003,+008
-003,+008
-003,+008
-003,+008
-003,+008
-003,+008
-003,+008
-003,+008
-003,+008
-003,+008
-003,+008
-003,+008
-003,+008
-003,+008
-003,+008
-003,+008
-003,+008
-003,+008
-003,+008
-003,+008
-003,+008
-003,+008
-003,+008
-003,+008
-003,+008
-003,+008
-003,+008
-003,+008
-003,+008
-003,+008
-003,+008
-003,+008
-003,+008
-003,+008
-003,+008
-003,+008
-003,+008
-003,+008
-003,+008
-003,+008
-003,+008
-003,+008
-003,+008
-003,+008
-003,+008
-003,+008
-003,+008
-003,+008
-003,+008
-003,+008
-003,+008
-003,+008
-003,+008
-003,+008
-003,+008
-003,+008
-003,+008
-003,+008
-003,+008
-003,+006
-003,+006
-003,+006
-003,+006
-003,+006
-003,+006
-003,+006
-003,+006
-003,+006
-003,+006
-003,+006
-003,+004
-003,+004
-003,+004
-003,+004
-003,+004
-003,+004
-003,+004
-003,+004
-003,+004
-003,+004
-003,+004
-003,+004
-003,+004
-003,+004
-003,+004
-003,+004
-003,+004
-003,+004
-003,+004
-003,+004
-003,+004
-003,+004
-003,+004
-003,+004
-003,+004
-003,+004
-003,+004
-003,+004
-003,+004
-003,+004
-003,+002
-003,+002
-006,+002
-005,+002
-005,+002
-005,+002
-005,+002
-005,+002
-005,+002
-005,+002
-005,+002
-005,+002
-008,+002
-007,+002
-007,+002
-007,+002
-007,+002
-007,+002
-007,+002
-007,+002
-007,+002
-007,+002
-007,+002
-007,+002
-007,+002
-007,+002
-007,+002
-007,+002
-010,+002
-010,+002
-010,+002
-010,+002
-010,+002
-010,+002
-010,+002
-010,+002
-010,+002
-010,+002
-010,+002
-010,+002
-010,+002
-010,+002
-010,+002
-010,+002
-010,+002
-010,+002
-010,+002
-010,+002
-013,+002
-012,+002
-012,+002
-012,+002
-012,+002
-012,+002
-012,+002
-012,+002
-012,+002
-012,+002
-012,+004
-012,+004
-012,+004
-012,+004
-012,+004
-012,+004
-012,+004
-015,+004
-014,+004
-014,+004
-014,+004
-014,+004
-014,+004
-014,+006
-014,+006
-014,+006
-014,+006
-014,+006
-014,+006
-014,+006
-014,+006
-014,+006
-014,+006
-014,+006
-014,+006
-014,+006
-014,+008
-014,+008
-014,+008
-014,+008
-014,+008
-014,+008
-014,+008
-014,+008
-014,+008
-014,+010
-014,+010
-014,+010
-014,+010
-014,+010
-014,+010
-014,+010
-014,+010
-014,+010
-014,+010
-014,+010
-014,+010
-014,+010
-014,+010
-014,+010
-014,+012
-014,+012
-013,+012
-013,+012
-013,+012
-013,+012
-013,+012
-013,+012
-013,+012
-013,+012
-013,+012
-013,+012
-013,+012
-013,+012
-013,+012
-013,+012
-013,+012
-013,+012
-013,+012
-013,+012
-013,+012
-013,+012
-013,+012
-013,+012
-013,+012
-012,+012
-012,+012
-012,+012
-011,+012
-011,+012
-011,+012
-011,+012
-010,+012
-010,+014
-010,+014
-010,+014
-010,+014
-010,+014
-009,+014
-009,+014
-009,+014
-008,+014
-008,+014
-008,+014
-008,+014
-007,+014
-007,+014
-007,+014
-007,+014
-007,+014
-006,+014
-006,+014
-006,+014
-006,+014
-006,+014
-005,+014
-005,+014
-005,+014
-004,+014
-004,+014
-004,+014
-004,+014
-003,+012
-003,+012
-003,+012
-003,+012
-003,+012
-003,+012
-003,+012
-003,+012
-003,+012
-002,+010
-002,+010
-002,+010
-002,+010
-001,+010
-001,+010
-001,+010
-001,+010
-001,+010
-001,+010
-001,+010
-000,+010
-000,+010
-000,+010
-000,+010
-000,+010
-000,+010
-000,+010
-000,+010
-000,+010
-000,+010
-000,+010
-000,+010
-000,+010
-000,+010
-000,+010
-000,+010
-000,+010
-000,+010
-000,+010
-000,+008
-000,+008
-000,+008
-000,+008
-000,+008
-000,+008
-000,+008
-000,+008
-000,+008
-000,+008
-000,+008
-000,+008
-000,+008
-000,+008
-000,+008
-000,+008
-000,+008
-000,+006
-000,+006
-000,+006
-000,+006
-000,+006
-000,+006
-000,+006
-000,+006
-000,+006
-003,+006
-003,+006
-003,+006
-003,+006
-003,+006
-003,+006
-003,+006
-003,+006
-003,+006
-003,+006
-003,+004
-003,+004
-003,+004
-003,+004
-003,+004
-003,+004
-003,+004
-003,+004
-003,+004
-003,+004
-006,+004
-006,+004
-006,+004
-006,+004
-006,+004
-006,+004
-006,+004
-006,+004
-006,+004
-006,+004
-006,+004
-006,+004
-006,+002
-006,+002
-006,+002
-006,+002
-006,+002
-006,+002
-006,+002
-006,+002
-006,+002
-006,+002
-006,+002
-009,+002
-009,+002
-008,+002
-008,+002
-008,+002
-008,+002
-008,+002
-008,+002
-008,+002
-008,+002
-008,+002
-008,+002
-008,+002
-008,+002
-008,+002
-008,+002
-008,+002
-008,+002
-008,+002
-008,+002
-008,+002
-008,+002
-008,+002
-008,+000
-008,+000
-008,+000
-008,+000
-008,+000
-008,+000
-008,+000
-008,+000
-008,+000
-008,+000
-008,+000
-008,+002
-008,+002
-008,+002
-008,+002
-008,+002
-008,+002
-008,+002
-008,+002
-008,+002
-008,+002
-008,+002
-008,+002
-008,+002
-008,+002
-008,+002
-008,+002
-008,+002
-008,+002
-008,+002
-008,+002
-008,+002
-008,+002
-008,+002
-008,+002
-008,+002
-008,+002
-008,+002
-008,+002
-008,+002
-008,+002
-008,+002
-008,+002
-008,+002
-008,+002
-008,+002
-008,+002
-008,+002
-008,+002
-008,+002
-008,+002
-008,+002
-008,+002
-008,+002
-008,+002
-008,+002
-008,+002
-008,+002
-008,+002
-008,+002
-008,+002
-008,+002
-008,+002
-008,+002
-008,+002
-008,+002
-008,+002
-008,+002
-008,+002
-008,+002
-008,+002
-008,+002
-008,+002
-011,+002
-011,+002
-010,+002
-010,+002
-010,+002
-010,+002
-010,+002
-010,+002
-010,+002
-010,+002
-010,+000
-010,+000
-010,+000
-010,+000
-010,+000
-010,+000
-010,+000
-010,+000
-010,+000
-010,+000
-010,+000
-010,+000
-010,+000
-010,+000
-010,+000
-010,+000
-010,+000
-010,+000
-010,+000
-010,+000
-010,+000
-010,+000
-010,+000
-010,+000
-010,+000
-010,+000
-010,+000
-010,+000
-010,+000
-010,+000
-010,+000
-010,+000
-010,+000
-010,+000
-010,+000
-010,+000
-010,+000
-010,+000
-010,+000
-010,+000
-010,+000
-010,+000
-010,+000
-010,+000
-010,+000
-010,+000
-010,+000
-010,+000
-010,+000
-010,+000
-010,+000
-010,+000
-010,+000
-010,+000
-010,+000
-010,+000
-010,+000
-010,+000
-010,+000
-010,+000
-010,+000
-010,+000
-010,+000
-010,+000
-010,+000
-010,+000
-010,+000
-010,+000
-010,+000
-010,+000
-010,+000
-010,+000
-010,+000
-010,+000
-010,+000
-010,+000
-010,+000
-010,+000
-010,+000
-010,+000
-010,+000
-010,+000
-010,+000
-010,+000
-010,+000
-010,+000
-010,+000
-013,+000
-012,+000
-012,+000
-012,+000
-012,+000
-012,+000
-012,+000
-012,+000
-012,+000
-012,+000
-012,+000
-012,+000
-012,+000
-012,+000
-012,+000
-012,+000
-012,+000
-012,+000
-012,+000
-012,+000
-012,+000
-012,+000
-011,+000
-011,+000
-011,+000
-011,+000
-011,+000
-011,+000
-011,+000
-011,+000
-010,+000
-010,+000
-010,+000
-010,+000
-010,+000
-009,+000
-009,+000
-009,+000
-009,+000
-009,+000
-009,+002
-009,+002
-008,+002
-008,+002
-008,+002
-008,+002
-008,+002
-007,+002
-007,+002
-007,+002
-006,+002
-006,+002
-006,+002
-006,+002
-006,+002
-005,+002
-005,+002
-005,+002
-005,+002
-004,+002
-004,+002
-004,+002
-004,+002
-004,+002
-003,+002
-003,+002
-003,+002
-003,+002
-003,+002
-002,+002
-002,+002
-002,+002
-001,+002
-001,+002
-001,+002
-001,+002
-001,+002
-001,+002
-000,+002
-000,+002
-000,+002
-000,+002
-000,+002
-000,+002
-000,+002
-001,+002
-001,+002
-001,+002
-001,+002
-001,+002
-001,+002
-002,+002
-002,+002
-002,+002
-002,+002
-003,+002
-003,+002
-003,+002
-003,+002
-003,+002
-004,+000
-004,+000
-005,+000
-005,+000
-005,+000
-005,+000
-005,+000
-005,+000
-005,+000
-005,+000
-005,+000
-005,+000
-005,+000
-005,+000
-005,+000
-006,+000
-006,+000
-006,+000
-006,+000
-006,+000
-006,+000
-006,+000
-006,+000
-006,+000
-006,+000
-006,+000
-006,+000
-006,+000
-006,+000
-006,+000
-006,+000
-006,+000
-006,+000
-006,+000
-006,+000
-006,+000
-006,+000
-006,+000
-006,+000
-006,+000
-006,+000
-006,+000
-006,+000
-006,+000
-006,+000
-006,+000
-006,+000
-006,+000
-006,+000
-006,+002
-006,+002
-006,+002
-006,+002
-006,+002
-006,+002
-006,+002
-006,+002
-006,+002
-006,+002
-006,+002
-003,+002
-003,+002
-003,+002
-003,+002
-003,+002
-003,+002
-003,+002
-003,+002
-003,+002
-003,+002
-003,+002
-003,+002
-003,+002
-003,+002
-003,+002
-000,+002
-000,+002
-000,+002
-000,+002
-000,+002
-000,+002
-000,+002
-000,+002
-003,+002
-003,+002
-003,+002
-003,+002
-003,+002
-003,+002
-003,+002
-003,+002
-003,+002
-003,+002
-003,+002
-003,+002
-003,+002
-003,+002
-003,+002
-003,+002
-003,+002
-006,+002
-005,+002
-005,+002
-005,+000
-005,+000
-005,+000
-005,+000
-005,+000
-005,+000
-005,+000
-005,+000
-005,+000
-005,+000
-005,+000
-005,+000
-005,+000
-005,+000
-005,+000
-005,+000
-005,+000
-005,+000
-005,+000
-005,+000
-005,+000
-005,+000
-004,+000
-004,+000
-004,+000
-004,+000
-004,+000
-004,+000
-004,+000
-004,+000
-004,+000
-004,+000
-004,+000
-004,+000
-004,+000
-003,+000
-003,+000
-003,+000
-003,+000
-003,+000
-003,+000
-003,+000
-002,+000
-002,+000
-002,+000
-002,+000
-002,+002
-002,+002
-002,+002
-001,+002
-001,+002
-001,+002
-001,+002
-001,+002
-001,+002
-000,+002
-000,+002
-000,+002
-000,+000
-000,+000
-000,+000
-000,+000
-001,+000
-001,+000
-001,+000
-001,+000
-001,+000
-001,+000
-001,+000
-001,+000
-001,+000
-001,+000
-001,+000
-001,+000
-001,+000
-001,+000
-001,+000
-001,+000
-001,+000
-001,+000
-001,+000
-001,+000
-001,+000
-001,+000
-001,+000
-001,+000
-001,+000
-001,+000
-001,+000
-001,+000
-001,+000
-001,+000
-001,+002
-001,+002
-001,+002
-001,+002
-001,+002
-001,+002
-001,+002
-001,+002
-001,+002
-001,+002
-001,+002
-001,+004
-001,+004
-001,+004
-001,+004
-001,+004
-001,+004
-001,+004
-001,+004
-001,+004
-001,+004
-001,+004
-001,+004
-001,+004
-001,+004
-001,+004
-001,+004
-001,+004
-001,+004
-001,+004
-001,+004
-001,+004
-001,+004
-001,+004
-001,+004
-002,+004
-001,+004
-001,+004
-001,+004
-001,+004
-001,+004
-001,+004
-001,+004
-001,+004
-001,+004
-001,+004
-001,+004
-001,+006
-001,+006
-001,+006
-001,+006
-001,+006
-001,+006
-004,+006
-004,+006
-004,+006
-004,+006
-004,+006
-004,+006
-004,+006
-004,+006
-004,+006
-004,+006
-004,+006
-004,+006
-004,+006
-004,+006
-004,+006
-004,+006
-004,+006
-004,+006
-004,+006
-004,+006
-004,+006
-004,+006
-004,+006
-004,+006
-004,+006
-004,+006
-004,+006
-004,+006
-004,+006
-004,+006
-004,+006
-007,+006
-007,+004
-007,+004
-007,+004
-007,+004
-007,+004
-007,+004
-007,+004
-007,+004
-007,+004
-007,+004
-007,+004
-007,+004
-007,+004
-007,+004
-007,+004
-007,+004
-007,+004
-007,+004
-007,+004
-007,+004
-007,+004
-007,+004
-007,+004
-007,+004
-007,+004
-007,+004
-007,+004
-007,+004
-007,+004
-007,+004
-007,+004
-007,+004
-007,+004
-007,+004
-007,+004
-007,+004
-007,+004
-007,+004
-007,+004
-007,+004
-007,+004
-007,+004
-007,+004
-007,+004
-007,+004
-007,+004
-007,+004
-007,+004
-007,+004
-007,+004
-007,+004
-007,+004
-007,+004
-007,+004
-007,+004
-007,+004
-007,+004
-007,+004
-007,+004
-007,+004
-007,+004
-007,+004
-007,+004
-007,+004
-007,+004
-007,+004
-007,+004
-007,+004
-007,+004
-007,+004
-007,+004
-007,+004
-007,+004
-007,+004
-007,+004
-007,+004
-007,+004
-007,+004
-007,+004
-007,+004
-007,+004
-007,+004
-007,+004
-007,+004
-007,+004
-007,+004
-007,+004
-007,+004
-007,+004
-007,+004
-007,+004
-007,+004
-007,+004
-007,+004
-007,+004
-007,+004
-007,+004
-007,+004
-007,+004
-007,+004
-007,+004
-007,+004
-007,+004
-007,+004
-007,+004
-007,+004
-007,+004
-007,+004
-007,+004
-007,+004
-010,+004
-009,+004
-009,+004
-009,+004
-009,+004
-009,+004
-009,+004
-009,+004
-009,+004
-009,+004
-009,+004
-009,+004
-009,+006
-009,+006
-009,+006
-009,+006
-009,+006
-009,+006
-009,+006
-009,+006
-009,+006
-009,+006
-009,+006
-009,+006
-009,+006
-009,+006
-008,+006
-008,+006
-008,+006
-008,+006
-008,+006
-008,+006
-008,+006
-008,+006
-008,+006
-008,+006
-008,+006
-008,+006
-007,+006
-007,+006
-007,+006
-007,+006
-007,+006
-007,+006
-007,+006
-007,+006
-007,+006
-007,+006
-007,+006
-007,+006
-007,+004
-007,+004
-007,+004
-007,+004
-007,+004
-007,+004
-007,+004
-007,+004
-007,+004
-007,+004
-007,+004
-007,+004
-007,+004
-007,+004
-007,+002
-007,+002
-007,+002
-007,+002
-007,+002
-007,+002
-007,+002
-007,+002
-007,+002
-007,+002
-007,+002
-006,+002
-006,+002
-006,+002
-006,+004
-006,+004
-006,+004
-006,+004
-006,+004
-006,+004
-006,+004
-006,+004
-006,+004
-006,+004
-005,+004
-005,+004
-005,+004
-005,+004
-005,+004
-005,+004
-004,+004
-004,+004
-004,+004
-004,+004
-004,+004
-004,+004
-004,+004
-004,+004
-004,+004
-004,+004
-004,+004
-004,+004
-003,+004
-003,+004
-003,+004
-003,+004
-003,+004
-003,+004
-002,+004
-002,+004
-002,+004
-002,+004
-002,+004
-002,+004
-002,+004
-002,+004
-002,+004
-002,+004
-002,+004
-002,+004
-002,+004
-002,+004
-002,+004
-002,+004
-002,+004
-002,+004
-002,+004
-002,+004
-001,+004
-001,+004
-001,+004
-001,+004
-001,+004
-001,+004
-001,+004
-001,+004
-001,+004
-001,+004
-000,+004
-000,+004
-000,+004
-000,+004
-000,+004
-000,+004
-000,+004
-000,+004
-000,+004
-000,+004
-000,+004
-000,+004
-000,+004
-000,+004
-000,+004
-000,+004
-000,+004
-000,+004
-000,+004
-000,+004
-000,+004
-000,+004
-000,+004
-000,+004
-000,+004
-000,+004
-000,+004
-000,+004
-000,+004
-000,+004
-000,+004
-000,+004
-000,+004
-000,+004
-000,+004
-000,+004
-000,+004
-000,+004
-000,+004
-000,+002
-000,+002
-000,+002
-000,+002
-000,+002
-000,+002
-000,+002
-000,+002
-000,+002
-000,+002
-000,+002
-000,+002
-000,+002
-000,+002
-000,+002
-000,+002
-003,+002
-003,+002
-003,+002
-003,+002
-003,+002
-003,+002
-003,+002
-003,+002
-003,+002
-003,+002
-003,+002
-003,+002
-003,+002
-003,+002
-003,+002
-003,+002
-003,+002
-003,+002
-003,+002
-003,+002
-003,+002
-003,+002
-003,+002
-003,+000
-003,+000
-003,+000
-003,+000
-003,+000
-003,+000
-006,+000
-006,+000
-006,+000
-006,+000
-006,+000
-006,+000
-006,+000
-006,+000
-006,+000
-006,+000
-006,+002
-006,+002
-006,+002
-006,+002
-006,+002
-006,+002
-006,+002
-006,+002
-006,+002
-006,+002
-006,+002
-006,+004
-006,+004
-006,+004
-006,+004
-006,+004
-006,+004
-006,+004
-006,+004
-006,+004
-006,+004
-006,+004
-006,+004
-006,+004
-006,+004
-006,+004
-006,+004
-006,+004
-006,+004
-006,+004
-006,+004
-009,+004
-008,+004
-008,+004
-008,+004
-008,+004
-008,+004
-008,+006
-008,+006
-008,+006
-008,+006
-008,+006
-008,+006
-008,+006
-008,+006
-008,+006
-008,+006
-008,+006
-008,+006
-008,+006
-008,+006
-008,+006
-008,+006
-008,+006
-008,+006
-008,+006
-008,+006
-008,+006
-008,+006
-008,+006
-008,+008
-008,+008
-008,+008
-008,+008
-008,+008
-008,+008
-008,+008
-011,+008
-011,+008
-010,+008
-010,+008
-010,+010
-010,+010
-010,+010
-010,+010
-010,+010
-010,+010
-010,+010
-010,+010
-010,+010
-010,+010
-010,+010
-010,+010
-010,+010
-010,+010
-010,+010
-010,+010
-010,+010
-010,+010
-010,+010
-010,+010
-010,+010
-010,+010
-010,+010
-010,+010
-010,+010
-010,+010
-010,+010
-010,+010
-010,+010
-010,+010
-010,+010
-010,+010
-010,+008
-010,+008
-010,+008
-010,+008
-010,+006
-010,+006
-010,+006
-010,+006
-010,+004
-010,+004
-010,+004
-010,+004
-010,+004
-010,+002
-010,+002
-010,+000
-010,+000
-010,+000
-010,+000
-009,+002
-009,+002
-009,+002
-008,+004
-008,+004
-008,+004
-008,+004
-007,+006
-007,+006
-007,+006
-006,+008
-005,+008
-005,+008
-005,+010
-005,+010
-005,+010
-005,+010
-004,+010
-004,+010
-004,+012
-003,+012
-003,+012
-003,+012
-003,+012
-003,+014
-003,+014
-003,+014
-002,+014
-002,+014
-002,+014
-002,+014
-002,+014
-002,+014
-002,+014
-002,+014
-002,+014
-002,+014
-002,+014
-002,+014
-002,+014
-001,+014
-001,+014
-001,+014
-001,+014
-001,+014
-001,+014
-001,+014
-001,+014
-001,+014
-001,+014
-001,+014
-001,+014
-001,+014
-001,+014
-001,+014
-001,+014
-001,+014
-001,+014
-001,+014
-001,+014
-001,+014
-001,+014
-001,+014
-001,+014
-000,+014
-000,+014
-000,+014
-000,+014
-000,+014
-000,+014
-001,+014
-001,+014
-001,+014
-001,+014
-001,+014
-001,+014
-001,+014
-002,+014
-002,+014
-002,+014
-002,+014
-002,+014
-002,+014
-003,+014
-003,+014
-003,+014
-003,+014
-003,+012
-003,+012
-003,+012
-004,+012
-004,+012
-004,+012
-004,+012
-004,+012
-004,+012
-004,+012
-004,+012
-005,+012
-005,+012
-005,+010
-005,+010
-005,+010
-005,+010
-005,+010
-005,+010
-005,+010
-006,+010
-006,+010
-006,+010
-006,+010
-006,+008
-006,+008
-006,+008
-006,+008
-006,+008
-006,+008
-006,+008
-006,+008
-006,+008
-006,+008
-006,+006
-006,+006
-006,+006
-006,+006
-006,+006
-006,+006
-006,+006
-006,+006
-006,+004
-006,+004
-006,+004
-006,+004
-006,+004
-006,+004
-006,+002
-006,+002
-006,+002
-006,+002
-006,+002
-006,+002
-006,+002
-006,+002
-006,+002
-006,+002
-006,+000
-006,+000
-006,+000
-006,+000
-006,+000
-006,+002
-003,+002
-003,+002
-003,+002
-003,+002
-003,+004
-003,+004
-003,+004
-003,+004
-003,+004
-003,+004
-003,+004
-003,+004
-003,+004
-003,+006
-003,+006
-003,+006
-003,+006
-003,+006
-003,+006
-003,+006
-003,+006
-003,+008
-003,+008
-003,+008
-003,+008
-003,+008
-003,+008
-000,+008
-000,+010
-000,+010
-000,+010
-000,+010
-000,+010
-000,+010
-000,+010
-000,+010
-000,+010
-000,+012
-000,+012
-000,+012
-000,+012
-000,+012
-000,+014
-000,+014
-000,+014
-000,+014
-000,+014
-000,+014
-000,+014
-000,+014
-000,+014
-000,+014
-000,+014
-000,+014
-000,+014
-000,+014
-000,+014
-000,+014
-000,+014
-000,+014
-000,+014
-000,+014
-001,+012
-001,+012
-001,+012
-001,+012
-001,+012
-001,+012
-001,+012
-001,+012
-001,+012
-001,+010
-001,+010
-002,+010
-002,+010
-002,+010
-002,+008
-002,+008
-002,+008
-003,+008
-003,+008
-003,+008
-003,+008
-003,+008
-004,+006
-004,+006
-004,+006
-004,+006
-004,+006
-004,+006
-005,+006
-005,+006
-005,+006
-005,+006
-005,+006
-006,+006
-006,+006
-006,+006
-006,+006
-006,+006
-007,+006
-007,+006
-007,+006
-007,+006
-007,+006
-007,+006
-007,+006
-007,+006
-007,+006
-007,+006
-007,+006
-007,+006
-007,+006
-007,+006
-007,+006
-007,+006
-007,+006
-007,+006
-007,+006
-007,+006
-007,+006
-007,+006
-007,+006
-007,+006
-007,+006
-007,+006
-007,+006
-007,+006
-007,+006
-007,+006
-007,+006
-007,+006
-007,+006
-007,+006
-007,+006
-004,+006
-005,+006
-005,+006
-005,+006
-005,+006
-005,+006
-005,+006
-005,+006
-005,+006
-005,+006
-005,+006
-005,+006
-005,+006
-005,+006
-002,+006
-002,+006
-002,+006
-002,+006
-002,+006
-002,+006
-002,+006
-002,+006
-002,+006
-002,+006
-002,+006
-002,+006
-002,+006
-002,+006
-001,+006
-001,+006
-001,+006
-001,+006
-001,+006
-001,+006
-001,+006
-001,+006
-001,+006
-001,+006
-001,+006
-001,+006
-004,+006
-004,+006
-004,+006
-004,+006
-004,+006
-004,+006
-004,+006
-004,+006
-004,+006
-004,+006
-004,+006
-004,+006
-004,+006
-004,+006
-004,+006
-004,+006
-004,+006
-007,+006
-007,+006
-007,+006
-007,+006
-007,+006
-007,+006
-007,+006
-007,+006
-007,+006
-007,+006
-007,+006
-007,+006
-007,+008
-007,+008
-007,+008
-007,+008
-007,+008
-007,+008
-007,+008
-007,+008
-007,+008
-007,+008
-007,+008
-007,+008
-007,+010
-007,+010
-007,+010
-007,+010
-007,+010
-007,+010
-007,+010
-007,+010
-007,+010
-007,+012
-007,+012
-007,+012
-007,+012
-007,+012
-007,+012
-007,+012
-007,+012
-007,+012
-007,+012
-007,+012
-007,+012
-007,+012
-007,+012
-007,+012
-007,+012
-007,+012
-007,+012
-007,+012
-007,+012
-007,+012
-007,+012
-007,+012
-007,+012
-007,+012
-006,+012
-006,+012
-006,+012
-006,+012
-006,+012
-006,+012
-006,+012
-006,+012
-006,+012
-006,+012
-006,+012
-006,+012
-006,+012
-006,+012
-006,+012
-006,+012
-006,+012
-006,+012
-006,+012
-006,+012
-006,+012
-006,+012
-006,+012
-006,+012
-006,+010
-006,+010
-006,+010
-006,+010
-006,+010
-006,+010
-006,+010
-006,+010
-006,+010
-006,+010
-006,+010
-006,+010
-006,+010
-006,+010
-006,+010
-006,+010
-006,+010
-006,+010
-006,+010
-006,+010
-006,+010
-006,+010
-006,+010
-006,+010
-006,+010
-006,+010
-006,+010
-006,+010
-006,+010
-006,+010
-006,+010
-006,+010
-006,+010
-006,+010
-006,+010
-006,+010
-006,+010
-006,+010
-006,+010
-006,+010
-006,+010
-006,+010
-006,+010
-006,+010
-006,+010
-006,+010
-006,+010
-006,+010
-006,+010
-006,+010
-006,+010
-006,+010
-006,+010
-006,+010
-006,+010
-006,+010
-006,+010
-006,+010
-006,+010
-006,+008
-006,+008
-006,+008
-006,+008
-006,+008
-006,+008
-006,+008
-006,+008
-006,+008
-005,+008
-005,+008
-004,+008
-004,+008
-004,+008
-004,+008
-004,+008
-004,+008
-003,+008
-003,+008
-003,+008
-002,+008
-002,+008
-002,+008
-002,+008
-001,+008
-001,+008
-001,+008
-001,+008
-000,+006
-000,+006
-000,+006
-000,+006
-000,+006
-000,+006
-000,+006
-000,+006
-001,+006
-001,+006
-001,+006
-001,+006
-001,+006
-002,+004
-002,+004
-002,+004
-002,+004
-002,+004
-002,+004
-003,+004
-003,+004
-003,+004
-003,+004
-003,+004
-003,+004
-003,+004
-003,+004
-003,+004
-004,+004
-004,+004
-004,+002
-004,+002
-004,+002
-004,+002
-004,+002
-004,+002
-004,+002
-004,+002
-004,+002
-004,+002
-004,+002
-004,+002
-004,+002
-004,+002
-004,+002
-004,+002
-004,+002
-004,+002
-004,+002
-004,+000
-004,+000
-004,+000
-004,+000
-004,+000
-004,+000
-004,+000
-004,+000
-004,+000
-004,+000
-001,+000
-001,+000
-001,+000
-001,+000
-001,+000
-001,+000
-001,+000
-001,+000
-001,+000
-001,+000
-001,+000
-001,+000
-001,+000
-001,+000
-001,+000
-001,+000
-001,+000
-001,+000
-001,+000
-001,+000
-001,+000
-001,+000
-001,+000
-001,+000
-001,+000
-001,+000
-001,+000
-001,+000
-001,+000
-001,+000
-001,+000
-001,+000
-001,+000
-001,+000
-001,+000
-001,+000
-001,+000
-001,+000
-001,+000
-001,+002
-001,+002
-001,+002
-001,+002
-001,+002
-001,+002
-001,+002
-001,+002
-001,+002
-001,+002
-001,+002
-001,+002
-001,+002
-001,+002
-001,+002
-001,+002
-001,+002
-001,+002
-001,+002
-001,+002
-001,+002
-001,+002
-001,+002
-001,+002
-001,+002
-001,+002
-001,+002
-001,+002
-001,+002
-001,+002
-001,+002
-001,+002
-001,+002
-001,+002
-001,+002
-001,+002
-001,+002
-001,+004
-001,+004
-001,+004
-001,+004
-001,+004
-001,+004
-001,+004
-001,+004
-001,+004
-002,+004
-002,+004
-002,+004
-002,+004
-002,+004
-002,+004
-002,+004
-002,+004
-002,+004
-002,+004
-002,+004
-002,+004
-002,+004
-002,+004
-002,+004
-002,+004
-002,+004
-002,+004
-002,+004
-002,+004
-005,+004
-005,+004
-005,+004
-005,+004
-005,+004
-005,+004
-005,+004
-005,+004
-005,+004
-005,+004
-005,+004
-005,+004
-005,+004
-005,+004
-005,+004
-005,+004
-005,+004
-005,+004
-005,+004
-005,+004
-005,+004
-005,+004
-005,+004
-005,+004
-005,+004
-005,+004
-005,+004
-005,+004
-005,+004
-005,+004
-005,+004
-005,+004
-005,+004
-005,+004
-005,+004
-005,+004
-005,+004
-005,+004
-005,+004
-005,+004
-005,+004
-005,+004
-005,+004
-005,+004
-005,+004
-005,+004
-005,+004
-005,+002
-005,+002
-005,+002
-005,+002
-005,+002
-005,+002
-005,+002
-005,+002
-005,+002
-005,+002
-005,+002
-005,+000
-005,+000
-005,+000
-004,+000
-004,+000
-004,+000
-004,+000
-004,+000
-003,+000
-003,+000
-003,+002
-003,+002
-003,+002
-003,+002
-003,+002
-003,+002
-003,+002
-002,+002
-002,+002
-002,+002
-001,+002
-001,+002
-001,+002
-001,+002
-000,+002
-000,+004
-000,+004
-001,+004
-001,+004
-001,+004
-001,+004
-001,+006
-001,+006
-001,+006
-001,+006
-001,+006
-001,+006
-001,+006
-001,+008
-001,+008
-001,+008
-001,+008
-001,+008
-001,+008
-001,+008
-001,+008
-001,+008
-001,+010
-001,+010
-001,+010
-001,+010
-001,+010
-001,+010
-001,+010
-001,+010
-001,+010
-001,+010
-002,+010
-002,+010
-002,+010
-002,+010
-002,+010
-002,+010
-002,+010
-002,+010
-002,+010
-002,+010
-002,+010
-002,+010
-002,+010
-002,+010
-002,+010
-002,+010
-002,+010
-002,+010
-002,+010
-002,+010
-002,+010
-002,+010
-002,+010
-002,+010
-002,+010
-002,+010
-002,+010
-002,+010
-002,+010
-002,+010
-002,+010
-002,+010
-002,+010
-002,+010
-002,+010
-002,+010
-002,+010
-002,+010
-002,+010
-002,+010
-002,+010
-002,+010
-002,+010
-002,+010
-002,+010
-002,+008
-002,+008
-002,+008
-002,+008
-002,+008
-002,+008
-002,+008
-002,+008
-002,+008
-002,+008
-002,+006
-002,+006
-002,+006
-002,+006
-002,+006
-002,+006
-002,+006
-002,+006
-002,+006
-002,+006
-002,+006
-002,+006
-002,+006
-002,+006
-002,+006
-002,+006
-002,+006
-002,+006
-002,+006
-002,+006
-002,+006
-002,+006
-002,+006
-002,+006
-002,+006
-002,+006
-002,+006
-002,+006
-002,+006
-002,+006
-002,+006
-002,+006
-002,+006
-002,+006
-002,+004
-002,+004
-002,+004
-002,+004
-002,+004
-002,+004
-002,+004
-002,+004
-002,+004
-002,+004
-002,+004
-002,+004
-002,+004
-002,+004
-002,+004
-003,+004
-003,+004
-003,+004
-003,+004
-003,+004
-003,+004
-003,+004
-003,+004
-003,+004
-003,+004
-003,+004
-003,+004
-003,+004
-003,+004
-003,+004
-003,+004
-003,+004
-003,+004
-003,+004
-003,+004
-004,+004
-004,+004
-004,+004
-004,+004
-004,+004
-004,+004
-004,+004
-005,+004
-005,+004
-005,+004
-005,+004
-005,+002
-005,+002
-006,+002
-006,+002
-006,+002
-006,+002
-006,+002
-006,+002
-006,+002
-007,+002
-007,+002
-007,+002
-007,+002
-007,+002
-007,+002
-007,+002
-007,+002
-008,+002
-008,+002
-008,+002
-008,+002
-008,+002
-009,+002
-009,+002
-009,+002
-009,+002
-010,+002
-010,+002
-010,+002
-010,+002
-010,+002
-010,+002
-011,+002
-011,+002
-011,+002
-011,+002
-011,+002
-011,+002
-011,+002
-012,+002
-012,+002
-012,+002
-012,+002
-012,+002
-012,+002
-012,+002
-012,+002
-012,+002
-012,+002
-012,+002
-012,+002
-012,+004
-012,+004
-012,+004
-012,+004
-012,+004
-012,+004
-012,+004
-012,+004
-012,+004
-012,+004
-012,+004
-012,+004
-012,+004
-012,+006
-012,+006
-013,+006
-013,+006
-013,+006
-013,+006
-013,+006
-013,+006
-013,+006
-013,+006
-013,+006
-013,+006
-013,+006
-013,+006
-013,+006
-013,+008
-013,+008
-013,+008
-013,+008
-013,+008
-013,+008
-013,+008
-013,+008
-013,+008
-013,+008
-013,+008
-013,+008
-013,+008
-013,+010
-013,+010
-013,+010
-013,+010
-013,+010
-013,+010
-013,+010
-013,+010
-013,+010
-013,+010
-013,+010
-013,+010
-013,+010
-013,+010
-013,+010
-013,+010
-013,+010
-013,+010
-013,+010
-013,+010
-013,+010
-013,+010
-013,+010
-013,+010
-013,+010
-013,+010
-013,+010
-013,+010
-013,+010
-013,+010
-013,+010
-013,+010
-013,+010
-013,+010
-013,+008
-013,+008
-010,+008
-011,+008
-011,+008
-011,+008
-011,+008
-011,+008
-011,+006
-011,+006
-011,+006
-011,+006
-011,+006
-011,+006
-011,+004
-008,+004
-008,+004
-008,+004
-008,+002
-008,+002
-008,+002
-008,+002
-008,+002
-008,+002
-008,+000
-008,+000
-008,+000
-008,+000
-008,+002
-008,+002
-008,+002
-005,+002
-005,+002
-005,+002
-005,+004
-005,+004
-005,+004
-005,+004
-005,+004
-005,+004
-005,+006
-005,+006
-005,+006
-002,+006
-002,+006
-002,+006
-002,+006
-002,+008
-002,+008
-002,+008
-002,+008
-002,+008
-002,+008
-002,+008
-002,+010
-002,+010
-002,+010
-002,+010
-002,+010
-002,+010
-001,+010
-001,+010
-001,+010
-001,+012
-001,+012
-001,+012
-001,+012
-001,+012
-001,+012
-001,+012
-001,+012
-001,+012
-001,+012
-001,+012
-001,+012
-001,+012
-001,+014
-001,+014
-001,+014
-001,+014
-001,+014
-001,+014
-001,+014
-001,+014
-001,+014
-001,+014
-001,+014
-001,+014
-001,+014
-001,+014
-001,+014
-001,+014
-001,+014
-001,+014
-001,+014
-001,+014
-001,+014
-001,+014
-001,+014
-001,+014
-001,+014
-001,+014
-001,+014
-001,+014
-001,+014
-001,+016
-001,+016
-001,+016
-001,+016
-001,+016
-001,+016
-001,+016
-001,+016
-001,+016
-001,+016
-001,+016
-004,+016
-004,+016
-004,+016
-004,+016
-004,+016
-004,+016
-004,+018
-004,+018
-004,+018
-004,+018
-004,+018
-004,+018
-004,+018
-004,+018
-004,+018
-004,+018
-004,+018
-004,+018
-004,+020
-004,+020
-004,+020
-004,+020
-004,+020
-004,+020
-004,+020
-004,+020
-007,+020
-007,+020
-007,+020
-007,+020
-007,+020
-007,+020
-007,+020
-007,+020
-007,+020
-007,+020
-007,+020
-007,+020
-007,+020
-007,+020
-007,+020
-007,+020
-007,+020
-007,+020
-007,+020
-007,+020
-007,+020
-007,+020
-010,+020
-010,+020
-009,+020
-009,+020
-009,+020
-009,+020
-009,+020
-009,+020
-009,+020
-009,+020
-009,+020
-009,+020
-009,+020
-009,+020
-009,+020
-009,+020
-009,+020
-009,+020
-009,+020
-009,+020
-009,+020
-009,+020
-009,+020
-009,+020
-009,+020
-009,+020
-009,+020
-009,+020
-009,+020
-009,+020
-009,+020
-009,+020
-009,+020
-009,+020
-009,+020
-009,+018
-009,+018
-009,+018
-009,+018
-009,+018
-009,+018
-009,+018
-009,+018
-009,+018
-009,+018
-008,+016
-008,+016
-008,+016
-008,+016
-008,+016
-007,+016
-007,+014
-007,+014
-007,+014
-007,+014
-006,+012
-006,+012
-006,+012
-006,+012
-006,+012
-005,+012
-005,+010
-005,+010
-005,+010
-005,+010
-005,+010
-004,+008
-004,+008
-004,+008
-003,+008
-003,+008
-003,+006
-003,+006
-003,+006
-002,+006
-002,+004
-002,+004
-002,+004
-002,+004
-001,+004
-001,+002
-001,+002
-000,+002
-000,+002
-000,+002
-000,+001
-000,+001
-000,+001
-000,+001
-001,+004
-002,+004
-002,+004
-002,+004
-002,+004
-002,+004
-003,+004
-003,+004
-003,+006
-004,+006
-004,+006
-004,+006
-004,+006
-005,+008
-005,+008
-005,+008
-005,+008
-006,+008
-006,+008
-006,+008
-006,+008
-006,+008
-006,+008
-006,+008
-007,+008
-007,+008
-007,+010
-007,+010
-007,+010
-007,+010
-007,+010
-007,+010
-007,+010
-007,+010
-007,+010
-007,+010
-007,+010
-007,+010
-007,+010
-007,+010
-007,+010
-007,+010
-007,+010
-007,+010
-007,+010
-007,+010
-007,+010
-007,+010
-007,+010
-007,+010
-007,+010
-007,+010
-007,+010
-007,+010
-007,+010
-007,+008
-007,+008
-007,+008
-007,+008
-007,+008
-007,+008
-007,+008
-007,+008
-007,+008
-007,+008
-007,+006
-007,+006
-007,+006
-007,+006
-007,+006
-007,+006
-007,+006
-007,+006
-007,+006
-007,+006
-007,+006
-007,+006
-007,+006
-007,+006
-004,+006
-005,+006
-005,+006
-005,+006
-005,+006
-005,+006
-005,+006
-005,+006
-005,+006
-005,+004
-005,+004
-005,+004
-005,+004
COP Area(S): 000162
COP Area(R): 000256