-000,+000
-001,+001
-001,+001
-001,+001
-001,+003
-001,+003
-001,+003
-001,+003
-001,+003
-001,+003
-001,+003
-001,+003
-001,+003
-001,+003
-001,+003
-001,+003
-000,+003
-000,+003
-000,+003
-000,+003
-000,+003
-000,+005
-000,+005
-000,+005
-000,+005
-000,+005
-000,+005
-000,+005
-000,+005
-000,+007
-000,+007
-000,+007
-000,+007
-000,+007
-000,+007
-000,+007
-000,+007
-000,+007
-000,+007
-000,+007
-000,+007
-000,+007
-000,+009
-000,+009
-000,+009
-000,+011
-000,+011
-000,+011
-000,+011
-000,+013
-000,+013
-000,+013
-000,+013
-000,+015
-000,+015
-000,+015
-000,+015
-000,+015
-000,+015
-000,+015
-000,+017
-000,+017
-000,+017
-000,+017
-000,+017
-000,+017
-000,+017
-000,+017
-000,+017
-000,+017
-000,+017
-000,+017
-000,+017
-000,+017
-000,+017
-000,+017
-000,+017
-000,+017
-000,+017
-000,+017
-000,+017
-000,+017
-000,+017
-000,+017
-000,+017
-000,+017
-000,+017
-000,+017
-000,+017
-000,+017
-000,+017
-000,+017
-000,+017
-000,+017
-000,+017
-000,+017
-000,+017
-000,+017
-003,+017
-003,+019
-003,+019
-003,+019
-003,+019
-003,+019
-003,+019
-003,+019
-003,+019
-003,+019
-003,+019
-003,+021
-003,+021
-003,+021
-003,+021
-003,+021
-003,+021
-003,+021
+006,+021
+006,+021
+006,+021
+006,+021
+006,+021
+006,+021
+006,+019
+006,+019
+006,+019
+006,+019
+006,+019
+006,+019
+006,+019
+006,+019
+006,+019
+006,+019
+006,+019
+006,+019
+008,+019
+008,+019
+008,+019
+008,+019
+008,+019
+008,+019
+008,+019
+008,+019
+008,+019
+008,+021
+008,+021
+008,+021
+008,+021
+008,+021
+008,+021
+008,+021
+008,+023
+008,+023
+008,+023
+008,+023
+008,+023
+008,+021
+008,+021
+008,+021
+008,+021
+008,+019
+008,+019
+008,+019
+008,+019
+008,+019
+008,+019
+008,+019
+008,+019
+008,+017
+008,+017
+008,+017
+008,+017
+008,+017
+008,+017
+008,+017
+008,+017
+008,+017
+008,+017
+008,+017
+008,+017
+008,+017
+008,+017
+008,+017
+008,+017
+008,+017
+008,+017
+008,+017
+008,+017
+008,+017
+008,+017
+008,+017
+008,+017
+008,+017
+008,+017
+008,+017
+008,+017
+008,+015
+008,+015
+008,+015
+008,+015
+008,+015
+008,+015
+008,+015
+008,+013
+008,+013
+008,+013
+008,+013
+008,+013
+008,+013
+008,+013
+008,+013
+006,+013
+006,+013
+006,+013
+006,+013
+006,+013
+006,+013
+006,+013
+006,+013
+006,+013
+006,+013
+006,+013
+006,+015
+006,+015
+006,+015
+006,+015
+006,+015
+006,+015
+008,+015
+008,+017
+008,+017
+008,+017
+008,+017
+008,+017
+008,+017
+008,+017
+008,+017
+008,+017
+010,+017
+010,+017
+010,+017
+010,+017
+010,+017
+012,+017
+012,+017
+012,+017
+012,+017
+012,+017
+012,+017
+012,+017
+012,+017
+012,+017
+012,+017
+012,+017
+012,+017
+012,+017
+012,+017
+012,+017
+012,+017
+012,+017
+012,+017
+012,+017
+012,+015
+012,+015
+012,+015
+012,+015
+012,+015
+012,+015
+012,+015
+012,+015
+012,+013
+012,+013
+012,+013
+012,+013
+012,+013
+012,+011
+012,+011
+012,+011
+010,+011
+010,+011
+010,+011
+010,+011
+010,+011
+010,+011
+010,+011
+010,+011
+010,+011
+010,+011
+010,+011
+010,+011
+010,+011
+010,+011
+010,+011
+010,+011
+010,+011
+010,+011
+010,+011
+010,+013
+010,+013
+010,+013
+010,+013
+010,+013
+010,+013
+010,+013
+010,+013
+010,+013
+010,+013
+010,+013
+010,+013
+010,+013
+010,+013
+010,+013
+010,+015
+010,+015
+010,+015
+010,+015
+010,+015
+010,+017
+010,+017
+010,+017
+010,+017
+010,+019
+010,+019
+010,+019
+010,+019
+010,+019
+010,+021
+010,+021
+010,+021
+010,+021
+010,+021
+012,+021
+012,+023
+012,+023
+012,+023
+012,+023
+012,+023
+012,+023
+012,+023
+012,+023
+012,+023
+012,+023
+012,+023
+014,+023
+014,+023
+014,+023
+014,+023
+014,+023
+014,+023
+014,+023
+014,+023
+014,+023
+014,+023
+014,+023
+014,+023
+014,+023
+014,+025
+014,+025
+014,+025
+014,+025
+014,+025
+014,+025
+014,+025
+014,+023
+014,+023
+014,+023
+014,+023
+014,+023
+014,+021
+014,+021
+014,+021
+014,+019
+014,+019
+014,+019
+014,+017
+014,+017
+014,+017
+014,+017
+014,+015
+014,+015
+014,+015
+014,+015
+014,+015
+014,+015
+014,+015
+014,+015
+014,+015
+014,+015
+016,+015
+016,+015
+016,+015
+016,+015
+016,+015
+016,+015
+016,+015
+016,+015
+016,+015
+016,+015
+016,+015
+016,+015
+016,+015
+016,+015
+016,+015
+016,+015
+016,+015
+016,+015
+016,+015
+016,+015
+016,+015
+016,+015
+016,+015
+016,+015
+016,+015
+016,+015
+014,+015
+014,+015
+014,+013
+014,+013
+014,+013
+014,+013
+014,+013
+014,+013
+012,+013
+012,+013
+012,+013
+012,+011
+012,+011
+012,+011
+012,+011
+012,+011
+012,+011
+012,+011
+012,+011
+012,+011
+012,+011
+012,+011
+012,+011
+012,+011
+012,+011
+012,+011
+012,+011
+012,+011
+012,+011
+012,+011
+012,+011
+012,+011
+012,+011
+012,+011
+012,+011
+012,+011
+012,+011
+012,+011
+012,+011
+012,+011
+012,+011
+012,+011
+012,+011
+012,+011
+012,+011
+012,+013
+014,+013
+014,+013
+014,+013
+014,+013
+014,+015
+014,+015
+014,+017
+014,+017
+014,+017
+014,+019
+016,+019
+016,+019
+016,+021
+016,+021
+016,+021
+016,+021
+016,+021
+016,+021
+016,+021
+016,+021
+016,+021
+016,+021
+016,+021
+016,+021
+016,+021
+016,+021
+016,+021
+016,+021
+016,+021
+016,+021
+016,+021
+016,+021
+016,+021
+016,+021
+016,+019
+016,+019
+016,+019
+016,+019
+016,+019
+016,+019
+016,+019
+016,+019
+016,+019
+016,+019
+016,+019
+016,+019
+016,+019
+016,+019
+016,+019
+016,+019
+016,+019
+016,+019
+016,+019
+016,+019
+016,+019
+016,+019
+016,+017
+016,+017
+016,+017
+016,+017
+016,+017
+016,+017
+016,+015
+016,+015
+016,+015
+016,+015
+016,+015
+016,+013
+016,+013
+016,+013
+016,+013
+016,+013
+016,+013
+016,+011
+016,+011
+016,+011
+016,+011
+016,+011
+016,+011
+016,+011
+016,+011
+016,+011
+016,+011
+016,+011
+016,+013
+016,+013
+016,+013
+016,+013
+016,+015
+016,+015
+018,+015
+018,+015
+018,+015
+018,+015
+018,+015
+018,+015
+018,+015
+018,+015
+018,+015
+018,+015
+018,+015
+018,+015
+018,+015
+018,+015
+018,+015
+018,+017
+018,+017
+018,+017
+018,+017
+018,+017
+018,+017
+018,+017
+018,+017
+018,+017
+018,+017
+018,+017
+018,+017
+018,+017
+018,+017
+018,+017
+018,+017
+018,+017
+018,+017
+018,+017
+016,+017
+016,+017
+016,+017
+016,+017
+016,+017
+016,+017
+016,+019
+016,+019
+016,+019
+016,+019
+016,+019
+016,+019
+016,+019
+016,+019
+016,+019
+016,+019
+016,+021
+016,+021
+016,+021
+016,+021
+016,+021
+016,+021
+016,+021
+016,+021
+014,+021
+014,+021
+014,+021
+014,+021
+014,+021
+014,+021
+014,+021
+014,+021
+014,+021
+014,+021
+014,+021
+014,+021
+014,+021
+014,+021
+014,+021
+014,+021
+014,+021
+014,+021
+014,+021
+014,+021
+014,+021
+014,+021
+014,+021
+014,+021
+014,+021
+014,+021
+014,+021
+014,+021
+014,+019
+014,+019
+014,+019
+014,+019
+014,+019
+014,+019
+014,+019
+014,+019
+014,+019
+014,+019
+014,+019
+014,+019
+014,+019
+014,+019
+014,+019
+014,+019
+014,+019
+014,+017
+014,+017
+014,+017
+014,+017
+014,+017
+014,+015
+014,+015
+014,+015
+014,+015
+014,+013
+014,+013
+014,+013
+014,+013
+014,+013
+014,+013
+014,+013
+014,+013
+014,+011
+014,+011
+014,+011
+014,+011
+014,+011
+014,+011
+014,+011
+014,+011
+014,+011
+014,+011
+014,+011
+014,+013
+014,+013
+014,+013
+014,+013
+014,+013
+014,+013
+014,+013
+014,+013
+014,+013
+014,+013
+014,+013
+014,+013
+014,+013
+014,+013
+014,+013
+014,+013
+014,+015
+014,+015
+014,+015
+014,+015
+014,+015
+014,+017
+014,+017
+014,+017
+014,+017
+014,+017
+014,+017
+012,+019
+012,+019
+012,+019
+012,+019
+012,+019
+012,+021
+012,+021
+012,+021
+012,+021
+012,+021
+012,+023
+012,+023
+012,+023
+012,+023
+012,+023
+012,+023
+012,+023
+012,+025
+012,+025
+012,+025
+012,+025
+012,+025
+012,+025
+012,+025
+012,+025
+012,+025
+012,+025
+012,+025
+012,+025
+012,+025
+012,+025
+012,+025
+012,+027
+012,+027
+012,+027
+012,+027
+012,+029
+012,+029
+012,+029
+012,+029
+012,+029
+012,+029
+012,+031
+012,+031
+012,+031
+012,+031
+012,+031
+012,+031
+012,+031
+012,+031
+012,+031
+012,+031
+012,+031
+012,+031
+012,+031
+012,+031
+012,+031
+012,+031
+012,+031
+012,+031
+012,+031
+012,+031
+012,+029
+012,+029
+012,+029
+012,+029
+012,+029
+012,+029
+012,+029
+012,+029
+012,+029
+012,+027
+012,+027
+012,+027
+012,+027
+012,+027
+012,+027
+012,+027
+012,+027
+012,+027
+012,+027
+012,+025
+012,+025
+012,+025
+012,+025
+012,+023
+012,+023
+012,+023
+012,+023
+012,+023
+012,+021
+012,+021
+012,+021
+012,+021
+014,+021
+014,+021
+014,+021
+014,+023
+014,+023
+014,+023
+014,+025
+014,+025
+014,+025
+014,+025
+014,+027
+014,+027
+014,+027
+014,+027
+014,+027
+014,+029
+014,+029
+014,+029
+014,+029
+014,+029
+014,+029
+014,+029
+014,+029
+014,+029
+016,+029
+016,+029
+016,+029
+016,+029
+016,+029
+016,+029
+016,+029
+016,+029
+016,+029
+016,+029
+016,+029
+016,+029
+016,+029
+016,+029
+016,+029
+016,+029
+016,+029
+016,+029
+016,+029
+016,+029
+016,+031
+016,+031
+016,+031
+016,+031
+016,+031
+016,+031
+016,+031
+016,+031
+016,+031
+016,+031
+016,+031
+016,+031
+016,+031
+016,+031
+018,+031
+018,+031
+018,+029
+018,+029
+018,+029
+018,+029
+018,+027
+018,+027
+018,+027
+018,+025
+018,+025
+018,+025
+018,+025
+018,+023
+018,+023
+018,+023
+018,+023
+018,+023
+018,+023
+018,+023
+018,+023
+018,+023
+018,+023
+018,+023
+016,+023
+016,+023
+016,+023
+016,+023
+016,+023
+016,+023
+016,+023
+016,+023
+016,+023
+016,+023
+016,+023
+016,+023
+016,+023
+016,+023
+016,+023
+016,+023
+016,+023
+016,+023
+016,+023
+016,+021
+016,+021
+016,+021
+016,+019
+016,+019
+016,+019
+016,+019
+016,+019
+016,+019
+016,+017
+016,+017
+016,+017
+016,+015
+016,+015
+016,+015
+016,+015
+016,+015
+016,+015
+016,+015
+016,+015
+016,+013
+016,+013
+016,+013
+016,+013
+016,+013
+016,+013
+016,+013
+016,+013
+016,+013
+016,+013
+016,+011
+016,+011
+016,+011
+016,+011
+016,+009
+016,+009
+016,+009
+016,+009
+016,+007
+016,+007
+014,+007
+014,+007
+014,+007
+014,+007
+014,+007
+014,+007
+014,+007
+014,+007
+014,+007
+014,+007
+014,+007
+014,+007
+014,+007
+014,+007
+014,+007
+014,+007
+014,+007
+014,+007
+014,+007
+016,+009
+016,+009
+016,+011
+016,+011
+016,+013
+016,+013
+016,+015
+016,+015
+018,+015
+018,+017
+018,+017
+018,+017
+018,+019
+018,+019
+018,+019
+018,+019
+018,+019
+020,+019
+020,+019
+020,+019
+020,+019
+020,+019
+020,+019
+020,+019
+020,+019
+020,+019
+020,+019
+020,+019
+020,+019
+020,+019
+020,+019
+020,+019
+020,+019
+020,+019
+020,+019
+020,+019
+020,+019
+020,+019
+020,+019
+020,+019
+020,+017
+020,+017
+020,+017
+020,+017
+020,+017
+020,+017
+020,+017
+020,+017
+020,+017
+020,+015
+020,+015
+020,+015
+020,+015
+020,+015
+020,+013
+020,+013
+020,+013
+020,+013
+020,+013
+020,+013
+020,+013
+020,+013
+020,+013
+020,+013
+020,+011
+020,+011
+020,+011
+020,+011
+020,+011
+020,+009
+020,+009
+022,+009
+022,+009
+022,+009
+022,+009
+022,+009
+022,+009
+022,+007
+022,+007
+022,+007
+024,+007
+024,+007
+024,+007
+024,+007
+024,+007
+024,+007
+024,+005
+024,+005
+024,+005
+024,+005
+026,+005
+026,+005
+026,+005
+026,+005
+026,+005
+026,+005
+026,+005
+026,+005
+026,+005
+026,+005
+026,+005
+026,+005
+026,+005
+026,+005
+026,+005
+026,+005
+026,+005
+026,+005
+026,+005
+026,+005
+026,+005
+026,+005
+026,+005
+026,+005
+026,+005
+026,+005
+026,+005
+026,+005
+026,+005
+026,+005
+026,+005
+026,+005
+026,+005
+026,+003
+026,+003
+026,+003
+026,+003
+026,+003
+026,+003
+026,+005
+026,+005
+026,+005
+024,+005
+024,+005
+024,+005
+024,+005
+024,+005
+024,+005
+022,+005
+022,+005
+022,+005
+022,+005
+022,+003
+022,+003
+022,+003
+020,+003
+020,+003
+020,+003
+020,+003
+020,+003
+020,+003
+020,+003
+018,+003
+018,+003
+018,+003
+018,+003
+018,+003
+018,+003
+018,+003
+018,+003
+016,+003
+016,+003
+016,+003
+016,+003
+016,+005
+014,+005
+014,+005
+014,+005
+014,+005
+014,+007
+014,+007
+014,+007
+014,+007
+014,+007
+014,+007
+014,+007
+012,+007
+012,+005
+012,+005
+012,+005
+010,+005
+010,+005
+010,+005
+010,+005
+008,+005
+008,+005
+008,+005
+008,+005
+008,+005
+008,+005
+008,+005
+006,+005
+006,+005
+006,+005
+006,+005
+006,+005
+006,+005
+006,+005
+006,+005
+006,+007
+006,+007
+006,+007
+008,+007
+008,+007
+008,+007
+008,+009
+008,+009
+008,+009
+008,+009
+008,+009
+010,+009
+010,+009
+010,+011
+010,+011
+010,+011
+010,+011
+010,+011
+010,+011
+010,+011
+012,+013
+012,+013
+012,+013
+012,+013
+012,+013
+012,+015
+012,+015
+012,+015
+014,+015
+014,+017
+014,+017
+014,+017
+014,+017
+014,+017
+014,+017
+014,+019
+014,+019
+014,+019
+016,+019
+016,+019
+016,+019
+016,+019
+016,+019
+016,+019
+016,+021
+016,+021
+016,+021
+016,+021
+016,+021
+016,+021
+016,+021
+016,+021
+016,+021
+016,+021
+016,+023
+016,+023
+016,+023
+016,+023
+016,+023
+016,+023
+016,+025
+016,+025
+016,+025
+016,+025
+016,+025
+016,+027
+016,+027
+016,+027
+016,+027
+016,+027
+016,+027
+016,+027
+016,+027
+016,+027
+016,+027
+016,+027
+016,+027
+016,+027
+018,+025
+018,+025
+018,+025
+018,+025
+018,+025
+018,+025
+018,+025
+018,+023
+018,+023
+018,+023
+018,+023
+018,+023
+018,+023
+018,+023
+018,+023
+018,+023
+018,+023
+018,+023
+018,+023
+018,+023
+018,+023
+018,+023
+018,+023
+018,+023
+018,+023
+018,+025
+018,+025
+020,+025
+020,+025
+020,+025
+020,+025
+020,+025
+020,+025
+020,+025
+020,+025
+020,+025
+020,+025
+020,+025
+020,+025
+020,+025
+020,+025
+022,+025
+022,+025
+022,+025
+022,+025
+022,+025
+022,+025
+022,+025
+022,+025
+022,+025
+022,+025
+022,+025
+022,+025
+022,+025
+022,+025
+022,+025
+022,+025
+024,+025
+024,+025
+024,+025
+024,+025
+024,+025
+024,+025
+024,+025
+024,+025
+024,+025
+024,+025
+024,+025
+024,+027
+024,+027
+024,+027
+024,+027
+024,+027
+024,+027
+024,+027
+024,+027
+024,+027
+024,+027
+024,+027
+024,+027
+024,+027
+024,+027
+024,+027
+024,+029
+024,+029
+024,+029
+024,+029
+024,+031
+024,+031
+024,+031
+024,+031
+024,+033
+024,+033
+024,+033
+024,+033
+024,+033
+024,+033
+024,+033
+024,+033
+024,+033
+024,+033
+024,+033
+024,+033
+024,+033
+024,+033
+024,+033
+024,+033
+024,+035
+024,+035
+024,+035
+024,+037
+024,+037
+024,+037
+024,+037
+024,+037
+024,+037
+024,+037
+024,+037
+024,+037
+024,+037
+024,+037
+024,+037
+024,+037
+024,+037
+024,+037
+024,+037
+024,+037
+024,+035
+024,+035
+024,+035
+024,+035
+024,+035
+024,+033
+024,+033
+024,+033
+024,+033
+024,+031
+024,+031
+024,+031
+024,+031
+024,+031
+024,+031
+024,+029
+024,+029
+024,+029
+024,+029
+024,+029
+024,+029
+024,+029
+024,+029
+024,+029
+024,+029
+022,+029
+022,+029
+022,+029
+022,+029
+022,+029
+022,+029
+022,+029
+022,+029
+022,+029
+022,+029
+020,+029
+020,+029
+020,+029
+020,+029
+020,+029
+020,+029
+020,+029
+020,+031
+020,+031
+020,+031
+020,+031
+020,+031
+020,+031
+020,+031
+020,+031
+020,+029
+020,+029
+018,+029
+018,+029
+018,+027
+018,+027
+018,+027
+018,+027
+018,+027
+018,+025
+018,+025
+018,+025
+018,+025
+018,+025
+018,+025
+018,+025
+018,+023
+018,+023
+018,+023
+018,+023
+018,+023
+018,+023
+018,+023
+018,+023
+018,+023
+018,+025
+018,+025
+018,+025
+018,+025
+018,+025
+018,+025
+018,+025
+018,+027
+020,+027
+020,+027
+020,+027
+020,+027
+020,+027
+020,+027
+020,+027
+020,+027
+020,+027
+020,+027
+020,+027
+020,+027
+020,+027
+020,+027
+020,+027
+020,+027
+020,+027
+020,+027
+020,+027
+020,+027
+020,+027
+020,+027
+020,+027
+020,+025
+020,+025
+020,+025
+020,+025
+020,+025
+020,+025
+020,+025
+020,+025
+020,+025
+020,+025
+020,+025
+020,+025
+018,+025
+018,+025
+018,+025
+018,+025
+018,+025
+018,+025
+018,+025
+018,+025
+018,+025
+018,+025
+018,+025
+018,+025
+018,+025
+018,+025
+018,+025
+018,+025
+018,+025
+018,+025
+018,+025
+018,+025
+018,+027
+018,+027
+018,+027
+018,+027
+018,+027
+018,+027
+018,+027
+018,+027
+018,+027
+018,+027
+018,+027
+018,+027
+018,+027
+018,+027
+018,+025
+018,+025
+018,+025
+018,+023
+018,+023
+018,+023
+018,+021
+018,+021
+018,+019
+018,+019
+018,+019
+018,+017
+018,+017
+018,+017
+018,+015
+018,+015
+018,+015
+018,+015
+018,+013
+018,+013
+018,+013
+018,+013
+018,+013
+020,+013
+020,+011
+020,+011
+020,+011
+020,+011
+020,+011
+020,+011
+020,+013
+020,+013
+022,+015
+022,+015
+022,+015
+022,+015
+022,+015
+022,+017
+022,+017
+022,+017
+022,+017
+022,+017
+022,+017
+022,+017
+022,+017
+022,+017
+022,+017
+022,+017
+022,+017
+022,+017
+022,+017
+022,+015
+022,+015
+022,+015
+022,+015
+022,+015
+022,+015
+022,+015
+022,+015
+022,+015
+022,+015
+022,+015
+022,+015
+022,+015
+022,+015
+022,+017
+022,+017
+022,+017
+022,+017
+020,+019
+020,+019
+020,+019
+020,+019
+020,+021
+020,+021
+020,+021
+020,+023
+020,+023
+022,+023
+022,+023
+022,+023
+022,+023
+022,+023
+022,+025
+022,+025
+022,+025
+022,+025
+022,+025
+024,+027
+024,+027
+024,+027
+024,+027
+024,+027
+024,+027
+024,+027
+024,+029
+024,+029
+024,+029
+024,+031
+024,+031
+024,+031
+024,+031
+024,+033
+024,+033
+024,+033
+024,+033
+024,+033
+024,+035
+026,+035
+026,+035
+026,+035
+026,+035
+026,+035
+026,+035
+026,+035
+026,+035
+026,+035
+026,+035
+026,+035
+026,+035
+026,+035
+026,+035
+026,+035
+026,+035
+026,+035
+026,+035
+026,+035
+026,+035
+028,+033
+028,+033
+028,+033
+028,+033
+028,+033
+028,+033
+028,+033
+028,+033
+028,+033
+028,+033
+030,+033
+030,+033
+030,+033
+030,+033
+030,+033
+030,+033
+030,+033
+030,+033
+030,+033
+030,+033
+032,+033
+032,+033
+032,+033
+032,+033
+032,+033
+032,+033
+032,+033
+032,+033
+032,+033
+032,+033
+032,+031
+032,+031
+032,+031
+032,+031
+032,+031
+032,+029
+032,+029
+032,+029
+032,+029
+032,+029
+032,+027
+032,+027
+032,+027
+032,+027
+032,+027
+032,+027
+034,+027
+034,+027
+034,+027
+034,+027
+036,+027
+036,+027
+036,+029
+036,+029
+036,+029
+036,+029
+036,+029
+036,+029
+036,+029
+036,+029
+036,+029
+036,+029
+036,+029
+036,+029
+036,+029
+036,+029
+036,+029
+036,+027
+036,+027
+038,+027
+038,+027
+038,+027
+038,+027
+038,+025
+038,+025
+038,+025
+038,+025
+038,+025
+038,+023
+038,+023
+038,+023
+038,+023
+040,+023
+040,+021
+040,+021
+040,+021
+040,+021
+040,+021
+040,+021
+040,+021
+040,+021
+040,+021
+040,+021
+040,+021
+040,+021
+040,+021
+040,+021
+040,+021
+040,+021
+040,+021
+040,+021
+040,+021
+040,+021
+040,+021
+038,+021
+038,+021
+038,+021
+038,+021
+036,+021
+036,+021
+036,+021
+036,+021
+036,+021
+036,+021
+034,+021
+034,+021
+034,+019
+032,+019
+032,+019
+032,+019
+032,+019
+032,+019
+032,+019
+032,+019
+030,+019
+030,+019
+030,+019
+030,+019
+030,+019
+028,+019
+028,+021
+028,+021
+028,+021
+028,+021
+028,+023
+028,+023
+028,+023
+028,+025
+028,+025
+028,+025
+028,+025
+026,+025
+026,+025
+026,+025
+026,+027
+026,+027
+026,+027
+026,+027
+026,+027
+026,+027
+026,+027
+026,+027
+026,+027
+026,+027
+026,+027
+026,+027
+026,+027
+026,+027
+026,+027
+026,+027
+026,+025
+026,+025
+024,+025
+024,+025
+024,+025
+024,+025
+024,+025
+024,+025
+022,+025
+022,+025
+022,+025
+022,+025
+022,+025
+022,+025
+022,+025
+022,+027
+022,+027
+022,+027
+020,+027
+020,+027
+020,+027
+020,+027
+020,+027
+020,+027
+020,+027
+020,+027
+020,+027
+020,+027
+018,+027
+018,+027
+018,+027
+018,+027
+018,+027
+018,+027
+018,+027
+018,+027
+018,+027
+018,+027
+016,+025
+016,+025
+016,+025
+016,+025
+016,+025
+016,+025
+016,+025
+016,+025
+016,+027
+016,+027
+016,+027
+016,+027
+016,+027
+016,+027
+016,+027
+016,+027
+016,+027
+016,+029
+016,+029
+016,+029
+016,+029
+016,+029
+016,+029
+016,+029
+016,+029
+016,+029
+016,+027
+016,+027
+016,+027
+016,+027
+016,+027
+016,+027
+016,+027
+016,+025
+016,+025
+016,+025
+016,+025
+016,+025
+016,+023
+016,+023
+014,+023
+014,+023
+014,+023
+014,+023
+014,+023
+014,+023
+014,+023
+014,+023
+014,+023
+014,+023
+014,+023
+014,+021
+014,+021
+014,+021
+014,+021
+014,+021
+014,+021
+014,+021
+014,+021
+014,+021
+014,+019
+014,+019
+014,+019
+014,+019
+016,+017
+016,+017
+016,+017
+016,+017
+016,+017
+016,+015
+016,+015
+016,+013
+016,+013
+016,+013
+016,+011
+016,+011
+016,+011
+016,+011
+016,+011
+016,+008
+016,+006
+016,+006
+018,+006
+018,+004
+018,+004
+018,+004
+018,+004
+018,+004
+018,+004
+018,+002
+018,+002
+018,+002
+018,+002
+018,+002
+018,+002
+018,+002
+018,+002
+018,+002
+020,+002
+020,+000
+020,+000
+020,+000
+020,+000
+020,+000
+020,+000
+020,+000
+020,+000
+020,+000
+020,+000
+020,+000
+020,+000
+020,+000
+020,+000
+020,+000
+020,+000
+020,+000
+020,+000
+020,+000
+020,+000
+020,+000
+020,+000
+020,+000
+020,+000
+020,+000
+020,+002
+020,+002
+020,+002
+020,+002
+020,+002
+020,+002
+020,+002
+020,+002
+022,+004
+022,+004
+022,+004
+022,+004
+022,+006
+022,+006
+022,+006
+022,+006
+022,+008
+024,+010
+024,+010
+024,+012
+024,+012
+024,+012
+024,+012
+024,+012
+024,+012
+024,+012
+024,+014
+024,+014
+024,+014
+024,+014
+024,+014
+024,+014
+024,+014
+024,+014
+024,+014
+024,+014
+024,+014
+024,+014
+024,+014
+024,+014
+024,+014
+024,+014
+024,+014
+024,+014
+024,+014
+024,+014
+024,+014
+024,+014
+024,+014
+024,+014
+024,+014
+024,+014
+024,+014
+024,+014
+026,+014
+026,+014
+026,+014
+026,+014
+026,+014
+026,+012
+026,+012
+026,+012
+026,+012
+026,+012
+026,+012
+026,+012
+026,+012
+026,+012
+026,+014
+026,+014
+026,+014
+026,+014
+026,+014
+026,+014
+026,+014
+026,+016
+026,+016
+026,+016
+026,+016
+026,+016
+026,+016
+026,+016
+026,+016
+026,+016
+026,+016
+026,+016
+024,+016
+024,+016
+024,+016
+024,+016
+024,+014
+024,+014
+024,+014
+024,+014
+024,+014
+024,+014
+024,+014
+024,+014
+024,+014
+024,+014
+024,+014
+024,+014
+024,+014
+022,+014
+022,+014
+022,+014
+022,+014
+022,+014
+024,+014
+024,+014
+024,+014
+024,+014
+024,+016
+024,+016
+024,+016
+024,+016
+024,+018
+024,+018
+024,+018
+024,+018
+024,+018
+024,+018
+024,+018
+024,+016
+024,+016
+024,+016
+024,+016
+024,+016
+022,+014
+022,+014
+022,+014
+022,+014
+022,+014
+020,+014
+020,+014
+020,+014
+020,+014
+020,+014
+020,+014
+020,+014
+020,+014
+020,+014
+020,+014
+020,+016
+020,+016
+020,+016
+020,+016
+020,+016
+020,+016
+020,+016
+020,+018
+020,+018
+018,+018
+018,+018
+018,+018
+018,+018
+018,+018
+018,+018
+018,+018
+018,+018
+018,+018
+018,+018
+018,+018
+018,+018
+018,+018
+018,+018
+018,+016
+018,+016
+018,+016
+018,+016
+018,+016
+018,+016
+018,+016
+018,+016
+018,+018
+018,+018
+018,+018
+018,+018
+018,+018
+018,+020
+018,+020
+018,+020
+018,+020
+018,+020
+018,+020
+018,+020
+018,+020
+018,+020
+018,+020
+018,+020
+018,+020
+018,+020
+018,+020
+018,+020
+018,+020
+018,+020
+018,+020
+018,+020
+018,+020
+018,+018
+018,+018
+018,+018
+018,+018
+018,+018
+018,+018
+018,+018
+018,+018
+018,+018
+018,+018
+018,+018
+018,+018
+018,+018
+018,+018
+018,+018
+018,+018
+018,+018
+018,+018
+018,+018
+018,+018
+018,+018
+018,+018
+020,+018
+020,+018
+020,+018
+020,+018
+020,+018
+020,+018
+020,+018
+020,+018
+020,+018
+018,+016
+018,+016
+018,+016
+018,+014
+018,+014
+018,+014
+018,+014
+018,+012
+018,+012
+018,+012
+018,+012
+018,+012
+018,+010
+020,+010
+020,+010
+020,+008
+020,+008
+020,+008
+020,+010
+020,+010
+020,+012
+020,+012
+020,+012
+020,+012
+020,+012
+020,+012
+020,+012
+020,+012
+020,+012
+020,+012
+020,+014
+020,+014
+020,+014
+020,+014
+020,+014
+020,+014
+020,+014
+020,+014
+020,+014
+020,+014
+020,+014
+022,+014
+022,+014
+022,+014
+022,+014
+022,+014
+022,+014
+022,+014
+022,+014
+022,+014
+022,+014
+022,+014
+022,+014
+022,+014
+022,+014
+022,+016
+022,+016
+022,+016
+022,+016
+022,+018
+022,+018
+022,+018
+022,+020
+022,+020
+022,+020
+022,+020
+022,+022
+022,+022
+022,+022
+022,+022
+022,+022
+022,+022
+022,+022
+022,+022
+022,+022
+022,+022
+022,+022
+024,+022
+024,+022
+024,+022
+024,+022
+024,+022
+024,+020
+024,+020
+024,+018
+024,+018
+024,+018
+024,+018
+024,+018
+024,+018
+024,+018
+024,+018
+024,+018
+024,+018
+024,+018
+024,+018
+024,+018
+024,+018
+024,+018
+024,+018
+024,+018
+024,+018
+024,+018
+024,+018
+024,+018
+024,+018
+022,+018
+022,+018
+022,+018
+022,+016
+022,+016
+022,+016
+022,+016
+022,+014
+022,+014
+022,+014
+022,+014
+022,+012
+020,+012
+020,+012
+020,+012
+020,+012
+020,+012
+020,+010
+020,+010
+020,+008
+020,+008
+020,+008
+020,+008
+020,+008
+020,+008
+020,+008
+020,+008
+020,+008
+020,+008
+020,+008
+018,+008
+018,+008
+018,+008
+018,+010
+018,+010
+018,+010
+018,+010
+018,+010
+018,+010
+018,+010
+018,+010
+018,+010
+018,+010
+018,+010
+018,+010
+018,+010
+018,+010
+018,+010
+018,+010
+018,+010
+018,+010
+018,+010
+018,+010
+018,+010
+018,+010
+018,+010
+018,+010
+018,+010
+018,+010
+018,+010
+018,+012
+018,+012
+018,+012
+018,+014
+018,+014
+018,+014
+018,+016
+018,+016
+018,+016
+018,+016
+018,+016
+018,+016
+018,+016
+018,+016
+018,+016
+018,+018
+018,+018
+018,+018
+020,+018
+020,+018
+020,+018
+020,+018
+020,+018
+020,+018
+020,+018
+020,+018
+020,+018
+020,+018
+020,+018
+020,+018
+020,+018
+020,+018
+020,+018
+020,+018
+020,+018
+020,+018
+020,+018
+020,+018
+020,+018
+020,+018
+020,+018
+020,+018
+020,+018
+020,+018
+020,+018
+020,+018
+020,+020
+020,+020
+020,+020
+020,+020
+020,+020
+020,+020
+020,+020
+020,+022
+020,+022
+020,+022
+020,+022
+020,+022
+020,+022
+020,+022
+020,+022
+020,+022
+020,+022
+020,+022
+020,+022
+020,+022
+020,+022
+020,+022
+020,+022
+020,+020
+020,+020
+020,+020
+020,+018
+020,+018
+020,+016
+020,+016
+020,+016
+020,+014
+020,+014
+020,+014
+020,+014
+020,+012
+020,+012
+020,+012
+022,+010
+022,+010
+022,+010
+024,+010
+024,+008
+024,+008
+024,+008
+024,+008
+024,+008
+024,+008
+024,+008
+026,+006
+026,+006
+026,+006
+026,+006
+026,+006
+026,+004
+026,+004
+026,+004
+026,+004
+026,+004
+026,+004
+026,+004
+026,+004
+026,+004
+026,+004
+026,+004
+026,+004
+026,+002
+026,+002
+026,+002
+026,+002
+026,+002
+026,+000
+026,+000
+026,+000
+026,+000
+026,+000
+026,+000
+026,+000
+026,+000
+024,+000
+024,+000
+024,+000
+024,+000
+024,+000
+022,+000
+022,+000
+022,+000
+022,+000
+022,+000
+022,+000
+022,+000
+020,+000
+020,+000
+020,+000
+020,+000
+020,+000
+018,+000
+018,+002
+018,+002
+018,+002
+018,+002
+016,+002
+016,+002
+016,+004
+016,+004
+014,+004
+014,+004
+014,+004
+014,+004
+014,+004
+012,+004
+012,+004
+012,+004
+012,+004
+012,+004
+012,+004
+012,+004
+010,+004
+010,+004
+010,+004
+010,+004
+010,+004
+010,+004
+010,+004
+010,+004
+010,+004
+010,+004
+010,+004
+010,+004
+010,+004
+010,+004
+010,+004
+010,+004
+010,+004
+010,+004
+010,+004
+010,+004
+010,+004
+010,+004
+010,+004
+010,+004
+010,+004
+010,+004
+010,+004
+010,+004
+010,+004
+010,+002
+008,+002
+008,+002
+008,+002
+008,+002
+008,+002
+006,+000
+006,+000
+006,+000
+006,+000
+006,+000
+006,+000
+006,+000
+006,+000
+006,+000
+006,+000
+006,+000
+006,+000
+006,+000
+006,+000
+006,+000
+006,+000
+006,+000
+006,+000
-005,+000
-005,+000
-005,+000
-005,+000
-005,+000
-005,+000
-005,+000
-005,+000
-005,+000
-005,+000
-005,+000
-005,+000
-005,+000
-005,+000
-005,+000
-005,+000
-005,+000
-005,+000
-005,+000
-005,+000
-005,+000
-005,+002
-005,+002
-005,+002
-005,+002
-005,+002
-005,+002
-005,+002
+007,+002
+007,+004
+007,+004
+007,+004
+007,+004
+007,+006
+007,+006
+007,+006
+009,+006
+009,+006
+009,+008
+009,+008
+009,+008
+011,+008
+011,+008
+011,+008
+011,+010
+011,+010
+013,+010
+013,+010
+013,+010
+013,+012
+013,+012
+013,+012
+013,+012
+013,+012
+013,+014
+013,+014
+013,+014
+013,+014
+015,+016
+015,+016
+015,+016
+015,+016
+015,+016
+015,+016
+015,+018
+015,+018
+015,+018
+015,+018
+015,+018
+015,+018
+015,+018
+013,+018
+013,+016
+013,+016
+013,+016
+013,+016
+013,+016
+013,+016
+013,+016
+013,+014
+013,+014
+013,+014
+011,+014
+011,+014
+011,+014
+011,+014
+011,+014
+011,+014
+011,+012
+011,+012
+009,+012
+009,+012
+009,+010
+009,+010
+009,+010
+009,+008
+009,+008
+007,+008
+007,+006
+007,+006
+007,+006
+006,+006
+006,+004
+006,+004
+006,+004
-005,+004
-005,+002
-005,+002
-005,+002
-005,+000
-004,+000
-003,+002
-003,+002
-003,+002
-002,+002
-002,+004
-001,+004
-001,+004
-000,+006
-000,+006
-000,+006
-000,+006
-000,+006
-000,+006
-000,+006
-000,+006
-000,+006
-000,+006
-000,+006
-000,+006
-000,+006
-000,+006
-000,+006
-000,+006
-000,+006
-000,+006
-000,+004
-000,+004
-003,+004
-003,+004
-003,+004
-003,+002
-003,+002
-003,+000
-003,+002
-003,+002
-003,+002
-003,+004
+006,+004
+006,+006
+006,+008
+006,+008
+006,+008
+006,+010
+006,+010
+006,+010
+006,+010
+006,+012
+008,+012
+008,+012
+008,+012
+008,+012
+010,+012
+010,+012
+010,+012
+010,+012
+010,+012
+010,+012
+010,+012
+010,+012
+010,+012
+010,+012
+012,+012
+012,+012
+012,+012
+012,+014
+012,+014
+012,+014
+012,+014
+012,+016
+012,+016
+012,+016
+014,+018
+014,+018
+014,+018
+014,+020
+014,+020
+014,+020
+014,+020
+014,+020
+016,+022
+016,+022
+016,+022
+016,+022
+016,+022
+016,+022
+016,+020
+016,+020
+016,+020
+016,+020
+016,+018
+016,+018
+016,+018
+016,+015
+016,+015
+016,+015
+016,+015
+016,+013
+016,+013
+016,+011
+014,+011
+014,+009
+014,+009
+014,+009
+014,+009
+014,+009
+014,+009
+014,+009
+014,+007
+014,+007
+012,+007
+012,+007
+012,+007
+012,+007
+012,+007
+012,+007
+012,+005
+010,+005
+010,+005
+010,+005
+010,+005
+010,+005
+010,+003
+010,+003
+008,+003
+008,+003
+008,+003
+008,+003
+008,+003
+008,+003
+008,+003
+008,+003
+008,+003
+008,+003
+008,+003
+008,+003
+008,+003
+008,+003
+008,+005
+008,+005
+008,+005
+008,+005
+008,+005
+008,+007
+006,+007
+006,+007
+006,+007
+006,+007
+006,+007
+006,+007
+006,+007
+006,+007
+006,+007
+006,+007
+006,+007
+006,+007
+006,+007
+006,+007
+006,+007
+006,+007
+006,+007
+006,+007
+006,+007
+006,+007
-005,+009
-005,+009
-005,+009
-005,+009
-005,+009
-005,+009
-005,+009
-005,+011
-005,+011
-005,+011
-005,+011
-005,+011
-005,+011
-005,+011
-004,+011
-004,+011
-004,+011
-004,+013
-004,+013
-004,+013
-004,+013
-003,+013
-003,+013
-003,+013
-003,+013
-003,+013
-003,+013
-003,+011
-003,+011
-003,+011
-003,+011
-003,+009
-003,+009
-003,+009
-003,+009
-003,+009
-003,+009
-003,+009
-003,+009
-003,+009
-003,+009
-003,+009
-003,+009
-003,+009
-003,+009
+006,+009
+006,+009
+006,+009
+006,+009
+006,+009
+006,+009
+006,+011
+006,+011
+006,+011
+006,+011
+006,+011
+006,+011
+006,+011
+006,+011
+006,+011
+006,+011
+006,+011
+006,+011
+006,+009
+006,+009
+006,+009
+006,+009
+006,+009
+006,+007
+006,+007
+006,+007
+006,+007
+006,+007
+006,+007
+006,+007
+006,+005
+006,+005
+006,+005
+006,+005
+006,+005
+006,+003
+006,+003
+006,+003
+006,+003
+006,+003
+006,+003
+006,+003
+006,+003
+006,+003
+006,+003
+006,+003
+006,+003
+006,+003
+006,+003
+006,+003
+006,+003
+006,+003
+006,+003
+006,+003
+006,+003
+006,+003
+006,+003
+006,+003
+006,+003
+006,+003
+006,+003
+006,+003
+006,+003
+006,+003
+006,+003
+006,+003
+006,+003
+006,+003
+006,+005
+006,+005
+006,+005
+006,+005
+006,+007
+006,+007
+006,+007
+006,+007
+006,+007
+006,+007
+006,+007
+006,+007
+008,+007
+008,+007
+008,+009
+008,+009
+008,+009
+008,+009
+008,+009
+008,+009
+010,+009
+010,+009
+010,+009
+010,+009
+010,+009
+010,+009
+010,+009
+010,+009
+010,+009
+010,+009
+010,+009
+010,+009
+010,+009
+010,+009
+010,+009
+010,+009
+010,+009
+010,+009
+010,+009
+010,+009
+010,+007
+010,+007
+010,+007
+010,+007
+010,+007
+010,+007
+010,+007
+010,+007
+010,+007
+010,+007
+010,+007
+010,+009
+010,+009
+010,+009
+010,+009
+010,+009
+010,+009
+010,+009
+010,+011
+010,+011
+010,+011
+010,+011
+010,+011
+010,+011
+010,+011
+010,+011
+010,+011
+010,+011
+010,+009
+010,+009
+010,+009
+010,+007
+010,+007
+010,+005
+008,+005
+008,+005
+008,+003
+008,+003
+008,+003
+008,+003
+008,+003
+008,+003
+008,+003
+008,+003
+008,+003
+008,+003
+008,+003
+008,+003
+008,+005
+008,+005
+008,+005
+008,+005
+008,+005
+008,+005
+008,+007
+008,+007
+008,+007
+008,+007
+008,+007
+008,+007
+008,+007
+006,+007
+006,+005
+006,+005
+006,+005
+006,+005
+006,+005
+006,+003
-005,+003
-005,+003
-005,+001
-005,+001
-004,+001
-004,+001
-004,+001
-004,+001
-004,+001
-004,+001
-003,+001
-003,+001
-002,+001
-002,+001
-002,+003
-002,+003
-002,+003
-001,+003
-001,+003
-001,+005
-001,+005
-001,+005
-001,+005
-001,+007
-001,+007
-001,+007
-001,+007
-000,+007
-000,+007
-000,+007
-000,+007
-000,+007
-000,+007
-001,+007
-001,+007
-001,+007
-001,+007
-002,+007
-002,+005
-002,+005
-002,+005
-002,+005
-002,+005
-002,+005
-002,+005
-002,+005
-002,+005
-002,+005
-003,+005
-003,+005
-003,+005
-003,+005
-003,+005
-003,+005
-003,+005
-003,+005
-003,+005
-003,+005
-003,+005
-003,+005
-003,+005
-003,+005
-003,+005
-003,+005
-003,+005
-003,+005
-003,+005
-003,+005
-003,+005
-003,+005
-003,+005
-003,+005
-003,+005
-003,+005
-003,+005
-003,+003
-003,+003
-003,+003
-003,+003
-003,+003
-003,+003
-003,+003
-003,+003
-003,+003
-003,+003
-003,+003
-003,+003
-003,+003
-003,+003
-003,+003
-003,+003
-003,+003
-003,+001
-003,+001
-004,+001
-004,+001
-004,+001
-004,+001
-004,+001
-004,+001
-004,+001
-004,+001
-004,+001
-004,+001
-004,+001
-004,+001
-004,+003
-004,+003
-004,+003
-004,+003
-004,+003
-004,+003
-001,+003
-001,+005
-001,+005
-001,+005
-001,+005
-001,+007
-001,+007
-002,+007
-002,+007
-002,+007
-002,+009
-002,+009
-002,+009
-002,+011
-005,+011
-005,+011
-005,+011
-005,+011
-005,+011
-005,+011
+007,+011
+007,+011
+007,+011
+009,+011
+009,+011
+009,+011
+009,+011
+009,+011
+009,+011
+009,+011
+011,+011
+011,+011
+011,+011
+011,+011
+011,+011
+011,+011
+013,+011
+013,+011
+013,+011
+013,+011
+013,+011
+013,+011
+013,+011
+013,+011
+013,+011
+013,+011
+013,+011
+015,+011
+015,+011
+015,+011
+015,+011
+015,+011
+015,+011
+015,+011
+015,+011
+015,+011
+015,+009
+015,+009
+015,+009
+015,+009
+015,+007
+015,+007
+015,+007
+015,+007
+015,+007
+013,+007
+013,+007
+013,+007
+013,+007
+013,+007
+013,+007
+013,+009
+013,+009
+013,+009
+013,+012
+013,+012
+013,+012
+013,+012
+015,+012
+015,+014
+015,+014
+015,+014
+015,+014
+015,+014
+015,+014
+015,+014
+015,+014
+015,+014
+015,+014
+015,+012
+017,+012
+017,+012
+017,+012
+017,+012
+017,+012
+017,+012
+017,+010
+017,+010
+017,+010
+017,+010
+017,+010
+017,+010
+017,+010
+019,+010
+019,+010
+019,+010
+019,+010
+019,+010
+019,+010
+019,+010
+019,+010
+019,+010
+019,+010
+019,+010
+019,+010
+019,+010
+019,+010
+019,+010
+019,+010
+019,+010
+019,+010
+019,+010
+019,+010
+019,+010
+019,+010
+019,+010
+019,+010
+019,+010
+019,+008
+019,+008
+019,+008
+019,+006
+019,+006
+019,+006
+019,+006
+019,+006
+019,+006
+019,+006
+019,+006
+019,+009
+019,+009
+019,+009
+019,+009
+019,+009
+019,+009
+019,+011
+019,+011
+019,+011
+019,+011
+019,+011
+019,+011
+019,+013
+019,+013
+019,+013
+019,+013
+019,+013
+019,+013
+019,+013
+019,+013
+019,+013
+019,+013
+019,+013
+019,+013
+019,+013
+019,+013
+019,+013
+019,+013
+019,+013
+019,+013
+019,+013
+019,+013
+019,+013
+019,+013
+019,+013
+019,+013
+019,+015
+019,+015
+019,+015
+019,+015
+019,+015
+019,+015
+019,+017
+019,+017
+019,+017
+017,+017
+017,+017
+017,+017
+017,+017
+017,+017
+015,+017
+015,+015
+015,+015
+015,+015
+015,+015
+013,+015
+013,+015
+013,+013
+013,+013
+011,+013
+011,+013
+011,+011
+009,+011
+009,+011
+009,+011
+009,+011
+009,+011
+007,+011
+007,+011
+007,+011
+007,+011
+007,+011
+007,+011
+007,+013
+007,+013
+007,+013
+007,+013
+007,+015
+007,+015
+007,+015
+007,+015
+007,+015
+007,+015
+007,+015
+007,+015
+007,+017
+006,+017
+006,+017
+006,+017
+006,+019
+006,+019
+006,+021
+006,+021
+006,+021
+006,+021
+006,+023
+006,+023
+006,+023
+006,+023
+006,+023
+006,+023
+006,+023
+006,+023
+006,+023
+006,+023
+006,+023
+006,+023
+006,+023
+006,+023
+006,+023
+006,+023
+006,+023
-005,+023
-005,+023
-005,+025
-005,+025
-005,+025
-005,+025
-004,+025
-004,+025
-004,+025
-004,+025
-004,+025
-003,+025
-003,+025
-003,+025
-002,+025
-002,+025
-002,+025
-001,+025
-001,+025
-001,+025
-001,+025
-002,+025
-002,+025
-003,+025
-003,+023
-003,+023
-000,+021
-002,+021
-002,+021
-002,+019
-002,+019
-002,+019
-002,+019
-002,+019
-002,+019
-002,+019
-002,+019
-002,+019
-002,+019
-002,+019
-002,+019
-002,+019
-002,+019
-001,+019
-001,+019
-001,+019
-001,+019
-001,+019
-001,+019
-001,+019
-001,+019
-001,+019
-001,+019
-001,+019
-001,+017
-001,+017
-001,+017
-001,+017
-001,+017
-004,+017
-004,+017
-004,+017
-004,+017
-004,+017
-004,+015
-004,+015
-004,+015
-004,+015
-004,+015
-004,+013
-004,+013
-004,+013
-004,+013
-004,+013
-004,+013
-004,+013
-004,+013
-004,+013
-004,+013
-004,+013
-004,+013
-004,+013
+006,+013
+006,+013
+006,+013
+006,+013
+006,+013
+006,+013
+006,+015
+006,+015
+006,+015
+006,+015
+006,+015
+006,+015
+006,+015
+006,+017
+006,+017
+006,+017
+006,+019
+008,+019
+008,+019
+008,+019
+008,+019
+008,+021
+008,+021
+008,+021
+008,+023
+008,+023
+008,+023
+008,+023
+008,+023
+008,+023
+008,+023
+008,+023
+008,+023
+008,+021
+008,+021
+008,+021
+008,+021
+008,+019
+010,+019
+010,+019
+010,+019
+010,+019
+010,+019
+010,+019
+010,+019
+010,+019
+012,+019
+012,+019
+012,+019
+012,+019
+014,+019
+014,+017
+014,+017
+014,+017
+016,+017
+016,+017
+016,+017
+016,+017
+016,+017
+016,+017
+016,+017
+016,+015
+016,+015
+016,+015
+016,+015
+016,+013
+016,+013
+016,+011
+016,+011
+016,+011
+016,+011
+014,+009
+014,+009
+014,+009
+014,+006
+014,+006
+014,+006
+014,+004
+014,+004
+014,+004
+014,+004
+014,+004
+014,+004
+014,+004
+014,+004
+014,+004
+014,+004
+014,+002
+014,+002
+014,+002
+014,+002
+014,+002
+014,+000
+014,+000
+014,+000
+014,+000
+014,+002
+014,+002
+014,+004
+014,+004
+014,+007
+014,+007
+014,+007
+014,+010
+014,+010
+014,+012
+014,+012
+014,+014
+014,+014
+014,+014
+014,+016
+014,+018
+014,+018
+014,+018
+014,+020
+014,+020
+014,+020
+014,+020
+014,+020
+014,+020
+014,+020
+014,+020
+014,+020
+014,+020
+014,+018
+014,+018
+014,+018
+014,+016
+014,+016
+014,+016
+014,+016
+016,+014
+016,+014
+016,+014
+016,+012
+016,+012
+018,+012
+018,+012
+018,+012
+018,+012
+018,+012
+018,+012
+018,+012
+020,+012
+020,+012
+020,+012
+020,+010
+022,+010
+022,+010
+022,+010
+022,+010
+022,+010
+022,+010
+022,+010
+022,+010
+022,+010
+022,+010
+022,+010
+022,+008
+020,+008
+020,+008
+020,+006
+018,+006
+018,+006
+018,+004
+018,+004
+016,+002
+016,+002
+016,+000
+014,+002
+014,+002
+014,+004
+014,+004
+014,+004
+014,+004
+014,+006
+014,+006
+014,+006
+014,+006
+014,+006
+014,+006
+014,+006
+014,+008
+014,+008
+014,+008
+016,+008
+016,+006
+018,+006
+018,+006
+018,+006
+018,+006
+020,+006
+020,+006
+020,+006
+020,+006
+020,+006
+020,+006
+022,+006
+022,+004
+022,+004
+022,+004
+022,+004
+022,+004
+022,+004
+022,+004
+022,+004
+022,+004
+022,+004
+022,+004
+022,+004
+022,+004
+022,+004
+022,+004
+022,+002
+022,+002
+022,+002
+022,+002
+022,+002
+022,+000
+022,+000
+022,+000
+022,+000
+022,+000
+024,+000
+024,+002
+024,+002
+026,+002
+026,+002
+028,+002
+028,+002
+030,+002
+030,+002
+032,+002
+034,+002
+034,+002
+036,+002
+036,+002
+039,+002
+039,+002
+039,+002
+041,+002
+041,+002
+041,+004
+043,+004
+043,+004
+043,+004
+045,+004
+045,+004
+045,+004
+045,+004
+045,+004
+045,+004
+045,+006
+045,+006
+045,+008
+045,+008
+047,+008
+047,+008
+047,+010
+047,+010
+047,+012
+047,+012
+047,+012
+049,+014
+049,+014
+049,+014
+049,+016
+049,+016
+049,+016
+049,+016
+049,+018
+049,+018
+049,+018
+049,+018
+049,+018
+049,+018
+049,+018
+049,+018
+047,+018
+047,+018
+047,+018
+047,+018
+047,+018
+045,+018
+045,+020
+045,+020
+045,+020
+045,+020
+045,+020
+045,+020
+045,+020
+043,+020
+043,+018
+043,+018
+043,+018
+043,+018
+043,+018
+043,+018
+043,+016
+043,+016
+043,+016
+043,+016
+043,+016
+043,+016
+043,+016
+043,+016
+043,+016
+043,+014
+043,+014
+043,+014
+043,+012
+043,+012
+043,+012
+043,+010
+043,+010
+043,+010
+043,+010
+045,+008
+045,+008
+045,+008
+045,+008
+045,+008
+045,+008
+045,+008
+045,+008
+045,+008
+045,+008
+045,+008
+045,+008
+045,+008
+045,+008
+045,+008
+045,+008
+045,+008
+045,+008
+045,+008
+045,+008
+045,+008
+045,+006
+045,+006
+045,+006
+045,+006
+045,+006
+045,+006
+045,+006
+045,+006
+045,+006
+045,+006
+045,+006
+045,+006
+045,+006
+045,+006
+045,+006
+045,+006
+045,+008
+045,+008
+045,+008
+045,+008
+045,+008
+045,+008
+045,+010
+045,+010
+045,+010
+045,+010
+045,+010
+045,+012
+045,+012
+045,+012
+045,+012
+045,+014
+045,+014
+045,+014
+043,+014
+043,+014
+043,+014
+043,+014
+043,+014
+043,+014
+041,+014
+041,+014
+041,+014
+039,+016
+039,+016
+039,+018
+039,+018
+037,+018
+037,+020
+037,+020
+035,+020
+035,+022
+035,+022
+035,+022
+033,+024
+033,+024
+033,+024
+031,+024
+031,+024
+031,+026
+031,+026
+031,+026
+029,+026
+029,+026
+027,+026
+027,+024
+027,+024
+027,+024
+027,+024
+027,+024
+027,+022
+025,+022
+025,+022
+025,+022
+025,+022
+025,+022
+025,+022
+025,+022
+025,+020
+025,+020
+025,+020
+025,+020
+025,+020
+025,+020
+025,+020
+025,+020
+025,+020
+025,+020
+023,+020
+023,+020
+023,+020
+023,+020
+023,+020
+023,+020
+023,+020
+021,+020
+021,+020
+021,+020
+021,+020
+021,+020
+021,+020
+021,+020
+019,+020
+019,+020
+019,+020
+019,+022
+019,+022
+019,+022
+019,+022
+019,+024
+019,+024
+019,+024
+019,+026
+019,+026
+019,+026
+019,+026
+019,+026
+019,+026
+021,+026
+021,+023
+021,+023
+021,+020
+021,+020
+021,+018
+021,+016
+021,+016
+021,+014
+021,+012
+023,+012
+023,+012
+023,+010
+023,+008
+025,+008
+025,+008
+025,+005
+027,+005
+027,+005
+027,+005
+027,+005
+029,+003
+029,+003
+029,+003
+029,+003
COP Area(S): 000995
COP Area(R): 001568