+000,+000
+000,+000
+000,+000
+000,+000
+000,+000
+000,+000
+000,+000
+000,+000
+000,+000
+000,+000
+000,+000
+000,+000
+000,+000
+000,+000
+000,+000
+000,+000
+000,+000
+000,+000
+000,+000
+000,+000
+000,+000
+000,+000
+000,+000
+000,+000
+000,+000
+000,+000
+000,+000
+000,+000
+000,+000
+000,+000
+000,+000
+000,+000
+000,+000
+000,+000
+000,+000
+000,+000
+000,+000
+000,+000
+000,+000
+000,+000
+000,+000
+000,+000
+000,+000
+000,+000
+000,+000
+000,+000
+002,+000
+002,+002
+002,+002
+002,+002
+002,+002
+002,+002
+002,+002
+002,+002
+002,+002
+002,+002
+002,+002
+002,+002
+002,+002
+002,+004
+002,+004
+002,+004
+002,+004
+002,+004
+002,+004
+002,+004
+002,+004
+002,+004
+002,+004
+002,+004
+002,+004
+002,+004
+002,+004
+002,+004
+002,+004
+004,+006
+004,+006
+004,+006
+004,+006
+004,+006
+004,+006
+004,+006
+004,+006
+004,+006
+004,+006
+004,+006
+004,+006
+004,+006
+004,+006
+004,+006
+004,+006
+004,+006
+004,+006
+004,+006
+004,+008
+004,+008
+004,+008
+004,+008
+004,+008
+004,+008
+004,+008
+004,+008
+004,+008
+004,+008
+004,+008
+004,+008
+004,+008
+004,+008
+004,+008
+004,+008
+004,+008
+004,+008
+004,+008
+004,+008
+002,+010
+002,+010
+002,+010
+002,+010
+002,+010
+002,+010
+002,+010
+002,+010
+002,+010
+002,+010
+002,+012
+002,+012
+002,+012
+000,+012
+000,+012
+000,+012
+000,+012
+000,+012
+000,+012
+000,+012
+000,+014
+000,+014
+000,+014
+000,+014
+000,+014
+000,+014
+000,+014
+000,+014
+000,+014
+000,+016
+000,+016
+000,+016
+002,+016
+002,+016
+002,+016
+002,+016
+002,+018
+002,+018
+002,+018
+002,+018
+002,+018
+002,+018
+002,+018
+002,+018
+002,+018
+002,+018
+002,+018
+002,+018
+002,+018
+002,+018
+002,+018
+002,+018
+002,+018
+002,+018
+002,+018
+004,+018
+004,+018
+004,+018
+004,+018
+004,+020
+004,+020
+004,+020
+004,+020
+004,+020
+004,+020
+004,+020
+004,+020
+004,+020
+004,+020
+004,+020
+004,+020
+004,+020
+004,+020
+004,+020
+004,+020
+004,+020
+004,+020
+004,+020
+004,+020
+004,+020
+004,+020
+004,+020
+004,+020
+004,+020
+004,+020
+004,+020
+004,+020
+004,+020
+004,+020
+004,+020
+004,+020
+004,+020
+004,+020
+004,+020
+004,+020
+004,+020
+004,+020
+004,+020
+004,+020
+004,+020
+004,+020
+002,+020
+002,+020
+002,+020
+002,+020
+002,+020
+002,+020
+002,+020
+002,+020
+002,+020
+002,+020
+002,+020
+002,+020
+002,+020
+002,+020
+002,+020
+002,+020
+000,+020
+000,+020
+000,+020
+000,+020
+000,+020
+000,+020
+000,+020
+000,+020
+000,+020
+000,+020
+000,+020
+000,+018
+000,+018
+000,+018
+000,+018
+000,+018
+000,+018
+000,+018
+000,+018
+002,+018
+002,+018
+002,+018
+002,+018
+002,+018
+002,+018
+002,+018
+002,+018
+002,+018
+002,+018
+002,+018
+002,+018
+002,+018
+002,+016
+002,+016
+002,+016
+002,+016
+002,+016
+002,+016
+002,+016
+002,+016
+002,+016
+002,+016
+002,+016
+002,+016
+002,+016
+002,+016
+002,+016
+002,+016
+002,+014
+002,+014
+002,+014
+002,+014
+002,+014
+002,+014
+002,+014
+002,+014
+002,+014
+002,+014
+002,+014
+000,+014
+000,+014
+000,+014
+000,+014
+000,+014
+000,+014
+000,+014
+000,+014
+000,+012
+000,+012
+000,+012
+000,+012
+000,+012
+000,+012
+002,+012
+002,+012
+002,+012
+002,+012
+002,+012
+002,+012
+002,+012
+002,+012
+004,+012
+004,+012
+004,+012
+004,+012
+004,+012
+004,+012
+004,+012
+004,+012
+006,+012
+006,+012
+006,+012
+006,+012
+006,+012
+006,+012
+008,+012
+008,+012
+008,+012
+008,+012
+008,+012
+008,+012
+008,+012
+008,+012
+008,+012
+008,+012
+008,+012
+008,+012
+008,+012
+010,+012
+010,+012
+010,+012
+010,+012
+010,+012
+010,+012
+010,+012
+010,+012
+010,+012
+010,+012
+010,+012
+010,+012
+010,+012
+010,+012
+010,+012
+010,+012
+010,+012
+012,+012
+012,+012
+012,+012
+012,+012
+012,+012
+012,+012
+012,+012
+012,+012
+012,+012
+012,+012
+012,+012
+012,+012
+012,+012
+012,+012
+012,+012
+012,+012
+012,+012
+012,+012
+012,+012
+012,+012
+012,+012
+012,+012
+012,+012
+012,+012
+012,+012
+012,+012
+012,+012
+012,+012
+012,+012
+012,+012
+012,+012
+012,+012
+012,+012
+012,+010
+012,+010
+012,+010
+012,+010
+012,+010
+012,+010
+012,+010
+012,+010
+012,+008
+010,+008
+010,+008
+010,+008
+010,+008
+010,+008
+010,+008
+010,+008
+010,+008
+010,+008
+010,+008
+010,+008
+010,+008
+010,+008
+010,+008
+010,+006
+010,+006
+010,+006
+010,+006
+010,+006
+010,+006
+010,+006
+010,+004
+010,+004
+010,+004
+010,+004
+012,+004
+012,+004
+012,+004
+012,+004
+012,+004
+012,+004
+012,+004
+012,+004
+012,+004
+012,+004
+012,+004
+012,+004
+012,+004
+012,+002
+012,+002
+012,+002
+012,+002
+012,+002
+012,+002
+012,+002
+012,+002
+012,+002
+012,+002
+012,+002
+012,+002
+012,+002
+012,+002
+012,+002
+012,+002
+012,+002
+012,+002
+012,+002
+012,+002
+012,+002
+012,+002
+012,+002
+012,+002
+012,+002
+012,+002
+012,+002
+012,+002
+012,+002
+012,+002
+012,+002
+012,+002
+012,+002
+012,+002
+012,+002
+012,+002
+012,+002
+012,+002
+012,+004
+012,+004
+012,+004
+012,+004
+012,+004
+012,+004
+012,+004
+012,+004
+012,+004
+012,+004
+012,+004
+012,+004
+012,+004
+012,+004
+012,+004
+012,+004
+012,+004
+012,+004
+012,+004
+012,+004
+012,+004
+012,+004
+012,+004
+012,+004
+012,+004
+012,+004
+012,+004
+012,+004
+012,+004
+012,+004
+012,+004
+012,+004
+012,+006
+012,+006
+012,+006
+012,+006
+012,+006
+012,+006
+012,+006
+012,+006
+012,+006
+012,+006
+012,+006
+012,+006
+012,+006
+012,+006
+012,+006
+012,+006
+012,+006
+012,+006
+012,+006
+012,+006
+012,+006
+012,+006
+012,+006
+012,+006
+012,+006
+012,+006
+012,+006
+012,+006
+012,+006
+012,+006
+012,+006
+012,+006
+012,+006
+012,+006
+012,+006
+012,+006
+012,+006
+012,+006
+012,+006
+012,+006
+012,+006
+012,+006
+012,+006
+012,+006
+012,+006
+012,+006
+012,+006
+012,+006
+012,+006
+012,+006
+012,+006
+012,+006
+012,+006
+012,+006
+012,+006
+012,+006
+012,+006
+012,+006
+012,+006
+012,+006
+012,+006
+012,+006
+012,+006
+012,+006
+012,+004
+012,+004
+012,+004
+012,+004
+012,+004
+012,+004
+012,+004
+012,+004
+012,+004
+012,+004
+012,+004
+012,+004
+012,+004
+012,+004
+012,+004
+012,+004
+012,+004
+012,+004
+012,+004
+012,+004
+012,+004
+012,+004
+012,+004
+012,+004
+012,+004
+012,+004
+012,+004
+012,+004
+012,+004
+012,+004
+012,+004
+012,+004
+012,+004
+012,+004
+012,+004
+012,+004
+012,+004
+012,+004
+012,+004
+012,+004
+012,+004
+012,+004
+012,+004
+012,+004
+012,+004
+012,+004
+012,+004
+012,+004
+012,+004
+012,+004
+012,+004
+012,+004
+012,+004
+012,+004
+012,+004
+012,+004
+012,+004
+012,+004
+012,+004
+012,+004
+012,+004
+012,+004
+012,+004
+012,+004
+012,+004
+012,+004
+012,+004
+012,+004
+012,+004
+012,+004
+012,+004
+012,+004
+012,+004
+012,+004
+012,+004
+012,+004
+012,+004
+012,+004
+012,+006
+010,+006
+010,+006
+010,+006
+010,+006
+010,+006
+010,+006
+010,+006
+008,+006
+008,+008
+008,+008
+008,+008
+008,+008
+008,+008
+008,+008
+008,+008
+008,+008
+008,+008
+008,+008
+008,+008
+008,+008
+008,+008
+008,+008
+008,+008
+008,+008
+008,+008
+008,+008
+008,+008
+008,+008
+008,+008
+008,+008
+008,+008
+008,+008
+008,+008
+008,+008
+008,+008
+008,+008
+006,+008
+006,+008
+006,+008
+006,+008
+006,+008
+006,+008
+006,+008
+006,+008
+006,+008
+006,+008
+006,+008
+006,+008
+006,+008
+006,+008
+006,+008
+006,+008
+006,+008
+006,+008
+006,+008
+006,+006
+006,+006
+006,+006
+006,+006
+006,+006
+006,+006
+006,+006
+006,+006
+006,+006
+006,+006
+006,+006
+006,+006
+006,+006
+006,+006
+006,+006
+006,+006
+006,+006
+006,+006
+006,+006
+006,+006
+006,+006
+004,+006
+004,+006
+004,+006
+004,+006
+004,+006
+004,+006
+004,+006
+004,+006
+004,+006
+004,+006
+004,+006
+004,+006
+004,+006
+004,+006
+004,+006
+004,+006
+004,+006
+004,+006
+004,+006
+004,+006
+004,+006
+004,+006
+004,+006
+004,+006
+004,+006
+004,+006
+004,+006
+004,+006
+004,+006
+004,+006
+004,+006
+004,+006
+004,+006
+004,+006
+004,+006
+004,+006
+004,+006
+004,+006
+004,+006
+004,+006
+006,+006
+006,+006
+006,+006
+006,+006
+006,+006
+006,+006
+006,+006
+006,+006
+006,+006
+006,+006
+006,+006
+006,+006
+006,+006
+006,+006
+006,+006
+006,+006
+006,+006
+006,+006
+006,+008
+006,+008
+006,+008
+006,+008
+006,+008
+006,+008
+006,+008
+006,+008
+006,+008
+006,+008
+006,+008
+006,+008
+006,+008
+006,+008
+006,+008
+006,+008
+006,+008
+006,+008
+006,+008
+006,+008
+006,+008
+006,+008
+006,+008
+006,+008
+006,+008
+006,+008
+006,+008
+006,+008
+006,+008
+006,+008
+006,+008
+006,+008
+006,+008
+006,+008
+006,+008
+006,+008
+006,+008
+006,+008
+006,+008
+006,+008
+006,+008
+006,+008
+006,+008
+006,+008
+006,+008
+006,+008
+006,+008
+006,+008
+006,+008
+006,+008
+006,+008
+006,+008
+006,+008
+006,+008
+006,+008
+006,+008
+006,+008
+006,+008
+006,+008
+006,+008
+006,+008
+006,+008
+006,+008
+006,+008
+006,+008
+006,+010
+006,+010
+006,+010
+006,+010
+006,+010
+006,+010
+006,+010
+006,+010
+006,+010
+006,+010
+006,+010
+006,+010
+006,+010
+006,+010
+006,+010
+006,+010
+006,+010
+006,+010
+006,+010
+006,+010
+006,+010
+006,+010
+006,+010
+006,+010
+006,+010
+006,+010
+006,+010
+006,+010
+006,+010
+006,+010
+006,+010
+006,+010
+006,+010
+006,+010
+006,+010
+006,+010
+006,+010
+006,+010
+006,+010
+006,+010
+006,+010
+006,+010
+006,+010
+006,+010
+006,+010
+006,+010
+006,+010
+006,+010
+006,+010
+006,+010
+006,+010
+006,+010
+006,+010
+006,+010
+006,+010
+006,+010
+006,+010
+006,+010
+006,+010
+006,+010
+006,+010
+006,+010
+006,+010
+006,+010
+006,+010
+006,+010
+006,+010
+006,+010
+006,+010
+006,+010
+006,+010
+006,+010
+006,+010
+006,+010
+006,+010
+006,+010
+008,+010
+008,+010
+008,+010
+008,+010
+008,+010
+008,+010
+008,+012
+008,+012
+008,+012
+008,+012
+008,+012
+008,+012
+008,+012
+008,+012
+008,+012
+008,+012
+010,+012
+010,+012
+010,+012
+010,+012
+010,+012
+010,+012
+010,+012
+010,+012
+010,+012
+010,+012
+010,+012
+010,+012
+010,+012
+010,+012
+010,+012
+010,+012
+010,+012
+010,+012
+010,+012
+010,+012
+012,+012
+012,+012
+012,+012
+012,+012
+012,+012
+012,+012
+012,+012
+012,+012
+012,+012
+012,+012
+012,+012
+012,+012
+012,+012
+012,+012
+012,+014
+012,+014
+012,+014
+012,+014
+012,+014
+012,+014
+012,+014
+012,+014
+012,+014
+014,+014
+014,+014
+014,+014
+014,+014
+014,+014
+014,+014
+014,+014
+014,+014
+014,+014
+014,+014
+014,+014
+014,+014
+016,+012
+016,+012
+016,+012
+016,+012
+016,+012
+016,+012
+016,+012
+018,+010
+018,+010
+018,+010
+018,+010
+018,+010
+018,+010
+018,+010
+018,+010
+018,+010
+018,+010
+018,+010
+018,+010
+018,+010
+018,+010
+018,+010
+018,+010
+018,+010
+018,+010
+018,+012
+018,+012
+018,+012
+018,+012
+018,+012
+018,+012
+018,+012
+018,+012
+018,+012
+018,+012
+018,+012
+018,+012
+018,+012
+018,+012
+018,+012
+018,+012
+018,+012
+018,+012
+018,+012
+018,+012
+018,+012
+018,+012
+018,+012
+018,+012
+018,+012
+018,+012
+018,+012
+018,+012
+018,+012
+016,+014
+016,+014
+016,+014
+016,+014
+016,+014
+016,+014
+016,+014
+016,+014
+016,+014
+016,+014
+016,+014
+016,+014
+016,+014
+016,+014
+016,+014
+016,+014
+016,+014
+016,+014
+016,+014
+016,+014
+016,+014
+016,+014
+016,+014
+016,+014
+016,+014
+016,+016
+014,+016
+014,+016
+014,+016
+014,+016
+014,+016
+014,+016
+014,+016
+014,+016
+014,+016
+014,+016
+014,+016
+014,+016
+014,+016
+014,+016
+014,+016
+014,+016
+014,+016
+014,+016
+014,+016
+014,+016
+014,+014
+014,+014
+014,+014
+014,+014
+014,+014
+014,+014
+014,+014
+014,+014
+014,+014
+014,+014
+014,+014
+014,+014
+014,+014
+014,+014
+014,+014
+014,+014
+014,+014
+014,+014
+014,+014
+014,+014
+014,+014
+014,+014
+014,+014
+014,+014
+014,+014
+014,+014
+014,+014
+014,+014
+014,+014
+014,+014
+014,+014
+014,+014
+014,+014
+014,+014
+014,+014
+014,+014
+014,+014
+014,+014
+014,+014
+014,+014
+014,+014
+014,+014
+014,+014
+012,+014
+012,+014
+012,+014
+012,+014
+012,+014
+012,+014
+012,+014
+012,+014
+012,+014
+012,+014
+012,+014
+012,+014
+012,+014
+012,+014
+012,+014
+012,+014
+012,+016
+012,+016
+012,+016
+012,+016
+012,+016
+012,+016
+012,+016
+012,+016
+012,+016
+012,+016
+012,+016
+012,+016
+012,+016
+012,+016
+012,+016
+012,+016
+012,+016
+012,+016
+012,+016
+012,+016
+012,+016
+012,+016
+012,+016
+012,+016
+012,+016
+012,+016
+012,+016
+012,+016
+012,+016
+012,+016
+012,+016
+012,+016
+012,+016
+012,+016
+012,+016
+012,+016
+012,+016
+012,+016
+012,+016
+012,+016
+012,+016
+012,+016
+012,+016
+012,+016
+012,+016
+012,+016
+012,+016
+012,+016
+012,+016
+012,+016
+012,+016
+012,+016
+012,+016
+012,+016
+012,+016
+012,+016
+012,+016
+012,+016
+012,+016
+012,+016
+012,+016
+012,+016
+012,+016
+012,+016
+012,+016
+012,+016
+012,+016
+012,+016
+012,+016
+012,+016
+012,+016
+012,+016
+012,+018
+012,+018
+012,+018
+012,+018
+012,+018
+012,+018
+012,+018
+012,+018
+012,+018
+012,+018
+012,+018
+012,+018
+012,+018
+012,+018
+012,+018
+012,+018
+012,+018
+012,+018
+012,+018
+012,+018
+012,+018
+012,+018
+012,+018
+012,+018
+012,+018
+012,+018
+012,+018
+012,+018
+012,+018
+012,+018
+012,+018
+012,+018
+012,+018
+012,+018
+012,+018
+012,+018
+012,+018
+012,+018
+012,+018
+012,+018
+012,+018
+012,+018
+012,+018
+012,+018
+012,+018
+012,+018
+012,+018
+012,+018
+012,+018
+012,+018
+012,+018
+012,+018
+012,+018
+012,+018
+012,+020
+012,+020
+012,+020
+012,+020
+012,+020
+012,+020
+012,+020
+012,+020
+012,+020
+012,+020
+014,+020
+014,+020
+014,+020
+014,+020
+014,+020
+014,+020
+014,+020
+014,+020
+014,+020
+014,+020
+014,+020
+014,+020
+014,+020
+014,+020
+014,+020
+014,+020
+014,+020
+014,+020
+014,+020
+014,+020
+014,+020
+014,+020
+014,+020
+014,+020
+014,+020
+014,+020
+014,+020
+014,+020
+014,+020
+014,+020
+014,+020
+014,+020
+014,+020
+014,+020
+014,+020
+014,+020
+014,+020
+014,+020
+014,+020
+014,+020
+014,+020
+014,+020
+014,+020
+014,+020
+014,+020
+014,+020
+014,+018
+014,+018
+014,+018
+014,+018
+014,+018
+014,+018
+014,+018
+014,+018
+014,+018
+014,+018
+014,+018
+014,+018
+014,+018
+014,+018
+014,+018
+014,+018
+014,+018
+014,+018
+014,+018
+014,+018
+014,+018
+014,+018
+014,+018
+014,+018
+014,+018
+014,+018
+014,+018
+014,+018
+014,+018
+014,+018
+014,+018
+014,+018
+014,+018
+014,+018
+014,+018
+014,+018
+014,+018
+014,+018
+014,+018
+014,+018
+014,+018
+014,+018
+014,+018
+014,+018
+014,+018
+014,+018
+014,+018
+014,+018
+014,+018
+014,+018
+014,+018
+014,+018
+014,+018
+014,+018
+014,+018
+014,+018
+012,+018
+012,+018
+012,+018
+012,+018
+012,+018
+012,+018
+012,+018
+012,+018
+012,+018
+012,+018
+012,+018
+012,+018
+012,+018
+012,+018
+012,+018
+012,+018
+012,+018
+012,+018
+012,+018
+012,+018
+012,+018
+012,+018
+012,+018
+010,+018
+010,+018
+010,+018
+010,+018
+010,+018
+010,+018
+010,+018
+010,+018
+010,+018
+010,+018
+010,+018
+010,+018
+010,+018
+010,+018
+010,+018
+010,+018
+010,+016
+010,+016
+010,+016
+010,+016
+010,+016
+010,+016
+010,+016
+010,+016
+010,+016
+010,+016
+010,+016
+010,+016
+010,+016
+010,+016
+010,+016
+010,+016
+010,+016
+010,+016
+010,+016
+010,+016
+010,+016
+010,+016
+010,+016
+010,+016
+010,+016
+010,+016
+010,+016
+010,+016
+010,+016
+010,+016
+010,+016
+010,+016
+010,+016
+010,+016
+010,+016
+010,+016
+010,+016
+010,+016
+010,+016
+010,+016
+010,+016
+010,+014
+010,+014
+010,+014
+010,+014
+010,+014
+010,+014
+010,+014
+010,+014
+010,+014
+010,+014
+010,+014
+010,+014
+010,+014
+010,+014
+010,+014
+010,+014
+010,+014
+010,+014
+010,+014
+010,+014
+010,+014
+010,+014
+010,+014
+010,+014
+010,+014
+010,+014
+010,+014
+010,+014
+010,+014
+010,+014
+010,+014
+010,+014
+010,+014
+010,+014
+010,+014
+010,+014
+010,+014
+010,+014
+010,+014
+010,+014
+010,+014
+010,+014
+010,+014
+010,+014
+010,+014
+010,+014
+010,+014
+010,+014
+010,+014
+010,+014
+010,+014
+010,+014
+010,+014
+010,+014
+010,+014
+010,+014
+010,+014
+010,+014
+010,+014
+010,+014
+010,+014
+010,+014
+010,+014
+010,+014
+010,+014
+010,+014
+010,+014
+010,+014
+010,+014
+010,+014
+010,+014
+010,+014
+010,+014
+010,+014
+010,+014
+010,+014
+010,+014
+010,+014
+012,+014
+012,+014
+012,+014
+012,+014
+012,+014
+012,+014
+012,+014
+012,+014
+012,+014
+012,+014
+012,+014
+012,+014
+012,+014
+012,+014
+012,+014
+012,+014
+012,+014
+012,+014
+012,+014
+012,+014
+012,+014
+012,+014
+012,+014
+012,+014
+012,+014
+012,+014
+012,+014
+012,+014
+012,+014
+012,+014
+012,+014
+012,+014
+012,+014
+012,+014
+012,+014
+012,+014
+012,+014
+012,+014
+012,+014
+012,+014
+012,+014
+012,+014
+012,+014
+012,+014
+012,+014
+012,+014
+012,+014
+012,+014
+012,+014
+012,+014
+012,+014
+012,+014
+012,+014
+012,+014
+012,+014
+012,+014
+012,+014
+012,+014
+012,+014
+012,+014
+012,+014
+012,+014
+012,+014
+012,+014
+012,+014
+012,+014
+012,+014
+012,+014
+012,+014
+012,+014
+012,+012
+012,+012
+012,+012
+012,+012
+012,+012
+012,+012
+012,+012
+012,+012
+012,+012
+012,+012
+012,+012
+012,+012
+012,+012
+012,+012
+012,+012
+012,+012
+012,+012
+012,+012
+012,+012
+012,+012
+012,+012
+012,+012
+012,+012
+012,+012
+012,+012
+012,+012
+012,+012
+012,+012
+012,+012
+012,+012
+012,+012
+012,+012
+012,+012
+012,+012
+012,+012
+012,+012
+012,+012
+012,+014
+012,+014
+012,+014
+012,+014
+012,+014
+012,+014
+012,+014
+012,+014
+012,+014
+012,+014
+012,+014
+012,+014
+012,+014
+014,+014
+014,+014
+014,+014
+014,+014
+014,+014
+014,+014
+014,+014
+014,+014
+014,+014
+014,+014
+014,+014
+014,+014
+014,+014
+014,+014
+014,+014
+014,+014
+014,+014
+014,+014
+014,+014
+014,+014
+014,+014
+014,+014
+014,+014
+014,+014
+014,+014
+014,+014
+014,+014
+014,+014
+014,+014
+014,+014
+014,+014
+014,+014
+014,+014
+014,+014
+014,+016
+014,+016
+014,+016
+014,+016
+014,+016
+014,+016
+014,+016
+014,+016
+014,+016
+014,+016
+014,+016
+014,+016
+014,+016
+014,+016
+014,+016
+014,+016
+014,+016
+014,+016
+014,+016
+014,+016
+014,+016
+014,+016
+014,+016
+014,+016
+014,+016
+014,+016
+014,+016
+014,+016
+014,+016
+014,+016
+016,+016
+016,+016
+016,+016
+016,+016
+016,+016
+016,+016
+016,+016
+016,+016
+016,+016
+016,+016
+016,+016
+016,+016
+016,+016
+016,+016
+016,+016
+016,+016
+016,+016
+016,+016
+016,+016
+016,+016
+016,+016
+016,+016
+016,+016
+016,+018
+016,+018
+016,+018
+016,+018
+016,+018
+016,+018
+016,+018
+016,+018
+016,+018
+016,+018
+016,+018
+016,+018
+016,+018
+016,+018
+016,+018
+016,+018
+016,+018
+016,+018
+016,+018
+016,+018
+016,+018
+016,+018
+016,+018
+016,+018
+016,+018
+016,+018
+016,+018
+016,+018
+016,+018
+016,+018
+016,+018
+016,+018
+016,+018
+016,+018
+016,+018
+016,+018
+018,+018
+018,+018
+018,+018
+018,+018
+018,+018
+018,+018
+018,+018
+018,+018
+018,+018
+018,+018
+018,+018
+018,+018
+018,+018
+018,+018
+018,+018
+018,+018
+018,+018
+018,+018
+018,+018
+018,+018
+018,+018
+018,+018
+018,+018
+018,+018
+018,+018
+018,+018
+018,+018
+018,+018
+018,+018
+018,+018
+018,+018
+018,+018
+018,+018
+018,+018
+018,+018
+018,+018
+018,+018
+018,+018
+018,+018
+018,+020
+018,+020
+018,+020
+018,+020
+018,+020
+018,+020
+018,+020
+018,+020
+020,+020
+020,+020
+020,+020
+020,+020
+020,+020
+020,+018
+020,+018
+020,+018
+020,+018
+020,+018
+020,+018
+020,+018
+020,+018
+020,+018
+020,+018
+020,+018
+020,+018
+020,+018
+020,+018
+020,+018
+020,+018
+020,+018
+020,+018
+020,+018
+020,+018
+020,+018
+020,+018
+020,+018
+020,+018
+020,+018
+020,+018
+020,+018
+020,+018
+020,+018
+020,+018
+020,+018
+020,+018
+020,+018
+020,+018
+020,+018
+020,+018
+020,+018
+020,+018
+020,+018
+020,+018
+018,+018
+018,+018
+018,+018
+018,+018
+018,+018
+018,+018
+018,+018
+018,+018
+018,+018
+018,+018
+018,+018
+018,+018
+018,+018
+018,+018
+018,+018
+018,+018
+018,+018
+018,+018
+018,+018
+018,+018
+018,+018
+018,+018
+018,+018
+018,+018
+018,+018
+018,+018
+018,+018
+018,+018
+018,+018
+018,+018
+018,+018
+018,+018
+018,+018
+018,+018
+018,+018
+018,+018
+018,+018
+018,+018
+018,+018
+018,+018
+018,+018
+018,+018
+018,+018
+018,+018
+018,+018
+018,+018
+018,+018
+018,+018
+018,+018
+018,+018
+018,+018
+018,+018
+018,+018
+018,+018
+018,+018
+018,+018
+018,+018
+018,+018
+018,+018
+018,+018
+018,+018
+018,+018
+018,+018
+018,+018
+018,+018
+018,+018
+018,+018
+018,+018
+018,+018
+018,+018
+018,+018
+018,+018
+018,+018
+018,+018
+018,+018
+018,+018
+018,+018
+018,+018
+018,+018
+018,+018
+018,+018
+018,+018
+018,+018
+018,+018
+016,+018
+016,+018
+016,+018
+016,+018
+016,+018
+016,+018
+016,+018
+016,+018
+016,+018
+016,+018
+016,+018
+016,+018
+016,+018
+016,+018
+016,+018
+016,+018
+016,+018
+016,+018
+016,+018
+016,+018
+016,+018
+016,+018
+016,+018
+016,+018
+016,+018
+016,+018
+016,+018
+014,+018
+014,+018
+014,+018
+014,+018
+014,+018
+014,+018
+014,+018
+014,+018
+014,+018
+014,+018
+014,+018
+014,+018
+014,+018
+014,+018
+014,+018
+014,+018
+014,+018
+014,+018
+014,+018
+014,+018
+014,+018
+012,+018
+012,+018
+012,+018
+012,+018
+012,+018
+012,+018
+012,+018
+012,+018
+012,+018
+012,+018
+012,+018
+012,+018
+012,+018
+012,+018
+012,+018
+012,+018
+012,+018
+012,+018
+012,+018
+012,+018
+012,+018
+012,+018
+012,+018
+012,+018
+012,+018
+012,+018
+012,+018
+012,+018
+010,+018
+010,+018
+010,+018
+010,+018
+010,+018
+010,+018
+010,+018
+010,+016
+010,+016
+010,+016
+010,+016
+010,+016
+010,+016
+010,+016
+010,+016
+010,+016
+010,+016
+010,+016
+010,+016
+010,+016
+010,+016
+010,+016
+010,+016
+010,+016
+010,+016
+010,+016
+010,+016
+010,+016
+010,+016
+010,+016
+010,+016
+010,+016
+010,+016
+010,+016
+010,+016
+010,+016
+010,+014
+010,+014
+010,+014
+010,+014
+010,+014
+010,+014
+010,+014
+010,+014
+010,+014
+010,+014
+010,+014
+010,+014
+010,+014
+010,+014
+010,+014
+010,+014
+010,+014
+010,+014
+010,+012
+010,+012
+010,+012
+008,+012
+008,+012
+008,+012
+008,+012
+008,+012
+008,+012
+008,+012
+008,+012
+008,+012
+008,+012
+008,+012
+008,+012
+008,+012
+008,+012
+008,+012
+008,+012
+008,+012
+008,+012
+008,+012
+008,+012
+008,+012
+008,+012
+008,+012
+008,+012
+008,+012
+008,+012
+008,+012
+008,+010
+008,+010
+008,+010
+008,+010
+008,+010
+008,+010
+008,+010
+008,+010
+008,+010
+008,+010
+008,+010
+008,+010
+008,+010
+008,+010
+008,+010
+008,+010
+008,+010
+008,+010
+008,+010
+008,+010
+008,+010
+008,+010
+008,+010
+008,+010
+008,+008
+008,+008
+008,+008
+008,+008
+008,+008
+008,+008
+008,+008
+008,+008
+008,+008
+008,+008
+008,+008
+008,+008
+008,+008
+008,+008
+008,+008
+008,+008
+008,+008
+008,+008
+008,+008
+008,+008
+008,+008
+008,+008
+008,+008
+008,+008
+008,+008
+008,+008
+008,+008
+008,+008
+008,+008
+008,+008
+008,+008
+008,+008
+008,+008
+008,+008
+008,+008
+008,+008
+008,+008
+008,+008
+008,+008
+008,+008
+008,+008
+008,+008
+008,+008
+008,+008
+008,+008
+008,+008
+008,+008
+008,+008
+008,+008
+008,+008
+008,+008
+008,+008
+008,+008
+008,+008
+008,+008
+008,+008
+008,+008
+008,+008
+008,+008
+008,+008
+008,+008
+008,+008
+010,+008
+010,+008
+010,+008
+010,+008
+010,+008
+010,+008
+010,+008
+010,+008
+010,+008
+010,+008
+010,+008
+010,+008
+010,+008
+010,+008
+010,+008
+010,+008
+010,+008
+010,+008
+010,+008
+010,+008
+010,+008
+010,+008
+010,+008
+010,+008
+010,+008
+010,+008
+010,+008
+010,+008
+010,+008
+010,+008
+010,+008
+010,+008
+010,+008
+010,+008
+010,+008
+010,+008
+010,+008
+010,+008
+010,+008
+010,+008
+010,+008
+010,+008
+010,+008
+010,+008
+010,+008
+010,+008
+010,+008
+010,+008
+010,+008
+010,+008
+012,+008
+010,+008
+010,+008
+010,+008
+010,+008
+010,+008
+010,+008
+010,+008
+010,+008
+012,+010
+012,+010
+012,+010
+012,+010
+012,+010
+012,+010
+012,+010
+012,+010
+012,+010
+012,+010
+012,+010
+012,+010
+012,+010
+012,+010
+012,+010
+012,+010
+012,+010
+012,+010
+012,+010
+012,+010
+012,+010
+012,+010
+012,+010
+012,+010
+012,+010
+012,+010
+012,+010
+012,+010
+012,+010
+012,+010
+012,+010
+012,+010
+012,+010
+012,+010
+012,+010
+012,+010
+012,+010
+012,+010
+012,+010
+012,+010
+012,+010
+012,+010
+012,+010
+012,+010
+012,+010
+012,+010
+012,+010
+012,+010
+012,+012
+014,+012
+014,+012
+014,+012
+014,+012
+014,+012
+014,+012
+014,+012
+014,+012
+014,+012
+014,+012
+014,+012
+014,+012
+014,+012
+014,+012
+014,+012
+014,+012
+014,+012
+014,+012
+014,+012
+014,+012
+014,+012
+014,+012
+014,+012
+014,+014
+014,+014
+014,+014
+014,+014
+014,+014
+014,+014
+014,+014
+014,+014
+014,+014
+014,+014
+014,+014
+014,+016
+014,+016
+014,+016
+014,+016
+014,+016
+014,+016
+016,+016
+016,+016
+016,+016
+016,+016
+016,+016
+016,+016
+016,+016
+016,+016
+016,+016
+016,+016
+016,+016
+016,+018
+016,+018
+016,+018
+016,+018
+016,+018
+016,+018
+016,+018
+016,+018
+016,+018
+016,+018
+016,+018
+016,+018
+016,+018
+016,+018
+016,+018
+016,+018
+016,+018
+016,+018
+016,+018
+016,+018
+016,+018
+016,+018
+016,+018
+016,+020
+016,+020
+016,+020
+018,+020
+018,+020
+018,+020
+018,+020
+018,+020
+018,+020
+018,+020
+018,+020
+018,+020
+018,+020
+018,+020
+018,+022
+018,+022
+018,+022
+018,+022
+018,+022
+018,+022
+018,+022
+018,+022
+018,+022
+018,+022
+018,+022
+018,+022
+018,+022
+018,+022
+018,+022
+018,+022
+018,+022
+018,+022
+018,+022
+018,+022
+020,+022
+020,+022
+020,+022
+020,+022
+020,+022
+020,+022
+020,+022
+020,+022
+020,+022
+020,+022
+020,+022
+020,+024
+020,+024
+020,+024
+020,+024
+020,+024
+020,+024
+020,+024
+020,+024
+020,+024
+020,+024
+020,+024
+020,+024
+020,+024
+020,+024
+020,+024
+020,+024
+020,+024
+020,+024
+020,+024
+020,+024
+020,+024
+020,+024
+020,+024
+020,+024
+020,+024
+020,+024
+020,+024
+020,+024
+020,+024
+020,+024
+020,+024
+020,+024
+020,+024
+020,+024
+020,+024
+020,+024
+020,+024
+020,+024
+020,+024
+022,+024
+022,+024
+022,+024
+022,+024
+022,+024
+022,+024
+022,+024
+022,+024
+022,+024
+022,+024
+022,+024
+022,+024
+022,+024
+022,+024
+022,+024
+022,+024
+022,+024
+022,+024
+022,+024
+022,+024
+022,+024
+022,+024
+022,+024
+022,+024
+022,+024
+022,+024
+022,+024
+022,+024
+022,+024
+022,+024
+022,+024
+022,+024
+022,+024
+022,+024
+024,+022
+024,+022
+024,+022
+024,+022
+024,+022
+024,+022
+024,+022
+024,+022
+024,+022
+026,+022
+026,+022
+026,+022
+026,+022
+026,+022
+026,+022
+026,+022
+026,+022
+026,+022
+026,+022
+026,+022
+026,+022
+026,+022
+026,+022
+026,+022
+026,+022
+026,+022
+026,+022
+026,+022
+026,+022
+026,+022
+026,+022
+026,+022
+026,+022
+026,+022
+026,+022
+026,+022
+026,+022
+026,+022
+026,+022
+028,+022
+028,+022
+028,+022
+028,+022
+028,+022
+028,+022
+028,+022
+028,+022
+028,+022
+028,+022
+028,+022
+028,+022
+028,+022
+028,+022
+028,+022
+028,+022
+028,+022
+028,+022
+028,+022
+028,+022
+028,+022
+028,+022
+028,+022
+028,+022
+028,+022
+028,+022
+028,+022
+028,+022
+028,+022
+028,+022
+028,+022
+028,+022
+028,+022
+028,+022
+028,+022
+028,+022
+028,+022
+028,+022
+028,+022
+028,+022
+028,+024
+028,+024
+026,+024
+026,+024
+026,+024
+026,+024
+026,+024
+026,+026
+026,+026
+026,+026
+026,+026
+026,+026
+024,+026
+024,+026
+024,+026
+024,+026
+024,+026
+024,+026
+024,+026
+024,+026
+024,+026
+024,+026
+024,+028
+024,+028
+024,+028
+024,+028
+024,+028
+024,+028
+024,+028
+024,+028
+024,+028
+024,+028
+024,+028
+024,+028
+024,+028
+024,+028
+024,+028
+024,+028
+024,+028
+024,+028
+024,+028
+024,+028
+024,+028
+024,+028
+024,+028
+024,+028
+024,+028
+024,+028
+024,+028
+024,+028
+024,+028
+024,+028
+024,+028
+024,+028
+024,+028
+024,+028
+024,+028
+024,+028
+024,+028
+024,+028
+024,+028
+024,+026
+024,+026
+024,+026
+024,+026
+024,+026
+024,+026
+024,+026
+022,+026
+022,+026
+022,+026
+022,+026
+022,+026
+022,+026
+022,+026
+022,+026
+022,+026
+022,+026
+022,+026
+022,+026
+022,+026
+022,+026
+022,+026
+022,+026
+022,+026
+022,+026
+022,+024
+022,+024
+022,+024
+022,+024
+022,+024
+022,+024
+020,+024
+020,+024
+020,+024
+020,+024
+020,+024
+020,+024
+020,+024
+020,+024
+020,+024
+020,+024
+020,+024
+020,+024
+020,+024
+020,+024
+020,+024
+020,+024
+020,+024
+020,+024
+020,+024
+018,+024
+018,+024
+018,+024
+018,+024
+018,+024
+018,+024
+018,+024
+018,+024
+018,+024
+018,+024
+018,+022
+018,+022
+018,+022
+018,+022
+018,+022
+018,+022
+018,+022
+016,+022
+016,+022
+016,+022
+016,+022
+016,+022
+016,+022
+016,+022
+016,+022
+016,+022
+016,+022
+014,+022
+014,+022
+014,+022
+014,+022
+014,+022
+014,+022
+014,+022
+014,+022
+014,+022
+014,+022
+014,+022
+014,+022
+014,+022
+012,+022
+012,+022
+012,+022
+012,+022
+012,+020
+012,+020
+012,+020
+012,+020
+012,+020
+012,+020
+010,+020
+010,+020
+010,+020
+010,+020
+010,+020
+010,+020
+010,+020
+010,+020
+010,+018
+010,+018
+010,+018
+010,+018
+010,+018
+010,+018
+010,+018
+010,+018
+010,+018
+010,+018
+010,+018
+010,+018
+010,+018
+010,+018
+010,+018
+010,+018
+010,+018
+010,+018
+010,+018
+010,+018
+010,+018
+010,+018
+010,+018
+010,+018
+010,+018
+010,+018
+010,+018
+010,+018
+010,+018
+010,+018
+010,+018
+010,+018
+010,+018
+010,+018
+010,+018
+010,+018
+010,+018
+010,+018
+010,+018
+010,+018
+010,+018
+010,+018
+010,+018
+010,+018
+010,+018
+010,+018
+010,+018
+010,+018
+012,+018
+012,+018
+012,+018
+012,+018
+012,+018
+012,+018
+012,+018
+012,+018
+012,+018
+012,+018
+012,+018
+012,+018
+012,+018
+012,+018
+012,+020
+012,+020
+014,+020
+014,+020
+014,+020
+014,+020
+014,+020
+014,+020
+014,+020
+014,+020
+014,+020
+014,+020
+014,+020
+014,+020
+014,+020
+014,+020
+014,+020
+014,+020
+014,+020
+014,+020
+014,+020
+014,+020
+014,+020
+014,+020
+014,+020
+014,+020
+014,+020
+014,+020
+014,+020
+014,+020
+014,+020
+014,+020
+014,+020
+014,+020
+014,+020
+014,+020
+014,+020
+014,+020
+014,+020
+014,+020
+016,+020
+016,+020
+016,+020
+016,+020
+016,+020
+016,+020
+016,+022
+016,+022
+016,+022
+016,+022
+016,+022
+016,+022
+016,+022
+016,+022
+016,+022
+016,+022
+016,+022
+016,+022
+016,+022
+016,+022
+016,+022
+016,+022
+016,+022
+016,+022
+016,+022
+016,+022
+016,+022
+016,+022
+016,+022
+016,+022
+016,+022
+016,+022
+016,+022
+016,+022
+016,+022
+016,+022
+016,+022
+016,+022
+016,+022
+016,+022
+016,+022
+016,+022
+016,+022
+016,+022
+016,+022
+016,+022
+016,+022
+014,+022
+014,+022
+014,+022
+014,+022
+014,+022
+014,+022
+014,+022
+014,+022
+014,+022
+014,+022
+014,+022
+014,+022
+014,+022
+014,+022
+014,+022
+014,+022
+014,+022
+014,+022
+014,+022
+014,+022
+014,+022
+014,+022
+014,+022
+014,+022
+014,+022
+014,+022
+014,+022
+014,+022
+014,+022
+014,+022
+014,+022
+014,+022
+014,+022
+014,+022
+014,+022
+014,+022
+014,+022
+014,+022
+014,+022
+014,+022
+014,+022
+014,+022
+014,+022
+014,+022
+014,+022
+014,+022
+014,+022
+014,+022
+014,+022
+014,+022
+014,+022
+014,+022
+014,+022
+014,+022
+014,+022
+014,+022
+014,+022
+014,+022
+014,+022
+014,+022
+014,+022
+014,+022
+014,+022
+014,+022
+014,+022
+014,+022
+014,+022
+014,+022
+016,+022
+016,+022
+016,+022
+016,+022
+016,+022
+016,+022
+016,+022
+016,+022
+016,+022
+016,+022
+016,+022
+016,+022
+016,+022
+016,+022
+016,+022
+016,+022
+016,+022
+016,+022
+016,+022
+016,+022
+016,+022
+016,+022
+016,+022
+016,+022
+016,+022
+016,+022
+016,+022
+016,+022
+016,+022
+016,+024
+016,+024
+016,+024
+016,+024
+016,+024
+016,+024
+018,+024
+018,+024
+018,+024
+018,+024
+018,+024
+018,+024
+018,+024
+018,+024
+018,+024
+018,+024
+018,+024
+018,+024
+018,+024
+018,+024
+018,+026
+018,+026
+018,+026
+018,+026
+018,+026
+018,+026
+018,+026
+018,+026
+018,+026
+018,+026
+018,+026
+018,+026
+018,+026
+018,+026
+018,+026
+018,+026
+018,+026
+018,+026
+018,+026
+018,+026
+018,+026
+018,+026
+018,+026
+018,+026
+018,+026
+016,+026
+016,+026
+016,+028
+016,+028
+016,+028
+016,+028
+016,+028
+016,+028
+016,+028
+016,+028
+016,+028
+016,+028
+016,+028
+016,+028
+016,+028
+016,+028
+016,+028
+016,+028
+016,+028
+016,+028
+016,+028
+016,+028
+016,+028
+016,+028
+016,+028
+016,+028
+016,+028
+016,+028
+016,+028
+016,+028
+016,+028
+016,+028
+016,+028
+016,+028
+016,+028
+016,+028
+016,+028
+016,+028
+016,+028
+016,+030
+016,+030
+016,+030
+016,+030
+016,+030
+016,+030
+016,+030
+016,+030
+016,+030
+016,+030
+016,+030
+016,+030
+016,+030
+016,+030
+014,+030
+014,+030
+014,+032
+014,+032
+014,+032
+014,+032
+014,+032
+014,+032
+014,+032
+014,+032
+014,+032
+014,+032
+014,+032
+014,+032
+012,+032
+012,+032
+012,+032
+012,+032
+012,+032
+012,+032
+012,+032
+012,+032
+012,+032
+012,+032
+012,+032
+012,+032
+012,+032
+012,+032
+012,+032
+010,+032
+010,+032
+010,+032
+010,+032
+010,+032
+010,+032
+010,+032
+010,+032
+010,+032
+010,+032
+010,+032
+010,+032
+010,+032
+010,+032
+010,+032
+010,+032
+010,+032
+010,+032
+010,+032
+010,+032
+010,+032
+010,+030
+010,+030
+010,+030
+010,+030
+010,+030
+010,+030
+010,+030
+010,+030
+010,+030
+010,+030
+010,+030
+010,+030
+010,+030
+008,+030
+008,+030
+008,+030
+008,+030
+008,+030
+008,+030
+008,+030
+008,+028
+008,+028
+008,+028
+008,+028
+008,+028
+008,+028
+008,+028
+008,+028
+008,+028
+008,+028
+008,+028
+008,+028
+008,+028
+008,+028
+008,+028
+008,+028
+008,+026
+008,+026
+008,+026
+008,+026
+008,+026
+008,+026
+008,+026
+008,+026
+008,+026
+008,+026
+008,+026
+008,+026
+008,+026
+008,+026
+008,+026
+008,+026
+008,+026
+008,+026
+008,+026
+008,+026
+008,+026
+008,+026
+008,+026
+008,+026
+008,+026
+008,+026
+008,+026
+008,+026
+008,+026
+008,+026
+008,+026
+008,+026
+008,+026
+008,+026
+008,+026
+008,+026
+008,+026
+008,+026
+008,+026
+008,+026
+006,+026
+006,+024
+006,+024
+006,+024
+006,+024
+006,+024
+006,+024
+006,+024
+006,+024
+006,+024
+006,+024
+006,+024
+006,+024
+006,+024
+006,+024
+006,+024
+006,+024
+006,+024
+006,+024
+008,+024
+008,+024
+008,+024
+008,+024
+008,+024
+008,+024
+008,+024
+008,+024
+008,+024
+008,+024
+008,+024
+008,+024
+008,+024
+008,+024
+008,+024
+008,+024
+008,+024
+008,+024
+008,+024
+008,+024
+010,+024
+010,+024
+010,+024
+010,+024
+010,+024
+010,+024
+010,+024
+010,+024
+010,+024
+010,+024
+010,+026
+010,+026
+010,+026
+010,+026
+010,+026
+010,+026
+010,+026
+010,+026
+010,+026
+010,+026
+012,+026
+012,+026
+012,+026
+012,+026
+012,+026
+012,+026
+012,+026
+012,+026
+012,+026
+012,+026
+012,+026
+012,+026
+012,+026
+014,+028
+014,+028
+014,+028
+014,+028
+014,+028
+014,+028
+014,+028
+014,+028
+014,+028
+014,+028
+014,+028
+014,+028
+014,+028
+014,+028
+014,+028
+014,+028
+014,+028
+016,+028
+016,+028
+016,+028
+016,+028
+016,+028
+016,+028
+016,+028
+016,+028
+016,+028
+016,+028
+016,+028
+016,+028
+016,+028
+016,+028
+018,+028
+018,+028
+018,+028
+018,+028
+018,+028
+018,+028
+018,+028
+018,+028
+018,+028
+018,+028
+018,+028
+018,+028
+018,+028
+018,+028
+018,+028
+018,+028
+020,+028
+020,+028
+020,+028
+020,+028
+020,+028
+020,+028
+020,+028
+020,+028
+020,+028
+020,+028
+020,+028
+020,+028
+020,+028
+020,+028
+020,+028
+020,+028
+020,+028
+020,+028
+020,+028
+020,+028
+022,+028
+022,+028
+022,+028
+022,+028
+022,+028
+022,+028
+022,+028
+022,+028
+022,+028
+022,+028
+022,+028
+022,+028
+022,+028
+022,+028
+022,+028
+022,+028
+022,+028
+022,+028
+022,+028
+022,+028
+022,+028
+022,+028
+022,+028
+022,+028
+022,+028
+022,+028
+022,+028
+022,+028
+022,+028
+022,+028
+022,+028
+022,+028
+022,+028
+022,+028
+022,+028
+022,+028
+022,+028
+022,+028
+022,+028
+022,+028
+022,+028
+022,+028
+022,+028
+022,+028
+022,+028
+022,+028
+022,+028
+022,+028
+022,+028
+022,+028
+022,+028
+020,+028
+020,+028
+020,+028
+020,+028
+020,+028
+020,+028
+020,+028
+020,+028
+018,+028
+018,+028
+018,+028
+018,+028
+018,+028
+018,+028
+018,+028
+018,+028
+018,+028
+016,+028
+016,+028
+016,+028
+016,+028
+016,+028
+016,+028
+016,+028
+014,+028
+014,+028
+014,+028
+014,+028
+014,+028
+014,+028
+014,+028
+014,+028
+014,+028
+014,+028
+014,+028
+014,+028
+014,+028
+014,+028
+012,+028
+012,+028
+012,+028
+012,+028
+012,+028
+012,+028
+012,+028
+012,+028
+012,+028
+012,+028
+012,+028
+012,+028
+012,+028
+012,+028
+012,+028
+012,+030
+012,+030
+012,+030
+012,+030
+012,+030
+012,+030
+012,+030
+012,+030
+012,+030
+012,+030
+012,+030
+012,+030
+012,+030
+012,+030
+012,+030
+012,+030
+012,+030
+012,+030
+012,+030
+012,+030
+012,+030
+010,+030
+010,+030
+010,+030
+010,+030
+010,+030
+010,+030
+010,+030
+010,+030
+010,+030
+010,+030
+010,+030
+010,+030
+010,+030
+010,+030
+010,+030
+010,+030
+010,+030
+010,+030
+010,+030
+010,+030
+010,+030
+010,+030
+010,+030
+010,+030
+010,+030
+010,+030
+010,+030
+010,+030
+010,+030
+010,+030
+010,+030
+010,+030
+010,+030
+010,+030
+010,+030
+010,+030
+010,+030
+010,+030
+010,+030
+010,+030
+010,+030
+010,+030
+010,+030
+010,+030
+010,+030
+010,+030
+010,+030
+010,+030
+010,+030
+010,+030
+010,+030
+010,+030
+010,+030
+010,+030
+010,+030
+010,+030
+010,+030
+010,+030
+010,+030
+010,+030
+010,+030
+010,+030
+010,+030
+010,+030
+010,+030
+010,+030
+010,+030
+010,+030
+010,+030
+010,+030
+010,+030
+010,+030
+010,+030
+010,+030
+010,+030
+010,+030
+010,+030
+010,+030
+010,+030
+010,+030
+010,+030
+010,+030
+010,+030
+010,+030
+010,+030
+010,+030
+010,+030
+010,+030
+010,+030
+010,+030
+010,+030
+010,+030
+010,+030
+010,+030
+010,+030
+010,+030
+010,+030
+010,+030
+010,+030
+010,+030
+010,+030
+010,+030
+010,+030
+010,+030
+010,+030
+010,+030
+010,+030
+010,+030
+010,+030
+010,+030
+010,+030
+010,+030
+010,+030
+010,+030
+010,+030
+010,+030
+010,+030
+010,+030
+010,+030
+010,+030
+010,+030
+010,+030
+010,+030
+010,+030
+010,+030
+010,+030
+010,+030
+010,+030
+010,+030
+010,+030
+010,+030
+010,+030
+010,+030
+010,+030
+010,+030
+010,+030
+010,+030
+010,+028
+010,+028
+010,+028
+010,+028
+010,+028
+010,+028
+010,+028
+008,+028
+008,+028
+008,+028
+008,+028
+008,+028
+008,+028
+008,+028
+008,+028
+008,+028
+008,+028
+008,+028
+008,+028
+008,+028
+008,+028
+008,+028
+008,+028
+008,+028
+008,+028
+008,+028
+008,+028
+008,+028
+008,+028
+008,+028
+008,+028
+008,+028
+008,+028
+008,+028
+008,+028
+008,+028
+008,+028
+008,+028
+008,+028
+008,+028
+008,+028
+008,+028
+008,+028
+008,+028
+008,+028
+008,+028
+008,+028
+008,+028
+008,+028
+008,+028
+008,+028
+008,+028
+008,+028
+008,+026
+008,+026
+008,+026
+008,+026
+008,+026
+008,+026
+008,+026
+008,+026
+008,+026
+008,+026
+008,+026
+008,+026
+008,+026
+008,+026
+008,+026
+008,+026
+008,+026
+008,+026
+008,+026
+008,+026
+008,+026
+008,+026
+008,+026
+008,+026
+008,+026
+008,+026
+008,+026
+008,+026
+008,+026
+008,+026
+008,+026
+008,+026
+008,+026
+008,+026
+008,+026
+008,+026
+008,+026
+008,+026
+008,+026
+008,+026
+008,+026
+008,+026
+008,+026
+008,+026
+008,+026
+010,+026
+010,+026
+010,+026
+010,+026
+010,+026
+010,+026
+010,+026
+010,+026
+010,+026
+010,+026
+010,+026
+010,+026
+010,+026
+010,+026
+010,+026
+010,+026
+010,+026
+010,+026
+010,+026
+010,+026
+010,+026
+010,+026
+010,+026
+010,+026
+010,+026
+010,+026
+010,+026
+010,+026
+010,+026
+010,+026
+010,+026
+010,+026
+010,+026
+010,+026
+010,+026
+010,+026
+010,+026
+010,+026
+010,+026
+010,+026
+010,+026
+010,+026
+010,+026
+010,+026
+010,+026
+010,+026
+010,+026
+010,+026
+010,+026
+010,+026
+010,+026
+010,+026
+010,+026
+010,+026
+010,+026
+008,+026
+008,+026
+008,+026
+008,+026
+008,+026
+008,+026
+008,+026
+008,+026
+008,+026
+008,+026
+008,+026
+008,+026
+008,+026
+008,+026
+008,+026
+008,+026
+008,+026
+008,+026
+008,+026
+008,+026
+008,+026
+008,+026
+008,+026
+008,+026
+006,+026
+006,+026
+006,+026
+006,+026
+006,+026
+006,+026
+006,+026
+006,+026
+006,+026
+006,+026
+006,+026
+006,+026
+006,+026
+006,+026
+006,+026
+006,+026
+006,+026
+006,+026
+006,+026
+006,+026
+006,+026
+006,+026
+006,+026
+006,+026
+006,+026
+006,+026
+006,+026
+006,+026
+006,+026
+006,+026
+006,+026
+006,+026
+006,+026
+006,+026
+006,+026
+006,+026
+006,+026
+006,+026
+006,+026
+006,+026
+006,+026
+006,+026
+006,+026
+006,+026
+006,+026
+006,+026
+006,+026
+006,+026
+006,+026
+006,+026
+006,+026
+006,+026
+006,+026
+006,+026
+006,+026
+006,+026
+006,+026
+006,+026
+006,+026
+006,+026
+006,+026
+006,+026
+006,+026
+006,+026
+006,+026
+006,+026
+006,+026
+006,+026
+006,+026
+006,+026
+006,+026
+008,+026
+008,+026
+008,+026
+008,+026
+008,+026
+008,+026
+008,+026
+008,+026
+008,+026
+008,+026
+008,+026
+008,+026
+008,+026
+008,+026
+008,+026
+008,+026
+008,+026
+008,+026
+008,+026
+008,+026
+008,+026
+008,+026
+008,+026
+008,+026
+008,+026
+008,+026
+008,+026
+008,+026
+008,+026
+008,+026
+008,+026
+008,+026
+008,+026
+008,+026
+008,+026
+008,+026
+008,+026
+008,+026
+008,+026
+008,+026
+008,+026
+008,+026
+008,+026
+008,+026
+008,+026
+008,+026
+008,+026
+008,+026
+008,+026
+008,+026
+008,+026
+008,+026
+010,+026
+010,+026
+010,+026
+010,+026
+010,+026
+010,+026
+010,+026
+010,+026
+010,+026
+010,+026
+010,+026
+010,+026
+010,+026
+010,+026
+010,+026
+010,+026
+010,+026
+010,+026
+010,+026
+010,+026
+010,+026
+010,+026
+010,+026
+010,+026
+010,+026
+010,+026
+010,+026
+010,+026
+010,+026
+010,+026
+010,+026
+010,+026
+010,+026
+010,+026
+010,+026
+010,+026
+010,+026
+010,+026
+010,+026
+010,+026
+010,+026
+010,+026
+010,+026
+010,+026
+010,+026
+010,+026
+010,+026
+010,+026
+010,+026
+010,+026
+010,+026
+010,+026
+010,+026
+010,+026
+010,+026
+010,+026
+010,+026
+010,+026
+010,+026
+010,+026
+010,+026
+010,+026
+010,+026
+010,+026
+010,+026
+010,+026
COP Area(S): 000847
COP Area(R): 001434