+000,+000
+002,+002
+004,+004
+005,+005
+005,+005
+005,+005
+005,+005
+005,+007
+007,+007
+007,+007
+007,+007
+007,+009
+009,+009
+009,+011
+009,+011
+009,+013
+009,+013
+009,+013
+009,+016
+009,+016
+011,+016
+011,+019
+009,+019
+009,+021
+009,+021
+009,+021
+009,+023
+009,+023
+009,+025
+009,+025
+009,+025
+009,+027
+009,+027
+009,+027
+009,+027
+009,+027
+009,+029
+009,+029
+007,+029
+007,+031
+007,+031
+007,-032
+007,-032
+007,-032
+007,-033
+007,-033
+007,-034
+007,-034
+007,-035
+007,-036
+007,-037
+007,-038
+007,-039
+007,-039
+007,-040
+007,-041
+007,-042
+007,-042
+007,-043
+005,-044
+005,-044
+005,-045
+005,-046
+005,-047
+005,-048
+005,-049
+005,-050
+005,-050
+005,-051
+005,-051
+005,-052
+005,-052
+005,-053
+005,-053
+005,-054
+005,-055
+005,-055
+005,-055
+005,-056
+007,-057
+007,-057
+007,-058
+007,-058
+007,-059
+007,-059
+009,-060
+009,-061
+009,-061
+009,-062
+009,-062
+011,-062
+011,-063
+011,-064
+013,-064
+013,-064
+013,-066
+013,-066
+015,-066
+015,-067
+015,-067
+015,-067
+017,-068
+017,-069
+017,-069
+017,-069
+017,-070
+019,-070
+019,-070
+019,-070
+019,-070
+021,-070
+021,-070
+021,-070
+021,-070
+021,-070
+021,-070
+021,-070
+021,-070
+021,-067
+021,-067
+021,-067
+021,-067
+021,-067
+021,-063
+021,-063
+021,-063
+021,-063
+021,-060
+019,-060
+019,-060
+019,-057
+019,-057
+017,-057
+017,-057
+017,-054
+015,-054
+015,-054
+015,-054
+015,-054
+015,-054
+013,-051
+013,-051
+013,-051
+013,-051
+013,-051
+011,-048
+011,-048
+011,-048
+011,-048
+011,-048
+011,-048
+011,-048
+011,-045
+011,-045
+013,-045
+013,-045
+013,-045
+013,-045
+013,-045
+013,-045
+015,-045
+015,-045
+015,-045
+015,-045
+015,-042
+015,-043
+015,-043
+015,-043
+015,-043
+015,-043
+015,-043
+015,-043
+015,-043
+015,-043
+015,-043
+013,-043
+013,-043
+013,-043
+013,-043
+013,-043
+013,-043
+013,-043
+013,-043
+015,-043
+015,-043
+015,-043
+015,-043
+015,-043
+015,-043
+015,-043
+015,-043
+015,-043
+015,-043
+015,-043
+015,-040
+015,-040
+015,-040
+015,-040
+015,-040
+015,-040
+015,-040
+015,-040
+013,-040
+013,-040
+013,-040
+011,-040
+011,-040
+011,-040
+011,-040
+011,-040
+011,-040
+011,-040
+011,-040
+011,-040
+011,-040
+009,-040
+009,-040
+009,-040
+009,-040
+009,-040
+009,-040
+009,-040
+009,-040
+009,-040
+009,-040
+009,-040
+009,-040
+009,-040
+009,-040
+009,-040
+009,-040
+009,-040
+009,-040
+009,-040
+009,-040
+009,-040
+009,-040
+009,-040
+009,-040
+009,-040
+009,-040
+009,-040
+009,-040
+009,-040
+009,-040
+009,-040
+009,-040
+009,-037
+009,-037
+009,-037
+009,-037
+009,-037
+009,-037
+009,-037
+009,-037
+009,-037
+011,-037
+011,-037
+011,-037
+011,-037
+011,-037
+011,-037
+011,-037
+011,-034
+013,-034
+013,-034
+013,-034
+015,-034
+015,-034
+015,-034
+015,+031
+015,+031
+017,+031
+017,+031
+017,+031
+017,+031
+017,+031
+019,+031
+019,+029
+019,+029
+019,+029
+019,+029
+021,+029
+021,+027
+021,+027
+021,+027
+021,+027
+023,+027
+023,+027
+023,+027
+025,+027
+025,+027
+025,+027
+025,+027
+025,+027
+025,+027
+025,+027
+027,+027
+027,+027
+027,+027
+027,+027
+027,+027
+027,+027
+027,+027
+027,+027
+027,+027
+027,+027
+027,+027
+027,+027
+027,+027
+027,+027
+027,+027
+027,+027
+027,+027
+027,+027
+027,+027
+027,+027
+027,+027
+027,+027
+027,+027
+027,+027
+027,+027
+027,+027
+027,+025
+027,+025
+027,+025
+027,+025
+027,+025
+027,+025
+027,+025
+027,+025
+027,+025
+027,+025
+027,+025
+027,+025
+027,+025
+027,+023
+027,+023
+027,+023
+025,+023
+025,+023
+025,+023
+025,+023
+025,+023
+025,+021
+025,+021
+025,+021
+025,+021
+025,+021
+025,+021
+027,+021
+027,+021
+027,+021
+027,+021
+027,+021
+027,+021
+027,+021
+027,+021
+027,+021
+027,+021
+027,+021
+027,+021
+027,+023
+027,+023
+027,+023
+027,+023
+027,+023
+027,+023
+027,+023
+027,+023
+027,+023
+027,+023
+027,+025
+027,+025
+027,+025
+027,+025
+027,+025
+027,+025
+027,+025
+027,+025
+027,+025
+027,+025
+027,+027
+027,+027
+029,+027
+029,+027
+029,+027
+029,+027
+029,+029
+029,+029
+029,+029
+029,+029
+029,+029
+029,+029
+029,+029
+029,+031
+029,+031
+029,+031
+029,+031
+029,-032
+029,-032
+029,-032
+029,-032
+029,-032
+029,-033
+029,-033
+029,-033
+029,-033
+029,-033
+029,-034
+029,-034
+029,-034
+027,-034
+027,-034
+027,-034
+027,-035
+027,-035
+027,-035
+027,-035
+027,-035
+027,-035
+027,-035
+027,-035
+027,-035
+027,-035
+027,-035
+027,-035
+027,-035
+027,-035
+027,-035
+027,-035
+027,-035
+027,-035
+027,-036
+027,-036
+027,-036
+027,-036
+027,-036
+027,-036
+027,-036
+027,-036
+027,-036
+027,-036
+027,-036
+027,-036
+027,-036
+027,-036
+029,-036
+029,-036
+029,-036
+029,-036
+029,-036
+029,-036
+031,-036
+031,-036
+031,-036
+031,-036
+031,-036
+031,-036
+031,-037
+031,-037
+031,-037
+031,-038
+031,-038
+031,-038
+031,-038
+031,-038
+031,-038
+031,-038
+031,-038
+031,-038
+031,-038
+031,-038
+031,-038
+031,-038
+031,-038
+031,-038
+031,-038
+031,-038
+031,-038
+031,-038
+031,-038
+031,-038
+031,-038
+031,-039
+031,-039
+031,-039
+031,-039
+031,-039
+031,-039
+031,-039
+031,-039
+029,-039
+029,-039
+029,-039
+029,-039
+029,-039
+029,-039
+029,-039
+029,-039
+029,-039
+029,-039
+029,-039
+031,-036
+031,-036
+031,-036
+031,-036
+031,-036
+031,-036
+033,-036
+033,-036
+033,-036
+033,-036
+033,-036
+033,-036
+033,-036
+033,-036
+033,-033
+033,-033
+033,-033
+033,-033
+033,-033
+033,-033
+033,-033
+033,-033
+031,-033
+031,-033
+031,-033
+031,-033
+031,-033
+031,-033
+031,-033
+031,-033
+031,-033
+031,-033
+031,-033
+031,-033
+033,-033
+033,-033
+031,-033
+031,-033
+031,-033
+031,-033
+031,-033
+031,-033
+031,-033
+031,-033
+031,-033
+031,-033
+031,-033
+031,-033
+031,-033
+031,-033
+029,-033
+029,-033
+029,+031
+029,+031
+029,+031
+029,+031
+029,+031
+029,+031
+029,+031
+027,+031
+027,+031
+027,+031
+027,+031
+027,+031
+027,+031
+027,+031
+027,+031
+027,+031
+027,+031
+027,+031
+027,+031
+027,+031
+027,+031
+027,+031
+027,+031
+025,+031
+025,+031
+025,+031
+025,+031
+025,+031
+025,+029
+025,+029
+025,+029
+023,+029
+023,+029
+023,+029
+023,+029
+023,+029
+023,+029
+021,+029
+021,+029
+021,+029
+021,+031
+021,+031
+021,+031
+021,+031
+021,+031
+021,+031
+019,+031
+019,+031
+019,+031
+019,+031
+017,+031
+017,+031
+017,+031
+017,+031
+017,+031
+017,+031
+017,+031
+017,+031
+017,+031
+017,+031
+017,+031
+017,+031
+017,+031
+017,+031
+017,+031
+017,+031
+017,+031
+017,+031
+017,+029
+017,+029
+017,+029
+017,+029
+017,+029
+017,+029
+017,+029
+017,+029
+017,+029
+017,+029
+017,+029
+017,+029
+017,+029
+017,+029
+017,+027
+017,+027
+017,+027
+017,+027
+017,+027
+017,+027
+017,+027
+017,+027
+017,+025
+017,+025
+019,+025
+019,+025
+019,+025
+019,+023
+019,+023
+019,+023
+019,+023
+019,+023
+019,+023
+019,+023
+019,+021
+019,+021
+019,+021
+019,+021
+019,+021
+019,+021
+019,+021
+019,+021
+019,+021
+021,+021
+021,+021
+021,+021
+021,+021
+021,+019
+021,+019
+021,+019
+021,+019
+021,+019
+021,+019
+021,+019
+021,+019
+021,+019
+019,+019
+019,+019
+019,+019
+019,+019
+019,+019
+019,+019
+019,+019
+019,+019
+019,+019
+019,+019
+019,+019
+019,+019
+019,+019
+019,+019
+019,+019
+019,+019
+019,+019
+019,+019
+019,+019
+019,+019
+019,+019
+019,+021
+019,+021
+019,+021
+019,+021
+019,+021
+019,+021
+019,+021
+019,+021
+019,+021
+019,+021
+019,+021
+019,+021
+019,+021
+019,+021
+019,+021
+019,+021
+019,+021
+019,+021
+019,+021
+019,+021
+019,+021
+019,+021
+019,+021
+019,+021
+019,+021
+019,+021
+019,+021
+019,+021
+019,+021
+019,+021
+019,+021
+019,+021
+019,+021
+019,+019
+019,+019
+019,+019
+019,+019
+019,+019
+019,+019
+019,+019
+019,+019
+019,+019
+019,+019
+019,+019
+019,+019
+019,+019
+019,+019
+019,+019
+019,+019
+019,+019
+019,+019
+019,+019
+019,+019
+019,+019
+019,+019
+019,+019
+019,+019
+019,+017
+019,+017
+019,+017
+019,+017
+019,+017
+019,+017
+019,+017
+019,+017
+019,+017
+019,+017
+019,+017
+019,+017
+019,+017
+019,+017
+019,+017
+017,+017
+017,+017
+017,+017
+017,+017
+017,+017
+017,+017
+015,+017
+015,+017
+015,+015
+015,+015
+015,+015
+013,+015
+013,+015
+013,+015
+013,+015
+013,+015
+011,+015
+011,+015
+011,+015
+009,+015
+009,+015
+009,+013
+009,+013
+007,+013
+007,+013
+007,+013
+005,+013
+005,+015
+005,+015
+005,+015
+005,+015
+003,+015
+003,+015
+003,+015
+003,+015
+003,+015
+003,+015
+003,+017
+003,+017
+003,+017
+001,+017
+001,+017
+001,+017
+001,+017
+001,+017
+001,+017
+001,+017
+001,+017
+001,+017
+001,+017
+001,+017
+001,+017
+003,+017
+003,+019
+003,+019
+003,+019
+003,+019
+003,+019
+003,+019
+003,+019
+001,+019
+001,+019
+001,+019
+001,+019
+001,+019
+001,+019
+001,+019
+001,+021
+001,+021
+001,+021
+001,+021
+001,+021
+001,+021
+001,+021
+001,+021
+001,+021
+001,+021
+001,+021
+003,+021
+003,+021
+003,+021
+003,+021
+003,+021
+003,+021
+005,+021
+005,+021
+005,+023
+005,+023
+005,+023
+005,+023
+005,+023
+005,+023
+005,+023
+005,+023
+005,+023
+005,+023
+005,+023
+005,+023
+005,+023
+005,+023
+003,+025
+005,+025
+005,+025
+003,+025
+003,+025
+005,+025
+003,+025
+003,+025
+005,+025
+005,+025
+003,+025
+003,+025
+005,+025
+003,+025
+005,+025
+005,+025
+005,+025
+005,+025
+007,+025
+007,+025
+007,+025
+007,+025
+009,+025
+009,+025
+009,+025
+009,+025
+009,+025
+009,+025
+009,+025
+009,+025
+009,+025
+009,+025
+009,+025
+009,+025
+009,+025
+011,+025
+011,+025
+011,+025
+011,+025
+011,+025
+011,+025
+011,+025
+013,+025
+013,+025
+013,+025
+013,+025
+013,+025
+013,+025
+013,+025
+013,+025
+013,+025
+013,+025
+013,+025
+013,+025
+013,+025
+013,+025
+013,+025
+013,+025
+013,+025
+013,+025
+013,+025
+013,+025
+013,+025
+013,+027
+013,+027
+013,+027
+013,+027
+013,+027
+013,+027
+013,+027
+013,+027
+013,+027
+013,+027
+013,+027
+013,+027
+013,+027
+013,+027
+013,+027
+013,+027
+013,+027
+013,+027
+013,+027
+013,+027
+013,+027
+013,+027
+013,+027
+011,+027
+011,+027
+011,+027
+011,+027
+011,+027
+011,+027
+011,+027
+011,+027
+011,+027
+011,+027
+011,+027
+011,+027
+011,+027
+011,+027
+011,+027
+011,+027
+011,+027
+009,+027
+009,+027
+009,+027
+009,+027
+009,+027
+009,+027
+009,+027
+009,+027
+009,+027
+009,+027
+009,+027
+009,+027
+009,+027
+009,+027
+009,+027
+009,+027
+009,+027
+009,+027
+009,+027
+009,+027
+009,+027
+009,+027
+009,+027
+007,+027
+007,+027
+007,+027
+007,+027
+007,+027
+007,+027
+007,+027
+005,+027
+007,+027
+007,+027
+007,+027
+007,+027
+007,+027
+007,+027
+007,+029
+007,+029
+007,+029
+007,+029
+007,+029
+007,+029
+007,+029
+007,+029
+007,+029
+007,+029
+007,+029
+007,+029
+007,+029
+007,+029
+007,+029
+007,+029
+007,+029
+007,+029
+009,+029
+009,+031
+007,+031
+009,+031
+009,+031
+009,+031
+009,+031
+009,+031
+009,+031
+009,+031
+009,+031
+009,+031
+009,+031
+009,+031
+009,+031
+009,+031
+009,+031
+009,+031
+009,+031
+009,+031
+009,+031
+009,+031
+009,+031
+009,+031
+009,+031
+009,-032
+009,-032
+011,-032
+009,-032
+009,-032
+009,-032
+009,-032
+009,-032
+009,-032
+009,-032
+009,-032
+009,-032
+009,-032
+009,-032
+009,-032
+009,-032
+009,-032
+009,-032
+009,-032
+009,-032
+009,-032
+009,+030
+009,+030
+009,+030
+009,+030
+009,+030
+009,+030
+009,+030
+009,+030
+009,+030
+009,+030
+009,+030
+009,+030
+009,+030
+009,+030
+009,+028
+009,+028
+009,+028
+009,+028
+009,+028
+009,+028
+009,+028
+009,+028
+009,+028
+009,+028
+009,+028
+009,+028
+009,+028
+009,+028
+009,+028
+009,+028
+009,+028
+009,+026
+009,+026
+009,+026
+009,+026
+009,+026
+009,+026
+009,+026
+009,+026
+009,+026
+009,+026
+009,+026
+009,+026
+009,+026
+009,+026
+009,+026
+009,+026
+009,+026
+009,+026
+009,+026
+009,+026
+009,+026
+009,+026
+009,+026
+009,+026
+009,+026
+009,+026
+009,+026
+009,+026
+009,+026
+009,+026
+009,+026
+007,+026
+007,+026
+007,+026
+007,+026
+007,+026
+007,+026
+007,+026
+007,+026
+007,+026
+007,+026
+005,+026
+005,+026
+005,+024
+005,+024
+005,+024
+005,+024
+005,+024
+005,+024
+005,+024
+005,+024
+005,+024
+005,+024
+005,+024
+005,+024
+005,+026
+005,+026
+005,+026
+005,+026
+005,+026
+005,+026
+005,+026
+005,+026
+005,+026
+005,+026
+005,+026
+005,+026
+005,+026
+005,+026
+005,+026
+005,+026
+005,+026
+005,+026
+005,+026
+005,+026
+005,+026
+005,+026
+005,+026
+005,+026
+005,+028
+005,+028
+005,+028
+005,+028
+005,+028
+005,+028
+005,+028
+005,+028
+005,+028
+005,+028
+005,+028
+005,+028
+005,+028
+005,+028
+005,+028
+005,+028
+005,+028
+005,+030
+005,+030
+005,+030
+005,+030
+005,+030
+005,+030
+005,+030
+005,+030
+005,+030
+005,+030
+005,+030
+005,+030
+005,+030
+005,+030
+005,+030
+005,+030
+005,+030
+005,+030
+005,+030
+005,+030
+005,+030
+005,+030
+005,+030
+005,+030
+003,+030
+003,+030
+003,+030
+003,+030
+003,+030
+003,+030
+003,+030
+003,+030
+003,+030
+003,+030
+003,+030
+003,+030
+003,+030
+003,+030
+003,+030
+003,+030
+003,+028
+003,+028
+003,+028
+003,+028
+003,+028
+003,+028
+003,+028
+003,+028
+003,+028
+003,+028
+003,+028
+003,+028
+003,+028
+003,+028
+003,+028
+003,+028
+003,+028
+003,+028
+003,+028
+003,+028
+003,+028
+003,+028
+003,+028
+003,+028
+003,+028
+003,+028
+003,+028
+003,+028
+003,+028
+003,+028
+003,+028
+003,+028
+003,+028
+003,+028
+003,+028
+003,+028
+003,+028
+003,+028
+003,+028
+003,+026
+003,+026
+003,+026
+003,+026
+003,+026
+003,+026
+003,+026
+003,+026
+003,+026
+003,+026
+003,+026
+003,+026
+003,+026
+003,+026
+003,+026
+003,+026
+003,+026
+003,+026
+003,+024
+003,+024
+003,+024
+003,+024
+003,+024
+003,+024
+003,+024
+001,+024
+001,+024
+001,+024
+001,+024
+001,+024
+001,+024
+001,+024
+001,+024
+001,+024
+001,+024
+001,+024
+001,+024
+001,+024
+001,+024
+001,+024
+001,+026
+001,+026
+001,+026
+001,+026
+001,+026
+001,+026
+001,+026
+001,+026
+001,+026
+001,+026
+001,+026
+001,+026
+001,+026
+001,+026
+001,+026
+001,+026
+001,+026
+001,+026
+001,+026
+001,+026
+001,+026
+001,+026
+001,+026
+001,+024
+001,+024
+001,+024
+001,+024
+001,+024
+001,+024
+001,+024
+001,+024
+001,+024
+001,+024
+001,+024
+001,+024
+001,+024
+001,+024
+001,+024
+001,+024
+001,+024
+001,+024
+001,+024
+001,+024
+001,+024
+001,+024
+001,+024
+001,+024
+001,+024
+001,+024
+001,+022
+001,+022
+001,+022
+001,+022
+001,+022
+001,+022
+001,+022
+001,+022
+001,+022
+001,+022
+001,+022
+001,+022
+001,+022
+001,+022
+001,+022
+001,+022
+001,+022
+001,+022
+001,+022
+001,+022
+001,+022
+001,+022
+001,+022
+001,+022
+001,+022
+003,+022
+003,+022
+003,+022
+003,+020
+003,+020
+003,+020
+003,+020
+003,+020
+003,+020
+003,+020
+003,+020
+003,+020
+003,+020
+003,+020
+003,+020
+003,+020
+003,+020
+003,+020
+003,+020
+003,+018
+003,+018
+003,+018
+003,+018
+003,+018
+003,+018
+003,+018
+003,+018
+003,+018
+003,+018
+003,+018
+003,+018
+003,+018
+003,+018
+003,+018
+003,+018
+003,+018
+003,+018
+003,+018
+003,+018
+003,+018
+003,+018
+003,+018
+003,+018
+003,+018
+003,+018
+003,+018
+003,+018
+003,+018
+003,+018
+003,+018
+003,+018
+003,+018
+003,+018
+003,+018
+003,+018
+003,+018
+003,+018
+003,+020
+003,+020
+003,+020
+003,+020
+003,+020
+003,+020
+003,+020
+003,+020
+003,+020
+001,+020
+001,+020
+001,+020
+001,+022
+001,+022
+001,+022
+001,+022
+001,+022
+001,+022
+001,+022
+001,+022
+001,+022
+001,+022
+001,+022
+001,+022
+001,+022
+001,+022
+001,+022
+001,+022
+001,+022
+001,+022
+001,+022
+001,+022
+001,+022
+001,+022
+001,+022
+001,+022
+001,+022
+001,+022
+001,+022
+001,+022
+001,+022
+001,+022
+001,+022
+001,+022
+001,+022
+001,+022
+001,+022
+001,+022
+001,+022
+001,+022
+001,+022
+001,+022
+001,+022
+001,+022
+001,+022
+001,+022
+001,+022
+001,+022
+001,+022
+001,+022
+001,+022
+001,+022
+001,+022
+001,+022
+001,+022
+001,+022
+001,+022
+001,+022
+001,+022
+001,+022
+001,+022
+001,+022
+001,+022
+001,+022
+001,+022
+001,+022
+001,+022
+001,+022
+001,+022
+001,+022
+001,+022
+001,+022
+001,+022
+001,+022
+001,+022
+001,+022
+001,+022
+001,+022
+001,+022
+001,+022
+001,+022
+001,+022
+001,+022
+001,+024
+001,+024
+001,+024
+001,+024
+001,+024
+001,+024
+001,+024
+001,+024
+001,+024
+001,+024
+001,+024
+001,+024
+001,+024
+001,+024
+001,+024
+001,+024
+001,+024
+001,+024
+001,+024
+001,+024
+001,+024
+001,+024
+001,+024
+001,+024
+001,+024
+001,+024
+001,+024
+001,+024
+001,+024
+001,+024
+001,+024
+001,+024
+001,+024
+001,+024
+001,+024
+001,+024
+001,+024
+001,+024
+001,+024
+001,+024
+001,+024
+003,+024
+003,+024
+003,+024
+003,+024
+003,+024
+003,+024
+003,+024
+003,+024
+003,+024
+003,+024
+003,+024
+003,+024
+003,+024
+003,+024
+003,+024
+003,+024
+005,+024
+005,+024
+003,+024
+003,+024
+005,+024
+005,+024
+005,+024
+005,+024
+005,+024
+005,+024
+005,+024
+005,+024
+005,+024
+005,+024
+005,+024
+005,+024
+005,+024
+005,+024
+005,+024
+003,+024
+003,+024
+003,+024
+003,+024
+003,+024
+003,+024
+003,+024
+003,+024
+003,+024
+003,+024
+003,+024
+003,+024
+003,+024
+003,+024
+003,+024
+003,+024
+003,+026
+003,+026
+005,+026
+003,+026
+003,+026
+005,+026
+005,+026
+005,+026
+005,+026
+005,+026
+005,+026
+005,+026
+005,+026
+005,+026
+005,+026
+005,+026
+005,+026
+005,+026
+005,+026
+005,+026
+005,+026
+005,+026
+005,+026
+005,+026
+005,+026
+005,+026
+007,+026
+007,+026
+007,+026
+007,+026
+007,+026
+007,+026
+007,+026
+007,+026
+007,+026
+007,+026
+007,+026
+007,+026
+007,+026
+007,+026
+007,+026
+007,+026
+007,+026
+007,+026
+007,+026
+007,+026
+007,+026
+007,+026
+007,+026
+007,+026
+007,+026
+009,+026
+009,+026
+009,+026
+009,+026
+009,+026
+009,+026
+009,+026
+009,+026
+009,+026
+009,+026
+009,+026
+009,+026
+009,+026
+009,+026
+011,+026
+011,+026
+011,+026
+011,+026
+011,+026
+011,+026
+011,+026
+011,+028
+011,+028
+011,+028
+011,+028
+011,+028
+011,+028
+011,+028
+011,+028
+013,+028
+013,+028
+013,+028
+013,+028
+013,+028
+013,+028
+013,+028
+013,+028
+013,+028
+013,+028
+013,+028
+013,+028
+013,+028
+013,+028
+013,+028
+013,+028
+013,+028
+013,+028
+013,+028
+013,+028
+013,+028
+013,+028
+013,+028
+013,+028
+013,+028
+013,+028
+013,+028
+013,+028
+013,+028
+013,+028
+013,+028
+013,+028
+013,+028
+013,+028
+013,+028
+013,+028
+013,+028
+013,+028
+013,+028
+013,+028
+013,+028
+013,+028
+013,+028
+013,+028
+013,+028
+013,+028
+013,+028
+013,+028
+013,+028
+013,+028
+013,+028
+013,+028
+013,+026
+013,+026
+013,+026
+013,+026
+013,+026
+013,+026
+013,+026
+013,+026
+013,+028
+013,+028
+015,+028
+015,+028
+015,+028
+015,+028
+015,+028
+015,+028
+015,+028
+015,+028
+015,+028
+015,+028
+015,+028
+015,+028
+015,+028
+015,+028
+015,+028
+015,+028
+015,+028
+015,+028
+015,+028
+015,+028
+015,+028
+015,+028
+015,+028
+015,+028
+015,+028
+015,+030
+015,+030
+015,+030
+015,+030
+015,+030
+015,+030
+015,+030
+015,+030
+015,+030
+015,+030
+015,+030
+015,+030
+015,+030
+015,+030
+015,+030
+015,+030
+015,+030
+015,+030
+015,+030
+015,+030
+015,+030
+015,+030
+015,+030
+015,+030
+015,+030
+015,+030
+015,+030
+015,+030
+015,+028
+015,+028
+015,+028
+015,+028
+015,+028
+015,+028
+015,+028
+015,+028
+015,+028
+015,+028
+015,+028
+015,+028
+015,+028
+015,+028
+013,+028
+013,+028
+013,+028
+013,+028
+013,+028
+013,+028
+013,+028
+013,+028
+013,+028
+013,+028
+013,+028
+011,+028
+011,+028
+011,+028
+011,+028
+011,+028
+011,+028
+011,+028
+011,+026
+011,+026
+011,+026
+011,+026
+011,+026
+011,+026
+011,+026
+011,+026
+011,+026
+011,+026
+011,+026
+011,+026
+011,+026
+011,+026
+011,+026
+011,+026
+011,+026
+011,+026
+011,+026
+011,+024
+011,+024
+011,+024
+011,+024
+011,+024
+011,+024
+011,+024
+011,+024
+009,+024
+009,+024
+009,+024
+009,+024
+009,+024
+009,+024
+009,+024
+009,+024
+009,+024
+009,+024
+009,+024
+009,+022
+009,+022
+009,+022
+009,+022
+009,+022
+009,+022
+009,+022
+009,+022
+009,+022
+009,+022
+009,+022
+009,+022
+009,+022
+009,+022
+009,+022
+009,+022
+009,+022
+009,+022
+009,+022
+009,+022
+009,+022
+009,+022
+009,+022
+009,+022
+009,+022
+009,+022
+007,+022
+007,+022
+007,+022
+007,+022
+007,+022
+007,+022
+007,+022
+007,+022
+007,+022
+007,+022
+007,+022
+007,+022
+007,+022
+007,+022
+007,+022
+007,+022
+005,+022
+005,+022
+005,+022
+005,+022
+005,+022
+005,+022
+005,+022
+005,+022
+005,+022
+005,+022
+002,+024
+002,+024
+004,+022
+002,+024
+002,+024
+002,+022
+002,+022
+002,+024
+002,+024
+002,+024
+002,+024
+002,+024
+004,+024
+002,+024
+002,+024
+004,+024
+004,+024
+004,+024
+004,+024
+004,+024
+004,+024
+004,+024
+004,+024
+004,+024
+004,+024
+004,+024
+004,+024
+004,+024
+004,+024
+004,+024
+004,+024
+004,+024
+004,+024
+004,+024
+004,+024
+004,+024
+004,+024
+004,+024
+004,+022
+004,+022
+002,+022
+002,+022
+002,+022
+002,+022
+002,+022
+002,+022
+002,+022
+002,+022
+002,+022
+004,+022
+004,+022
+004,+022
+004,+022
+004,+022
+004,+022
+004,+022
+004,+022
+004,+022
+004,+022
+004,+022
+004,+020
+004,+020
+004,+020
+004,+020
+004,+020
+004,+020
+004,+020
+004,+020
+004,+018
+004,+018
+004,+018
+004,+018
+004,+018
+004,+018
+004,+018
+004,+018
+004,+018
+004,+018
+004,+018
+004,+018
+004,+018
+004,+018
+004,+018
+004,+018
+004,+018
+004,+018
+004,+018
+004,+016
+004,+016
+004,+016
+004,+016
+004,+016
+004,+016
+004,+016
+004,+016
+004,+016
+004,+016
+004,+016
+004,+016
+004,+016
+004,+016
+004,+016
+004,+016
+004,+016
+004,+016
+004,+016
+004,+016
+004,+016
+004,+016
+004,+016
+004,+016
+004,+016
+004,+016
+004,+016
+004,+016
+004,+016
+004,+016
+004,+016
+004,+016
+004,+016
+004,+018
+004,+018
+004,+018
+004,+018
+004,+018
+004,+018
+004,+018
+004,+018
+004,+018
+004,+018
+004,+018
+004,+018
+004,+018
+004,+018
+004,+018
+004,+018
+004,+018
+004,+018
+004,+018
+004,+018
+004,+018
+004,+018
+004,+018
+004,+018
+004,+020
+004,+020
+004,+020
+004,+020
+004,+020
+004,+020
+004,+020
+004,+020
+004,+020
+004,+020
+004,+020
+004,+020
+004,+022
+004,+022
+004,+022
+004,+022
+004,+022
+004,+022
+004,+022
+002,+022
+002,+022
+002,+022
+002,+022
+002,+022
+002,+022
+002,+022
+002,+022
+002,+022
+002,+022
+002,+022
+002,+022
+002,+022
+002,+022
+002,+022
+002,+022
+002,+022
+002,+022
+002,+022
+002,+022
+002,+022
+002,+022
+002,+022
+002,+022
+000,+022
+000,+022
+000,+022
+000,+022
+000,+022
+000,+022
+000,+022
+000,+022
+000,+022
+000,+022
+000,+022
+000,+022
+000,+022
+000,+022
+000,+022
+000,+022
+000,+022
+000,+022
+000,+022
+000,+022
+000,+022
+000,+022
+000,+022
+000,+022
+000,+022
+000,+022
+000,+022
+000,+022
+000,+022
+000,+022
+000,+022
+000,+022
+000,+022
+000,+022
+000,+022
+000,+022
+000,+022
+000,+022
+000,+022
+000,+022
+000,+022
+000,+022
+000,+022
+000,+022
+000,+022
+000,+022
+000,+022
+000,+022
+000,+022
+000,+022
+000,+022
+000,+022
+000,+022
+000,+022
+000,+022
+000,+022
+000,+022
+000,+022
+000,+022
+000,+022
+000,+022
+000,+022
+000,+022
+000,+022
+000,+022
+000,+022
+000,+024
+000,+024
+000,+024
+000,+024
+000,+024
+000,+024
+000,+024
+000,+024
+000,+024
+000,+024
+000,+024
+000,+024
+000,+022
+000,+022
+000,+022
+002,+022
+002,+022
+002,+022
+002,+022
+002,+022
+002,+022
+002,+020
+004,+020
+004,+020
+004,+020
+004,+020
+004,+020
+004,+020
+004,+020
+004,+020
+004,+020
+004,+020
+004,+020
+004,+020
+004,+020
+004,+020
+004,+020
+004,+020
+004,+020
+004,+020
+004,+020
+004,+020
+004,+020
+004,+020
+004,+020
+004,+020
+004,+020
+004,+020
+004,+020
+004,+020
+004,+020
+004,+020
+004,+020
+004,+020
+004,+020
+004,+020
+004,+020
+004,+020
+004,+020
+004,+020
+004,+020
+004,+020
+004,+020
+004,+020
+004,+020
+004,+018
+004,+018
+004,+018
+004,+018
+004,+018
+004,+018
+004,+018
+004,+018
+004,+018
+004,+018
+004,+018
+004,+018
+004,+018
+004,+018
+004,+018
+004,+018
+004,+018
+004,+018
+004,+018
+004,+018
+004,+018
+004,+018
+004,+018
+004,+018
+004,+018
+004,+018
+004,+018
+004,+018
+004,+018
+004,+018
+004,+018
+004,+018
+004,+018
+004,+018
+004,+018
+002,+018
+002,+018
+002,+018
+002,+018
+002,+018
+002,+018
+002,+018
+002,+018
+002,+018
+002,+018
+002,+018
+002,+018
+002,+018
+002,+018
+002,+018
+002,+018
+002,+018
+002,+018
+002,+018
+002,+018
+002,+018
+002,+018
+002,+018
+002,+018
+002,+018
+002,+018
+002,+018
+002,+018
+002,+018
+002,+018
+002,+018
+002,+018
+002,+016
+002,+016
+002,+016
+002,+016
+002,+016
+002,+016
+000,+016
+000,+016
+000,+016
+000,+016
+000,+016
+000,+016
+000,+018
+000,+018
+000,+018
+000,+018
+000,+018
+000,+018
+000,+018
+000,+018
+000,+018
+000,+018
+000,+020
+000,+018
+000,+018
+000,+020
+000,+020
+000,+020
+000,+020
+000,+020
+000,+020
+000,+020
+000,+020
+000,+020
+000,+020
+000,+020
+000,+020
+000,+020
+000,+020
+000,+020
+000,+020
+000,+020
+000,+020
+000,+020
+000,+020
+000,+022
+000,+022
+000,+022
+000,+022
+000,+022
+000,+022
+000,+022
+000,+022
+000,+022
+000,+022
+000,+022
+000,+022
+000,+022
+000,+022
+000,+022
+000,+022
+000,+022
+000,+022
+000,+022
+000,+022
+000,+022
+000,+022
+000,+022
+000,+022
+000,+022
+000,+022
+000,+022
+000,+022
+000,+022
+000,+022
+000,+022
+000,+022
+000,+022
+000,+022
+000,+022
+000,+022
+000,+022
+000,+022
+000,+022
+000,+022
+000,+022
+000,+022
+000,+022
+000,+022
+000,+022
+000,+022
+000,+022
+000,+022
+000,+022
+000,+022
+000,+022
+000,+022
+000,+022
+000,+022
+000,+022
+000,+022
+000,+022
+000,+022
+000,+022
+000,+022
+000,+022
+000,+022
+000,+022
+000,+022
+000,+022
+000,+022
+000,+022
+000,+022
+000,+022
+000,+022
+000,+022
+000,+022
+000,+022
+000,+022
+000,+022
+000,+022
+000,+024
+000,+024
+000,+024
+000,+024
+000,+024
+000,+024
+000,+024
+000,+024
+000,+024
+000,+024
+000,+024
+000,+024
+000,+024
+000,+024
+000,+024
+000,+024
+000,+024
+000,+024
+000,+024
+000,+024
+000,+024
+000,+024
+000,+024
+000,+024
+002,+024
+002,+024
+002,+024
+002,+024
+002,+024
+002,+024
+002,+024
+002,+024
+002,+024
+002,+024
+002,+026
+002,+026
+002,+026
+002,+026
+002,+026
+002,+026
+002,+026
+002,+026
+002,+026
+002,+026
+002,+026
+002,+026
+002,+026
+002,+026
+002,+026
+002,+026
+002,+026
+002,+026
+002,+026
+002,+026
+002,+026
+002,+026
+002,+026
+002,+026
+002,+026
+002,+026
+002,+026
+002,+026
+002,+026
+002,+026
+002,+026
+002,+026
+002,+026
+002,+026
+002,+026
+002,+026
+002,+026
+002,+026
+002,+026
+002,+026
+002,+026
+002,+026
+002,+026
+002,+026
+002,+026
+002,+026
+002,+026
+002,+026
+002,+026
+002,+026
+002,+026
+002,+026
+002,+026
+002,+026
+002,+026
+002,+026
+002,+026
+002,+026
+002,+026
+000,+024
+000,+024
+000,+024
+000,+024
+000,+024
+000,+024
+000,+024
+000,+024
+000,+024
+000,+024
+000,+024
+000,+024
+000,+024
+000,+024
+000,+024
+000,+024
+000,+024
+000,+024
+000,+024
+000,+024
+000,+024
+000,+024
+000,+024
+000,+024
+000,+024
+000,+024
+000,+024
+000,+024
+000,+024
+000,+024
+000,+024
+002,+024
+002,+024
+002,+024
+002,+024
+002,+024
+002,+024
+002,+024
+002,+024
+002,+024
+002,+024
+002,+024
+002,+024
+002,+024
+002,+026
+002,+026
+002,+026
+002,+026
+002,+026
+002,+026
+002,+026
+002,+026
+002,+026
+002,+026
+002,+026
+002,+026
+002,+026
+002,+026
+002,+026
+002,+026
+002,+026
+002,+026
+002,+026
+002,+026
+002,+026
+002,+026
+002,+026
+002,+026
+002,+026
+002,+026
+002,+026
+002,+026
+002,+026
+002,+026
+002,+026
+002,+026
+002,+026
+002,+026
+002,+026
+002,+026
+002,+026
+002,+026
+000,+026
+000,+026
+000,+026
+000,+026
+000,+026
+000,+026
+000,+026
+000,+026
+000,+026
+000,+026
+000,+026
+000,+026
+000,+026
+000,+026
+000,+026
+000,+026
+000,+026
+000,+026
+000,+026
+002,+026
+002,+026
+002,+026
+002,+026
+002,+026
+002,+026
+002,+026
+002,+026
+002,+026
+002,+026
+002,+026
+002,+026
+002,+026
+002,+026
+002,+026
+002,+026
+002,+026
+002,+026
+002,+026
+002,+026
+002,+026
+002,+026
+002,+026
+002,+026
+002,+026
+002,+026
+002,+026
+002,+026
+002,+026
+002,+026
+002,+026
+004,+026
+004,+024
+004,+024
+004,+024
+004,+024
+004,+024
+004,+024
+006,+024
+006,+024
+006,+024
+006,+024
+006,+024
+006,+024
+006,+024
+006,+024
+006,+024
+006,+024
+006,+024
+006,+024
+006,+024
+006,+024
+006,+024
+006,+024
+006,+024
+006,+024
+006,+024
+006,+024
+008,+024
+008,+024
+008,+024
+008,+024
+008,+024
+008,+024
+008,+024
+008,+024
+008,+024
+008,+024
+008,+024
+008,+024
+008,+024
+008,+024
+008,+024
+008,+024
+008,+024
+008,+024
+008,+024
+008,+024
+008,+024
+008,+024
+008,+024
+008,+024
+008,+024
+008,+024
+008,+024
+008,+024
+008,+024
+008,+024
+008,+024
+008,+024
+010,+024
+010,+024
+010,+024
+010,+024
+010,+024
+010,+024
+010,+024
+010,+024
+010,+024
+010,+024
+010,+024
+010,+024
+010,+024
+010,+024
+010,+024
+010,+024
+010,+024
+010,+024
+010,+024
+010,+024
+010,+024
+010,+024
+010,+024
+010,+024
+010,+024
+010,+024
+010,+024
+010,+024
+010,+024
+010,+024
+010,+024
+010,+024
+010,+024
+010,+024
+010,+024
+010,+024
+010,+024
+010,+024
+010,+024
+010,+024
+010,+024
+010,+024
+010,+024
+010,+024
+010,+024
+010,+024
+010,+024
+010,+024
+010,+024
+010,+024
+010,+024
+010,+024
+008,+022
+008,+022
+008,+022
+008,+022
+008,+022
+008,+022
+008,+022
+008,+022
+008,+022
+008,+022
+008,+022
+008,+022
+008,+022
+008,+022
+008,+022
+008,+022
+008,+022
+008,+022
+008,+022
+008,+022
+008,+022
+008,+022
+008,+022
+008,+022
+008,+022
+008,+022
+008,+022
+008,+022
+008,+022
+008,+022
+008,+022
+008,+022
+008,+022
+008,+022
+008,+022
+008,+022
+008,+022
+008,+022
+008,+022
+008,+022
+008,+022
+008,+022
+008,+022
+010,+022
+010,+022
+010,+022
+010,+022
+010,+022
+010,+022
+010,+022
+012,+022
+012,+022
+012,+022
+012,+022
+012,+022
+012,+022
+012,+022
+012,+022
+012,+022
+014,+022
+014,+022
+014,+022
+014,+022
+014,+022
+014,+022
+014,+022
+014,+022
+014,+022
+014,+022
+014,+022
+014,+022
+014,+022
+014,+022
+014,+022
+014,+022
+014,+022
+014,+022
+014,+022
+014,+024
+014,+024
+014,+024
+014,+024
+014,+024
+014,+024
+014,+024
+014,+024
+014,+024
+014,+024
+014,+024
+014,+024
+014,+024
+014,+024
+014,+024
+014,+024
+014,+024
+014,+024
+016,+024
+016,+024
+016,+024
+016,+024
+016,+024
+016,+024
+016,+024
+016,+024
+016,+024
+016,+024
+016,+024
+016,+024
+016,+024
+016,+024
+016,+024
+016,+024
+016,+024
+016,+024
+016,+024
+016,+024
+016,+024
+016,+024
+016,+024
+016,+024
+016,+024
+016,+024
+016,+024
+016,+022
+016,+022
+016,+022
+016,+022
+016,+022
+016,+022
+016,+022
+018,+022
+018,+022
+018,+022
+018,+022
+018,+022
+018,+022
+018,+022
+018,+022
+018,+022
+018,+022
+018,+022
+018,+022
+018,+022
+018,+022
+018,+022
+020,+022
+020,+022
+020,+022
+020,+022
+020,+022
+020,+022
+020,+022
+020,+022
+020,+022
+020,+022
+020,+022
+020,+020
+020,+020
+020,+020
+020,+020
+020,+020
+020,+020
+020,+020
+020,+020
+020,+020
+020,+020
+020,+020
+020,+020
+020,+020
+020,+020
+020,+020
+020,+022
+020,+022
+020,+022
+020,+022
+020,+022
+020,+022
+020,+022
+020,+022
+020,+022
+020,+022
+020,+022
+020,+022
+020,+022
+020,+022
+020,+022
+020,+022
+020,+022
+020,+022
+020,+022
+020,+022
+020,+022
+020,+022
+020,+022
+020,+022
+020,+022
+020,+022
+020,+022
+020,+022
+020,+022
+020,+022
+020,+022
+020,+022
+020,+022
+020,+022
+020,+022
+020,+022
+020,+022
+020,+024
+020,+024
+020,+024
+020,+024
+020,+024
+020,+024
+020,+024
+020,+024
+020,+024
+020,+024
+020,+024
+020,+024
+020,+024
+020,+024
+020,+024
+020,+024
+020,+022
+020,+022
+020,+022
+020,+022
+020,+022
+020,+022
+020,+022
+020,+022
+020,+022
+018,+022
+018,+022
+018,+022
+018,+022
+018,+022
+018,+022
+018,+022
+016,+022
+016,+022
+016,+022
+016,+022
+016,+022
+014,+022
+014,+022
+014,+022
+014,+022
+014,+022
+012,+022
+012,+022
+012,+022
+010,+022
+010,+022
+010,+022
+010,+022
+008,+022
+008,+022
+008,+022
+008,+022
+008,+022
+006,+022
+006,+022
+006,+022
+006,+022
+006,+022
+006,+022
+006,+022
+006,+022
+006,+022
+006,+022
+006,+022
+006,+022
+006,+022
+006,+022
+006,+022
+006,+022
+006,+022
+006,+022
+006,+022
+006,+022
+006,+022
+008,+020
+008,+020
+008,+020
+008,+020
+008,+020
+008,+020
+008,+020
+008,+020
+008,+020
+008,+020
+008,+020
+008,+020
+008,+020
+008,+020
+008,+020
+008,+020
+008,+020
+008,+020
+008,+020
+008,+020
+008,+020
+008,+020
+008,+020
+008,+020
+008,+020
+008,+020
+008,+020
+008,+020
+008,+020
+008,+020
+008,+020
+008,+020
+008,+020
+006,+020
+006,+020
+006,+020
+006,+020
+006,+020
+006,+020
+006,+020
+006,+020
+006,+020
+006,+020
+006,+020
+006,+020
+006,+020
+006,+022
+006,+022
+006,+022
+006,+022
+006,+022
+006,+022
+006,+022
+006,+022
+006,+022
+006,+022
+006,+022
+006,+022
+006,+022
+006,+022
+006,+022
+006,+022
+006,+022
+006,+022
+006,+022
+006,+022
+006,+022
+006,+022
+006,+022
+006,+022
+006,+022
+006,+022
+006,+022
+006,+022
+006,+022
+008,+022
+008,+022
+008,+022
+008,+022
+008,+022
+008,+022
+008,+022
+008,+022
+008,+022
+008,+022
+010,+022
+010,+022
+010,+020
+010,+020
+010,+020
+010,+020
+010,+020
+010,+020
+012,+020
+012,+020
+012,+020
+012,+020
+012,+020
+012,+020
+012,+020
+012,+020
+012,+018
+014,+018
+014,+018
+014,+018
+014,+018
+014,+018
+014,+018
+014,+018
+012,+018
+012,+018
+012,+018
+012,+018
+012,+018
+012,+018
+012,+018
+012,+018
+012,+018
+012,+018
+012,+018
+012,+018
+010,+018
+010,+018
+010,+018
+010,+018
+010,+018
+010,+018
+010,+018
+010,+018
+010,+018
+010,+018
+010,+018
+010,+018
+010,+018
+010,+018
+010,+018
+010,+018
+010,+018
+010,+018
+010,+018
+010,+018
+010,+018
+010,+018
+010,+018
+010,+018
+010,+018
+010,+018
+008,+018
+008,+018
+008,+020
+008,+020
+008,+020
+008,+020
+008,+020
+008,+020
+008,+020
+008,+020
+008,+020
+008,+020
+008,+020
+008,+020
+008,+020
+008,+020
+008,+020
+008,+020
+008,+020
+008,+020
+008,+020
+008,+020
+008,+020
+008,+020
+008,+020
+008,+020
+008,+020
+008,+020
+008,+020
+008,+020
+008,+020
+008,+020
+008,+020
+008,+020
+008,+020
+008,+020
+008,+020
+006,+020
+006,+020
+006,+020
+006,+020
+006,+020
+006,+020
+006,+020
+006,+020
+006,+020
+006,+020
+006,+020
+006,+020
+006,+020
+006,+020
+006,+020
+006,+020
+006,+020
+006,+020
+006,+020
+006,+020
+006,+020
+006,+020
+006,+020
+006,+020
+008,+018
+008,+018
+008,+018
+008,+018
+008,+018
+008,+018
+008,+018
+008,+018
+008,+018
+008,+018
+008,+018
+008,+020
+008,+020
+008,+020
+008,+020
+008,+020
+008,+020
+008,+020
+008,+020
+008,+020
+008,+020
+008,+020
+008,+020
+008,+020
+008,+020
+008,+020
+008,+020
+008,+020
+008,+020
+008,+020
+008,+020
+008,+020
+008,+020
+008,+020
+008,+020
+008,+020
+008,+020
+008,+020
+008,+020
+008,+020
+008,+020
+008,+020
+008,+020
+008,+020
+010,+020
+010,+022
+010,+022
+010,+022
+010,+022
+010,+022
+010,+022
+010,+022
+010,+022
+010,+020
+010,+020
+010,+020
+010,+020
+010,+020
+010,+020
+010,+020
+010,+020
+010,+020
+010,+020
+010,+020
+010,+020
+010,+020
+010,+018
+010,+018
+010,+018
+010,+018
+010,+018
+010,+018
+010,+018
+010,+018
+010,+018
+010,+018
+010,+018
+010,+018
+008,+018
+008,+018
+008,+018
+008,+018
+008,+018
+008,+018
+008,+018
+008,+018
+008,+018
+008,+018
+008,+018
+008,+018
+008,+018
+008,+018
+006,+018
+006,+016
+006,+016
+006,+016
+006,+016
+006,+016
+006,+016
+006,+016
+006,+016
+006,+016
+006,+016
+006,+016
+006,+016
+006,+016
+006,+016
+006,+016
+006,+016
+006,+016
+006,+016
+004,+016
+004,+016
+004,+016
+004,+016
+004,+016
+004,+016
+004,+016
+004,+016
+004,+016
+004,+016
+004,+016
+004,+016
+004,+016
+004,+016
+004,+016
+004,+016
+004,+016
+004,+016
+004,+016
+004,+016
+004,+016
+004,+018
+004,+018
+004,+018
+004,+018
+004,+018
+004,+018
+004,+018
+004,+018
+004,+018
+004,+018
+004,+018
+004,+018
+004,+018
+004,+018
+004,+018
+004,+018
+004,+018
+004,+018
+004,+018
+004,+018
+004,+018
+004,+018
+004,+018
+004,+018
+004,+018
+004,+018
+004,+018
+004,+018
+004,+018
+004,+018
+004,+018
+004,+018
+004,+018
+004,+018
+004,+018
+004,+018
+004,+018
+004,+018
+004,+018
+004,+018
+004,+018
+004,+018
+004,+018
+004,+018
+004,+018
+004,+018
+004,+020
+004,+020
+004,+020
+004,+020
+004,+020
+006,+020
+006,+020
+006,+020
+006,+020
+006,+020
+006,+020
+006,+020
+006,+020
+006,+020
+006,+020
+006,+020
+006,+020
+006,+020
+006,+020
+006,+020
+006,+020
+006,+020
+006,+020
+006,+020
+006,+020
+006,+020
+006,+020
+006,+020
+006,+020
+006,+020
+006,+020
+006,+020
+006,+020
+006,+020
+006,+020
+006,+020
+006,+020
+006,+020
+006,+020
+006,+020
+006,+022
+006,+022
+008,+022
+008,+022
+008,+022
+008,+022
+008,+022
+008,+022
+008,+022
+008,+022
+008,+022
+008,+022
+010,+022
+010,+022
+010,+024
+010,+024
+010,+024
+010,+024
+010,+024
+010,+024
+010,+024
+010,+024
+010,+024
+010,+024
+010,+024
+010,+024
+010,+024
+008,+024
+008,+024
+008,+024
+008,+024
+008,+024
+008,+024
+008,+024
+006,+024
+006,+024
+006,+024
+006,+024
+006,+024
+006,+024
+006,+024
+006,+024
+006,+024
+006,+024
+006,+024
+006,+024
+006,+024
+006,+024
+006,+024
+006,+024
+006,+026
+006,+026
+006,+026
+006,+026
+006,+026
+006,+026
+006,+026
+006,+026
+006,+026
+006,+026
+004,+026
+004,+026
+006,+026
+004,+026
+004,+026
+006,+026
+006,+026
+004,+026
+004,+026
+004,+026
+004,+026
+004,+026
+006,+026
+004,+026
+004,+026
+006,+026
+006,+026
+006,+028
+006,+028
+006,+028
+006,+028
+006,+028
+006,+028
+006,+028
+006,+028
+006,+028
+006,+028
+006,+028
+006,+028
+006,+028
+006,+028
+006,+028
+006,+028
+006,+028
+006,+028
+006,+028
+006,+028
+006,+028
+006,+028
+006,+028
+006,+028
+006,+028
+006,+028
+006,+028
+006,+028
+006,+028
+006,+028
+006,+028
+006,+028
+006,+028
+006,+028
+006,+028
+006,+028
+006,+028
+006,+028
+008,+028
+008,+028
+006,+028
+008,+028
+008,+028
+008,+028
+008,+028
+008,+028
+008,+028
+008,+028
+008,+028
+008,+028
+006,+028
+006,+026
+006,+026
+006,+026
+006,+026
+006,+026
+006,+026
+006,+026
+006,+026
+006,+026
+006,+026
+006,+026
+006,+026
+006,+026
+006,+026
+006,+026
+006,+026
+006,+026
+006,+026
+006,+026
+006,+026
+006,+026
+006,+026
+006,+026
+006,+026
+008,+026
+008,+026
+008,+026
+008,+026
+008,+026
+008,+026
+008,+026
+008,+026
+008,+026
+008,+026
+008,+026
+008,+026
+008,+026
+008,+026
+008,+026
+008,+026
+008,+026
+008,+026
+008,+026
+008,+026
+008,+026
+008,+026
+008,+026
+008,+026
+008,+026
+008,+026
+008,+026
+010,+026
+010,+026
+010,+026
+010,+026
+010,+026
+010,+026
+010,+026
+010,+026
+010,+026
+010,+026
+010,+026
+010,+026
+010,+026
+010,+026
+010,+026
+010,+026
+010,+026
+010,+026
+008,+026
+008,+026
+008,+026
+008,+026
+008,+026
+008,+026
+008,+026
+008,+026
+008,+026
+008,+026
+008,+026
+008,+026
+008,+026
+008,+026
+008,+026
+008,+026
+008,+026
+008,+026
+008,+026
+008,+026
+008,+026
+010,+026
+010,+026
+010,+026
+010,+026
+010,+026
+010,+026
+010,+026
+010,+026
+010,+026
+010,+026
+010,+026
+010,+026
+010,+026
+010,+026
+010,+026
+010,+026
+010,+026
+010,+026
+010,+026
+010,+026
+010,+026
+010,+026
+010,+026
+010,+026
+010,+026
+010,+028
+010,+028
+010,+028
+010,+028
+010,+028
+010,+028
+010,+028
+010,+028
+010,+028
+010,+028
+010,+028
+010,+028
+010,+028
+010,+028
+010,+028
+010,+028
+010,+028
+010,+028
+010,+028
+010,+028
+010,+028
+010,+028
+010,+028
+010,+028
+010,+028
+010,+028
+010,+028
+008,+028
+008,+028
+008,+028
+008,+028
+008,+028
+008,+028
+008,+028
+008,+028
+008,+028
+008,+028
+008,+028
+008,+028
+008,+028
+008,+028
+006,+028
+006,+028
+006,+028
+006,+028
+006,+028
+006,+028
+006,+028
+006,+028
+008,+028
+008,+028
+006,+028
+008,+028
+008,+028
+006,+028
+008,+028
+008,+028
+006,+028
+006,+028
+008,+028
+008,+028
+006,+028
+008,+028
+008,+028
+006,+028
+006,+028
+006,+028
+006,+028
+006,+028
+006,+028
+006,+028
+006,+028
+006,+028
+006,+028
+006,+028
+006,+028
+006,+028
+006,+028
+006,+028
+006,+028
+006,+028
+006,+028
+006,+028
+006,+028
+006,+028
+006,+028
+006,+028
+006,+028
+006,+028
+006,+028
+006,+028
+006,+028
+006,+028
+006,+028
+006,+028
+006,+028
+006,+028
+006,+028
+006,+028
+006,+028
+006,+028
+006,+028
+004,+028
+004,+028
+004,+028
+004,+028
+004,+028
+004,+028
+004,+028
+004,+028
+004,+028
+004,+028
+004,+028
+004,+028
+004,+028
+004,+028
+004,+028
+004,+028
+004,+028
+004,+028
+004,+028
+004,+028
+004,+028
+004,+028
+004,+028
+004,+028
+004,+028
+004,+028
+004,+028
+004,+028
+004,+028
+004,+028
+004,+028
+004,+028
+004,+028
+004,+028
+004,+028
+004,+028
+004,+028
+004,+028
+004,+028
+004,+028
+004,+028
+004,+028
+004,+028
+004,+028
+004,+028
+004,+028
+004,+028
+004,+028
+004,+028
+004,+028
+004,+028
+004,+028
+004,+028
+004,+028
+004,+028
+004,+028
+004,+028
+004,+028
+004,+028
+004,+028
+004,+028
+004,+028
+004,+028
+004,+028
+004,+028
+004,+028
+004,+028
+004,+028
+004,+028
+004,+028
+004,+028
+004,+028
+004,+028
+004,+028
+004,+028
+004,+028
+004,+026
+004,+026
+004,+026
+004,+026
+004,+026
+004,+026
+004,+026
+004,+026
+004,+026
+004,+026
+004,+026
+004,+026
+004,+026
+004,+026
+006,+026
+006,+026
+006,+026
+006,+026
+006,+026
+006,+026
+006,+026
+006,+026
+006,+026
+006,+026
+006,+026
+006,+026
+006,+026
+006,+026
+006,+026
+004,+026
+004,+026
+006,+026
+004,+026
+004,+026
+006,+026
+006,+026
+004,+026
+006,+026
+006,+026
+006,+026
+006,+026
+006,+026
+006,+026
+006,+026
+006,+026
+006,+026
+006,+026
+006,+026
+006,+026
+006,+026
+006,+026
+006,+026
+006,+026
+006,+026
+008,+026
+008,+026
+008,+026
+008,+026
+008,+026
+008,+026
+008,+026
+008,+026
+008,+026
+008,+026
+008,+026
+008,+026
+008,+026
+008,+026
+008,+024
+008,+024
+008,+024
+008,+024
+008,+024
COP Area(S): 000914
COP Area(R): 002281