+000,+000
+000,+001
+000,+001
+000,+001
+000,+001
+000,+001
+000,+001
+000,+001
+000,+001
+002,+001
+002,+001
+002,+001
+002,+001
+002,+001
+002,+001
+002,+001
+002,+001
+002,+001
+002,+001
+002,+001
+002,+001
+002,+001
+002,+001
+005,+001
+005,+001
+005,+001
+005,+001
+005,+001
+009,+004
+009,+002
+009,+002
+011,+002
+011,+002
+011,+002
+011,+002
+011,+002
+011,+002
+011,+002
+013,+002
+013,+002
+013,+002
+013,+002
+013,+002
+013,+002
+013,+002
+015,+002
+015,+000
+015,+000
+015,+000
+015,+000
+015,+000
+015,+000
+015,+000
+015,+000
+017,+000
+017,+000
+017,+002
+017,+002
+017,+002
+017,+002
+017,+002
+017,+002
+017,+002
+017,+002
+017,+002
+017,+002
+017,+002
+017,+002
+017,+002
+017,+002
+017,+002
+017,+002
+017,+002
+017,+002
-018,+002
-018,+002
-018,+002
-019,+002
-019,+004
-019,+004
-020,+004
-020,+004
-020,+004
-021,+006
-021,+006
-022,+006
-022,+006
-022,+006
-022,+006
-022,+006
-023,+008
-023,+008
-023,+008
-023,+008
-023,+008
-024,+008
-024,+008
-024,+008
-024,+008
-025,+008
-025,+008
-025,+006
-025,+006
-025,+006
-025,+006
-026,+006
-026,+006
-026,+004
-026,+004
-026,+004
-026,+004
-026,+002
-026,+002
-026,+002
-026,+002
-026,+002
-026,+002
-026,+002
-026,+000
-026,+000
-026,+000
-026,+000
-026,+000
-026,+000
-026,+000
-026,+000
-026,+000
-026,+000
-026,+002
-026,+002
-026,+002
-027,+002
-027,+002
-027,+002
-027,+002
-027,+002
-027,+002
-027,+002
-027,+002
-027,+002
-027,+002
-027,+002
-027,+002
-027,+002
-027,+002
-027,+002
-027,+002
-027,+002
-027,+002
-027,+002
-027,+002
-027,+002
-027,+002
-027,+002
-027,+002
-027,+002
-027,+002
-027,+002
-027,+002
-027,+002
-027,+002
-027,+002
-027,+002
-027,+000
-027,+000
-027,+000
-027,+000
-027,+000
-027,+000
-027,+000
-027,+000
-027,+000
-027,+000
-027,+000
-024,+000
-025,+000
-025,+000
-025,+000
-025,+000
-025,+002
-025,+002
-025,+002
-025,+002
-025,+002
-025,+002
-025,+002
-025,+002
-025,+002
-025,+002
-025,+002
-025,+002
-025,+002
-025,+002
-025,+002
-025,+002
-025,+002
-025,+002
-025,+002
-022,+002
-023,+002
-023,+002
-023,+002
-023,+002
-023,+002
-023,+002
-023,+002
-023,+002
-023,+002
-023,+002
-023,+002
-023,+002
-023,+002
-023,+002
-023,+002
-023,+002
-023,+002
-023,+002
-023,+002
-023,+002
-023,+002
-023,+002
-023,+002
-023,+002
-023,+002
-023,+002
-023,+002
-023,+004
-023,+004
-023,+004
-023,+004
-023,+004
-023,+004
-023,+004
-023,+004
-023,+004
-023,+004
-023,+004
-023,+004
-023,+004
-023,+004
-023,+004
-023,+004
-023,+004
-023,+004
-023,+004
-023,+004
-023,+006
-023,+006
-023,+006
-020,+006
-021,+006
-021,+006
-021,+006
-021,+006
-021,+006
-021,+006
-021,+008
-021,+008
-021,+008
-021,+008
-021,+008
-021,+008
-021,+008
-021,+008
-021,+008
-021,+008
-021,+008
-021,+008
-021,+008
-021,+008
-021,+008
-021,+008
-022,+008
-022,+008
-022,+008
-022,+008
-022,+008
-022,+008
-022,+008
-022,+008
-022,+008
-022,+008
-022,+008
-022,+008
-022,+008
-022,+008
-022,+008
-022,+008
-022,+008
-022,+008
-022,+008
-022,+008
-022,+008
-022,+008
-022,+008
-022,+008
-022,+008
-022,+008
-023,+008
-023,+008
-023,+008
-023,+008
-023,+008
-023,+008
-023,+008
-023,+008
-023,+008
-023,+008
-023,+008
-023,+008
-023,+008
-023,+008
-023,+008
-023,+008
-023,+006
-023,+006
-023,+006
-023,+006
-023,+006
-023,+006
-023,+006
-023,+006
-023,+006
-023,+006
-023,+006
-023,+006
-023,+006
-023,+006
-023,+006
-023,+006
-023,+006
-023,+006
-023,+006
-023,+006
-023,+006
-023,+006
-023,+006
-023,+006
-023,+006
-023,+006
-023,+006
-023,+006
-023,+006
-023,+006
-023,+006
-023,+006
-023,+006
-023,+006
-023,+006
-023,+006
-023,+006
-020,+006
-020,+006
-020,+006
-020,+006
-020,+004
-020,+004
-020,+004
-020,+004
-020,+004
-020,+004
-020,+004
-020,+004
-020,+004
-020,+004
-020,+004
-020,+004
-020,+004
-020,+004
-020,+004
-020,+004
-020,+004
-020,+004
+017,+004
+017,+004
+017,+004
+017,+004
+017,+004
+017,+004
+017,+004
+017,+004
+017,+002
+017,+002
+017,+002
+017,+002
+017,+002
+015,+002
+015,+002
+015,+002
+015,+002
+013,+002
+013,+002
+009,+004
+009,+004
+007,+004
+007,+004
+007,+004
+007,+004
+007,+004
+007,+004
+007,+004
+005,+004
+005,+004
+005,+004
+005,+004
+005,+004
+005,+004
+005,+004
+005,+004
+003,+004
+003,+004
+003,+004
+003,+004
+003,+004
+003,+004
+003,+004
+003,+004
+003,+004
+003,+004
+003,+004
+003,+004
+003,+004
+003,+004
+003,+004
+003,+004
+003,+004
+003,+004
+003,+004
+003,+006
+005,+006
+005,+006
+005,+006
+005,+006
+005,+006
+007,+006
+007,+008
+007,+008
+007,+008
+009,+008
+009,+008
+009,-009
+009,-009
+011,-009
+011,-009
+011,-010
+011,-010
+013,-010
+013,-010
+013,-011
+013,-011
+013,-011
+013,-011
+013,-012
+013,-012
+015,-012
+015,-012
+015,-012
+015,-012
+017,-009
+017,-011
+017,-011
+017,-011
-019,+008
-020,+008
-021,+008
-021,+008
-021,+008
-021,+008
-021,+008
-022,+008
-022,+008
-022,+008
-022,+008
-023,-009
-023,-009
-024,-009
-024,-010
-024,-010
-025,-010
-025,-010
-025,-010
-026,-011
-026,-011
-026,-011
-027,-011
-027,-011
-028,-011
-028,-011
-028,-011
-029,-011
-029,-011
-030,-011
-030,-011
-030,-011
-030,-011
-031,-011
-031,-011
-031,-011
-031,-011
-031,-011
-031,-011
-031,-011
-032,-011
-032,-011
-032,-011
-032,-011
-032,-011
-032,-011
-032,-011
-032,-011
-032,-011
-032,-011
-032,-011
-032,-011
-033,-011
-033,-011
-033,-011
-033,-011
-033,-011
-033,-011
-033,-011
-033,-011
-033,-011
-033,-011
-033,-011
-033,-011
-033,-011
-030,+008
-030,+008
-030,+008
-030,+008
-030,+008
-030,+008
-030,+008
-030,+008
-030,+006
-030,+006
-027,+006
-027,+006
-027,+006
-027,+006
-027,+006
-027,+004
-024,+004
-024,+004
-024,+004
-024,+004
-024,+004
-024,+004
-021,+004
-021,+002
-021,+002
-021,+002
-021,+002
-018,+002
-018,+000
-018,+000
-018,+000
+016,+000
+016,+000
+016,+000
+016,+000
+016,+002
+014,+002
+014,+002
+014,+002
+012,+002
+012,+002
+012,+004
+010,+004
+010,+004
+010,+004
+010,+004
+010,+004
+010,+006
+008,+006
+008,+006
+008,+006
+008,+008
+008,+008
+008,+008
+008,+008
+006,+008
+006,+008
+006,+008
+006,+008
+006,+008
+006,+008
+006,+008
+006,+008
+006,+008
+006,+008
+004,+008
+002,+006
+002,+008
+004,+008
+001,+008
+001,+008
+003,+008
+001,+008
+001,+008
+003,+008
+003,+008
+001,+008
+001,+008
+004,+010
+002,+010
+002,+010
+002,+010
+002,+010
+002,+010
+004,+010
+004,+010
+004,+010
+004,+010
+004,+010
+004,+010
+006,+010
+006,+010
+006,+010
+006,+010
+006,+010
+006,+010
+008,+010
+008,+010
+008,+010
+008,+008
+010,+008
+010,+008
+010,+008
+010,+008
+012,+008
+012,+008
+012,+006
+014,+006
+014,+006
+014,+006
+014,+006
+016,+006
+016,+006
+016,+004
+016,+004
+016,+004
+017,+004
+017,+004
+017,+004
-018,+004
-018,+004
-018,+004
-018,+004
-019,+002
-019,+002
-019,+002
-019,+002
-019,+002
-020,+002
-020,+002
-020,+002
-020,+002
-020,+000
-020,+000
-020,+000
-020,+000
-020,+000
-020,+000
-020,+000
-020,+000
-020,+000
-020,+000
-020,+000
-020,+000
-020,+000
-020,+000
-020,+000
-020,+000
-020,+000
-020,+000
-020,+000
-020,+000
-020,+000
-020,+002
-020,+002
-020,+002
-020,+002
-020,+002
-020,+002
-020,+002
-020,+002
-020,+002
-020,+002
-020,+002
-020,+002
-020,+002
-020,+002
-020,+002
-020,+002
-020,+002
-020,+002
-020,+002
-020,+002
-020,+002
-020,+002
-020,+002
-020,+002
-020,+002
-020,+002
+017,+002
+017,+002
+017,+002
+017,+002
+017,+002
+017,+000
+017,+000
+017,+000
+017,+000
+015,+000
+015,+000
+015,+000
+015,+000
+015,+000
+015,+000
+015,+002
+015,+002
+015,+002
+015,+002
+015,+002
+015,+002
+015,+002
+015,+002
+015,+002
+015,+002
+015,+002
+015,+002
+015,+002
+015,+002
+015,+002
+015,+002
+015,+002
+015,+002
+015,+002
+015,+000
+015,+000
+015,+000
+015,+000
+015,+000
+017,+000
+017,+000
+017,+000
+017,+000
+017,+002
+017,+002
+017,+002
+017,+002
+017,+002
+017,+002
-018,+002
-018,+002
-018,+002
-018,+002
-018,+002
-018,+002
-019,+002
-019,+002
-019,+004
-019,+004
-019,+004
-019,+004
-019,+004
-019,+004
-019,+004
-019,+004
-019,+004
-019,+004
-019,+004
-019,+004
-019,+004
-019,+004
-019,+004
-019,+004
-019,+004
-019,+004
-019,+004
-019,+004
-019,+006
-019,+006
-019,+006
-019,+006
-019,+006
-019,+006
-019,+006
-019,+006
-019,+006
-019,+006
-019,+006
-019,+006
-019,+006
-019,+006
-019,+006
-019,+006
-019,+006
-019,+006
-019,+006
-019,+006
-019,+006
-019,+006
-019,+006
-020,+006
-020,+006
-020,+006
-020,+008
-020,+008
-020,+008
-020,+008
-020,+008
-020,+008
-020,+008
-020,+008
-020,+008
-020,+008
-020,+008
-020,+008
-020,+008
-020,+008
-020,+008
-020,+008
-020,+008
-020,+008
-020,+008
-020,+008
-020,+008
-020,+008
-020,+008
-020,+008
-020,+008
-020,+008
-020,+008
-020,+008
-020,+008
-020,+008
-020,+008
-020,-010
-020,-010
-021,+008
-021,-010
-021,-010
-021,-010
-021,-010
-021,-010
-021,-010
-021,-010
-022,-010
-022,-010
-022,-010
-022,-010
-022,-010
-022,-010
-022,-010
-022,-010
-023,-010
-023,-010
-023,-010
-023,-010
-023,-010
-023,-010
-023,-010
-023,-010
-023,-010
-024,-010
-024,-010
-024,-010
-024,-010
-024,-010
-025,-010
-025,-010
-025,-010
-025,-010
-025,-010
-025,-010
-025,-010
-025,-010
-025,-010
-026,-010
-026,-010
-026,-010
-026,-010
-026,-011
-026,-011
-026,-011
-026,-011
-027,-011
-027,-011
-027,-011
-027,-012
-027,-012
-027,-012
-027,-012
-027,-012
-027,-012
-027,-012
-027,-012
-027,-012
-027,-012
-027,-012
-027,-012
-027,-012
-027,-012
-027,-012
-027,-012
-027,-012
-027,-012
-027,-012
-027,-012
-027,-012
-027,-012
-027,-012
-027,-012
-027,-012
-027,-012
-027,-012
-027,-012
-027,-012
-027,-009
-027,-009
-027,-009
-027,-009
-027,-009
-027,-009
-027,-009
-028,-009
-028,-009
-028,-009
-028,-009
-029,-009
-029,-009
-029,+007
-029,+007
-029,+007
-029,+007
-029,+007
-029,+007
-029,+007
-029,+007
-029,+007
-029,+007
-029,+007
-029,+007
-029,+005
-029,+005
-029,+005
-029,+005
-029,+005
-029,+005
-029,+005
-029,+005
-029,+005
-029,+005
-029,+005
-029,+005
-029,+005
-029,+005
-029,+005
-029,+005
-029,+005
-029,+005
-029,+005
-029,+005
-029,+005
-029,+005
-029,+005
-029,+005
-029,+005
-029,+005
-026,+005
-026,+005
-026,+005
-026,+005
-026,+005
-026,+005
-026,+005
-026,+005
-023,+005
-023,+005
-023,+005
-023,+005
-023,+005
-020,+003
-020,+003
-020,+003
-020,+003
-020,+003
+017,+001
+017,+001
+017,+001
+017,+001
+017,+001
+015,+001
+015,+001
+015,+001
+015,+001
+015,+001
+013,+001
+013,+001
+013,+001
+013,+001
+013,+003
+013,+003
+013,+003
+013,+003
+013,+003
+013,+003
+013,+003
+013,+003
+013,+003
+013,+003
+013,+003
+013,+003
+013,+003
+013,+001
+013,+001
+013,+001
+013,+001
+013,+001
+013,+001
+013,+001
+013,+001
+013,+001
+013,+001
+013,+001
+013,+001
+013,+001
+015,+001
+015,+001
+015,+001
+015,+001
+015,+001
+015,+001
+015,+001
+015,+001
+015,+001
+017,+001
+017,+001
+017,+001
+017,+001
+017,+001
+017,+001
+017,+001
+017,+001
+017,+001
+017,+001
-018,+001
-018,+001
-018,+001
-018,+001
-018,+001
-019,+001
-019,+001
-019,+001
-019,+001
-019,+003
-019,+003
-019,+003
-019,+003
-019,+003
-019,+003
-019,+003
-019,+003
-019,+003
-019,+003
-020,+003
-020,+003
-020,+003
-020,+003
-020,+003
-020,+003
-020,+003
-020,+003
-020,+003
-020,+003
-020,+003
-020,+003
-020,+003
-020,+003
-020,+003
-020,+001
-020,+001
-020,+001
-020,+001
-020,+001
-020,+001
-020,+001
-020,+001
-020,+001
-020,+001
+017,+001
+017,+001
+017,+001
+017,+001
+017,+001
+017,+001
+017,+001
+017,+001
+017,+001
+017,+001
+017,+001
+017,+001
+017,+001
+014,+003
+012,+003
+012,+003
+012,+003
+012,+003
+012,+003
+012,+003
+012,+003
+010,+003
+010,+003
+010,+003
+008,+003
+008,+005
+006,+005
+006,+005
+006,+005
+006,+005
+006,+005
+004,+005
+004,+005
+004,+005
+004,+005
+004,+005
+004,+005
+004,+005
+004,+005
+004,+005
+004,+005
+002,+005
+002,+005
+002,+005
+002,+005
+002,+005
+002,+005
+002,+005
+002,+005
+002,+005
+002,+005
+002,+005
+002,+005
+002,+007
+002,+007
+002,+007
+002,+007
+002,+007
+004,+007
+004,+007
+004,+007
+004,+007
+004,+007
+004,+008
+004,+008
+004,+008
+004,+008
+004,+008
+004,+008
+004,+008
+004,-009
+004,-009
+006,-009
+006,-009
+006,-009
+006,-009
+006,-009
+006,-009
+006,-009
+006,-009
+006,-010
+006,-010
+008,-010
+008,-010
+008,-010
+008,-010
+008,-010
+008,-010
+008,-010
+008,-010
+008,-010
+008,-010
+008,-010
+010,-010
+010,-010
+010,-010
+010,-010
+010,-011
+010,-011
+010,-011
+012,-011
+012,-011
+012,-011
+012,-011
+012,-011
+012,-011
+012,-011
+012,-011
+012,-011
+012,-011
+012,-011
+012,-011
+014,-011
+014,-011
+014,-011
+016,+008
+016,+008
+016,+008
-018,+006
-018,+006
-018,+006
-018,+006
-019,+006
-019,+006
-019,+006
-019,+006
-019,+006
-019,+006
-019,+006
-019,+006
-019,+006
-019,+006
-019,+006
-019,+006
-019,+006
-019,+006
-019,+006
-019,+006
-019,+006
-019,+006
-019,+006
-019,+006
-019,+004
-019,+004
-019,+004
-019,+004
-019,+004
-019,+004
-019,+004
-019,+004
-019,+004
-019,+004
-019,+004
-019,+004
-019,+004
-019,+004
-019,+004
-019,+004
-019,+004
+017,+004
+017,+004
+017,+004
+017,+004
+017,+004
+017,+004
+017,+002
+015,+002
+015,+002
+015,+002
+015,+002
+015,+002
+015,+002
+015,+000
+013,+000
+013,+000
+013,+000
+011,+000
+009,+000
+009,+000
+009,+000
+009,+000
+009,+000
+007,+000
+007,+000
+005,+000
+005,+002
+005,+002
+003,+002
+003,+002
+003,+002
+003,+002
+003,+002
+001,+002
+001,+002
+001,+002
+001,+002
+001,+000
+001,+000
+001,+000
+001,+000
+001,+000
+001,+000
+001,+000
+001,+000
+001,+000
+003,+002
+003,+002
+003,+002
+003,+002
+003,+002
+003,+002
+003,+002
+003,+002
+003,+002
+003,+002
+003,+002
+003,+002
+003,+004
+003,+004
+003,+004
+003,+004
+003,+004
+003,+004
+003,+004
+003,+004
+003,+004
+003,+004
+003,+004
+003,+004
+003,+004
+003,+004
+003,+004
+003,+004
+003,+004
+003,+004
+003,+004
+003,+004
+003,+004
+003,+004
+003,+004
+003,+004
+001,+004
+001,+004
+001,+004
+001,+004
+001,+004
+001,+004
+001,+004
+001,+004
+001,+006
+001,+006
+001,+006
+004,+008
+004,+006
+004,+006
+004,+008
+004,+008
+004,+008
+004,+008
+006,+008
+006,+008
+006,+008
+006,+008
+006,+008
+006,+008
+006,+008
+006,+008
+008,+008
+008,+008
+008,+006
+008,+006
+008,+006
+008,+006
+008,+006
+008,+006
+010,+006
+010,+006
+010,+006
+010,+006
+010,+006
+010,+004
+010,+004
+010,+004
+010,+004
+010,+004
+010,+004
+010,+004
+010,+004
+010,+004
+010,+004
+010,+004
+012,+004
+012,+004
+012,+004
+012,+004
+012,+004
+012,+004
+012,+004
+012,+004
+012,+004
+012,+004
+014,+004
+014,+004
+014,+004
+014,+004
+014,+004
+014,+004
+014,+004
+014,+004
+016,+006
+016,+006
+016,+006
+016,+006
+016,+006
+016,+006
+016,+006
+017,+006
+017,+006
+017,+006
+017,+006
-018,+006
-018,+006
-018,+008
-018,+008
-018,+008
-018,+008
-018,+008
-018,+008
-018,+008
-018,+008
-018,+008
-018,+008
-018,+008
-018,+008
-018,+008
-018,+008
-018,+008
-018,+008
-018,+008
-018,+008
-018,+008
-018,+008
-018,+008
+016,+008
+016,+008
+016,+008
+016,+008
+016,+008
+014,+008
+014,+008
+014,+008
+014,+008
+012,+008
+012,+008
+012,+008
+012,+008
+012,+008
+012,+008
+012,+008
+012,+008
+010,+008
+010,+008
+010,+008
+010,+008
+010,+008
+010,+008
+010,+008
+010,+008
+010,+008
+010,+008
+008,+008
+008,+008
+008,+008
+008,+008
+008,+008
+008,+008
+008,+008
+008,+008
+008,+008
+008,+008
+008,+008
+008,+008
+008,+008
+008,+008
+008,+008
+008,+008
+008,+008
+008,+008
+008,+008
+008,+008
+008,+008
+008,+008
+008,+008
+008,+008
+008,+008
+008,+008
+008,+008
+008,+008
+008,+008
+008,+008
+008,+008
+008,+008
+008,+008
+008,+008
+008,+008
+008,+008
+008,+008
+008,+008
+008,+008
+008,+008
+008,+008
+008,+008
+008,+008
+008,+008
+008,+008
+008,+008
+008,+008
+008,+008
+008,+008
+008,+008
+008,+008
+008,+008
+008,+008
+008,+008
+008,+008
+008,+008
+008,+008
+008,+008
+008,+008
+008,+008
+008,+008
+008,+008
+008,+008
+008,+008
+008,+008
+008,+008
+008,+008
+008,+008
+008,+008
+008,+008
+008,+008
+008,+008
+008,+008
+008,+008
+008,+008
+008,+008
+008,+008
+006,+008
+006,+008
+006,+008
+006,+008
+006,+008
+006,+008
+006,+008
+006,+008
+006,+008
+006,+008
+006,+008
+006,+008
+006,+008
+006,+008
+006,+008
+006,+008
+006,+008
+006,+008
+006,+008
+006,+008
+006,+008
+006,+008
+006,+008
+003,+006
+003,+006
+006,+008
+004,+005
+004,+005
+006,+007
+006,+007
+004,+004
+007,+006
+007,+006
+007,+006
+007,+006
+007,+006
+007,+006
+007,+006
+007,+006
+007,+006
+007,+006
+009,+006
+009,+006
+009,+006
+009,+006
+009,+006
+009,+006
+009,+006
+009,+006
+009,+006
+011,+006
+011,+004
+011,+004
+011,+004
+011,+004
+011,+004
+011,+004
+011,+004
+011,+004
+011,+004
+011,+004
+011,+004
+011,+004
+011,+004
+011,+004
+011,+004
+011,+004
+011,+004
+011,+004
+011,+004
+011,+004
+011,+004
+011,+004
+008,+001
+008,+001
+010,+003
+007,+001
+007,+001
+010,+004
+010,+004
+007,+001
+009,+003
+009,+003
+009,+003
+009,+003
+009,+003
+011,+003
+011,+003
+011,+003
+011,+003
+011,+003
+011,+003
+011,+003
+011,+003
+011,+003
+011,+003
+011,+003
+011,+003
+011,+003
+011,+003
+011,+003
+011,+003
+011,+005
+011,+005
+011,+005
+011,+005
+011,+005
+011,+005
+011,+005
+011,+005
+011,+005
+011,+005
+011,+005
+011,+005
+011,+005
+011,+005
+011,+005
+011,+005
+011,+005
+011,+005
+011,+005
+011,+005
+011,+005
+011,+005
+011,+005
+011,+005
+011,+005
+011,+005
+011,+005
+011,+005
+011,+005
+011,+005
+011,+005
+011,+003
+011,+003
+011,+003
+011,+003
+011,+003
+013,+003
+013,+003
+013,+003
+013,+003
+013,+003
+013,+003
+013,+003
+013,+003
+013,+003
+013,+003
+015,+001
+015,+001
+015,+001
+015,+001
+015,+001
+015,+001
+015,+001
+015,+001
+015,+001
+017,+001
+017,+001
+017,+001
+017,+001
+017,+001
+017,+001
-018,+001
-018,+001
-019,+001
-019,+001
-019,+001
-019,+001
-019,+001
-020,+001
-020,+001
-020,+001
-020,+003
-020,+003
-021,+003
-021,+003
-021,+003
-021,+003
-021,+003
-021,+003
-022,+003
-022,+003
-022,+003
-022,+003
-022,+003
-022,+003
-022,+003
-022,+003
-022,+003
-022,+003
-022,+003
-022,+003
-022,+003
-022,+003
-022,+003
-022,+003
-022,+003
-022,+003
-022,+003
-022,+003
-022,+003
-022,+003
-022,+003
-022,+003
-022,+003
-022,+003
-022,+003
-022,+003
-022,+003
-019,+003
-019,+003
-019,+003
-019,+003
-019,+003
-019,+005
-019,+005
-019,+005
-019,+005
-019,+005
-019,+005
-019,+005
-019,+005
-019,+005
-019,+005
-019,+005
-019,+005
-019,+005
-019,+005
-019,+005
-019,+005
-019,+005
-019,+005
-019,+005
-019,+005
-019,+005
-019,+005
-019,+005
-020,+005
-020,+005
-020,+005
-020,+005
-020,+005
-020,+005
-020,+005
-021,+005
-021,+005
-021,+005
-021,+005
-021,+005
-022,+005
-022,+005
-022,+005
-022,+005
-022,+005
-023,+005
-023,+005
-023,+005
-023,+005
-023,+005
-023,+005
-023,+005
-024,+005
-024,+005
-024,+005
-024,+005
-024,+005
-024,+005
-024,+005
-024,+005
-024,+005
-024,+005
-024,+005
-024,+005
-024,+005
-024,+005
-024,+005
-025,+005
-025,+005
-025,+005
-025,+005
-025,+005
-025,+005
-025,+005
-025,+005
-025,+007
-026,+007
-026,+007
-026,+007
-026,+007
-026,+007
-026,+007
-026,+007
-026,+007
-027,+007
-027,+007
-027,+007
-027,+007
-028,+007
-028,+007
-028,+007
-028,+007
-028,+007
-028,+007
-028,+007
-029,+007
-029,+007
-029,+007
-030,+007
-030,+007
-030,+007
-030,+007
-030,+007
-030,+007
-030,+007
-030,+007
-030,+007
-031,+007
-031,+007
-031,+007
-032,+007
-032,+007
-032,+007
-032,+007
-032,+007
-033,+007
-033,+007
-033,+007
-034,+007
-034,+007
-034,+007
-034,+007
-035,+007
-035,+007
-035,+007
-035,+007
-035,+007
-035,+007
-036,+007
-036,+007
-036,+007
-037,+009
-037,+009
-037,+009
-037,+009
-038,+009
-038,+009
-038,+009
-038,+009
-038,+009
-038,+009
-038,+009
-038,+009
-038,+009
-038,+009
-038,+009
-038,+009
-038,+009
-038,+009
-038,+009
-038,+009
-038,+009
-038,+009
-038,+009
-038,+009
-038,+009
-035,+009
-035,+009
-035,+009
-035,+007
-035,+007
-035,+007
-035,+007
-032,+007
-032,+005
-032,+005
-032,+005
-032,+005
-032,+005
-029,+005
-029,+003
-029,+003
-029,+003
-029,+003
-026,+003
-026,+003
-026,+003
-026,+003
-026,+003
-023,+003
-023,+003
-023,+003
-023,+003
-023,+003
-023,+003
-020,+003
-020,+003
-020,+003
-020,+003
+017,+003
+017,+003
+017,+003
+017,+003
+017,+003
+015,+003
+015,+003
+015,+003
+015,+003
+015,+003
+013,+003
+013,+003
+013,+003
+013,+003
+013,+003
+013,+003
+013,+003
+011,+003
+011,+003
+011,+005
+011,+005
+011,+005
+011,+005
+011,+005
+011,+005
+011,+005
+011,+005
+009,+005
+009,+005
+009,+005
+009,+005
+009,+005
+009,+005
+009,+005
+009,+005
+009,+005
+009,+005
+009,+005
+009,+005
+009,+007
+009,+007
+009,+007
+009,+007
+009,+007
+009,+007
+009,+007
+009,+007
+009,+007
+009,+007
+009,+009
+009,+009
+009,+009
+009,+009
+009,+009
+009,+009
+011,+009
+011,+009
+011,+009
+011,+009
+011,+009
+011,+009
+011,+009
+011,+011
+011,+011
+011,+011
+011,+011
+011,+011
+011,+011
+011,+011
+011,+011
+011,+011
+011,+011
+011,+011
+011,+011
+011,+011
+011,+011
+011,+011
+011,+011
+011,+011
+011,+013
+011,+013
+011,+013
+013,+013
+013,+013
+013,+013
+013,+013
+013,+013
+013,+013
+013,+013
+015,+015
+015,+015
+015,+015
+015,+015
+015,+015
+015,+015
+017,+015
+017,+015
+017,+015
+017,+015
+017,+015
-018,+017
-018,+017
-018,+017
-018,+017
-018,+017
-019,+017
-019,+017
-019,+017
-019,+017
-020,+017
-020,+017
-020,+017
-020,+017
-021,+017
-021,+017
-021,+017
-021,+017
-021,+017
-021,+017
-021,+017
-022,+017
-022,+017
-022,+017
-022,+017
-022,+017
-022,+017
-022,+017
-022,+017
-022,+017
-022,+017
-022,+017
-022,+017
-022,+017
-022,+017
-022,+017
-022,+017
-022,+017
-022,+017
-019,+017
-019,+017
-019,+017
-019,+017
-019,+017
-019,+017
-019,+017
-019,+019
-019,+019
+017,+019
+017,+019
+017,+019
+017,+019
+017,+019
+017,+019
+017,+019
+017,+019
+017,+019
+015,+019
+015,+019
+015,+019
+015,+019
+015,+019
+015,+017
+015,+017
+015,+017
+015,+017
+015,+017
+015,+017
+015,+017
+015,+017
+015,+017
+015,+017
+015,+017
+015,+017
+017,+017
+017,+017
+017,+017
+017,+017
+017,+017
+017,+017
+017,+017
+017,+017
+017,+017
-018,+017
-018,+017
-018,+017
-018,+017
-019,+017
-019,+017
-019,+017
-019,+017
-019,+017
-019,+017
-019,+017
-019,+017
-019,+017
-019,+017
-019,+017
-019,+017
-019,+017
-019,+017
-019,+017
-019,+017
-019,+017
-019,+017
-019,+017
-019,+017
-019,+017
-019,+017
-019,+017
-019,+017
-019,+017
-019,+017
-019,+017
-019,+015
-019,+015
-019,+015
+017,+015
+017,+015
+017,+015
+017,+015
+017,+015
+017,+015
+017,+015
+017,+015
+017,+015
+017,+015
+017,+015
+017,+015
+017,+015
+017,+015
+017,+015
+017,+015
+017,+015
+017,+015
+017,+015
+017,+015
+017,+015
+017,+015
+017,+013
+017,+013
+017,+013
+017,+013
+017,+013
+017,+013
+017,+013
+017,+013
+017,+013
+017,+013
+017,+013
+017,+013
+017,+013
+017,+013
+017,+013
+017,+013
+017,+011
+017,+011
+017,+011
+017,+011
+017,+011
+017,+011
+017,+011
+017,+011
+017,+011
+017,+011
+017,+011
+017,+011
+017,+011
+017,+011
+017,+011
+017,+009
+017,+009
+017,+009
+017,+009
+017,+009
+017,+009
+017,+009
+017,+009
+017,+009
+017,+009
+017,+009
+017,+009
+017,+009
+017,+009
+017,+009
+017,+009
+017,+009
+017,+009
+017,+009
+017,+009
+017,+009
+017,+009
+017,+009
+017,+009
+017,+009
+017,+009
+017,+009
+017,+009
+017,+009
+015,+009
+015,+009
+015,+009
+015,+009
+015,+011
+015,+011
+015,+011
+015,+011
+013,+011
+013,+011
+013,+011
+013,+011
+013,+011
+013,+011
+013,+011
+013,+011
+011,+011
+011,+011
+011,+011
+011,+011
+011,+011
+011,+011
+011,+011
+011,+011
+011,+011
+011,+011
+009,+011
+009,+011
+009,+011
+009,+011
+009,+011
+009,+011
+009,+011
+009,+011
+009,+011
+009,+011
+009,+009
+007,+009
+007,+009
+007,+009
+007,+009
+007,+009
+007,+009
+007,+009
+007,+009
+007,+009
+007,+009
+007,+009
+007,+009
+007,+009
+005,+009
+005,+009
+005,+009
+005,+009
+005,+009
+005,+009
+005,+009
+005,+009
+005,+009
+005,+009
+005,+009
+005,+009
+005,+009
+005,+009
+005,+009
+005,+009
+005,+009
+005,+009
+005,+009
+003,+007
+003,+007
+003,+007
+003,+007
+001,+007
+001,+007
+001,+007
+001,+007
+001,+007
+003,+007
+003,+007
+001,+007
+003,+007
+003,+007
+001,+007
+003,+007
+003,+009
+003,+009
+003,+009
+003,+009
+003,+009
+003,+009
+003,+009
+003,+009
+003,+009
+003,+009
+005,+011
+005,+011
+005,+011
+005,+011
+005,+011
+005,+011
+005,+011
+005,+011
+005,+011
+005,+011
+005,+011
+005,+011
+005,+011
+005,+011
+005,+011
+005,+011
+005,+011
+007,+011
+007,+011
+007,+011
+007,+011
+007,+011
+007,+011
+007,+011
+007,+011
+007,+011
+007,+011
+007,+011
+007,+011
+009,+011
+009,+013
+009,+013
+009,+013
+009,+013
+009,+013
+009,+013
+009,+013
+009,+013
+009,+013
+009,+013
+009,+015
+009,+015
+009,+015
+011,+015
+011,+015
+011,+015
+011,+015
+011,+015
+011,+015
+011,+015
+011,+015
+011,+015
+011,+015
+011,+015
+011,+015
+011,+015
+011,+015
+011,+015
+011,+013
+013,+013
+013,+013
+013,+013
+013,+013
+013,+013
+013,+013
+013,+013
+013,+013
+013,+013
+013,+013
+013,+013
+015,+013
+015,+013
+015,+013
+015,+013
+015,+013
+015,+013
+015,+013
+015,+013
+015,+013
+015,+013
+015,+013
+015,+013
+015,+013
+015,+013
+015,+013
+015,+013
+015,+013
+015,+013
+015,+013
+015,+013
+015,+013
+015,+013
+015,+013
+015,+013
+015,+013
+015,+013
+015,+013
+015,+013
+015,+013
+015,+013
+015,+013
+015,+013
+015,+013
+015,+013
+015,+013
+015,+013
+015,+013
+015,+013
+015,+013
+015,+013
+015,+013
+015,+013
+015,+013
+015,+013
+015,+013
+015,+013
+015,+013
+015,+013
+015,+013
+015,+013
+015,+013
+015,+013
+015,+013
+015,+013
+015,+013
+015,+013
+015,+013
+015,+013
+015,+013
+015,+013
+015,+013
+015,+013
+015,+013
+015,+013
+015,+013
+015,+013
+015,+013
+015,+013
+015,+013
+015,+013
+015,+013
+015,+013
+015,+013
+015,+013
+015,+013
+015,+013
+015,+013
+015,+013
+015,+013
+015,+015
+017,+015
+017,+015
+017,+015
+017,+015
+017,+015
+017,+015
+017,+015
+017,+015
+017,+015
+017,+015
+017,+015
+017,+015
+017,+015
+017,+015
+017,+015
+017,+015
+017,+015
+017,+015
+017,+015
+017,+015
+017,+015
+017,+015
+017,+015
+017,+015
+017,+015
+017,+015
+017,+015
+017,+015
+017,+015
+017,+015
+017,+015
+017,+015
+017,+015
+017,+015
+017,+015
+017,+015
+017,+015
+017,+015
+017,+015
+017,+015
+017,+015
+017,+015
+017,+017
+017,+017
+017,+017
+017,+017
+017,+017
+017,+017
+017,+017
+017,+017
+017,+017
+017,+017
+017,+017
+017,+017
+017,+017
+015,+017
+015,+017
+015,+017
+015,+017
+015,+017
+015,+017
+015,+017
+015,+017
+015,+017
+015,+017
+015,+017
+015,+017
+015,+017
+015,+017
+015,+017
+015,+017
+015,+017
+015,+017
+015,+017
+015,+017
+015,+017
+015,+017
+015,+017
+015,+017
+015,+017
+015,+017
+015,+017
+015,+017
+015,+017
+015,+017
+015,+017
+015,+017
+015,+017
+015,+017
+015,+017
+015,+017
+015,+017
+015,+017
+015,+017
+015,+015
+015,+015
+015,+015
+015,+015
+015,+015
+015,+015
+015,+015
+015,+015
+015,+015
+015,+015
+015,+015
+015,+013
+015,+013
+015,+013
+015,+013
+015,+013
+015,+013
+015,+013
+015,+013
+015,+013
+015,+013
+015,+013
+015,+013
+015,+013
+015,+013
+015,+013
+015,+013
+015,+013
+015,+013
+015,+013
+015,+013
+015,+013
+015,+013
+015,+013
+015,+013
+015,+013
+015,+013
+015,+011
+015,+011
+015,+011
+015,+011
+015,+011
+015,+011
+015,+011
+015,+011
+015,+011
+017,+011
+017,+011
+017,+011
+017,+009
+017,+009
+017,+009
+017,+009
+017,+009
+017,+009
+017,+009
+017,+009
+017,+009
+017,+009
+017,+009
+017,+009
+017,+009
+017,+009
+017,+009
+017,+007
+017,+007
+017,+007
+017,+007
+017,+007
-018,+007
-018,+007
-018,+007
-018,+007
-018,+007
-018,+007
-018,+007
-018,+007
-018,+007
-018,+007
-018,+007
-018,+007
-018,+007
-018,+007
-018,+007
-018,+007
-018,+007
-018,+007
-018,+007
-018,+007
+016,+007
+016,+007
+016,+007
+016,+007
+016,+007
+016,+007
+016,+007
+016,+007
+016,+007
+016,+007
+016,+007
+016,+007
+016,+007
+016,+007
+016,+007
+016,+007
+016,+007
+016,+007
+016,+007
+016,+007
+016,+007
+016,+007
+016,+007
+016,+007
+016,+007
+016,+007
+016,+007
+016,+007
+016,+007
+016,+007
+016,+007
+016,+007
+016,+007
+016,+007
+016,+007
+016,+007
+016,+007
+014,+007
+014,+007
+014,+007
+014,+007
+014,+007
+014,+009
+014,+009
+014,+009
+014,+009
+014,+009
+014,+009
+014,+009
+014,+009
+014,+009
+014,+009
+014,+009
+014,+009
+014,+009
+014,+009
+014,+009
+014,+009
+014,+009
+014,+009
+014,+009
+014,+009
+014,+009
+014,+009
+014,+009
+014,+007
+014,+007
+014,+007
+014,+007
+014,+007
+014,+007
+014,+007
+014,+007
+014,+007
+014,+007
+014,+007
+014,+007
+014,+007
+014,+007
+014,+007
+014,+007
+014,+007
+014,+007
+014,+007
+014,+007
+014,+007
+014,+007
+014,+007
+014,+007
+014,+007
+014,+007
+014,+007
+014,+007
+014,+007
+014,+007
+014,+007
+014,+007
+014,+007
+014,+007
+014,+007
+014,+007
+014,+007
+014,+007
+014,+007
+016,+007
+016,+007
+016,+007
+016,+007
+016,+007
+016,+007
+016,+007
+016,+007
+016,+007
+016,+007
+016,+007
+016,+007
+016,+007
+016,+007
+017,+007
+017,+007
+017,+007
+017,+007
+017,+007
+017,+007
+017,+007
+017,+007
+017,+007
+017,+009
+017,+009
+017,+009
-018,+009
-018,+009
-018,+009
-018,+009
-018,+009
-018,+009
-018,+009
-018,+009
-018,+009
-018,+009
-018,+009
-018,+009
-018,+009
-018,+009
-018,+009
-018,+009
-018,+009
-018,+009
-018,+009
-018,+009
-018,+009
-018,+009
-018,+009
-018,+009
-018,+009
-018,+009
-018,+009
-018,+009
-018,+009
-018,+009
-018,+009
-018,+009
-018,+009
-018,+009
-018,+009
+016,+009
+016,+009
+016,+011
+016,+011
+016,+011
+016,+011
+016,+011
+016,+011
+016,+011
+016,+011
+016,+011
+016,+011
+016,+011
+016,+011
+014,+011
+014,+011
+014,+011
+014,+011
+014,+011
+014,+011
+014,+011
+014,+011
+014,+011
+012,+011
+012,+011
+012,+011
+012,+011
+012,+011
+012,+011
+012,+011
+012,+011
+012,+011
+010,+011
+010,+011
+010,+011
+010,+011
+010,+011
+010,+011
+010,+011
+010,+011
+010,+011
+010,+011
+010,+011
+010,+011
+010,+011
+010,+011
+008,+009
+008,+009
+008,+009
+008,+009
+008,+009
+008,+009
+008,+011
+008,+011
+008,+011
+008,+011
+008,+011
+008,+011
+008,+011
+008,+011
+008,+011
+008,+011
+008,+011
+008,+011
+008,+011
+008,+011
+008,+011
+008,+011
+008,+011
+008,+011
+008,+011
+008,+011
+008,+011
+008,+011
+008,+011
+008,+011
+008,+011
+006,+011
+006,+011
+006,+011
+006,+011
+006,+011
+006,+011
+006,+011
+006,+013
+006,+013
+006,+013
+006,+013
+006,+013
+006,+013
+006,+013
+006,+013
+006,+013
+006,+013
+006,+013
+006,+013
+006,+013
+006,+013
+006,+013
+006,+013
+006,+013
+006,+013
+008,+011
+008,+011
+008,+011
+008,+011
+008,+011
+008,+011
+008,+011
+010,+011
+010,+009
+010,+009
+010,+009
+010,+009
+010,+009
+010,+009
+012,+009
+012,+009
+012,+009
+012,+009
+012,+009
+012,+009
+012,+009
+014,+009
+014,+009
+014,+009
+014,+009
+014,+009
+016,+009
+016,+009
+016,+009
+017,+009
+017,+009
-018,+009
-018,+009
-019,+009
-019,+007
-020,+007
-020,+007
-021,+007
-021,+007
-022,+007
-022,+007
-022,+007
-023,+007
-023,+007
-023,+007
-023,+007
-023,+007
-023,+009
-023,+009
-023,+009
-023,+009
-023,+009
-023,+009
-023,+009
-023,+011
-023,+011
-023,+011
-023,+011
-023,+011
-023,+011
-023,+011
-023,+011
-023,+011
-023,+009
-023,+009
-023,+009
-023,+009
-023,+009
-023,+009
-020,+009
-020,+009
-020,+009
-020,+009
-020,+009
-020,+009
-020,+009
-020,+009
-020,+009
-020,+009
-020,+009
-020,+009
-020,+009
-020,+009
+017,+011
-018,+011
-018,+011
-018,+011
-018,+011
-018,+011
-018,+011
-018,+011
-018,+011
-018,+011
-018,+011
-018,+011
-018,+011
-018,+011
-018,+011
-018,+011
-018,+011
-018,+011
-018,+011
-018,+011
-018,+011
-018,+011
-018,+011
-018,+011
-018,+011
-018,+011
-018,+011
-018,+011
-018,+011
-018,+011
-018,+011
-018,+011
-018,+011
+016,+011
+016,+011
+016,+011
+016,+011
+016,+011
+016,+011
+016,+011
+016,+011
+016,+009
+016,+009
+016,+009
+016,+009
+016,+009
+016,+009
+016,+009
+016,+009
+016,+009
+016,+009
+016,+009
+016,+009
+016,+009
+016,+009
+016,+009
+016,+009
+016,+009
+016,+009
+016,+009
+016,+007
+016,+007
+016,+007
+016,+007
+016,+007
+016,+007
+016,+007
+016,+007
+016,+007
+016,+007
+016,+007
+016,+007
+016,+007
+016,+007
+016,+007
+016,+007
+016,+007
+016,+007
+016,+007
+016,+007
+016,+007
+016,+007
+016,+007
+016,+007
+016,+007
+016,+007
+016,+007
+016,+007
+017,+007
+017,+007
+017,+007
+017,+007
-018,+007
-018,+007
-018,+007
-019,+007
-019,+007
-019,+007
-019,+007
-020,+007
-020,+007
-020,+007
-020,+007
-021,+007
-021,+007
-021,+007
-021,+007
-021,+007
-022,+007
-022,+007
-022,+007
-022,+007
-022,+007
-022,+007
-022,+007
-022,+007
-023,+007
-023,+007
-023,+007
-023,+007
-023,+007
-023,+007
-023,+007
-023,+007
-023,+007
-023,+007
-023,+007
-023,+007
-023,+007
-023,+007
-023,+005
-023,+005
-023,+005
-023,+005
-023,+005
-024,+005
-024,+005
-024,+005
-024,+005
-024,+005
-024,+005
-024,+005
-024,+005
-024,+005
-024,+007
-025,+007
-025,+007
-025,+007
-025,+007
-025,+007
-025,+007
-025,+007
-025,+007
-025,+007
-025,+007
-025,+007
-025,+007
-025,+007
-025,+007
-025,+007
-025,+007
-025,+007
-025,+005
-025,+005
-025,+005
-025,+005
-025,+005
-025,+005
-025,+005
-025,+005
-025,+005
-025,+005
-025,+005
-025,+005
-025,+005
-025,+007
-025,+007
-025,+007
-025,+007
-025,+007
-025,+007
-025,+007
-025,+007
-025,+007
-025,+007
-025,+007
-025,+007
-025,+009
-025,+009
-025,+009
-022,+009
-022,+009
-022,+009
-022,+009
-022,+009
-022,+009
-022,+009
-022,+009
-022,+009
-022,+009
-022,+009
-022,+009
-019,+009
-019,+009
-019,+009
-019,+009
-019,+009
-019,+009
-019,+009
-019,+009
-019,+009
-019,+009
-019,+009
+017,+009
+017,+009
+017,+009
+017,+009
+017,+009
+017,+009
+017,+009
+017,+009
+017,+009
+017,+009
+017,+009
+017,+011
+017,+011
+017,+011
+017,+011
+017,+011
+017,+011
+017,+011
+017,+011
+017,+011
+017,+011
+017,+011
+017,+013
+017,+013
+017,+013
+017,+013
+017,+013
+017,+013
+017,+013
+017,+013
+017,+013
+017,+013
+017,+013
+017,+013
+017,+011
+017,+011
+017,+011
+017,+011
+017,+011
+017,+011
+017,+011
+017,+011
+017,+011
+017,+011
+017,+011
+017,+011
+017,+011
+017,+011
+017,+011
-018,+011
-018,+011
-018,+011
-018,+011
-018,+011
-018,+011
-019,+011
-019,+011
-019,+011
-019,+011
-019,+011
-019,+011
-019,+011
-020,+011
-020,+011
-020,+011
-020,+011
-020,+011
-020,+009
-020,+009
-020,+009
-020,+009
-020,+009
-020,+009
-020,+009
-020,+009
-020,+009
-020,+009
-020,+009
-020,+009
-020,+009
-020,+009
-020,+009
-020,+009
-020,+009
-020,+009
-020,+009
-020,+009
+017,+009
-018,+009
-018,+009
-018,+009
-018,+009
-018,+009
-018,+009
-018,+009
-018,+009
-018,+009
-018,+009
-018,+009
-018,+009
-018,+009
-018,+009
-018,+009
-018,+009
-018,+009
-018,+009
-018,+009
-018,+009
-018,+009
-018,+009
-018,+009
-018,+009
-018,+009
-018,+009
-018,+009
-018,+009
-018,+009
-018,+009
-018,+009
-018,+009
+016,+009
+016,+009
+016,+007
+016,+007
+016,+007
+016,+007
+016,+007
+016,+007
+016,+007
+014,+007
+014,+007
+014,+007
+014,+007
+012,+007
+012,+007
+012,+007
+012,+007
+010,+007
+010,+007
+010,+007
+010,+007
+010,+007
+010,+007
+008,+007
+008,+007
+008,+007
+008,+007
+008,+007
+008,+009
+008,+009
+008,+009
+006,+009
+006,+009
+006,+009
+006,+009
+006,+009
+006,+009
+006,+009
+006,+009
+006,+009
+006,+009
+006,+009
+006,+009
+006,+009
+006,+009
+006,+009
+006,+009
+006,+009
+006,+009
+006,+009
+006,+009
+006,+009
+008,+009
+008,+009
+008,+009
+008,+009
+008,+009
+010,+009
+010,+009
+010,+009
+010,+009
+012,+011
+012,+011
+012,+011
+012,+011
+012,+011
+014,+011
+014,+011
+014,+013
+014,+013
+014,+013
+014,+013
+014,+013
+014,+013
+016,+013
+016,+015
+016,+015
+016,+015
+016,+015
+016,+015
+016,+015
+016,+015
+016,+015
+016,+015
+016,+015
+016,+015
+017,+015
+017,+015
+017,+015
+017,+015
+017,+015
+017,+015
+017,+015
+017,+015
-018,+015
-018,+015
-018,+015
-018,+015
-018,+015
-018,+015
-018,+015
-018,+015
-018,+015
-018,+015
-018,+015
-018,+015
-018,+015
-018,+015
-018,+015
-018,+015
-018,+015
-018,+015
-018,+015
-018,+015
-018,+015
-018,+015
+016,+015
+016,+015
+016,+015
+016,+015
+016,+015
+016,+015
+016,+015
+016,+015
+014,+015
+014,+015
+014,+015
+014,+015
+014,+015
+014,+015
+014,+015
+014,+015
+014,+015
+014,+013
+014,+013
+014,+013
+012,+013
+012,+013
+012,+013
+012,+013
+012,+013
+012,+013
+012,+013
+012,+013
+012,+013
+012,+013
+012,+013
+012,+013
+012,+013
+012,+011
+012,+011
+012,+011
+012,+011
+012,+011
+014,+011
+014,+013
+014,+013
+014,+013
+014,+013
+014,+013
+014,+013
+014,+013
+016,+015
+016,+015
+016,+015
+016,+015
+016,+015
+016,+015
+016,+015
+017,+015
+017,+017
-018,+017
-018,+017
-018,+017
-019,+017
-019,+017
-020,+017
-020,+017
-021,+017
-021,+017
-021,+017
-021,+017
-022,+017
-022,+017
-022,+017
-022,+017
-023,+017
-023,+017
-023,+017
-023,+017
-023,+015
-024,+015
-024,+015
-024,+015
-025,+015
-025,+015
-026,+015
-026,+015
-026,+015
-026,+015
-026,+015
-027,+015
-027,+015
-028,+015
-028,+015
-029,+015
-029,+015
-029,+013
-030,+013
-030,+013
-030,+013
-031,+013
-031,+013
-031,+013
-031,+013
-032,+013
-032,+013
-032,+013
-032,+013
-032,+013
-032,+013
-032,+013
-032,+013
-032,+013
-032,+013
-032,+013
-032,+013
-032,+013
-032,+011
-029,+011
-029,+011
-029,+009
-029,+009
-029,+009
-026,+007
-026,+007
-026,+007
-026,+005
-023,+005
-023,+003
-023,+003
-023,+003
-023,+001
-023,+001
-023,+001
-020,+001
-020,+001
-020,+003
-020,+003
-020,+003
-020,+003
-020,+005
-020,+005
-020,+005
-020,+005
-020,+005
+017,+008
+017,+008
+017,+008
+017,+008
+015,+008
+015,+008
+015,+006
+013,+006
+013,+006
+011,+003
+011,+003
+009,+001
+009,+003
+009,+005
+007,+005
+007,+008
+005,+010
+005,+010
+003,+013
+003,+015
+001,+017
+001,+017
+001,+020
+001,+022
+001,+022
+001,+022
+003,+022
+003,+022
+007,+024
+007,+024
+007,+024
+009,+026
+009,+026
+009,+028
+009,+028
+009,+030
+009,+030
+009,+032
+009,+032
+011,+032
+011,+032
+011,+032
+011,+032
+011,+032
+011,+032
+011,+032
+011,+032
+013,+032
+013,+032
+013,+032
+013,+032
+013,+032
+013,+032
+013,+032
+013,+030
+013,+030
+013,+030
+013,+030
+011,+030
+011,+028
+011,+028
+009,+026
+009,+026
+009,+026
+009,+026
+007,+026
+007,+026
+005,+024
+005,+024
+003,+024
+003,+024
+003,+024
+003,+020
+003,+020
+003,+020
+003,+020
+003,+020
+003,+018
+003,+018
+001,+020
+001,+020
+001,+020
+001,+020
+001,+020
+001,+020
+001,+020
+001,+018
+001,+018
+001,+018
+001,+018
+001,+016
+001,+016
+003,+016
+003,+016
+003,+016
+003,+016
+003,+016
+005,+016
+005,+016
+005,+016
+007,+016
+007,+016
+007,+016
+007,+016
+009,+016
+009,+016
+009,+016
+009,+016
+011,+016
+011,+016
+011,+016
+011,+016
+013,+016
+013,+016
+013,+016
+013,+018
+013,+018
+013,+018
+013,+018
+015,+018
+015,+018
+015,+018
+015,+018
+015,+018
+015,+018
+015,+020
+015,+020
+015,+020
+015,+020
+017,+020
+017,+020
+017,+020
+017,+020
+017,+020
+017,+020
+017,+020
+017,+020
+017,+020
+017,+020
+017,+020
+017,+020
-018,+020
-018,+020
-019,+020
-019,+020
-019,+020
-020,+018
-020,+018
-020,+018
-021,+018
-021,+018
-022,+018
-022,+018
-023,+018
-023,+018
-023,+018
-024,+018
-024,+018
-024,+018
-025,+018
-025,+018
-025,+018
-026,+018
-026,+018
-026,+018
-027,+018
-027,+018
-027,+018
-027,+018
-027,+018
-028,+018
-028,+018
-028,+018
-028,+016
-028,+016
-028,+016
-028,+016
-028,+016
-028,+016
-028,+016
-028,+014
-028,+014
-028,+012
-028,+012
-028,+012
-028,+012
-028,+010
-028,+010
-028,+010
-028,+008
-025,+008
-025,+008
-025,+006
-025,+006
-025,+004
-025,+004
-025,+004
-025,+001
-022,+001
-022,+001
-022,+001
-022,+001
-022,+001
-022,+001
-022,+003
-022,+003
-022,+003
-022,+005
-022,+005
-022,+005
-022,+005
-022,+005
-022,+005
-022,+005
-022,+005
-022,+005
-022,+005
-019,+007
-019,+007
-019,+007
-019,+007
-019,+008
-019,+008
+016,-009
+016,-009
+016,-010
+014,-011
+014,-011
+014,-011
+014,-011
+014,-011
+014,-011
+014,-011
+014,-011
+014,-011
+014,-011
+014,-011
+014,-011
+014,-011
+012,-011
+012,-011
+012,-011
+012,-011
+012,-011
+012,-011
+012,-011
+012,-011
+012,-011
+012,-011
+012,-011
+012,-011
+012,-011
+012,-011
+012,-011
+012,-011
+012,-011
+010,-011
+010,-011
+010,-011
+010,-011
+010,-011
+010,-011
+010,-011
+010,-011
+008,+008
+008,+008
+008,+008
+008,+008
+008,+008
+008,+008
+008,+008
+008,+008
+006,+008
+006,+008
+006,+008
+006,+008
+006,+008
+006,+008
+006,+008
+006,+008
+006,+006
+006,+006
+006,+006
+006,+006
+006,+006
+006,+006
+004,+006
+004,+006
+004,+004
+004,+004
+004,+004
+004,+004
+004,+004
+004,+004
+004,+004
+004,+002
+006,+000
+006,+000
+010,+004
+010,+004
+010,+004
+010,+004
+010,+004
+010,+004
+010,+004
+010,+006
+010,+006
+010,+006
+010,+006
+010,+006
+010,+006
+010,+006
+010,+008
+010,+008
+010,+008
+010,+008
+010,+010
+010,+010
+010,+010
+010,+012
+010,+012
+010,+012
+010,+014
+010,+014
+010,+014
+010,+014
+010,+014
+010,+014
+010,+016
+010,+016
+010,+016
+010,+016
+010,+016
+010,+016
+010,+016
+010,+016
+010,+018
+010,+018
+012,+018
+012,+018
+012,+018
+012,+018
+012,+018
+012,+018
+012,+018
+012,+018
+012,+018
+012,+018
+012,+018
+012,+018
+012,+018
+012,+018
+014,+018
+014,+016
+014,+016
+014,+016
+014,+016
+014,+016
+014,+016
+014,+016
+014,+016
+014,+014
+014,+014
+016,+014
+016,+014
+016,+014
+016,+014
+016,+014
+016,+012
+016,+012
+016,+012
+016,+012
+016,+012
+016,+012
+016,+012
+017,+012
+017,+010
+017,+010
+017,+010
+017,+010
+017,+010
+017,+010
-018,+010
-018,+008
-018,+008
-018,+008
-018,+008
-018,+008
-018,+008
-019,+008
-019,+008
-019,+008
-019,+006
-019,+006
-019,+006
-019,+006
COP Area(S): 000547
COP Area(R): 001046