-000,-000
-011,-000
-022,-000
-032,-000
-036,-000
-036,-000
-038,-000
-041,-000
-043,-000
-047,-000
-050,-000
-050,-000
-050,-000
-052,-000
-052,-000
-055,-000
-049,-000
-054,-000
-054,-000
-054,-000
-054,-000
-051,-000
-054,-000
-055,-000
-055,-000
-055,-000
-055,-000
-057,-000
-053,-000
-053,-000
-053,-000
-053,-000
-053,-000
-053,-000
-055,-000
-055,-000
-056,-000
-057,-000
-057,-000
-059,-000
-059,-000
-059,-000
-060,-000
-060,-000
-061,-000
-061,-000
-061,-000
-058,-000
-060,-000
-061,-000
-062,-000
-064,-000
-066,-000
-066,-000
-066,-000
-066,-000
-066,-000
-066,-000
-066,-000
-062,-000
-062,-000
-059,-000
-059,-000
-059,-000
-059,-000
-056,-000
-056,-000
-052,-000
-054,-000
-054,-000
-054,-000
-054,-000
-050,-000
-051,-000
-048,-000
-045,-000
-047,-000
-047,-000
-044,-000
-041,-000
-041,-000
-034,-000
-034,-000
-031,-000
-025,-000
-025,-000
-021,-000
-021,-000
-015,-000
-011,-000
-012,-000
-006,-000
-006,-000
-006,-000
-001,-000
-001,-000
-004,-000
-007,-000
-010,-000
-010,-000
-010,-000
-016,-000
-016,-000
-016,-000
-020,-000
-020,-000
-020,-000
-020,-000
-024,-000
-024,-000
-024,-000
-024,-000
-024,-000
-024,-000
-024,-000
-028,-000
-027,-000
-025,-000
-025,-000
-022,-000
-021,-000
-021,-000
-021,-000
-019,-000
-017,-000
-017,-000
-015,-000
-014,-000
-014,-000
-012,-000
-011,-000
-011,-000
-010,-000
-009,-000
-008,-000
-008,-000
-007,-000
-007,-000
-007,-000
-006,-000
-006,-000
-005,-000
-005,-000
-004,-000
-004,-000
-003,-000
-003,-000
-003,-000
-003,-000
-001,-000
-001,-000
-001,-000
-004,-000
-004,-000
-004,-000
-004,-000
-004,-000
-007,-000
-007,-000
-007,-000
-007,-000
-010,-000
-010,-000
-010,-000
-013,-000
-013,-000
-013,-000
-016,-000
-020,-000
-020,-000
-020,-000
-020,-000
-024,-000
-023,-000
-026,-000
-026,-000
-026,-000
-026,-000
-032,-000
-032,-000
-032,-000
-032,-000
-035,-000
-034,-000
-038,-000
-038,-000
-038,-000
-038,-000
-044,-000
-044,-000
-044,-000
-048,-000
-048,-000
-048,-000
-051,-000
+054,-000
+054,-000
+054,-000
+057,-000
+057,-000
+057,-000
+063,-000
+063,-000
+063,-000
+065,-000
+068,-000
+068,-000
+068,-000
+075,-000
+072,-000
+072,-000
+076,-000
+076,-000
+076,-000
+082,-000
+088,-000
+086,-000
+086,-000
+086,-000
+086,-000
+086,-000
+090,-000
+093,-000
+090,-000
+092,-000
+094,-000
+091,-000
+091,-000
+095,-000
+095,-000
+092,-000
+097,-000
+097,-000
+094,-000
+098,-000
+100,-000
+096,-000
+096,-000
+096,-000
+096,-000
+096,-000
+096,-000
+096,-000
+093,-000
+093,-000
+096,-000
+090,-000
+090,-000
+090,-000
+090,-000
+084,-000
+090,-000
+088,-000
+082,-000
+084,-000
+087,-000
+083,-000
+079,-000
+082,-000
+082,-000
+073,-000
+077,-000
+074,-000
+072,-000
+074,-000
+070,-000
+068,-000
+066,-000
+069,-000
+066,-000
+061,-000
+064,-000
+059,-000
+055,-000
+055,-000
-053,-000
-049,-000
-044,-000
-049,-000
-044,-000
-044,-000
-040,-000
-040,-000
-039,-000
-039,-000
-038,-000
-036,-000
-033,-000
-039,-000
-031,-000
-031,-000
-035,-000
-031,-000
-030,-000
-028,-000
-032,-000
-026,-000
-026,-000
-033,-000
-025,-000
-025,-000
-029,-000
-034,-000
-027,-000
-027,-000
-034,-000
-029,-000
-032,-000
-032,-000
-032,-000
-038,-000
-035,-000
-039,-000
-039,-000
-039,-000
-046,-000
-044,-000
-047,-000
-051,-000
-051,-000
-051,-000
+057,-000
+057,-000
+055,-000
+059,-000
+063,-000
+061,-000
+065,-000
+070,-000
+070,-000
+070,-000
+074,-000
+076,-000
+073,-000
+077,-000
+080,-000
+080,-000
+080,-000
+085,-000
+088,-000
+084,-000
+089,-000
+089,-000
+089,-000
+092,-000
+095,-000
+093,-000
+093,-000
+099,-000
+099,-000
+096,-000
+100,-000
+100,-000
+100,-000
+102,-000
+102,-000
+102,-000
+102,-000
+108,-000
+108,-000
+106,-000
+113,-000
+113,-000
+113,-000
+116,-000
+120,-000
+120,-000
+120,-000
+122,-000
+122,-000
+122,-000
+127,-000
+129,-000
+132,-000
+132,-000
+140,-000
+138,-000
+138,-000
+146,-000
+144,-000
+144,-000
+147,-000
+147,-000
+149,-000
+149,-000
+155,-000
+152,-000
+152,-000
+164,-000
+164,-000
+162,-000
+168,-000
+170,-000
+167,-000
+170,-000
+174,-000
+172,-000
+172,-000
+182,-000
+182,-000
+182,-000
+227,-000
+254,-000
+246,-000
+254,-000
+254,-000
+254,-000
+254,-000
+254,-000
+254,-000
+254,-000
+254,-000
+254,-000
+254,-000
+254,-003
+254,-000
+254,-000
+254,-000
+254,-000
+254,-000
+254,-000
+254,-000
+254,-000
+254,-000
+254,-003
+254,-000
+254,-000
+254,-000
+254,-000
+254,-000
+254,-000
+254,-000
+254,-000
+254,-000
+254,-000
+254,-000
+254,-000
+254,-000
+254,-000
+254,-000
+254,-000
+254,-000
+254,-000
+254,-000
+254,-000
+254,-000
+254,-004
+254,-000
+254,-000
+254,-000
+254,-000
+254,-000
+254,-000
+254,-000
+254,-000
+254,-004
+254,-000
+254,-000
+254,-000
+254,-000
+254,-000
+254,-000
+254,-000
+254,-000
+254,-000
+254,-000
+254,-000
+254,-000
+254,-000
+254,-000
+254,-000
+254,-000
+254,-000
+254,-000
+254,-000
+254,-000
+254,-000
+254,-004
+254,-000
+254,-000
+254,-000
+254,-000
+254,-000
+254,-000
+254,-000
+254,-000
+254,-000
+254,-005
+254,-000
+254,-000
+254,-000
+254,-000
+254,-000
+254,-000
+254,-000
+254,-000
+254,-000
+254,-000
+254,-000
+254,-000
+254,-000
+254,-000
+254,-000
+254,-000
+254,-000
+254,-000
+254,-000
+254,-000
+254,-000
+254,-004
+254,-000
+254,-000
+254,-000
+254,-000
+254,-000
+254,-000
+239,-000
+207,-000
+249,-000
+212,-000
+167,-000
+177,-000
+173,-000
+164,-000
+164,-000
+164,-000
+158,-000
+154,-000
+157,-000
+155,-000
+151,-000
+155,-000
+153,-000
+147,-000
+147,-000
+147,-000
+143,-000
+136,-000
+145,-000
+136,-000
+132,-000
+132,-000
+132,-000
+127,-000
+124,-000
+124,-000
+117,-000
+112,-000
+116,-000
+109,-000
+109,-000
+109,-000
+106,-000
+099,-000
+099,-000
+099,-000
+096,-000
+092,-000
+094,-000
+089,-000
+085,-000
+085,-000
+085,-000
+082,-000
+082,-000
+084,-000
+076,-000
+074,-000
+074,-000
+074,-000
+074,-000
+074,-000
+074,-000
+065,-000
+065,-000
+068,-000
+061,-000
+061,-000
+061,-000
+061,-000
+059,-000
+059,-000
+059,-000
+056,-000
+056,-000
+059,-000
+055,-000
-053,-000
-053,-000
-052,-000
-049,-000
-049,-000
-052,-000
-048,-000
-048,-000
-048,-000
-048,-000
-048,-000
-046,-000
-046,-000
-042,-000
-046,-000
-046,-000
-042,-000
-042,-000
-042,-000
-042,-000
-039,-000
-042,-000
-041,-000
-037,-000
-040,-000
-038,-000
-036,-000
-036,-000
-036,-000
-036,-000
-034,-000
-039,-000
-036,-000
-035,-000
-040,-000
-038,-000
-037,-000
-037,-000
-041,-000
-040,-000
-036,-000
-043,-000
-042,-000
-040,-000
-040,-000
-040,-000
-040,-000
-040,-000
-044,-000
-041,-000
-040,-000
-046,-000
-043,-000
-041,-000
-041,-000
-044,-000
-041,-000
-040,-000
-043,-000
-039,-000
-039,-000
-042,-000
-042,-000
-041,-000
-039,-000
-039,-000
-039,-000
-039,-000
-039,-000
-039,-000
-039,-000
-039,-000
-039,-000
-039,-000
-038,-000
-041,-000
-038,-000
-038,-000
-042,-000
-039,-000
-039,-000
-039,-000
-043,-000
-039,-000
-042,-000
-042,-000
-040,-000
-040,-000
-040,-000
-040,-000
-040,-000
-040,-000
-040,-000
-038,-000
-038,-000
-038,-000
-038,-000
-038,-000
-037,-000
-037,-000
-037,-000
-037,-000
-037,-000
-034,-000
-037,-000
-037,-000
-035,-000
-035,-000
-035,-000
-035,-000
-033,-000
-038,-000
-037,-000
-032,-000
-036,-000
-036,-000
-033,-000
-032,-000
-035,-000
-034,-000
-031,-000
-037,-000
-032,-000
-031,-000
-034,-000
-034,-000
-030,-000
-029,-000
-033,-000
-030,-000
-028,-000
-034,-000
-030,-000
-030,-000
-033,-000
-036,-000
-033,-000
-033,-000
-036,-000
-031,-000
-031,-000
-038,-000
-035,-000
-035,-000
-035,-000
-035,-000
-033,-000
-036,-000
-036,-000
-034,-000
-034,-000
-034,-000
-034,-000
-034,-000
-034,-000
-037,-000
-034,-000
-037,-000
-037,-000
-033,-000
-033,-000
-036,-000
-036,-000
-034,-000
-034,-000
-039,-000
-034,-000
-034,-000
-034,-000
-037,-000
-037,-000
-035,-000
-038,-000
-036,-000
-036,-000
-039,-000
-038,-000
-038,-000
-038,-000
-038,-000
-038,-000
-038,-000
-042,-000
-038,-000
-041,-000
-040,-000
-040,-000
-040,-000
-040,-000
-040,-000
-039,-000
-042,-000
-042,-000
-038,-000
-043,-000
-043,-000
-041,-000
-041,-000
-046,-000
-044,-000
-040,-000
-046,-000
-045,-000
-041,-000
-044,-000
-047,-000
-043,-000
-043,-000
-048,-000
-046,-000
-042,-000
-049,-000
-047,-000
-044,-000
-049,-000
-049,-000
-047,-000
-047,-000
-050,-000
-047,-000
-047,-000
-052,-000
-050,-000
-048,-000
-048,-000
-048,-000
-048,-000
-048,-000
-053,-000
-049,-000
-046,-000
-052,-000
-050,-000
-047,-000
-047,-000
-052,-000
-047,-000
-047,-000
+054,-000
-046,-000
-045,-000
-053,-000
-050,-000
-043,-000
-046,-000
-051,-000
-041,-000
-046,-000
-050,-000
-045,-000
-042,-000
-048,-000
-048,-000
-041,-000
-045,-000
-051,-000
-041,-000
-044,-000
-048,-000
-044,-000
-041,-000
-045,-000
-048,-000
-039,-000
-045,-000
-045,-000
-043,-000
-046,-000
-045,-000
-044,-000
-044,-000
-044,-000
-044,-000
-044,-000
-044,-000
-044,-000
-044,-000
-044,-000
-044,-000
-044,-000
-041,-000
-041,-000
-041,-000
-041,-000
-040,-000
-037,-000
-037,-000
-035,-000
-035,-000
-035,-000
-034,-000
-039,-000
-039,-000
-035,-000
-035,-000
-035,-000
-035,-000
-031,-000
-036,-000
-034,-000
-030,-000
-037,-000
-035,-000
-033,-000
-038,-000
-041,-000
-038,-000
-037,-000
-042,-000
-038,-000
-037,-000
-044,-000
-040,-000
-040,-000
-040,-000
-040,-000
-040,-000
-040,-000
-043,-000
-040,-000
-040,-000
-040,-000
-040,-000
-040,-000
-038,-000
-045,-000
-037,-000
-041,-000
-045,-000
-039,-000
-043,-000
-039,-000
-038,-000
-035,-000
-040,-000
-045,-000
-040,-000
-040,-000
-050,-000
-044,-000
-044,-000
-044,-000
-051,-000
-044,-000
-052,-000
-047,-000
-046,-000
-046,-000
-043,-000
-043,-000
-043,-000
-043,-000
-050,-000
-040,-000
-045,-000
-043,-000
-043,-000
-043,-000
-043,-000
-043,-000
-039,-000
-043,-000
-043,-000
-040,-000
-047,-000
-040,-000
-040,-000
-044,-000
-041,-000
-047,-000
-044,-000
-044,-000
-043,-000
-043,-000
-047,-000
-042,-000
-042,-000
-041,-000
+055,-000
-044,-000
-038,-000
+055,-000
-052,-000
-042,-000
-053,-000
-053,-000
-051,-000
-045,-000
+054,-000
+054,-000
-053,-000
+062,-000
-053,-000
+056,-000
+056,-000
+059,-000
+054,-000
+056,-000
+065,-000
+056,-000
+063,-000
+061,-000
+061,-000
+065,-000
+068,-000
+076,-000
+069,-000
+076,-000
+094,-000
+090,-000
+087,-000
+157,-000
+144,-000
+102,-005
+166,-000
+254,-000
+159,-000
+242,-000
+254,-000
+254,-000
+254,-000
+254,-000
+254,-000
+254,-000
+254,-000
+254,-000
+254,-000
+254,-007
+254,-000
+254,-000
+254,-000
+254,-000
+254,-000
+254,-000
+254,-000
+254,-000
+254,-000
+254,-000
+254,-000
+254,-000
+254,-000
+254,-000
+254,-000
+254,-000
+254,-000
+254,-000
+254,-000
+254,-000
+254,-000
+254,-000
+254,-000
+254,-000
+254,-000
+254,-000
+254,-000
+254,-000
+254,-000
+254,-000
+254,-000
+254,-009
+254,-000
+254,-000
+254,-000
+254,-000
+254,-000
+254,-000
+254,-000
+254,-000
+254,-009
+254,-000
+254,-000
+254,-000
+254,-000
+254,-000
+254,-000
+254,-000
+254,-000
+254,-000
+254,-000
+254,-000
+254,-000
+254,-000
+254,-000
+254,-000
+254,-000
+254,-000
+254,-000
+254,-000
+254,-000
+254,-000
+254,-007
+254,-000
+254,-000
+254,-000
+254,-000
+254,-000
+254,-000
+254,-000
+254,-000
+242,-000
+254,-000
+254,-000
+254,-000
+254,-000
+254,-000
+254,-000
+254,-000
+254,-000
+254,-000
+254,-000
+254,-000
+254,-000
+254,-000
+254,-000
+254,-000
+254,-000
+254,-000
+254,-000
+254,-000
+254,-000
+254,-000
+254,-000
+254,-007
+254,-000
+254,-000
+254,-000
+254,-000
+254,-000
+254,-000
+254,-000
+254,-000
+254,-007
+254,-000
+254,-000
+254,-000
+254,-000
+254,-000
+254,-000
+254,-000
+254,-000
+254,-000
+254,-000
+254,-000
+254,-000
+254,-000
+254,-000
+254,-000
+254,-000
+254,-000
+254,-000
+254,-000
+254,-000
+254,-000
+254,-012
+254,-000
+254,-000
+254,-000
+254,-000
+254,-000
+254,-000
+254,-000
+254,-000
+254,-000
+254,-023
+254,-019
+254,-019
+254,-029
+254,-032
+254,-032
+254,-040
+254,-040
+254,-039
+254,-039
+254,-046
+254,-046
+254,-046
+254,-056
+254,-056
+254,-060
+254,-065
+254,-065
+254,-069
+254,-069
+254,-076
+254,-080
+254,-078
+254,-084
+254,-083
+254,-082
+254,-082
+254,-080
+254,-083
+254,-080
+254,-087
+254,-086
+254,-085
+254,-092
+254,-091
+254,-091
+254,-094
+254,-094
+254,-093
+254,-093
+254,-101
+254,-097
+254,-097
+254,-097
+254,-097
+254,-096
+254,-093
+254,-093
+254,-090
+254,-089
+254,-089
+254,-084
+254,-082
+254,-078
+254,-078
+254,-078
+254,-078
+254,-078
+254,-082
+254,-076
+254,-075
+254,-068
+254,-063
+254,-073
+254,-056
+254,-046
+254,-042
+254,-039
+254,-036
+254,-036
+254,-036
+254,-025
+254,-017
+254,-009
+254,-001
+254,-000
+254,-000
+254,-000
+254,-000
+254,-000
+254,-000
+254,-000
+254,-000
+254,-000
+254,-000
+254,-007
+254,-000
+254,-000
+254,-000
+254,-000
+246,-000
+254,-000
+245,-000
+153,-000
+128,-000
+135,-000
+122,-000
+111,-000
+117,-000
+115,-000
+107,-000
+105,-000
+105,-000
+100,-000
+098,-000
+102,-000
+096,-000
+093,-000
+093,-000
+093,-000
+085,-000
+082,-000
+082,-000
+066,-000
+070,-000
+074,-000
+062,-000
+062,-000
+059,-000
+062,-000
+054,-000
+056,-000
+056,-000
-045,-000
-052,-000
-051,-000
-051,-000
-049,-000
-049,-000
-048,-000
-044,-000
-044,-000
-044,-000
-044,-000
-044,-000
-044,-000
-044,-000
-040,-000
-044,-000
-044,-000
-039,-000
-039,-000
-039,-000
-038,-000
-037,-000
-036,-000
-039,-000
-032,-000
-035,-000
-031,-000
-026,-000
-031,-000
-028,-000
-027,-000
-021,-000
-021,-000
-021,-000
-015,-000
-022,-000
-014,-000
-013,-000
-016,-000
-016,-000
-010,-000
-009,-000
-009,-000
-009,-000
-005,-000
-009,-000
-008,-000
-007,-000
-005,-000
-008,-000
-006,-000
-005,-000
-008,-000
-002,-000
-002,-000
-001,-000
-002,-000
-002,-000
-004,-000
-004,-000
-007,-000
-007,-000
-007,-000
-011,-000
-011,-000
-011,-000
-005,-000
-011,-000
-011,-000
-006,-000
-009,-000
-009,-000
-005,-000
-005,-000
-008,-000
-004,-000
-001,-000
-006,-000
-002,-000
-004,-000
-001,-000
-003,-000
-006,-000
-005,-000
-005,-000
-005,-000
-010,-000
-003,-000
-008,-000
-011,-000
-006,-000
-006,-000
-006,-000
-006,-000
-002,-000
-007,-000
-007,-000
-000,-000
-006,-000
-002,-000
-001,-000
-003,-000
-004,-000
-004,-000
-007,-000
-001,-000
-001,-000
-007,-000
-004,-000
-004,-000
-007,-000
-010,-000
-003,-000
-008,-000
-013,-000
-007,-000
-010,-000
-015,-000
-012,-000
-012,-000
-013,-000
-017,-000
-013,-000
-014,-000
-017,-000
-012,-000
-016,-000
-018,-000
-015,-000
-016,-000
-018,-000
-023,-000
-014,-000
-023,-000
-023,-000
-019,-000
-021,-000
-022,-000
-022,-000
-019,-000
-020,-000
-026,-000
-016,-000
-026,-000
-022,-000
-019,-000
-021,-000
-021,-000
-022,-000
-014,-000
-020,-000
-020,-000
-015,-000
-018,-000
-018,-000
-019,-000
-012,-000
-015,-000
-015,-000
-011,-000
-015,-000
-015,-000
-015,-000
-012,-000
-012,-000
-008,-000
-008,-000
-008,-000
-003,-000
-003,-000
-003,-000
-000,-000
-003,-000
-003,-000
-001,-000
-005,-000
-005,-000
-002,-000
-002,-000
-004,-000
-001,-000
-001,-000
-001,-000
-010,-000
-004,-000
-004,-000
-010,-000
-009,-000
-017,-000
-013,-000
-013,-000
-017,-000
-014,-000
-018,-000
-017,-000
-017,-000
-017,-000
-020,-000
-019,-000
-018,-000
-018,-000
-018,-000
-018,-000
-018,-000
-018,-000
-021,-000
-020,-000
-020,-000
-020,-000
-020,-000
-020,-000
-020,-000
-026,-000
-024,-000
-021,-000
-028,-000
-028,-000
-028,-000
-028,-000
-032,-000
-030,-000
-030,-000
-033,-000
-029,-000
-029,-000
-033,-000
-031,-000
-034,-000
-031,-000
-035,-000
-032,-000
-029,-000
-036,-000
-035,-000
-035,-000
-035,-000
-035,-000
-035,-000
-038,-000
-042,-000
-038,-000
-038,-000
-038,-000
-038,-000
-038,-000
-034,-000
-039,-000
-033,-000
-033,-000
-041,-000
-033,-000
-037,-000
-037,-000
-037,-000
-035,-000
-035,-000
-035,-000
-034,-000
-034,-000
-037,-000
-037,-000
-035,-000
-035,-000
-035,-000
-033,-000
-038,-000
-043,-000
-032,-000
-039,-000
-039,-000
-035,-000
-034,-000
-041,-000
-041,-000
-032,-000
-042,-000
-042,-000
-035,-000
-042,-000
-042,-000
-039,-000
-036,-000
-044,-000
-042,-000
-033,-000
-041,-000
-041,-000
-034,-000
-037,-000
-037,-000
-037,-000
-028,-000
-037,-000
-034,-000
-028,-000
-031,-000
-029,-000
-026,-000
-026,-000
-026,-000
-029,-000
-020,-000
-025,-000
-023,-000
-021,-000
-025,-000
-022,-000
-021,-000
-018,-000
-025,-000
-023,-000
-016,-000
-022,-000
-017,-000
-017,-000
-020,-000
-016,-000
-014,-000
-013,-000
-021,-000
-013,-000
-010,-000
-020,-000
-019,-000
-015,-000
-015,-000
-019,-000
-014,-000
-014,-000
-024,-000
-018,-000
-018,-000
-025,-000
-030,-000
-022,-000
-025,-000
-028,-000
-025,-000
-030,-000
-035,-000
-032,-000
-039,-000
-037,-000
-041,-000
-044,-000
-044,-000
+056,-000
-043,-000
+056,-000
+067,-000
+058,-000
+058,-000
+074,-000
+079,-000
+079,-000
+089,-000
+091,-000
+091,-000
+098,-000
+102,-000
+102,-000
+102,-000
+111,-000
+113,-000
+110,-000
+120,-000
+124,-000
+124,-000
+129,-000
+129,-000
+134,-000
+134,-000
+140,-000
+140,-000
+138,-000
+148,-000
+151,-000
+147,-000
+154,-000
+165,-000
+160,-000
+160,-000
+254,-000
+248,-000
+238,-000
+254,-000
+254,-000
+254,-000
+254,-000
+254,-000
+254,-000
+254,-000
+254,-000
+254,-000
+254,-000
+254,-000
+254,-000
+254,-000
+254,-000
+254,-000
+254,-000
+254,-000
+254,-000
+254,-000
+254,-004
+254,-000
+254,-000
+254,-000
+254,-000
+254,-000
+254,-000
+254,-000
+254,-000
+254,-000
+254,-000
+254,-000
+254,-000
+254,-000
+254,-000
+254,-000
+254,-000
+254,-000
+254,-000
+254,-000
+254,-000
+254,-000
+254,-000
+254,-000
+254,-000
+254,-000
+254,-000
+254,-000
+254,-000
+254,-000
+254,-000
+254,-000
+254,-005
+254,-000
+254,-000
+254,-000
+254,-000
+254,-000
+254,-000
+254,-000
+254,-000
+254,-003
+254,-000
+254,-000
+254,-000
+254,-000
+254,-000
+254,-000
+254,-000
+254,-000
+254,-000
+254,-000
+254,-000
+254,-000
+254,-000
+254,-000
+254,-000
+254,-000
+254,-000
+254,-000
+254,-000
+254,-000
+254,-000
+254,-003
+254,-000
+254,-000
+254,-000
+254,-000
+254,-000
+254,-000
+254,-000
+254,-000
+254,-000
+254,-000
+254,-000
+254,-000
+254,-000
+248,-000
+254,-000
+254,-000
+215,-000
+242,-000
+235,-000
+162,-000
+157,-000
+162,-000
+147,-000
+139,-000
+146,-000
+139,-000
+133,-000
+131,-000
+134,-000
+129,-000
+127,-000
+130,-000
+124,-000
+120,-000
+128,-000
+124,-000
+119,-000
+122,-000
+126,-000
+117,-000
+121,-000
+125,-000
+121,-000
+118,-000
+124,-000
+124,-000
+117,-000
+122,-000
+126,-000
+119,-000
+121,-000
+125,-000
+120,-000
+122,-000
+124,-000
+124,-000
+124,-000
+124,-000
+127,-000
+123,-000
+127,-000
+132,-000
+129,-000
+126,-000
+133,-000
+135,-000
+128,-000
+133,-000
+135,-000
+135,-000
+135,-000
+138,-000
+138,-000
+136,-000
+142,-000
+142,-000
+138,-000
+147,-000
+150,-000
+142,-000
+145,-000
+154,-000
+149,-000
+144,-000
+153,-000
+149,-000
+145,-000
+151,-000
+153,-000
+145,-000
+145,-000
+153,-000
+148,-000
+144,-000
+154,-000
+151,-000
+144,-000
+150,-000
+153,-000
+145,-000
+145,-000
+153,-000
+146,-000
+143,-000
+152,-000
+148,-000
+144,-000
+149,-000
+151,-000
+145,-000
+145,-000
+159,-000
+147,-000
+143,-000
+152,-000
+148,-000
+141,-000
+144,-000
+148,-000
+139,-000
+139,-000
+149,-000
+139,-000
+137,-000
+143,-000
+143,-000
+137,-000
+140,-000
+145,-000
+135,-000
+138,-000
+143,-000
+138,-000
+136,-000
+142,-000
+140,-000
+136,-000
+140,-000
+144,-000
+137,-000
+137,-000
+143,-000
+137,-000
+137,-000
+142,-000
+138,-000
+138,-000
+138,-000
+138,-000
+138,-000
+138,-000
+138,-000
+138,-000
+138,-000
+141,-000
+141,-000
+141,-000
+141,-000
+141,-000
+141,-000
+143,-000
+143,-000
+143,-000
+141,-000
+147,-000
+145,-000
+141,-000
+148,-000
+151,-000
+144,-000
+146,-000
+153,-000
+149,-000
+145,-000
+155,-000
+155,-000
+146,-000
+153,-000
+155,-000
+150,-000
+150,-000
+158,-000
+152,-000
+149,-000
+159,-000
+156,-000
+148,-000
+154,-000
+158,-000
+152,-000
+152,-000
+158,-000
+153,-000
+151,-000
+159,-000
+156,-000
+151,-000
+156,-000
+161,-000
+153,-000
+155,-000
+166,-000
+159,-000
+159,-000
+168,-000
+168,-000
+164,-000
+170,-000
+180,-000
+169,-000
+176,-000
+230,-000
+194,-000
+175,-000
+244,-000
+254,-000
+219,-000
+245,-000
+254,-000
+249,-000
+254,-000
+254,-000
+254,-000
+254,-000
+254,-000
+254,-000
+254,-000
+254,-000
+254,-000
+254,-000
+254,-000
+254,-000
+254,-000
+254,-000
+254,-000
+254,-000
+254,-000
+254,-000
+254,-000
+254,-000
+254,-000
+254,-000
+254,-000
+254,-000
+254,-000
+254,-000
+254,-000
+254,-000
+254,-000
+254,-000
+254,-000
+254,-000
+254,-000
+254,-000
+254,-000
+254,-000
+254,-000
+254,-000
+254,-000
+254,-000
+254,-000
+254,-000
+254,-000
+254,-000
+254,-000
+254,-000
+254,-000
+254,-000
+254,-000
+235,-000
+222,-000
+254,-000
+230,-000
+183,-000
+249,-000
+254,-000
+187,-000
+226,-000
+254,-000
+209,-000
+212,-000
+254,-000
+220,-000
+175,-000
+244,-000
+220,-000
+175,-000
+199,-000
+229,-000
+169,-000
+169,-000
+220,-000
+182,-000
+167,-000
+183,-000
+176,-000
+165,-000
+170,-000
+180,-000
+164,-000
+164,-000
+170,-000
+164,-000
+162,-000
+166,-000
+166,-000
+158,-000
+164,-000
+168,-000
+159,-000
+159,-000
+166,-000
+161,-000
+157,-000
+164,-000
+164,-000
+155,-000
+161,-000
+164,-000
+158,-000
+158,-000
+164,-000
+160,-000
+155,-000
+162,-000
+162,-000
+156,-000
+161,-000
+164,-000
+158,-000
+158,-000
+164,-000
+160,-000
+155,-000
+163,-000
+163,-000
+156,-000
+159,-000
+159,-000
+157,-000
+157,-000
+157,-000
+157,-000
+157,-000
+157,-000
+155,-000
+152,-000
+156,-000
+156,-000
+153,-000
+149,-000
+155,-000
+149,-000
+147,-000
+149,-000
+147,-000
+144,-000
+144,-000
+146,-000
+137,-000
+135,-000
+142,-000
+134,-000
+131,-000
+135,-000
+131,-000
+131,-000
+131,-000
+131,-000
+131,-000
+129,-000
+129,-000
+129,-000
+127,-000
+127,-000
+127,-000
+121,-000
+125,-000
+125,-000
+121,-000
+121,-000
+125,-000
+121,-000
+119,-000
+124,-000
+124,-000
+119,-000
+122,-000
+127,-000
+119,-000
+122,-000
+125,-000
+125,-000
+125,-000
+125,-000
+125,-000
+125,-000
+125,-000
+133,-000
+125,-000
+125,-000
+135,-000
+131,-000
+125,-000
+138,-000
+138,-000
+131,-000
+138,-000
+138,-000
+138,-000
+138,-000
+141,-000
+141,-000
+138,-000
+143,-000
+145,-000
+138,-000
+143,-000
+145,-000
+141,-000
+144,-000
+146,-000
+146,-000
+146,-000
+146,-000
+146,-000
+146,-000
+146,-000
+151,-000
+146,-000
+146,-000
+154,-000
+149,-000
+144,-000
+153,-000
+153,-000
+146,-000
+149,-000
+153,-000
+147,-000
+147,-000
+153,-000
+148,-000
+145,-000
+148,-000
+146,-000
+146,-000
+148,-000
+145,-000
+145,-000
+145,-000
+145,-000
+145,-000
+141,-000
+143,-000
+143,-000
+138,-000
+138,-000
+144,-000
+137,-000
+139,-000
+141,-000
+138,-000
+138,-000
+138,-000
+138,-000
+138,-000
+138,-000
+145,-000
+138,-000
+138,-000
+146,-000
+142,-000
+138,-000
+148,-000
+146,-000
+139,-000
+144,-000
+151,-000
+142,-000
+142,-000
+150,-000
+146,-000
+142,-000
+151,-000
+151,-000
+143,-000
+150,-000
+155,-000
+147,-000
+147,-000
+158,-000
+160,-000
+150,-000
+188,-000
+218,-000
+153,-000
+197,-000
+254,-000
+187,-000
+218,-000
+254,-000
+241,-000
+223,-000
+254,-000
+254,-000
+254,-000
+254,-000
+254,-000
+254,-000
+254,-000
+254,-000
+254,-000
+254,-000
+254,-004
+254,-000
+254,-000
+254,-000
+254,-000
+254,-000
+254,-000
+254,-000
+254,-000
+254,-000
+254,-000
+254,-000
+254,-000
+254,-000
+254,-000
+254,-000
+254,-000
+254,-000
+254,-000
+254,-000
+254,-000
+254,-000
+254,-004
+254,-000
+254,-000
+254,-000
+254,-000
+254,-000
+254,-000
+254,-000
+254,-000
+254,-000
+254,-000
+254,-000
+254,-000
+254,-000
+254,-000
+254,-000
+254,-000
+254,-000
+254,-000
+254,-000
+254,-000
+254,-000
+254,-000
+254,-000
+254,-000
+254,-000
+254,-000
+254,-000
+254,-000
+254,-000
+254,-000
+254,-000
+254,-000
+254,-000
+254,-000
+254,-000
+254,-000
+254,-000
+254,-000
+254,-000
+254,-000
+254,-007
+254,-000
+254,-000
+254,-000
+254,-000
+254,-000
+254,-000
+254,-000
+254,-000
+254,-000
+254,-000
+254,-000
+254,-000
+254,-000
+254,-000
+254,-006
+254,-006
+254,-006
+254,-009
+254,-013
+254,-011
+254,-011
+254,-011
+254,-016
+254,-014
+254,-014
+254,-019
+254,-011
+254,-011
+254,-015
+254,-013
+254,-013
+254,-022
+254,-014
+254,-011
+254,-014
+254,-013
+254,-013
+254,-012
+254,-012
+254,-012
+254,-012
+254,-015
+254,-015
+254,-013
+254,-016
+254,-016
+254,-015
+254,-015
+254,-020
+254,-020
+254,-020
+254,-023
+254,-023
+254,-028
+254,-024
+254,-021
+254,-021
+254,-020
+254,-023
+254,-022
+254,-019
+254,-023
+254,-020
+254,-017
+254,-020
+254,-024
+254,-018
+254,-016
+254,-022
+254,-018
+254,-015
+254,-020
+254,-017
+254,-017
+254,-016
+254,-016
+254,-013
+254,-012
+254,-017
+254,-014
+254,-013
+254,-013
+254,-013
+254,-013
+254,-013
+254,-013
+254,-013
+254,-016
+254,-016
+254,-015
+254,-015
+254,-018
+254,-018
+254,-017
+254,-024
+254,-021
+254,-020
+254,-018
+254,-027
+254,-024
+254,-024
+254,-024
+254,-028
+254,-027
+254,-027
+254,-032
+254,-029
+254,-029
+254,-029
+254,-029
+254,-029
+254,-029
+254,-029
+254,-029
+254,-029
+254,-029
+254,-037
+254,-030
+254,-030
+254,-030
+254,-030
+254,-029
+254,-029
+254,-029
+254,-029
+254,-029
+254,-029
+254,-029
+254,-029
+254,-029
+254,-029
+254,-029
+254,-029
+254,-029
+254,-029
+254,-029
+254,-029
+254,-029
+254,-029
+254,-029
+254,-029
+254,-032
+254,-031
+254,-029
+254,-029
+254,-029
+254,-029
+254,-029
+254,-029
+254,-029
+254,-029
+254,-033
+254,-039
+254,-031
+254,-031
+254,-031
+254,-031
+254,-041
+254,-034
+254,-033
+254,-032
+254,-032
+254,-032
+254,-032
+254,-036
+254,-039
+254,-037
+254,-041
+254,-044
+254,-044
+254,-043
+254,-043
+254,-048
+254,-048
+254,-051
+254,-057
+254,-054
+254,-054
+254,-061
+254,-057
+254,-061
+254,-064
+254,-064
+254,-064
+254,-062
+254,-073
+254,-072
+254,-072
+254,-077
+254,-075
+254,-075
+254,-075
+254,-078
+254,-076
+254,-076
+254,-076
+254,-076
+254,-079
+254,-079
+254,-079
+254,-082
+254,-082
+254,-090
+254,-085
+254,-088
+254,-093
+254,-087
+254,-093
+254,-099
+254,-097
+254,-100
+254,-103
+254,-106
+254,-103
+254,-110
+254,-117
+254,-111
+254,-111
+254,-117
+254,-120
+254,-125
+254,-123
+254,-123
+254,-123
+254,-123
+254,-123
+254,-123
+254,-123
+254,-123
+254,-123
+254,-126
+254,-126
+254,-125
+254,-125
+254,-125
+254,-125
+254,-128
+254,-127
+254,-127
+254,-127
+254,-127
+254,-130
+254,-121
+254,-131
+254,-128
+254,-127
+254,-130
+254,-124
+254,-131
+254,-129
+254,-127
+254,-127
+254,-134
+254,-128
+254,-127
+254,-127
+254,-123
+254,-123
+254,-126
+254,-121
+254,-119
+254,-119
+254,-115
+254,-113
+254,-112
+254,-112
+254,-109
+254,-103
+254,-108
+254,-101
+254,-101
+254,-101
+254,-099
+254,-096
+254,-101
+254,-096
+254,-094
+254,-091
+254,-091
+254,-090
+254,-090
+254,-090
+254,-090
+254,-099
+254,-092
+254,-092
+254,-092
+254,-095
+254,-091
+254,-095
+254,-094
+254,-094
+254,-094
+254,-097
+254,-097
+254,-101
+254,-099
+254,-102
+254,-102
+254,-106
+254,-106
+254,-106
+254,-109
+254,-109
+254,-109
+254,-105
+254,-110
+254,-110
+254,-110
+254,-109
+254,-115
+254,-104
+254,-104
+254,-100
+254,-097
+254,-108
+254,-098
+254,-094
+254,-098
+254,-093
+254,-092
+254,-099
+254,-099
+254,-094
+254,-094
+254,-094
+254,-093
+254,-090
+254,-094
+254,-091
+254,-088
+254,-093
+254,-088
+254,-088
+254,-087
+254,-083
+254,-083
+254,-090
+254,-086
+254,-082
+254,-080
+254,-080
+254,-075
+254,-079
+254,-077
+254,-080
+254,-066
+254,-069
+254,-068
+254,-065
+254,-063
+254,-062
+254,-062
+254,-051
+254,-051
+254,-051
+254,-046
+254,-043
+254,-046
+254,-042
+254,-042
+254,-041
+254,-041
+254,-041
+254,-039
+254,-039
+254,-039
+254,-039
+254,-037
+254,-037
+254,-037
+254,-037
+254,-040
+254,-045
+254,-039
+254,-036
+254,-035
+254,-038
+254,-046
+254,-038
+254,-034
+254,-033
+254,-033
+254,-028
+254,-028
+254,-028
+254,-026
+254,-023
+254,-026
+254,-021
+254,-016
+254,-016
+254,-015
+254,-009
+254,-006
+254,-006
+254,-002
+254,-000
+254,-000
+254,-000
+254,-009
+254,-000
+254,-000
+254,-000
+254,-000
+254,-000
+254,-000
+254,-000
+254,-000
+254,-000
+254,-000
+254,-000
+254,-000
+254,-000
+254,-000
+254,-000
+254,-000
+254,-000
+254,-000
+254,-000
+254,-000
+254,-000
+254,-000
+254,-000
+254,-000
+254,-000
+254,-000
+254,-000
+254,-000
+254,-000
+254,-000
+254,-000
+254,-000
+254,-000
+254,-000
+254,-000
+254,-000
+254,-000
+254,-000
+254,-000
+254,-000
+254,-004
+226,-000
+254,-000
+207,-000
+145,-000
+191,-000
+176,-000
+137,-000
+137,-000
+142,-000
+133,-000
+129,-000
+136,-000
+132,-000
+127,-000
+132,-000
+132,-000
+125,-000
+127,-000
+132,-000
+125,-000
+122,-000
+130,-000
+125,-000
+121,-000
+126,-000
+124,-000
+124,-000
+124,-000
+129,-000
+126,-000
+122,-000
+131,-000
+127,-000
+123,-000
+130,-000
+134,-000
+125,-000
+128,-000
+135,-000
+128,-000
+128,-000
+137,-000
+133,-000
+127,-000
+137,-000
+139,-000
+134,-000
+137,-000
+144,-000
+136,-000
+136,-000
+147,-000
+144,-000
+136,-003
+153,-000
+155,-000
+139,-000
+164,-000
+226,-000
+159,-000
+155,-000
+239,-000
+219,-000
+144,-000
+220,-000
+247,-000
+152,-000
+190,-000
+254,-000
+185,-000
+154,-000
+254,-000
+226,-000
+151,-000
+227,-000
+254,-000
+184,-000
+222,-000
+254,-000
+234,-000
+234,-000
+254,-000
+254,-000
+247,-000
+247,-000
+254,-000
+235,-000
+254,-000
+254,-000
+254,-000
+247,-000
+254,-000
+254,-000
+254,-000
+254,-003
+254,-000
+254,-000
+254,-000
+254,-000
+254,-000
+254,-000
+254,-000
+254,-000
+254,-000
+254,-000
+254,-000
+254,-000
+254,-000
+254,-000
+254,-000
+254,-000
+254,-000
+254,-000
+254,-000
+254,-000
+254,-000
+254,-004
+254,-000
+254,-000
+254,-000
+254,-000
+254,-000
+254,-000
+254,-000
+254,-000
+254,-006
+254,-000
+254,-000
+254,-000
+254,-000
+254,-000
+254,-000
+254,-000
+254,-000
+254,-000
+254,-000
+254,-000
+254,-000
+254,-000
+254,-000
+254,-000
+254,-000
+254,-000
+254,-000
+254,-000
+254,-000
+254,-000
+254,-007
+254,-000
+254,-000
+254,-000
+254,-000
+254,-000
+254,-000
+254,-000
+254,-000
+254,-000
+254,-007
+254,-000
+254,-000
+254,-000
+254,-000
+254,-000
+254,-000
+254,-000
+254,-000
+254,-000
+254,-000
+254,-000
+254,-000
+254,-000
+254,-000
+254,-000
+254,-000
+254,-000
+254,-000
+254,-000
+254,-000
+254,-000
+254,-006
+254,-000
+254,-000
+254,-000
+254,-000
+254,-000
+254,-000
+254,-000
+254,-000
+254,-000
+254,-000
+254,-000
+254,-000
+254,-000
+254,-000
+254,-000
+254,-000
+254,-000
+254,-000
+254,-000
+254,-000
+254,-000
+254,-000
+254,-000
+254,-000
+254,-000
+254,-000
+254,-000
+254,-000
+254,-000
+254,-000
+254,-000
+254,-000
+239,-000
+201,-000
+239,-000
+247,-000
+152,-000
+174,-000
+182,-000
+220,-000
+166,-000
+138,-000
+148,-000
+151,-000
+133,-000
+137,-000
+143,-000
+130,-000
+130,-000
+136,-000
+134,-000
+126,-000
+134,-000
+134,-000
+124,-000
+126,-000
+132,-000
+125,-000
+125,-000
+125,-000
+125,-000
+122,-000
+122,-000
+120,-000
+118,-000
+122,-000
+117,-000
+117,-000
+112,-000
+116,-000
+116,-000
+108,-000
+113,-000
+113,-000
+110,-000
+110,-000
+110,-000
+108,-000
+108,-000
+108,-000
+110,-000
+101,-000
+112,-000
+109,-000
+103,-000
+108,-000
+110,-000
+110,-000
+104,-000
+112,-000
+112,-000
+104,-000
+112,-000
+110,-000
+110,-000
+108,-000
+113,-000
+110,-000
+107,-000
+114,-000
+109,-000
+109,-000
+113,-000
+111,-000
+111,-000
+111,-000
+115,-000
+110,-000
+105,-000
+117,-000
+112,-000
+103,-000
+112,-000
+117,-000
+104,-000
+104,-000
+120,-000
+107,-000
+107,-000
+116,-000
+110,-000
+110,-000
+110,-000
+114,-000
+109,-000
+109,-000
+114,-000
+110,-000
+110,-000
+110,-000
+112,-000
+112,-000
+114,-000
+114,-000
+110,-000
+112,-000
+115,-000
+110,-000
+106,-000
+111,-000
+111,-000
+105,-000
+109,-000
+112,-000
+105,-000
+108,-000
+112,-000
+108,-000
+108,-000
+113,-000
+115,-000
+109,-000
+118,-000
+120,-000
+115,-000
+118,-000
+118,-000
+118,-000
+118,-000
+125,-000
+125,-000
+119,-000
+129,-000
+132,-000
+122,-000
+128,-000
+135,-000
+130,-000
+130,-000
+137,-000
+137,-000
+131,-000
+138,-000
+138,-000
+136,-000
+136,-000
+140,-000
+140,-000
+140,-000
+144,-000
+142,-000
+142,-000
+144,-000
+148,-000
+142,-000
+144,-000
+148,-000
+146,-000
+146,-000
+149,-000
+147,-000
+149,-000
+149,-000
+149,-000
+149,-000
+149,-000
+152,-000
+149,-000
+149,-000
+155,-000
+153,-000
+151,-000
+151,-000
+157,-000
+150,-000
+152,-000
+159,-000
+151,-000
+151,-000
+158,-000
+156,-000
+151,-000
+156,-000
+156,-000
+151,-000
+153,-000
+157,-000
+152,-000
+152,-000
+157,-000
+154,-000
+151,-000
+156,-000
+158,-000
+150,-000
+152,-000
+159,-000
+152,-000
+150,-000
+156,-000
+154,-000
+148,-000
+154,-000
+154,-000
+146,-000
+149,-000
+153,-000
+147,-000
+145,-000
+148,-000
+146,-000
+146,-000
+146,-000
+146,-000
+140,-000
+144,-000
+144,-000
+140,-000
+137,-000
+142,-000
+139,-000
+137,-000
+137,-000
+137,-000
+127,-000
+130,-000
+136,-000
+127,-000
+124,-000
+127,-000
+124,-000
+124,-000
+124,-000
+124,-000
+124,-000
+122,-000
+125,-000
+121,-000
+118,-000
+125,-000
+122,-000
+119,-000
+123,-000
+126,-000
+120,-000
+120,-000
+124,-000
+119,-000
+119,-000
+125,-000
+122,-000
+116,-000
+120,-000
+123,-000
+115,-000
+115,-000
+122,-000
+114,-000
+114,-000
+119,-000
+116,-000
+114,-000
+116,-000
+116,-000
+112,-000
+114,-000
+117,-000
+113,-000
+113,-000
+117,-000
+113,-000
+111,-000
+114,-000
+116,-000
+111,-000
+111,-000
+115,-000
+113,-000
+113,-000
+116,-000
+116,-000
+112,-000
+116,-000
+118,-000
+113,-000
+115,-000
+119,-000
+115,-000
+115,-000
+120,-000
+120,-000
+114,-000
+121,-000
+123,-000
+118,-000
+123,-000
+125,-000
+121,-000
+121,-000
+127,-000
+127,-000
+121,-000
+128,-000
+131,-000
+125,-000
+130,-000
+135,-000
+133,-000
+129,-000
+135,-000
+135,-000
+133,-000
+137,-000
+137,-000
+137,-000
+137,-000
+148,-000
+142,-000
+142,-000
+151,-000
+151,-000
+151,-000
+154,-000
+157,-000
+153,-000
+155,-000
+160,-000
+158,-000
+160,-000
+160,-000
+160,-000
+160,-000
+164,-000
+166,-000
+164,-000
+164,-000
+174,-000
+170,-000
+170,-000
+177,-000
+177,-000
+171,-000
+183,-000
+191,-000
+174,-000
+187,-000
+228,-000
+183,-000
+186,-000
+245,-000
+224,-000
+186,-000
+232,-000
+254,-000
+202,-000
+229,-000
+254,-000
+245,-000
+245,-000
+254,-000
+254,-000
+254,-000
+254,-000
+254,-000
+254,-000
+254,-000
+254,-000
+254,-000
+254,-000
+254,-000
+254,-000
+254,-000
+254,-000
+254,-000
+254,-000
+254,-000
+254,-000
+254,-000
+254,-000
+254,-000
+254,-000
+254,-000
+254,-000
+254,-000
+254,-000
+254,-000
+254,-000
+254,-003
+254,-000
+254,-000
+254,-000
+254,-000
+254,-000
+254,-000
+254,-000
+254,-000
+254,-000
+254,-000
+254,-000
+254,-000
+254,-000
+254,-000
+254,-000
+254,-000
+254,-000
+254,-000
+254,-000
+254,-000
+254,-000
+254,-003
+254,-000
+254,-000
+254,-000
+254,-000
+254,-000
+254,-000
+254,-000
+254,-000
+254,-000
+254,-000
+254,-000
+254,-000
+254,-000
+254,-000
+254,-000
+254,-000
+254,-000
+254,-000
+254,-000
+254,-000
+254,-000
+249,-000
+254,-000
+254,-000
+202,-000
+217,-000
+254,-000
+201,-000
+180,-000
+249,-000
+212,-000
+172,-000
+192,-000
+216,-000
+166,-000
+171,-000
+202,-000
+173,-000
+166,-000
+193,-000
+182,-000
+163,-000
+177,-000
+182,-000
+162,-000
+166,-000
+170,-000
+161,-000
+158,-000
+164,-000
+161,-000
+155,-000
+160,-000
+160,-000
+155,-000
+155,-000
+164,-000
+155,-000
+152,-000
+161,-000
+159,-000
+152,-000
+160,-000
+165,-000
+155,-000
+162,-000
+167,-000
+162,-000
+162,-000
+214,-000
+210,-000
+166,-000
+228,-000
+254,-000
+233,-000
+254,-000
+254,-000
+254,-000
+254,-000
+254,-000
+254,-000
+254,-000
+254,-000
+254,-000
+254,-000
+254,-000
+254,-000
+254,-000
+254,-000
+254,-000
+254,-000
+254,-000
+254,-000
+254,-000
+254,-003
+254,-000
+254,-000
+254,-000
+254,-000
+254,-000
+254,-000
+254,-000
+254,-000
+254,-004
+254,-000
+254,-000
+254,-000
+254,-000
+254,-000
+254,-000
+254,-000
+254,-000
+254,-000
+254,-000
+254,-000
+254,-000
+254,-000
+254,-000
+254,-000
+254,-000
+254,-000
+254,-000
+254,-000
+254,-000
+254,-000
+254,-006
+254,-000
+254,-000
+254,-000
+254,-000
+254,-000
+254,-000
+254,-000
+254,-000
+254,-000
+254,-007
+254,-000
+254,-000
+254,-000
+254,-000
+254,-000
+254,-000
+254,-000
+254,-000
+254,-000
+254,-000
+254,-000
+254,-000
+254,-000
+254,-000
+254,-000
+254,-000
+254,-000
+254,-000
+254,-000
+254,-000
+254,-000
+254,-005
+254,-000
+254,-000
+254,-000
+254,-000
+254,-000
+254,-000
+254,-000
+254,-000
+254,-003
+254,-000
+254,-000
+254,-000
+254,-000
+201,-000
+242,-000
+254,-000
+133,-000
+133,-000
+242,-000
+119,-000
+086,-000
+181,-000
+136,-000
+078,-000
+138,-000
+210,-000
+067,-000
+105,-000
+254,-000
+116,-000
+079,-000
+254,-000
+150,-000
+060,-000
+184,-000
+217,-000
+059,-000
+069,-000
+184,-000
+084,-000
-052,-000
+184,-000
+094,-000
-050,-000
+105,-000
+127,-000
-040,-000
+076,-000
+153,-000
-042,-000
-042,-000
+054,-000
-051,-000
-036,-000
-053,-000
-051,-000
-035,-000
-042,-000
-050,-000
-043,-000
-038,-000
-043,-000
-051,-000
-040,-000
-047,-000
-047,-000
-045,-000
-052,-000
-047,-000
-053,-000
-047,-000
-050,-000
-053,-000
-049,-000
-052,-000
-048,-000
-048,-000
-047,-000
-046,-000
-045,-000
-037,-000
-041,-000
-040,-000
-031,-000
-036,-000
-028,-000
-026,-000
-026,-000
-023,-000
-023,-000
-014,-000
-020,-000
-013,-000
-004,-000
-004,-000
-007,-000
-009,-000
-023,-000
-017,-000
-028,-000
-033,-000
-029,-000
-037,-000
-042,-000
-043,-000
-047,-000
-048,-000
-049,-000
-055,-000
-070,-000
-067,-000
-069,-000
-085,-000
-080,-000
-085,-000
-085,-000
-085,-000
-073,-000
-078,-000
-080,-000
-080,-000
-084,-000
-084,-000
-076,-000
-076,-000
-063,-000
-071,-000
-061,-000
-053,-000
-053,-000
-043,-000
-045,-000
-036,-000
-037,-000
-031,-000
-015,-000
-024,-000
-012,-000
-007,-000
-003,-000
-001,-000
-009,-000
-021,-000
-014,-000
+106,-000
+230,-000
+078,-000
+212,-000
+254,-000
+254,-000
+254,-000
+254,-000
+254,-000
+254,-000
+254,-000
+254,-000
+254,-000
+254,-017
+254,-000
+254,-000
+254,-000
+254,-000
+254,-000
+254,-000
+254,-000
+254,-000
+254,-019
+254,-000
+254,-000
+254,-000
+254,-000
+254,-003
+254,-021
+254,-035
+254,-048
+254,-058
+254,-056
+254,-063
+254,-069
+254,-087
+254,-101
+254,-098
+254,-119
+254,-119
+254,-119
+254,-123
+254,-123
+254,-130
+254,-123
+254,-139
+254,-139
+254,-139
+254,-139
+254,-144
+254,-144
+254,-144
+254,-144
+254,-144
+254,-153
+254,-153
+254,-149
+254,-155
+254,-151
+254,-151
+254,-159
+254,-152
+254,-152
+254,-162
+254,-153
+254,-162
+254,-148
+254,-144
+254,-135
+254,-135
+254,-130
+254,-118
+254,-116
+254,-115
+254,-115
+254,-120
+254,-132
+254,-106
+254,-073
+254,-077
+054,+199
+054,+199
+054,+199
+054,+199
+054,+199
+054,+199
+054,+199
+054,+199
+054,+199
+054,+199
+054,+199
+054,+199
+054,+199
+054,+199
+054,+199
+054,+199
+054,+199
+054,+199
+054,+199
+054,+199
+054,+199
+054,+199
-039,-000
-031,-000
-008,-000
-034,-000
-045,-000
-026,-000
-026,-003
-026,-000
-013,-000
-016,-000
-016,-000
-006,-000
-006,-000
-006,-000
-012,-000
-011,-000
-000,-000
-001,-000
-011,-000
-017,-000
-006,-000
-005,-000
-015,-000
-006,-000
-006,-000
-017,-000
-012,-000
-009,-000
-015,-000
-021,-000
-014,-000
-013,-000
-028,-000
-012,-000
-017,-000
-029,-000
-020,-000
-018,-000
-024,-000
-037,-000
-021,-000
-027,-000
-040,-000
-025,-000
-025,-000
-039,-000
-035,-000
-029,-000
-039,-000
-045,-000
-025,-000
-039,-000
-048,-000
-035,-000
-035,-000
-053,-000
-051,-000
-041,-000
-052,-000
+061,-000
-040,-000
+055,-000
+063,-000
+060,-000
+064,-000
+068,-000
+068,-000
+066,-000
+071,-000
+078,-000
+070,-000
+077,-000
+077,-000
+079,-000
+079,-000
+087,-000
+087,-000
+082,-000
+094,-000
+104,-000
+091,-000
+095,-000
+110,-000
+098,-000
+098,-000
+126,-000
+124,-000
+100,-000
+168,-000
+159,-000
+115,-000
+139,-000
+217,-000
+139,-000
+121,-000
+235,-000
+187,-000
+120,-000
+195,-000
+244,-000
+125,-000
+158,-000
+254,-000
+154,-000
+149,-000
+254,-000
+228,-000
+141,-000
+237,-000
+254,-000
+201,-005
+228,-000
+254,-000
+245,-000
+254,-000
+254,-000
+254,-000
+254,-000
+254,-000
+254,-000
+254,-000
+254,-000
+254,-000
+254,-000
+254,-000
+254,-000
+254,-000
+254,-000
+254,-000
+254,-000
+254,-000
+254,-000
+254,-005
+254,-000
+254,-000
+254,-000
+254,-000
+254,-000
+254,-000
+254,-000
+254,-000
+254,-007
+254,-000
+254,-000
+254,-000
+254,-000
+254,-000
+254,-000
+254,-000
+254,-000
+232,-000
+247,-000
+254,-000
+197,-000
+158,-000
+254,-000
+186,-000
+139,-000
+152,-000
+146,-000
+135,-000
+135,-000
+139,-000
+132,-000
+127,-000
+132,-000
+132,-000
+127,-000
+127,-000
+127,-000
+121,-000
+124,-000
+127,-000
+123,-000
+117,-000
+125,-000
+122,-000
+118,-000
+121,-000
+121,-000
+118,-000
+118,-000
+116,-000
+116,-000
+116,-000
+118,-000
+116,-000
+116,-000
+118,-000
+118,-000
+116,-000
+118,-000
+123,-000
+116,-000
+116,-000
+123,-000
+117,-000
+114,-000
+119,-000
+119,-000
+117,-000
+115,-000
+117,-000
+114,-000
+114,-000
+116,-000
+113,-000
+113,-000
+111,-000
+111,-000
+111,-000
+114,-000
+119,-000
+111,-000
+111,-000
COP Area(S): 005748
COP Area(R): 069454