-000,+000
-001,+001
-000,+003
-000,+003
-000,+003
-000,+003
-000,+003
-001,+003
-001,+005
-002,+005
-002,+005
-003,+005
-003,+005
-004,+007
-004,+007
-005,+007
-005,+007
-006,+007
-007,+007
-007,+007
-008,+009
-009,+009
-009,+009
-009,+009
-010,+009
-010,+011
-011,+011
-011,+011
-011,+011
-011,+011
-012,+013
-012,+013
-012,+013
-012,+013
-012,+013
-012,+015
-012,+015
-012,+015
-012,+015
-012,+015
-012,+015
-012,+017
-009,+017
-011,+017
-011,+017
-011,+019
-011,+019
-011,+017
-011,+019
-011,+019
-011,+017
-011,+017
-011,+019
-012,+017
-012,+017
-013,+017
-013,+017
-014,+015
-015,+015
-015,+015
-015,+015
-016,+015
-017,+015
-017,+013
-018,+013
-018,+013
-019,+013
-020,+011
-020,+011
-021,+011
-022,+011
-022,+009
-022,+009
-023,+009
-024,+009
-024,+009
-024,+007
-025,+007
-025,+007
-026,+005
-026,+005
-026,+005
-026,+005
-027,+003
-027,+003
-027,+003
-027,+003
-027,+001
-027,+001
-027,+001
-027,+001
-027,+001
-027,+001
-027,+001
-027,+001
-027,+003
-027,+003
-027,+003
-027,+003
-027,+003
-027,+003
-027,+003
-027,+003
-027,+005
-027,+005
-027,+005
-027,+005
-027,+005
-027,+005
-027,+005
-027,+005
-028,+005
-028,+007
-029,+007
-029,+007
-029,+007
-029,+007
-029,+007
-029,+007
-029,+007
-030,+007
-030,+007
-030,+007
-030,+007
-030,+007
-030,+005
-030,+005
-030,+005
-030,+005
-030,+005
-030,+005
-030,+005
-030,+003
-030,+003
-030,+003
-030,+003
-030,+003
-027,+003
-027,+001
-027,+001
-027,+001
-027,+001
-027,+001
-027,+001
-027,+001
-027,+001
-027,+001
-027,+001
-027,+001
-027,+003
-027,+003
-027,+003
-027,+003
-027,+003
-027,+005
-024,+005
-024,+005
-024,+007
-024,+007
-024,+007
-024,+007
-024,+007
-024,+009
-021,+009
-021,+009
-021,+009
-021,+009
-021,+011
-018,+011
-018,+011
-018,+011
-018,+011
-015,+011
-015,+011
-015,+011
-015,+011
-015,+011
-011,+011
-011,+013
-008,+013
-008,+013
-005,+015
-005,+015
-005,+015
-005,+015
-002,+015
-002,+015
-002,+013
-002,+013
-001,+013
-001,+013
-001,+013
-001,+013
-001,+013
-001,+011
-004,+011
-004,+011
-004,+011
-004,+011
-004,+009
-004,+009
-004,+009
-007,+009
-007,+007
-007,+007
-007,+005
-007,+005
-007,+005
-007,+003
-007,+003
-010,+003
-010,+003
-010,+001
-010,+001
-010,+001
-010,+001
-010,+001
+013,+001
+013,+001
+013,+001
+013,+001
+013,+001
+013,+001
+013,+003
+013,+003
+013,+003
+015,+003
+015,+003
+015,+003
+015,+003
+015,+003
+015,+003
+015,+001
+015,+001
+013,+001
+013,+001
+013,+001
+013,+001
+013,+001
+013,+001
+013,+001
+013,+001
+013,+001
+013,+001
+013,+003
+013,+003
+013,+003
+013,+003
+013,+003
+013,+003
+013,+003
+013,+003
+013,+003
+013,+003
+013,+003
+013,+003
+013,+003
+013,+003
+013,+003
+013,+003
+013,+003
+013,+003
+013,+003
+013,+003
+013,+003
+013,+001
+013,+001
-012,+001
-012,+001
-012,+001
-009,+003
-009,+003
-009,+001
-008,+001
-008,+001
-007,+001
-007,+001
-007,+001
-006,+001
-006,+001
-006,+001
-005,+001
-005,+001
-005,+001
-005,+001
-005,+001
-004,+001
-004,+001
-003,+001
-003,+001
-003,+001
-002,+001
-002,+001
-001,+001
-001,+001
-001,+001
-000,+001
-000,+001
-000,+001
-000,+001
-001,+001
-001,+001
-001,+001
-002,+001
-002,+001
-003,+001
-003,+001
-003,+001
-004,+001
-004,+001
-004,+001
-004,+001
-004,+001
-005,+001
-005,+001
-005,+001
-005,+001
-006,+001
-006,+001
-006,+001
-007,+001
-007,+003
-007,+003
-007,+003
-007,+003
-007,+003
-007,+003
-007,+003
-007,+005
-007,+005
-007,+005
-007,+005
-007,+005
-007,+005
-007,+005
-007,+005
-007,+005
-007,+005
-007,+005
-007,+005
-007,+005
-007,+007
-007,+007
-007,+007
-007,+007
-004,+007
-004,+007
-004,+007
-004,+007
-004,+007
-004,+007
-004,+007
-004,+009
-004,+009
-004,+009
-004,+009
-004,+009
-004,+009
-004,+009
-001,+009
-002,+009
-002,+009
-002,+009
-002,+009
-002,+009
-002,+009
-002,+009
-002,+007
-002,+007
-002,+007
-002,+007
-002,+007
-002,+007
-002,+007
-002,+007
-002,+007
-002,+007
-002,+007
-002,+007
-002,+007
-002,+007
-002,+007
-002,+007
-002,+007
-002,+007
-002,+007
-002,+007
-002,+005
-002,+005
-001,+005
-000,+005
-000,+005
-000,+005
-000,+005
-000,+005
-000,+005
-000,+005
-000,+005
-003,+005
-003,+007
-002,+004
-002,+004
-005,+006
-005,+006
-005,+006
-005,+006
-005,+006
-005,+006
-005,+006
-005,+006
-005,+006
-005,+006
-005,+006
-005,+006
-005,+006
-005,+006
-005,+006
-005,+006
-005,+006
-005,+006
-005,+006
-005,+006
-005,+006
-005,+006
-005,+004
-005,+004
-005,+004
-005,+002
-005,+002
-005,+002
-004,+002
-004,+002
-004,+002
-004,+002
-004,+002
-004,+002
-004,+002
-004,+002
-004,+002
-004,+002
-004,+000
-004,+000
-004,+000
-004,+000
-004,+000
-004,+000
-004,+000
-004,+000
-004,+000
-004,+000
-004,+000
-004,+000
-004,+000
-004,+000
-004,+000
-004,+000
-004,+000
-004,+000
-004,+000
-004,+000
-004,+000
-004,+000
-004,+000
-004,+000
-004,+000
-004,+000
-004,+000
-004,+000
-004,+000
-004,+000
-004,+000
-004,+000
-004,+000
-004,+000
-004,+000
-004,+000
-004,+000
-004,+000
-007,+000
-007,+000
-007,+000
-007,+000
-007,+002
-007,+002
-007,+002
-007,+002
-007,+002
-007,+002
-010,+002
-009,+002
-009,+002
-009,+002
-009,+004
-009,+004
-009,+004
-009,+004
-009,+004
-009,+004
-009,+004
-009,+004
-009,+004
-009,+004
-009,+004
-009,+006
-008,+006
-008,+006
-008,+006
-008,+006
-008,+006
-008,+006
-008,+006
-007,+006
-007,+006
-007,+006
-007,+006
-007,+006
-007,+006
-007,+008
-007,+008
-007,+008
-007,+008
-007,+008
-007,+008
-007,+008
-007,+008
-007,+008
-007,+008
-007,+008
-007,+008
-007,+008
-007,+008
-007,+008
-007,+008
-007,+008
-007,+008
-007,+008
-007,+008
-007,+008
-007,+008
-007,+008
-007,+008
-007,+010
-007,+010
-007,+010
-007,+010
-007,+010
-007,+010
-007,+010
-006,+010
-006,+010
-006,+010
-006,+010
-006,+012
-006,+012
-006,+012
-006,+012
-006,+012
-006,+012
-006,+012
-006,+012
-006,+012
-006,+012
-006,+012
-006,+012
-006,+012
-006,+014
-005,+014
-005,+014
-005,+014
-005,+014
-005,+014
-005,+016
-005,+016
-004,+016
-004,+016
-004,+016
-004,+016
-004,+016
-004,+016
-004,+016
-003,+016
-003,+016
-003,+016
-003,+016
-002,+016
-002,+016
-002,+016
-002,+016
-002,+016
-002,+016
-002,+016
-002,+016
-002,+016
-002,+016
-001,+016
-001,+016
-001,+016
-001,+016
-001,+016
-001,+016
-001,+016
-001,+016
-001,+016
-001,+016
-001,+016
-001,+016
-001,+016
-001,+016
-001,+016
-001,+016
-000,+016
-000,+016
-000,+016
-000,+016
-000,+016
-000,+016
-000,+016
-000,+016
-000,+016
-000,+016
-000,+016
-000,+016
-000,+016
-000,+016
-001,+016
-001,+016
-001,+018
-001,+018
-001,+018
-001,+018
-001,+018
-001,+018
-001,+018
-001,+018
-001,+018
-001,+018
-001,+018
-001,+018
-001,+018
-001,+018
-001,+018
-001,+018
-001,+018
-001,+018
-001,+018
-001,+018
-001,+016
-001,+016
-001,+016
-001,+016
-001,+016
-001,+016
-001,+016
-001,+016
-001,+016
-001,+016
-001,+016
-001,+016
-001,+016
-001,+016
-002,+016
-002,+016
-002,+016
-002,+016
-002,+016
-002,+016
-002,+016
-002,+016
-002,+016
-002,+016
-002,+016
-002,+016
-002,+016
-002,+016
-002,+016
-002,+016
-005,+016
-005,+016
-005,+016
-005,+016
-005,+016
-005,+016
-005,+014
-005,+014
-005,+014
-005,+014
-005,+014
-005,+014
-008,+014
-008,+014
-008,+014
-008,+014
-008,+014
-008,+014
-008,+014
-008,+014
-008,+014
-008,+014
-008,+014
-011,+014
-010,+014
-010,+014
-010,+014
-010,+014
-010,+014
-010,+014
-010,+014
-010,+014
-010,+014
-010,+014
-010,+014
-010,+014
+013,+014
+013,+014
+013,+014
+013,+014
+013,+014
+013,+014
+013,+014
+013,+014
+013,+014
+013,+014
+013,+014
+013,+014
+013,+014
+013,+014
+013,+014
+013,+014
+013,+014
+013,+014
+013,+014
+013,+014
+013,+014
+013,+014
+013,+014
+013,+014
+013,+014
-012,+014
-012,+014
-012,+014
-012,+014
-012,+014
-012,+014
-012,+014
-012,+014
-012,+014
-011,+014
-011,+014
-011,+014
-011,+014
-011,+014
-011,+014
-011,+014
-010,+014
-010,+014
-010,+014
-010,+014
-010,+014
-010,+014
-010,+014
-010,+014
-010,+014
-010,+014
-009,+014
-009,+014
-009,+014
-009,+014
-009,+014
-009,+014
-009,+014
-008,+014
-008,+014
-008,+014
-008,+014
-007,+012
-007,+012
-007,+012
-006,+012
-006,+012
-006,+012
-006,+012
-005,+012
-005,+012
-005,+012
-005,+012
-005,+012
-005,+012
-005,+012
-005,+012
-005,+012
-005,+012
-005,+012
-005,+012
-005,+012
-005,+012
-005,+012
-005,+012
-005,+012
-005,+012
-005,+010
-005,+010
-005,+010
-005,+010
-005,+010
-008,+010
-007,+010
-007,+010
-007,+010
-007,+010
-007,+010
-007,+010
-007,+010
-007,+010
-007,+010
-010,+010
-010,+010
-010,+010
-010,+010
-010,+010
-010,+010
-010,+010
-010,+010
-010,+010
-010,+010
-010,+008
+013,+008
+013,+008
+013,+008
+013,+008
+013,+008
+013,+008
+013,+008
+013,+008
+013,+008
+013,+008
+013,+008
+013,+008
+013,+006
+013,+006
+013,+006
+013,+006
+013,+006
+013,+006
+013,+006
+013,+006
+013,+006
+013,+006
+013,+006
+013,+006
+013,+006
+013,+006
+013,+006
+015,+006
+015,+006
+015,+006
+015,+006
+015,+006
+015,+006
+015,+006
+015,+006
+015,+006
+015,+006
+015,+006
+015,+006
+015,+006
+015,+006
+015,+006
+015,+006
+015,+008
+015,+008
+015,+008
+015,+008
+015,+008
+013,+008
+013,+008
+013,+008
+013,+008
+013,+008
+013,+008
+013,+008
+013,+008
+013,+008
+013,+010
+013,+010
+013,+010
+013,+010
+013,+010
+013,+010
-012,+010
-012,+010
-012,+010
-011,+010
-011,+012
-011,+012
-011,+012
-011,+012
-010,+012
-010,+012
-010,+012
-009,+014
-009,+014
-009,+014
-009,+014
-008,+014
-008,+014
-008,+014
-008,+014
-007,+014
-006,+016
-006,+016
-006,+016
-005,+016
-005,+016
-004,+016
-003,+016
-003,+018
-002,+018
-002,+018
-001,+018
-001,+018
-000,+018
-000,+018
-001,+018
-001,+018
-002,+018
-002,+018
-002,+018
-002,+018
-002,+018
-003,+018
-003,+018
-003,+020
-003,+020
-003,+020
-003,+020
-003,+020
-003,+020
-003,+020
-003,+020
-003,+018
-003,+018
-003,+018
-003,+018
-003,+018
-004,+018
-004,+018
-004,+018
-004,+018
-004,+018
-004,+018
-004,+018
-004,+018
-004,+018
-004,+018
-004,+018
-004,+018
-004,+018
-004,+016
-004,+016
-004,+016
-004,+016
-004,+016
-004,+016
-004,+016
-004,+014
-004,+014
-004,+014
-004,+014
-004,+014
-004,+014
-004,+014
-004,+014
-001,+014
-001,+014
-001,+014
-001,+014
-001,+012
-001,+012
-001,+012
-001,+012
-001,+012
-001,+012
-001,+012
-001,+012
-002,+008
-002,+011
-002,+009
-002,+009
-002,+009
-002,+009
-003,+007
-003,+007
-003,+007
-003,+007
-003,+007
-003,+007
-003,+007
-003,+007
-003,+007
-003,+007
-003,+007
-003,+005
-003,+005
-003,+005
-003,+005
-004,+005
-004,+005
-004,+005
-004,+005
-004,+005
-004,+005
-004,+005
-004,+005
-004,+005
-004,+005
-004,+005
-004,+005
-004,+005
-004,+005
-004,+005
-004,+005
-004,+005
-004,+005
-004,+005
-004,+005
-004,+005
-004,+007
-004,+007
-004,+007
-004,+007
-004,+007
-004,+007
-004,+007
-005,+007
-005,+007
-005,+007
-005,+007
-005,+007
-005,+007
-006,+007
-006,+007
-006,+007
-006,+007
-007,+007
-007,+009
-007,+009
-008,+009
-008,+009
-008,+009
-009,+009
-009,+009
-009,+009
-010,+009
-010,+011
-010,+011
-011,+011
-011,+011
-011,+011
-011,+011
-011,+011
-012,+013
-012,+013
-012,+013
-013,+013
-013,+013
-013,+013
-013,+013
-013,+013
-013,+013
-013,+013
-013,+013
-013,+013
-013,+013
-013,+013
-013,+013
-013,+013
-013,+011
-013,+011
-013,+011
-013,+011
-013,+011
-013,+011
-013,+011
-013,+011
-013,+011
-013,+009
-013,+009
-013,+009
-013,+009
-013,+009
-013,+009
-013,+009
-010,+009
-010,+009
-010,+009
-010,+009
-010,+009
-010,+009
-010,+007
-010,+007
-010,+007
-010,+007
-010,+007
-010,+007
-010,+007
-007,+007
-007,+007
-007,+007
-007,+007
-007,+007
-007,+005
-007,+005
-007,+005
-007,+005
-007,+005
-004,+005
-004,+005
-004,+005
-004,+005
-004,+005
-004,+005
-004,+005
-004,+003
-004,+003
-004,+003
-004,+003
-004,+003
-004,+003
-004,+003
-004,+003
-001,+003
-001,+003
-001,+003
-001,+003
-001,+003
-001,+003
-001,+003
-001,+003
-001,+003
-001,+001
-001,+001
-001,+001
-001,+001
-001,+001
-001,+001
-001,+001
-001,+001
-001,+001
-001,+001
-001,+001
-001,+001
-001,+001
-001,+001
-001,+001
-001,+001
-001,+001
-001,+001
-001,+001
-001,+001
-001,+001
-001,+001
-001,+001
-001,+001
-001,+001
-001,+001
-001,+001
-001,+001
-001,+001
-001,+001
-001,+001
-001,+001
-001,+001
-001,+001
-001,+001
-001,+001
-002,+001
-002,+001
-001,+001
-001,+001
-001,+001
-001,+001
-001,+001
-001,+001
-001,+001
-001,+001
-001,+001
-001,+001
-001,+001
-001,+001
-001,+001
-001,+001
-001,+001
-001,+001
-001,+001
-001,+003
-001,+003
-001,+003
-001,+003
-004,+003
-004,+003
-004,+003
-004,+003
-004,+003
-004,+003
-004,+003
-004,+003
-004,+003
-004,+003
-004,+003
-004,+003
-004,+003
-004,+003
-004,+003
-004,+001
-004,+001
-004,+001
-004,+001
-004,+001
-004,+001
-004,+001
-004,+001
-004,+001
-004,+001
-004,+001
-004,+001
-004,+001
-004,+001
-004,+001
-004,+001
-004,+001
-004,+001
-004,+001
-004,+001
-004,+001
-004,+001
-004,+001
-004,+001
-004,+001
-004,+001
-007,+001
-006,+001
-006,+001
-006,+001
-006,+001
-006,+001
-006,+001
-006,+001
-006,+001
-006,+001
-006,+001
-006,+001
-006,+001
-006,+001
-006,+001
-006,+001
-006,+001
-006,+001
-006,+001
-006,+001
-006,+001
-006,+001
-006,+001
-006,+001
-006,+001
-006,+001
-006,+001
-006,+001
-006,+001
-006,+001
-006,+001
-006,+001
-006,+001
-006,+003
-006,+003
-005,+001
-005,+003
-008,+003
-006,+003
-006,+003
-006,+003
-006,+003
-006,+003
-006,+003
-006,+003
-006,+003
-006,+003
-006,+003
-006,+003
-006,+003
-006,+003
-006,+003
-006,+003
-006,+003
-006,+003
-009,+003
-009,+003
-009,+003
-009,+003
-009,+003
-009,+003
-009,+003
-009,+003
-009,+003
-009,+003
-009,+003
-009,+003
-009,+003
-009,+003
-009,+003
-009,+003
-009,+003
-009,+003
-009,+003
-009,+003
-009,+003
-009,+003
-009,+003
-009,+003
-009,+003
-009,+003
-009,+003
-009,+003
-009,+003
-009,+003
-009,+003
-009,+003
-009,+003
-009,+005
-009,+005
-009,+005
-009,+005
-009,+005
-009,+005
-009,+005
-009,+005
-009,+005
-009,+005
-009,+005
-009,+005
-009,+005
-008,+005
-008,+005
-008,+005
-008,+005
-008,+005
-008,+005
-008,+005
-008,+005
-008,+005
-008,+005
-008,+005
-008,+005
-007,+005
-007,+005
-007,+005
-007,+005
-007,+005
-005,+005
-005,+005
-005,+005
-005,+005
-004,+005
-004,+005
-004,+005
-003,+003
-003,+005
-003,+005
-003,+003
-003,+003
-003,+005
-003,+003
-003,+003
-003,+005
-003,+003
-003,+003
-003,+003
-003,+003
-002,+003
-002,+003
-002,+003
-002,+003
-002,+003
-002,+003
-002,+003
-002,+003
-002,+003
-002,+003
-002,+003
-002,+003
-002,+003
-002,+003
-001,+003
-001,+003
-001,+003
-001,+003
-001,+003
-001,+003
-001,+003
-001,+003
-001,+001
-001,+001
-001,+001
-001,+001
-001,+001
-001,+001
-001,+001
-001,+001
-001,+001
-001,+001
-001,+001
-001,+001
-001,+001
-001,+001
-001,+001
-001,+001
-001,+001
-001,+001
-001,+001
-001,+001
-001,+001
-001,+001
-001,+001
-001,+001
-001,+001
-001,+001
-001,+001
-001,+001
-001,+001
-001,+001
-001,+001
-001,+001
-001,+001
-001,+001
-001,+001
-001,+001
-001,+001
-001,+001
-001,+001
-001,+001
-001,+001
-001,+001
-001,+001
-001,+001
-001,+001
-001,+001
-001,+001
-001,+001
-001,+001
-001,+001
-001,+001
-001,+001
-001,+001
-001,+001
-001,+001
-001,+001
-001,+001
-001,+001
-001,+001
-001,+001
-001,+001
-001,+001
-001,+001
-001,+001
-001,+001
-001,+001
-000,+001
-000,+001
-000,+001
-000,+001
-000,+001
-001,+001
-001,+001
-001,+001
-001,+001
-002,+001
-002,+001
-002,+001
-003,+001
-003,+001
-003,+001
-004,+001
-004,+001
-004,+001
-004,+001
-004,+001
-005,+001
-005,+001
-005,+001
-005,+001
-005,+001
-005,+001
-006,+001
-006,+001
-006,+001
-006,+001
-006,+001
-006,+001
-006,+001
-006,+001
-006,+001
-006,+001
-006,+001
-006,+001
-007,+001
-007,+001
-007,+001
-007,+001
-008,+001
-008,+001
-008,+001
-008,+001
-008,+001
-008,+001
-008,+001
-009,+001
-009,+001
-009,+001
-009,+001
-009,+001
-009,+001
-009,+001
-010,+001
-010,+001
-010,+001
-010,+001
-010,+001
-010,+001
-010,+001
-010,+001
-011,+001
-011,+001
-011,+001
-011,+001
-011,+001
-011,+001
-011,+001
-012,+001
-012,+001
-012,+001
-012,+001
-012,+001
-012,+001
-013,+001
-013,+001
-013,+001
-013,+001
-013,+001
-013,+001
-013,+001
-013,+001
-013,+001
-013,+001
-013,+001
-013,+001
-013,+001
-013,+001
-013,+001
-013,+001
-013,+001
-013,+001
-013,+001
-013,+001
-013,+001
-013,+001
-013,+001
-013,+001
-013,+001
-013,+001
-013,+001
-013,+001
-014,+001
-014,+001
-014,+001
-014,+001
-014,+001
-014,+001
-014,+001
-014,+001
-014,+001
-014,+001
-014,+001
-014,+001
-014,+001
-014,+001
-014,+001
-014,+001
-014,+001
-014,+001
-014,+001
-014,+001
-014,+001
-014,+001
-014,+001
-014,+001
-014,+001
-014,+001
-014,+001
-014,+001
-014,+001
-014,+001
-014,+001
-014,+001
-014,+001
-014,+001
-014,+001
-014,+001
-014,+001
-014,+001
-014,+001
-014,+001
-014,+001
-014,+001
-014,+001
-014,+001
-014,+001
-014,+001
-014,+001
-014,+001
-014,+001
-014,+001
-014,+001
-015,+001
-015,+001
-015,+001
-015,+001
-015,+001
-015,+001
-015,+001
-015,+001
-016,+001
-016,+001
-016,+001
-016,+001
-017,+001
-017,+001
-017,+001
-017,+001
-018,+001
-018,+001
-018,+001
-018,+001
-018,+001
-018,+001
-018,+001
-018,+001
-018,+001
-019,+001
-019,+001
-019,+001
-019,+001
-019,+001
-019,+001
-019,+001
-019,+001
-019,+001
-019,+001
-019,+001
-019,+001
-019,+001
-019,+001
-019,+001
-019,+001
-019,+001
-019,+001
-019,+001
-019,+001
-019,+001
-019,+001
-019,+001
-019,+001
-019,+001
-019,+001
-016,+001
-016,+001
-016,+001
-016,+001
-016,+001
-016,+001
-016,+001
-016,+001
-016,+001
-016,+001
-016,+001
-016,+001
-016,+001
-013,+001
-013,+001
-013,+001
-013,+001
-013,+001
-013,+001
-013,+001
-013,+001
-010,+001
-010,+001
-010,+001
-010,+001
-010,+001
-010,+001
-010,+001
-007,+001
-007,+001
-007,+001
-007,+001
-007,+001
-007,+001
-004,+001
-004,+001
-004,+001
-004,+001
-004,+001
-001,+001
-001,+001
-001,+001
-001,+001
-002,+003
-002,+003
-002,+003
-002,+003
-007,+005
-007,+005
-007,+005
-007,+005
-007,+005
-007,+005
-007,+005
-007,+005
-007,+005
-007,+005
-007,+005
-007,+005
-007,+005
-007,+005
-007,+005
-010,+005
-010,+005
-010,+005
-010,+005
-010,+005
-010,+005
-010,+005
-010,+005
-010,+003
+013,+003
+013,+003
+013,+001
+013,+001
+013,+001
+013,+002
+013,+002
+013,+004
+013,+004
+013,+004
+013,+006
+013,+006
+013,+006
+013,+008
+013,+008
+013,+008
+013,+010
+013,+010
+013,+010
+013,+010
+013,+010
+013,+010
+013,+010
-012,+010
-011,+008
-010,+008
-009,+005
-008,+005
-007,+003
-006,+001
-005,+001
-003,+003
-002,+005
-001,+007
-000,+009
-001,+011
-002,+013
-004,+015
-004,+019
-004,+021
-005,+021
-007,+023
-008,+023
-009,+023
-010,+023
-011,+023
-012,+023
-013,+023
-014,+025
-015,+025
-015,+025
-016,+025
-016,+025
-017,+025
-017,+025
-018,+025
-018,+027
-018,+027
-018,+027
-018,+027
-018,+027
-018,+027
-018,+027
-018,+027
-015,+025
-015,+025
-015,+025
-015,+025
-012,+025
-012,+023
-012,+023
-012,+023
-009,+023
-009,+021
-009,+021
-009,+021
-006,+021
-006,+019
-006,+019
-006,+019
-006,+019
-003,+019
-003,+019
-003,+019
-003,+019
-003,+019
-003,+019
-003,+019
-003,+019
-003,+017
-003,+017
-000,+017
-000,+017
-000,+017
-000,+017
-000,+017
-000,+017
-000,+017
-000,+017
-000,+017
-000,+017
-000,+017
-000,+017
-003,+017
-002,+017
-002,+017
-002,+017
-002,+017
-002,+017
-002,+017
-002,+017
-002,+017
-002,+017
-002,+017
-002,+017
-002,+019
-002,+019
-002,+019
-002,+019
-002,+019
-002,+019
-002,+019
-002,+021
-002,+021
-002,+021
-002,+021
-002,+021
-002,+021
-002,+023
-001,+023
-001,+023
-001,+023
-001,+023
-000,+023
-000,+025
-001,+025
-001,+025
-001,+025
-002,+025
-002,+027
-002,+027
-003,+027
-003,+027
-004,+027
-004,+027
-004,+028
-004,+028
-005,+028
-005,+028
-005,+028
-005,+028
-006,-029
-006,-029
-006,-030
-006,-030
-006,-030
-006,-030
-006,-030
-006,-031
-006,-031
-006,-031
-006,-031
-006,-031
-006,-031
-006,-031
-006,-031
-006,-031
-006,-031
-006,-031
-006,-031
-006,-031
-006,-031
-006,-031
-006,-031
-006,-031
-006,-031
-003,-031
-003,-031
-003,-031
-003,-031
-003,+028
-003,+028
-003,+028
-003,+028
-003,+028
-003,+028
-003,+028
-003,+026
-000,+026
-000,+026
-000,+024
-000,+024
-000,+024
-000,+024
-003,+024
-003,+022
-003,+022
-003,+022
-006,+022
-006,+022
-006,+022
-006,+022
-006,+022
-006,+022
-006,+022
-009,+022
-009,+022
-009,+022
-009,+022
-009,+022
-009,+022
-009,+022
-009,+022
-009,+024
-009,+024
-012,+024
-012,+024
-012,+024
-012,+024
-012,+024
-012,+024
-012,+024
-012,+024
-012,+024
-012,+024
-012,+024
-012,+024
-012,+024
-012,+022
-012,+022
-012,+022
-012,+022
-012,+022
-012,+022
-012,+020
-012,+020
-012,+020
-012,+020
-012,+020
+014,+020
+014,+020
+014,+018
+014,+018
+014,+018
+014,+018
+014,+018
+014,+018
+014,+018
+014,+018
+014,+018
+014,+018
+016,+018
+016,+018
+016,+018
+016,+016
+016,+016
+016,+016
+016,+016
+016,+016
+018,+016
+018,+016
+018,+016
+018,+016
+018,+016
+018,+014
+018,+014
+018,+014
+018,+014
+018,+014
+018,+014
+018,+014
+018,+014
+018,+014
+018,+014
+018,+014
+018,+014
+018,+014
+018,+012
+018,+012
+018,+012
+018,+012
+018,+012
+018,+012
+018,+012
+018,+012
+018,+012
+018,+012
+018,+012
+018,+012
+018,+012
+018,+012
+018,+012
+018,+012
+018,+012
+018,+012
+018,+012
+018,+012
+018,+012
+018,+012
+018,+012
+018,+012
+016,+014
+016,+014
+016,+014
+016,+014
+016,+014
+016,+014
+014,+014
+014,+014
+014,+016
+014,+016
+014,+016
+013,+016
+013,+016
+013,+016
-012,+016
-012,+016
-012,+016
-011,+016
-011,+016
-011,+016
-010,+016
-010,+016
-010,+016
-009,+016
-009,+016
-009,+016
-008,+016
-008,+016
-007,+016
-007,+016
-007,+016
-006,+016
-006,+016
-005,+016
-005,+016
-005,+016
-004,+014
-003,+014
-003,+014
-003,+014
-003,+014
-002,+014
-002,+014
-002,+014
-001,+014
-001,+014
-001,+014
-001,+014
-000,+014
-000,+014
-000,+014
-000,+014
-001,+014
-001,+014
-001,+014
-001,+014
-004,+010
-004,+010
-005,+010
-005,+008
-005,+008
-005,+008
-005,+008
-005,+008
-005,+008
-005,+008
-005,+006
-005,+006
-005,+006
-005,+004
-005,+004
-005,+004
-005,+004
-005,+004
-005,+004
-005,+004
-005,+004
-005,+004
-005,+004
-002,+004
-002,+004
-002,+004
-002,+004
-002,+004
-002,+004
-002,+004
-002,+004
-002,+004
-001,+004
-001,+004
-001,+004
-001,+004
-001,+004
-001,+002
-004,+002
-004,+002
-004,+002
-004,+002
-008,+004
-008,+004
-008,+004
-008,+004
-011,+004
-011,+004
-011,+004
-011,+004
-011,+004
-011,+004
+013,+004
+013,+004
+013,+004
+013,+004
+013,+004
+013,+004
+015,+004
+015,+004
+015,+004
+015,+004
+015,+004
+017,+006
+017,+006
+017,+006
+017,+008
+017,+008
+017,+008
+017,+008
+017,+010
+017,+010
+017,+010
+017,+010
+017,+010
+017,+012
+017,+012
+017,+012
+017,+012
+017,+012
+017,+012
+017,+014
+017,+014
+017,+014
+017,+014
+017,+014
+019,+014
+019,+014
+019,+014
+019,+016
+019,+016
+019,+016
+019,+016
+019,+016
+019,+016
+019,+016
+019,+016
+019,+016
+019,+016
+019,+018
+019,+018
+019,+018
+019,+018
+019,+018
+019,+018
+019,+018
+019,+018
+019,+018
+019,+018
+019,+018
+017,+018
+017,+018
+017,+018
+017,+018
+017,+018
+017,+018
+017,+018
+017,+018
+017,+018
+015,+018
+015,+018
+015,+018
+015,+018
+015,+018
+015,+018
+015,+018
+015,+018
+015,+018
+015,+018
+013,+018
+013,+018
+013,+018
+013,+018
+013,+018
+013,+018
+013,+018
+013,+016
+013,+016
+013,+016
+013,+016
+013,+016
+013,+016
+013,+016
+013,+016
+013,+016
+013,+016
+013,+016
+013,+016
+013,+016
+013,+016
+013,+016
+013,+016
+013,+016
+013,+016
+013,+016
+015,+016
+015,+016
+015,+016
+015,+016
+015,+016
+015,+016
+015,+016
+017,+016
+017,+016
+017,+016
+017,+016
+017,+016
+017,+016
+017,+016
+017,+016
+017,+016
+017,+016
+017,+016
+017,+016
+017,+016
+019,+016
+019,+016
+019,+016
+019,+016
+019,+018
+019,+018
+019,+018
+019,+018
+019,+018
+017,+018
+017,+018
+017,+018
+017,+018
+017,+018
+017,+018
+017,+018
+017,+018
+017,+018
+017,+018
+017,+018
+017,+018
+017,+018
+017,+018
+017,+018
+017,+018
+017,+018
+017,+018
+017,+018
+017,+018
+017,+018
+017,+018
+015,+018
+015,+018
+015,+018
+015,+018
+015,+018
+015,+018
+015,+018
+015,+018
+015,+018
+015,+018
+015,+018
+015,+018
+015,+018
+015,+018
+015,+018
+013,+018
+013,+018
+013,+018
+013,+018
+013,+018
+013,+018
+013,+018
+013,+018
+013,+018
+013,+018
+013,+018
+013,+018
+013,+018
+013,+018
+013,+018
+013,+018
+013,+018
+013,+018
-012,+018
-012,+018
-012,+018
-012,+018
-012,+018
-011,+016
-011,+016
-011,+016
-011,+016
-011,+016
-011,+016
-010,+016
-010,+016
-010,+016
-010,+016
-010,+016
-010,+016
-010,+016
-009,+018
-009,+018
-008,+018
-008,+018
-008,+018
-007,+018
-007,+018
-007,+018
-006,+018
-006,+018
-006,+018
-005,+018
-005,+018
-005,+018
-004,+018
-004,+018
-004,+018
-003,+018
-003,+018
-003,+018
-002,+018
-002,+016
-002,+016
-001,+016
-001,+016
-001,+016
-001,+016
-001,+016
-001,+016
-000,+016
-000,+016
-000,+016
-000,+016
-000,+016
-001,+016
-001,+016
-001,+016
-001,+016
-001,+016
-001,+016
-001,+016
-001,+016
-001,+016
-001,+016
-001,+016
-001,+016
-001,+016
-001,+016
-001,+016
-001,+016
-001,+016
-001,+016
-001,+016
-001,+016
-001,+016
-001,+014
-001,+014
-001,+014
-001,+014
-001,+014
-001,+014
-001,+014
-001,+014
-001,+014
-002,+014
-002,+014
-002,+014
-002,+014
-002,+014
-002,+014
-002,+014
-002,+014
-002,+014
-002,+014
-002,+014
-002,+014
-002,+014
-002,+014
-002,+014
-002,+014
-002,+014
-002,+014
-002,+014
-005,+014
-005,+014
-005,+016
-005,+016
-005,+016
-005,+016
-005,+016
-005,+016
-005,+016
-005,+016
-005,+016
-005,+016
-005,+016
-005,+016
-005,+016
-005,+016
-005,+016
-005,+016
-005,+016
-005,+016
-005,+016
-005,+016
-005,+018
-005,+018
-005,+018
-005,+018
-005,+018
-005,+018
-005,+018
-005,+018
-005,+018
-005,+018
-005,+018
-005,+018
-005,+018
-005,+018
-005,+018
-005,+018
-005,+018
-005,+018
-005,+018
-005,+018
-005,+018
-005,+018
-005,+018
-005,+018
-005,+018
-005,+018
-005,+018
-005,+020
-005,+020
-005,+020
-005,+020
-005,+020
-005,+020
-005,+020
-004,+020
-004,+020
-004,+020
-004,+020
-004,+022
-004,+022
-003,+022
-003,+022
-003,+022
-003,+022
-002,+022
-002,+022
-002,+022
-002,+022
-002,+022
-002,+022
-002,+022
-002,+022
-002,+022
-002,+022
-002,+022
-002,+022
-002,+022
-002,+022
-002,+022
-002,+022
-002,+022
-002,+022
-002,+022
-002,+022
-002,+022
-002,+022
-002,+022
-002,+022
-002,+022
-002,+020
-002,+020
-002,+020
-002,+020
-002,+020
-002,+020
-002,+020
-002,+020
-002,+020
-002,+020
-002,+020
-005,+020
-005,+020
-004,+020
-004,+020
-004,+020
-004,+020
-004,+020
-004,+020
-004,+020
-004,+020
-004,+020
-004,+020
-004,+020
-004,+018
-004,+018
-004,+018
-004,+018
-004,+018
-004,+018
-004,+018
-007,+018
-007,+018
-007,+018
-007,+018
-007,+018
-007,+018
-007,+018
-007,+018
-007,+018
-007,+018
-007,+018
-007,+018
-010,+018
-010,+016
-010,+016
-010,+016
-010,+016
-010,+016
-010,+016
-010,+016
-010,+016
-010,+016
-010,+016
-010,+016
-010,+016
-010,+016
-010,+016
-010,+016
-010,+016
-010,+016
-010,+016
-010,+016
-010,+016
-010,+016
-010,+016
-010,+016
-010,+016
-010,+014
-010,+014
-010,+014
-010,+014
-010,+014
-010,+014
-010,+014
-010,+014
-010,+014
-010,+014
-010,+014
-010,+014
-010,+014
-010,+014
-010,+014
-010,+014
-010,+014
-010,+014
-010,+014
-010,+012
-010,+012
-010,+012
-010,+012
-010,+012
-010,+012
-010,+012
-010,+012
-010,+012
-010,+012
-010,+012
-010,+012
-010,+012
-010,+012
-010,+012
-010,+012
-010,+012
-010,+012
-009,+012
-009,+012
-009,+012
-009,+012
-009,+010
-008,+010
-008,+010
-008,+010
-008,+010
-008,+010
-008,+010
-008,+010
-008,+010
-008,+010
-008,+010
-008,+010
-008,+010
-008,+010
-008,+010
-008,+010
-007,+010
-007,+010
-007,+010
-007,+010
-007,+010
-007,+010
-007,+010
-007,+010
-007,+010
-007,+010
-007,+010
-007,+010
-007,+010
-007,+010
-007,+010
-007,+010
-007,+010
-007,+010
-007,+010
-007,+010
-007,+010
-007,+010
-007,+010
-007,+010
-007,+010
-007,+010
-007,+010
-007,+010
-007,+010
-007,+010
-007,+010
-007,+010
-007,+010
-007,+010
-007,+010
-007,+010
-007,+012
-007,+012
-007,+012
-007,+012
-007,+012
-007,+012
-007,+012
-007,+012
-007,+012
-007,+012
-007,+012
-007,+012
-007,+012
-007,+012
-007,+012
-007,+012
-007,+012
-007,+012
-007,+012
-007,+012
-007,+012
-007,+012
-007,+012
-007,+012
-007,+012
-007,+012
-007,+012
-007,+014
-006,+014
-006,+014
-006,+014
-006,+014
-006,+014
-006,+014
-005,+014
-005,+014
-005,+014
-005,+014
-005,+014
-004,+014
-004,+014
-004,+014
-004,+014
-004,+014
-004,+016
-004,+016
-003,+016
-003,+016
-003,+016
-003,+016
-003,+016
-003,+016
-003,+016
-003,+016
-002,+016
-002,+016
-002,+016
-002,+016
-002,+016
-002,+016
-002,+016
-002,+016
-001,+016
-001,+016
-001,+016
-001,+016
-001,+016
-001,+016
-001,+016
-001,+016
-001,+016
-001,+016
-001,+016
-000,+016
-000,+016
-000,+016
-000,+016
-000,+016
-000,+016
-000,+016
-000,+016
-000,+016
-000,+016
-000,+016
-000,+016
-001,+016
-001,+016
-001,+016
-001,+016
-001,+016
-001,+016
-001,+016
-001,+016
-001,+016
-001,+016
-001,+016
-001,+016
-001,+016
-001,+016
-001,+016
-001,+016
-001,+016
-001,+016
-001,+016
-001,+016
-001,+016
-001,+016
-001,+016
-001,+016
-001,+016
-001,+016
-002,+016
-002,+016
-002,+016
-002,+016
-002,+016
-002,+016
-002,+016
-002,+016
-002,+016
-002,+016
-002,+016
-002,+016
-002,+016
-002,+016
-002,+016
-002,+016
-002,+016
-002,+016
-002,+016
-002,+016
-002,+016
-002,+016
-002,+016
-002,+016
-002,+016
-002,+016
-002,+016
-002,+016
-002,+016
-002,+016
-002,+016
-002,+016
-002,+016
-002,+016
-002,+016
-002,+016
-005,+016
-005,+016
-004,+016
-004,+016
-004,+016
-004,+016
-004,+016
-004,+016
-004,+016
-004,+016
-004,+016
-004,+016
-004,+016
-004,+016
-003,+016
-003,+016
-003,+016
-003,+016
-003,+016
-003,+016
-003,+016
-002,+016
-002,+016
-002,+016
-002,+016
-002,+016
-002,+016
-002,+016
-001,+016
-001,+016
-001,+016
-001,+016
-001,+016
-001,+016
-001,+016
-001,+016
-001,+016
-001,+016
-001,+016
-001,+016
-001,+016
-001,+016
-001,+016
-001,+016
-001,+016
-001,+016
-001,+016
-001,+016
-001,+016
-001,+016
-001,+016
-001,+016
-001,+016
-001,+016
-001,+016
-001,+016
-001,+016
-001,+016
-001,+016
-001,+016
-001,+016
-001,+016
-001,+016
-001,+016
-001,+016
-001,+016
-001,+016
-001,+016
-001,+016
-001,+016
-001,+016
-001,+016
-001,+016
-001,+016
-001,+016
-001,+016
-001,+016
-001,+016
-001,+016
-001,+016
-001,+016
-001,+016
-001,+016
-001,+016
-001,+016
-001,+014
-001,+014
-001,+014
-001,+014
-001,+014
-004,+014
-004,+014
-004,+014
-004,+014
-004,+014
-004,+014
-004,+014
-004,+014
-004,+014
-004,+014
-004,+014
-004,+014
-004,+014
-004,+014
-004,+014
-004,+014
-004,+014
-007,+014
-006,+014
-006,+014
-006,+014
-006,+014
-006,+014
-006,+014
-006,+014
-006,+014
-006,+014
-006,+014
-006,+014
-006,+014
-006,+014
-006,+014
-006,+014
-006,+014
-006,+014
-006,+014
-006,+014
-006,+014
-006,+014
-006,+014
-006,+014
-006,+014
-006,+014
-006,+014
-006,+014
-006,+014
-006,+014
-006,+014
-006,+014
-006,+014
-006,+016
-005,+016
-005,+016
-005,+016
-005,+016
-004,+016
-004,+016
-004,+016
-004,+016
-004,+016
-004,+016
-004,+016
-003,+016
-003,+016
-003,+016
-003,+016
-003,+016
-003,+016
-003,+016
-002,+016
-002,+016
-002,+016
-002,+016
-002,+016
-002,+016
-002,+016
-002,+016
-002,+016
-002,+016
-002,+016
-002,+016
-002,+016
-002,+016
-002,+016
-002,+016
-002,+016
-002,+016
-002,+016
-002,+016
-001,+016
-001,+016
-001,+016
-001,+016
-001,+016
-001,+016
-001,+016
-001,+016
-001,+016
-001,+016
-001,+016
-001,+016
-001,+016
-001,+016
-001,+016
-001,+016
-001,+016
-001,+016
-001,+016
-001,+016
-001,+016
-001,+016
-001,+016
-001,+016
-001,+016
-001,+018
-001,+018
-001,+018
-001,+018
-001,+018
-001,+018
-001,+018
-001,+018
-001,+018
-004,+018
-004,+018
-004,+018
-004,+018
-004,+018
-004,+018
-004,+018
-004,+018
-004,+018
-004,+018
-004,+018
-004,+018
-004,+018
-004,+018
-007,+018
-007,+018
-007,+018
-007,+018
-007,+018
-007,+018
-007,+018
-007,+018
-007,+018
-007,+018
-010,+018
-010,+018
-010,+018
-010,+018
-010,+018
-010,+018
-010,+018
-010,+018
-010,+018
-010,+018
-010,+018
-010,+018
-010,+016
-010,+016
-010,+016
-010,+016
-010,+016
-010,+016
-010,+016
-010,+016
-010,+016
-010,+016
-010,+016
-010,+016
-010,+016
-010,+016
-010,+016
-010,+016
-010,+016
-010,+016
-010,+016
-010,+016
-010,+016
-010,+016
-010,+016
-010,+016
-010,+016
-010,+016
-010,+016
-010,+016
-010,+016
-010,+016
-010,+016
-010,+016
-010,+016
-010,+016
-010,+016
-010,+016
-010,+016
-010,+016
-010,+016
-010,+016
-010,+016
-010,+016
-010,+016
-010,+016
-010,+016
-010,+016
-010,+016
-010,+014
-010,+014
-010,+014
-010,+014
-009,+014
-009,+014
-009,+014
-009,+014
-009,+014
-009,+014
-009,+014
-009,+014
-009,+014
-008,+014
-008,+014
-008,+014
-008,+014
-008,+014
-007,+014
-007,+014
-007,+014
-007,+014
-007,+014
-006,+014
-006,+014
-006,+014
-005,+014
-005,+014
-005,+014
-005,+014
-004,+014
-004,+014
-004,+014
-004,+014
-003,+014
-003,+014
-003,+014
-003,+014
-002,+014
-002,+014
-002,+014
-002,+014
-001,+014
-001,+014
-001,+016
-001,+016
-000,+016
-000,+016
-000,+016
-000,+016
-000,+016
-000,+016
-000,+016
-000,+016
-001,+016
-001,+016
-001,+016
-001,+016
-001,+016
-001,+016
-001,+016
-001,+016
-001,+016
-001,+016
-001,+016
-001,+016
-001,+016
-001,+016
-001,+016
-001,+016
-001,+016
-001,+016
-001,+016
-001,+016
-001,+016
-001,+016
-001,+016
-001,+016
-001,+016
-001,+016
-001,+016
-001,+016
-001,+016
-001,+016
-001,+016
-001,+016
-001,+016
-001,+016
-001,+016
-001,+016
-001,+016
-001,+016
-001,+016
-001,+016
-001,+016
-001,+016
-001,+016
-001,+016
-001,+016
-001,+016
-001,+016
-001,+016
-001,+016
-001,+016
-001,+016
-001,+016
-001,+016
-001,+016
-001,+016
-001,+016
-001,+016
-001,+016
-001,+016
-001,+016
-001,+016
-001,+018
-001,+018
-001,+018
-001,+018
-001,+018
-001,+018
-002,+018
-002,+018
-001,+018
-001,+018
-001,+018
-001,+018
-001,+018
-001,+018
-001,+018
-001,+018
-001,+018
-001,+018
-001,+018
-001,+018
-001,+018
-001,+018
-001,+018
-001,+018
-001,+018
-001,+018
-001,+018
-001,+018
-001,+018
-001,+018
-001,+018
-001,+018
-001,+018
-001,+018
-001,+018
-001,+018
-001,+018
-001,+018
-001,+018
-001,+018
-001,+018
-001,+018
-001,+018
-001,+018
-001,+018
-001,+018
-001,+018
-001,+018
-000,+018
-000,+018
-000,+016
-000,+016
-000,+016
-000,+016
-000,+016
-000,+016
-000,+016
-000,+016
-000,+016
-001,+016
-001,+016
-001,+016
-001,+016
-001,+016
-001,+016
-001,+016
-001,+016
-001,+016
-001,+016
-001,+016
-001,+016
-001,+016
-001,+016
-001,+016
-001,+016
-001,+016
-001,+016
-001,+016
-001,+016
-001,+016
-001,+016
-001,+016
-001,+016
-001,+016
-001,+016
-001,+016
-001,+016
-001,+016
-001,+016
-001,+016
-001,+016
-001,+016
-001,+016
-002,+014
-002,+014
-002,+014
-002,+014
-002,+014
-002,+014
-002,+014
-002,+014
-002,+014
-002,+014
-002,+014
-002,+014
-002,+014
-002,+014
-002,+014
-002,+014
-002,+014
-002,+014
-002,+014
-002,+014
-002,+014
-002,+014
-002,+014
-002,+014
-002,+014
-002,+014
-002,+014
-002,+014
-002,+014
-002,+014
-002,+014
-002,+014
-002,+014
-002,+014
-002,+014
-002,+014
-002,+014
-002,+014
-002,+014
-002,+014
-002,+014
-002,+014
-001,+014
-000,+014
-000,+012
-000,+012
-000,+012
-000,+012
-000,+012
-000,+012
-000,+012
-000,+012
-000,+012
-000,+012
-000,+012
-000,+012
-000,+012
-000,+012
-000,+012
-000,+012
-000,+012
-000,+012
-000,+012
-000,+012
-003,+012
-003,+012
-003,+012
-003,+012
-003,+012
-003,+012
-003,+012
-003,+012
-003,+012
-003,+012
-003,+010
-003,+010
-003,+010
-003,+010
-003,+010
-003,+010
-003,+010
-003,+010
-003,+010
-003,+010
-003,+010
-003,+010
-003,+010
-003,+010
-003,+010
-003,+010
-003,+010
-003,+010
-003,+010
-003,+010
-003,+010
-003,+010
-003,+010
-003,+010
-003,+010
-003,+010
-003,+010
-003,+010
-003,+010
-003,+010
-003,+010
-003,+010
-003,+010
-003,+010
-003,+010
-003,+010
-003,+010
-003,+010
-003,+010
-003,+010
-003,+010
-003,+010
-003,+010
-003,+012
-003,+012
-003,+012
-003,+012
-003,+012
-003,+012
-003,+012
-003,+012
-003,+012
-003,+012
-003,+012
-003,+012
-003,+012
-003,+012
-003,+012
-003,+012
-003,+012
-003,+012
-003,+012
-003,+012
-003,+012
-003,+012
-003,+012
-003,+012
-003,+012
-003,+012
-003,+012
-003,+012
-003,+012
-003,+012
-003,+012
-003,+012
-003,+012
-003,+012
-003,+012
-003,+012
-003,+012
-003,+012
-003,+012
-003,+012
-003,+012
-003,+012
-003,+012
-003,+012
-003,+012
-003,+012
-003,+012
-003,+014
-003,+014
-003,+014
-003,+014
-003,+014
-002,+014
-002,+014
-002,+014
-002,+014
-002,+014
-002,+014
-002,+014
-001,+014
-001,+014
-001,+014
-001,+014
-001,+014
-001,+014
-001,+014
-001,+014
-001,+014
-001,+014
-000,+014
-000,+014
-000,+014
-001,+014
-001,+014
-001,+014
-001,+014
-002,+014
-002,+014
-002,+014
-002,+014
-002,+014
-002,+014
-002,+014
-002,+014
-002,+014
-002,+014
-002,+014
-002,+014
-002,+014
-002,+014
-002,+014
-002,+014
-002,+014
-002,+014
-002,+014
-002,+014
-002,+014
-002,+014
-002,+014
-002,+014
-002,+014
-002,+014
-002,+014
-002,+014
-002,+014
-002,+014
-002,+014
-002,+014
-002,+014
-002,+014
-002,+014
-002,+014
-002,+014
-002,+014
-002,+014
-002,+014
-002,+014
-002,+014
-002,+014
-002,+012
-002,+012
-002,+012
-002,+012
-002,+012
-002,+012
-002,+012
-002,+012
-002,+012
-002,+012
-002,+012
-002,+012
-002,+012
-002,+012
-002,+012
-002,+012
-002,+012
-002,+012
-002,+012
-002,+009
-002,+009
-001,+011
-001,+009
-002,+009
-001,+009
-000,+009
-002,+009
-002,+009
-002,+009
-002,+009
-002,+009
-001,+009
-001,+009
-001,+009
-001,+011
-001,+011
-002,+009
-002,+011
-002,+011
-002,+009
-002,+009
-002,+011
-002,+011
-002,+011
-002,+011
-002,+011
-002,+009
-002,+011
-002,+011
-002,+009
-002,+011
-002,+011
-002,+011
-002,+011
-002,+011
-002,+011
-002,+011
-002,+011
-002,+011
-002,+011
-002,+011
-002,+011
-003,+011
-003,+011
-003,+011
-003,+011
-003,+011
-003,+011
-003,+013
-003,+011
-003,+013
-003,+013
-003,+013
-003,+013
-003,+013
-003,+013
-003,+013
-003,+013
-003,+013
-003,+013
-003,+013
-003,+013
-003,+013
-003,+013
-003,+013
-003,+013
-003,+013
-003,+013
-003,+013
-003,+013
-000,+013
-000,+013
-000,+013
-000,+013
-000,+013
-000,+013
-000,+013
-000,+013
-000,+013
-000,+013
-000,+013
-000,+013
-000,+013
-000,+013
-000,+013
-000,+013
-000,+013
-000,+013
-000,+013
-000,+013
-000,+013
-000,+013
-000,+013
-000,+013
-000,+011
-000,+011
-000,+011
-000,+011
-000,+011
-000,+011
-000,+011
-000,+011
-000,+011
-000,+011
-000,+011
-000,+011
-000,+011
-000,+011
-000,+011
-000,+011
-000,+011
-000,+011
-003,+011
-003,+011
-003,+011
-003,+011
-003,+011
-003,+011
-003,+011
-003,+011
-003,+011
-003,+011
-003,+011
-003,+011
-003,+011
-003,+011
-003,+011
-003,+011
-003,+011
-003,+011
-003,+011
-003,+011
-003,+011
-003,+011
-003,+011
-003,+011
-003,+011
-003,+011
-003,+011
-003,+011
-003,+011
-003,+011
-003,+011
-003,+011
-003,+011
-003,+011
-003,+011
-003,+011
-003,+011
-003,+011
-003,+011
-003,+011
-006,+011
-006,+011
-006,+011
-006,+011
-006,+011
-006,+011
-006,+011
-006,+011
-006,+011
-006,+011
-006,+011
-006,+011
-006,+011
-006,+011
-006,+011
-006,+011
-006,+011
-006,+011
-006,+011
-006,+011
-006,+011
-006,+011
-006,+011
-006,+011
-006,+011
-006,+011
-006,+011
-006,+011
-006,+011
-006,+011
-006,+011
-006,+011
-006,+011
-006,+011
-006,+011
-006,+011
-006,+011
-006,+011
-006,+011
-006,+011
-006,+011
-006,+011
-006,+011
-006,+011
-006,+011
-006,+011
-006,+011
-006,+011
-006,+011
-006,+011
-006,+011
-006,+011
-006,+011
-006,+011
-006,+011
-006,+011
-006,+011
-006,+011
-006,+011
-006,+011
-006,+011
-006,+011
-006,+011
-006,+011
-006,+011
-006,+011
-006,+011
-006,+011
-006,+011
-006,+011
-006,+011
-006,+011
-006,+011
-006,+011
-006,+011
-006,+011
-006,+011
-006,+011
-006,+011
-006,+009
-006,+009
-006,+009
-006,+009
-006,+009
-006,+009
-006,+009
-006,+009
-006,+009
-006,+009
-006,+009
-006,+009
-006,+009
-006,+009
-006,+009
-006,+009
-006,+009
-006,+009
-006,+009
-006,+009
-006,+009
-006,+009
-006,+009
-006,+009
-006,+007
-006,+007
-006,+007
-006,+007
-006,+007
-006,+007
-006,+007
-006,+007
-006,+007
-006,+007
-006,+007
-006,+007
-006,+007
-006,+007
-006,+007
-006,+007
-006,+007
-006,+007
-006,+007
-006,+007
-006,+007
-003,+004
-003,+004
-003,+004
-003,+004
-003,+004
-003,+004
-002,+004
-002,+004
-002,+004
-002,+002
-001,+002
-001,+002
-001,+002
-001,+002
-001,+002
-001,+002
-000,+002
-000,+002
-000,+002
-000,+002
-000,+000
-000,+000
-000,+000
-000,+000
-000,+000
-000,+000
-000,+000
-000,+000
-000,+000
-000,+000
-000,+000
-000,+000
-000,+000
-000,+000
-000,+000
-000,+000
-000,+000
-000,+000
-000,+000
-000,+000
-000,+000
-000,+000
-000,+000
-000,+000
-000,+000
-000,+000
-000,+000
-000,+000
-000,+000
-000,+000
-001,+000
-001,+000
-001,+000
-001,+000
-001,+000
-001,+000
-001,+000
-001,+000
-001,+000
-001,+000
-001,+000
-001,+002
-001,+002
-001,+002
-001,+002
-002,+002
-002,+002
-002,+002
-002,+002
-002,+002
-002,+004
-002,+004
-002,+004
-002,+004
-002,+004
-002,+004
-002,+004
-002,+004
-002,+004
-002,+006
-003,+006
-003,+006
-003,+006
-003,+006
-003,+006
-003,+006
-004,+008
-004,+008
-004,+008
-004,+008
-004,+008
-004,+008
-004,+011
-005,+011
-005,+011
-005,+014
-005,+014
-005,+014
-005,+014
-005,+014
-005,+014
-005,+016
-005,+016
-005,+016
-005,+016
-005,+016
-006,+016
-006,+018
-006,+018
-007,+018
-007,+018
-008,+018
-008,+018
-008,+018
-008,+020
-008,+020
-008,+020
-008,+020
-009,+020
-009,+020
-009,+020
-010,+022
-010,+022
-010,+022
-010,+022
COP Area(S): 000291
COP Area(R): 000516