-000,+000
-001,+002
-001,+003
-001,+003
-001,+003
-001,+003
-001,+003
-001,+005
-001,+005
-001,+005
-001,+007
-001,+007
-001,+007
-001,+007
-001,+009
-001,+009
-000,+009
-000,+011
-000,+011
-003,-014
-003,-014
-003,-015
-003,-016
-003,-016
-003,-017
-003,-018
-003,-018
-003,-019
-003,-019
-003,-019
-006,-019
-006,-020
-006,-020
-005,-020
-005,-020
-005,-021
-005,-021
-004,-021
-004,-021
-004,-021
-004,-021
-004,-021
-004,-021
-003,-021
-003,-021
-003,-021
-003,-021
-003,-021
-003,-021
-003,-021
-003,-021
-003,-021
-003,-021
-006,-021
-006,-021
-006,-022
-006,-022
-006,-022
-006,-023
-006,-023
-006,-023
-010,-025
-010,-026
-010,-026
-010,-026
-010,-026
-010,-026
-010,-026
-010,-026
-010,-026
-010,-026
-010,-026
-010,-026
-010,-026
-010,-026
-010,-026
-010,-026
-010,-026
-010,-026
+012,-026
+012,-026
+012,-026
+012,-027
+012,-027
+012,-027
+012,-028
+012,-028
+012,-029
+012,-029
+012,-029
+012,-029
+014,-030
+014,-030
+014,-030
+014,-030
+014,-030
+014,-030
+014,-030
+014,-031
+014,-031
+014,-031
+014,-031
+014,-031
+014,-031
+014,-031
+014,-031
+014,-031
+014,-031
+014,-031
+014,-031
+014,-031
+014,-031
+014,-031
+014,-031
+016,-031
+016,-031
+016,-031
+016,-031
+016,-031
+016,-031
+016,-031
+016,-031
+014,-031
+014,-031
+014,-031
+014,-031
+014,-031
+012,-031
+012,-032
+012,-032
+012,-032
+012,-032
+012,-032
+011,-032
+011,-032
+011,-032
+011,-032
+011,-032
+011,-032
+011,-032
+011,-033
+011,-033
+011,-033
+011,-034
+013,-034
+013,-034
+013,-034
+013,-035
+015,-035
+015,-035
+015,-036
+015,-036
+015,-036
+015,-036
+015,-036
+015,-037
+015,-037
+015,-037
+015,-037
+015,-037
+015,-037
+015,-038
+015,-038
+015,-038
+015,-038
+015,-039
+013,-039
+013,-039
+013,-039
+013,-039
+013,-039
+013,-039
+013,-039
+013,-039
+013,-039
+015,-040
+015,-040
+015,-040
+015,-040
+015,-040
+015,-040
+015,-040
+015,-040
+015,-040
+015,-040
+015,-040
+015,-040
+015,-041
+015,-041
+015,-041
+015,-041
+015,-042
+015,-042
+015,-042
+013,-042
+013,-042
+013,-042
+013,-042
+013,-042
+013,-042
+013,-042
+013,-043
+013,-043
+013,-043
+013,-043
+013,-043
+013,-043
+013,-043
+013,-043
+013,-043
+013,-043
+013,-043
+013,-043
+013,-043
+013,-043
+013,-043
+013,-043
+013,-043
+013,-043
+013,-043
+013,-043
+013,-043
+013,-043
+013,-043
+013,-043
+013,-043
+013,-043
+013,-043
+013,-043
+013,-043
+013,-043
+013,-043
+013,-043
+013,-043
+013,-043
+013,-043
+013,-043
+013,-043
+013,-043
+013,-043
+013,-040
+013,-040
+013,-040
+013,-040
+013,-040
+013,-040
+015,-037
+015,-037
+015,-037
+015,-037
+015,-037
+015,-037
+015,-037
+015,-037
+015,-037
+015,-037
+015,-037
+015,-037
+015,-037
+015,-037
+015,-037
+015,-037
+015,-037
+015,-037
+015,-038
+015,-038
+015,-038
+015,-038
+015,-038
+015,-038
+017,-038
+017,-039
+017,-039
+017,-039
+017,-039
+017,-039
+017,-039
+017,-039
+019,-039
+019,-039
+019,-039
+019,-039
+019,-039
+019,-039
+019,-039
+019,-039
+019,-039
+019,-039
+019,-039
+019,-039
+019,-039
+019,-039
+019,-039
+019,-039
+021,-039
+021,-039
+021,-039
+021,-039
+021,-039
+021,-039
+021,-039
+021,-039
+021,-039
+021,-039
+021,-039
+021,-039
+021,-039
+021,-036
+021,-037
+021,-037
+021,-037
+023,-037
+023,-037
+023,-037
+023,-037
+023,-037
+023,-037
+023,-037
+023,-034
+023,-034
+023,-034
+023,-034
+023,-034
+023,-034
+023,-031
+023,-031
+023,-031
+023,-031
+023,-031
+021,-031
+021,-028
+021,-028
+021,-028
+021,-028
+021,-028
+021,-028
+021,-028
+021,-028
+021,-025
+021,-025
+021,-025
+021,-025
+021,-025
+021,-025
+021,-025
+021,-025
+021,-022
+021,-022
+021,-022
+021,-022
+021,-022
+021,-022
+019,-019
+019,-019
+019,-019
+019,-019
+019,-019
+019,-019
+019,-019
+019,-019
+019,-016
+019,-016
+019,-016
+019,-016
+017,-016
+017,-016
+017,-013
+017,-013
+017,-013
+017,-013
+017,-013
+017,-013
+017,-013
+017,-013
+017,-014
+017,-015
+017,-015
+017,-015
+019,-017
+019,-017
+019,-017
+019,-017
+019,-017
+019,-017
+019,-017
+019,-017
+019,-018
+019,-018
+019,-018
+017,-018
+017,-018
+017,-019
+017,-019
+017,-019
+017,-019
+017,-019
+017,-019
+017,-019
+017,-020
+017,-020
+017,-020
+017,-020
+017,-020
+017,-020
+017,-020
+017,-020
+017,-020
+017,-020
+017,-020
+017,-020
+017,-020
+017,-020
+017,-020
+017,-020
+017,-020
+017,-020
+017,-020
+015,-020
+015,-020
+015,-020
+015,-021
+015,-021
+015,-021
+015,-021
+015,-022
+015,-022
+015,-022
+013,-022
+013,-022
+013,-022
+013,-022
+013,-023
+013,-023
+011,-023
+011,-023
+011,-023
+011,-023
+011,-023
+011,-023
+011,-023
+011,-023
+011,-023
+011,-023
-009,-023
-009,-023
-009,-023
-008,-020
-008,-020
-007,-020
-007,-020
-007,-020
-007,-020
-007,-020
-007,-020
-007,-020
-007,-020
-007,-020
-007,-021
-007,-021
-007,-021
-007,-021
-007,-021
-007,-021
-007,-021
-007,-022
-007,-022
-007,-022
-010,-024
-010,-024
-010,-024
-010,-024
-010,-024
-010,-024
-010,-024
-010,-024
-010,-024
+012,-024
+012,-024
+012,-024
+012,-024
+012,-024
+012,-024
+014,-024
+014,-024
+014,-024
+014,-024
+014,-024
+016,-024
+016,-024
+016,-024
+016,-024
+016,-024
+016,-024
+016,-021
+018,-021
+018,-021
+018,-021
+018,-021
+018,-021
+018,-021
+018,-021
+018,-021
+018,-021
+018,-021
+018,-021
+018,-021
+018,-021
+018,-021
+018,-021
+018,-021
+018,-021
+018,-021
+018,-021
+018,-021
+018,-021
+018,-021
+018,-021
+018,-021
+018,-021
+018,-021
+018,-021
+018,-021
+018,-022
+018,-022
+016,-022
+016,-022
+016,-022
+016,-022
+016,-022
+016,-022
+016,-022
+016,-022
+016,-022
+016,-022
+016,-022
+016,-022
+016,-022
+016,-022
+016,-022
+016,-022
+016,-022
+016,-022
+016,-022
+016,-022
+016,-022
+016,-022
+014,-023
+014,-023
+014,-023
+014,-023
+014,-023
+014,-023
+014,-023
+014,-023
+014,-023
+014,-023
+014,-023
+014,-023
+014,-023
+014,-023
+014,-023
+014,-023
+014,-023
+014,-023
+014,-023
+014,-023
+014,-023
+014,-023
+014,-023
+014,-023
+014,-023
+014,-023
+016,-023
+016,-023
+016,-023
+016,-024
+016,-024
+016,-024
+016,-024
+016,-024
+016,-024
+016,-024
+016,-024
+016,-024
+016,-024
+016,-025
+016,-025
+016,-025
+016,-025
+016,-025
+016,-025
+016,-025
+016,-025
+016,-025
+016,-025
+016,-025
+016,-025
+016,-025
+016,-025
+016,-025
+016,-025
+016,-025
+016,-026
+016,-026
+016,-026
+016,-026
+016,-026
+016,-026
+016,-026
+016,-026
+016,-026
+016,-026
+016,-026
+016,-026
+016,-026
+016,-026
+014,-026
+014,-026
+014,-026
+014,-026
+014,-026
+014,-026
+014,-026
+014,-026
+014,-026
+014,-026
+014,-026
+014,-026
+014,-026
+014,-026
+014,-026
+014,-026
+014,-026
+014,-026
+014,-026
+014,-026
+014,-026
+014,-026
+014,-027
+014,-027
+014,-027
+014,-027
+014,-027
+014,-027
+014,-027
+014,-027
+014,-027
+014,-027
+014,-027
+014,-027
+014,-027
+014,-027
+014,-027
+014,-027
+014,-027
+016,-027
+016,-027
+016,-028
+016,-028
+016,-028
+016,-028
+016,-029
+016,-029
+016,-029
+016,-029
+016,-029
+016,-029
+016,-029
+016,-029
+016,-029
+016,-029
+016,-029
+016,-029
+016,-029
+016,-029
+016,-029
+016,-029
+016,-029
+016,-029
+016,-029
+016,-029
+016,-029
+016,-029
+016,-026
+016,-026
+016,-026
+016,-026
+016,-026
+016,-026
+016,-026
+016,-026
+018,-027
+018,-027
+018,-027
+018,-027
+018,-027
+018,-027
+018,-027
+018,-027
+018,-027
+018,-027
+018,-027
+018,-027
+018,-027
+018,-027
+018,-027
+018,-027
+018,-027
+018,-027
+018,-024
+018,-024
+018,-024
+018,-024
+018,-024
+018,-024
+018,-024
+018,-024
+018,-024
+018,-024
+016,-024
+016,-024
+016,-024
+016,-021
+016,-021
+016,-021
+016,-021
+016,-021
+016,-021
+016,-021
+016,-021
+016,-021
+016,-021
+016,-021
+016,-021
+016,-021
+016,-021
+016,-018
+016,-018
+016,-018
+016,-018
+016,-018
+016,-018
+016,-018
+016,-018
+016,-018
+016,-018
+016,-014
+016,-014
+016,-015
+014,-015
+014,-015
+014,-015
+014,-015
+014,-012
+014,-012
+014,-012
+014,-012
+014,-012
+014,-012
+014,-012
+014,-012
+014,-012
+014,-012
+014,-012
+014,-012
+014,+010
+014,+010
+014,+010
+014,+010
+014,+008
+014,+008
+014,+008
+014,+008
+014,+006
+014,+006
+014,+006
+014,+006
+014,+006
+014,+004
+014,+004
+016,+004
+016,+004
+016,+004
+016,+002
+016,+002
+016,+002
+016,+002
+016,+002
+016,+002
+016,+000
+016,+000
+016,+000
+016,+000
+018,+000
+018,+000
+018,+000
+018,+000
+018,+000
+018,+000
+018,+000
+018,+000
+018,+000
+018,+002
+018,+002
+018,+002
+018,+002
+018,+002
+018,+002
+018,+002
+018,+002
+018,+002
+020,+002
+020,+002
+020,+002
+020,+002
+020,+002
+020,+002
+020,+002
+020,+002
+020,+002
+020,+002
+020,+002
+020,+002
+020,+002
+020,+002
+020,+002
+020,+002
+020,+002
+020,+002
+020,+002
+020,+002
+018,+002
+018,+002
+018,+002
+018,+002
+018,+002
+018,+002
+018,+002
+018,+002
+018,+000
+018,+000
+018,+000
+018,+000
+018,+000
+018,+000
+018,+000
+018,+000
+018,+002
+018,+002
+018,+002
+018,+004
+018,+004
+018,+004
+018,+004
+018,+006
+018,+006
+018,+006
+018,+006
+018,+008
+018,+008
+018,+008
+018,+008
+018,+008
+018,+008
+018,+008
+018,+008
+018,+008
+018,+008
+018,+008
+018,+008
+018,+008
+018,+008
+018,+008
+018,+008
+018,+008
+018,+008
+016,+008
+016,+008
+016,+008
+016,+008
+016,+008
+016,+008
+016,+006
+016,+006
+016,+006
+014,+006
+014,+006
+014,+006
+014,+006
+014,+006
+014,+006
+014,+006
+012,+006
+012,+004
+012,+004
+012,+004
+012,+004
+011,+004
-010,+002
-010,+002
-009,+002
-009,+002
-009,+002
-009,+002
-009,+002
-009,+002
-009,+002
-009,+002
-009,+002
-009,+002
-009,+002
-009,+002
-009,+002
-009,+002
-009,+002
-009,+002
-009,+002
-009,+002
-009,+002
-009,+000
-009,+000
-009,+000
-009,+000
+011,+000
+011,+000
+011,+000
+011,+000
+011,+000
+011,+000
+011,+002
+013,+002
+013,+002
+013,+002
+013,+002
+013,+002
+013,+002
+013,+002
+013,+002
+013,+002
+013,+002
+015,+002
+015,+002
+015,+002
+015,+000
+015,+000
+015,+000
+015,+000
+015,+000
+015,+000
+015,+000
+015,+000
+015,+000
+015,+000
+015,+000
+015,+000
+015,+000
+015,+000
+017,+000
+017,+000
+017,+000
+017,+002
+017,+002
+017,+002
+017,+002
+017,+004
+017,+004
+017,+004
+017,+004
+017,+006
+017,+006
+017,+006
+017,+006
+017,+006
+017,+006
+019,+006
+019,+006
+019,+006
+019,+006
+019,+006
+019,+006
+019,+006
+019,+006
+019,+006
+019,+006
+019,+008
+019,+008
+019,+008
+019,+008
+021,+008
+021,+008
+021,+008
+023,+011
+023,+011
+023,+011
+023,+011
+023,-012
+023,-012
+023,-012
+023,-012
+023,-012
+023,-013
+023,-013
+023,-013
+023,-013
+023,-013
+023,-013
+023,-013
+023,-013
+023,-013
+023,-013
+023,-013
+023,-013
+023,-013
+021,-013
+021,-013
+021,-013
+021,+011
+021,+011
+021,-012
+021,-012
+021,-012
+021,-012
+021,-012
+021,-012
+021,-012
+021,-012
+021,-012
+021,-012
+021,-012
+021,-012
+021,-012
+023,-012
+023,-012
+021,+010
+021,+010
+023,+011
+023,+011
+023,+011
+023,+011
+023,+011
+023,+011
+023,+011
+023,+011
+023,+011
+023,+011
+023,+011
+023,+011
+025,+011
+025,+011
+025,+011
+025,+011
+025,+011
+025,+011
+025,+011
+025,+011
+025,+011
+025,+011
+025,+011
+025,+011
+025,+011
+025,+011
+025,+011
+025,+011
+025,+011
+025,+011
+025,+011
+025,+011
+025,+011
+025,+011
+022,+009
+022,+009
+022,+009
+022,+007
+022,+007
+022,+007
+022,+007
+022,+007
+022,+007
+022,+007
+022,+007
+022,+007
+022,+005
+022,+005
+020,+005
+020,+005
+020,+005
+020,+005
+020,+005
+020,+005
+020,+005
+020,+005
+020,+005
+020,+003
+020,+003
+020,+003
+020,+003
+020,+003
+020,+003
+020,+003
+020,+003
+020,+003
+020,+003
+020,+003
+020,+003
+020,+003
+020,+003
+020,+003
+020,+003
+020,+003
+020,+003
+020,+003
+020,+003
+020,+003
+020,+003
+020,+003
+020,+003
+020,+003
+020,+003
+020,+003
+020,+003
+020,+003
+020,+003
+020,+003
+020,+003
+020,+003
+020,+003
+020,+003
+020,+003
+020,+003
+020,+003
+020,+003
+020,+003
+020,+003
+020,+003
+020,+003
+020,+003
+020,+003
+020,+003
+020,+003
+020,+003
+020,+003
+020,+003
+020,+003
+020,+003
+020,+003
+020,+003
+020,+003
+020,+003
+020,+003
+020,+003
+020,+001
+020,+001
+020,+001
+020,+001
+020,+001
+020,+001
+020,+001
+020,+001
+020,+001
+020,+001
+020,+001
+020,+001
+020,+001
+020,+001
+020,+001
+020,+001
+020,+001
+020,+003
+022,+003
+022,+003
+022,+003
+022,+003
+022,+003
+022,+003
+022,+003
+022,+003
+022,+003
+022,+003
+022,+003
+022,+003
+022,+003
+022,+003
+022,+003
+022,+003
+024,+003
+024,+003
+024,+003
+024,+003
+024,+005
+024,+005
+024,+005
+028,+007
+028,+007
+028,+007
+028,+007
+028,+007
+028,+007
+028,+007
+028,+007
+028,+007
+028,+007
+028,+007
+028,+007
+028,+007
+028,+005
+028,+005
+026,+003
+026,+003
+026,+003
+026,+003
+026,+003
+026,+003
+026,+003
+026,+003
+026,+003
+026,+003
+026,+003
+026,+001
+026,+001
+026,+001
+026,+001
+026,+001
+026,+001
+026,+001
+026,+001
+026,+001
+026,+001
+026,+001
+026,+001
+026,+001
+026,+001
+026,+001
+026,+003
+026,+003
+026,+003
+026,+003
+026,+005
+026,+005
+026,+005
+026,+005
+026,+005
+026,+005
+026,+005
+026,+005
+026,+005
+026,+005
+026,+005
+026,+005
+026,+005
+026,+007
+026,+007
+026,+007
+026,+007
+026,+007
+026,+005
+026,+005
+024,+005
+024,+005
+024,+005
+024,+005
+024,+005
+024,+005
+024,+005
+024,+005
+024,+005
+024,+005
+024,+005
+024,+005
+024,+005
+024,+005
+024,+005
+024,+005
+024,+005
+024,+005
+024,+005
+024,+005
+024,+005
+024,+005
+024,+005
+024,+005
+024,+005
+024,+005
+024,+005
+024,+005
+024,+003
+024,+003
+024,+003
+024,+003
+024,+001
+024,+001
+026,+001
+026,+001
+026,+001
+026,+001
+026,+003
+026,+003
+026,+003
+026,+003
+026,+006
+026,+006
+026,+006
+026,+008
+026,+008
+026,+008
+026,+008
+026,+008
+026,+008
+026,+008
+026,+008
+026,+008
+026,+008
+026,+008
+026,+008
+026,+008
+026,+008
+026,+008
+023,+006
+025,+008
+025,+008
+025,+008
+023,+006
+025,+008
+023,+008
+023,+006
+023,+006
+023,+006
+023,+006
+023,+006
+023,+006
+023,+006
+023,+006
+023,+006
+023,+006
+023,+006
+023,+006
+023,+006
+023,+006
+023,+006
+023,+006
+023,+006
+023,+006
+023,+006
+023,+006
+023,+006
+023,+006
+023,+006
+023,+006
+023,+006
+023,+006
+023,+006
+023,+006
+023,+006
+023,+006
+023,+006
+023,+006
+023,+006
+023,+006
+023,+006
+023,+008
+023,+008
+023,+008
+025,+010
+025,+010
+025,+010
+025,+010
+025,+010
+025,+011
+025,+011
+025,+011
+025,+011
+025,+011
+025,+011
+025,-012
+025,-012
+025,-012
+025,-012
+025,-012
+025,-012
+025,-012
+025,-012
+025,-012
+025,-012
+025,-012
+025,-012
+025,-012
+025,-012
+025,-012
+025,-012
+025,-012
+025,-012
+025,-012
+025,-012
+025,-012
+025,-012
+025,-012
+025,-012
+025,-012
+025,-012
+025,-012
+025,-012
+025,-012
+025,-012
+025,-012
+025,-012
+025,-012
+025,-012
+025,-012
+025,-012
+025,-012
+025,-012
+025,-012
+025,-012
+025,-012
+025,-012
+025,-012
+025,-012
+025,-012
+025,-012
+025,-012
+025,-012
+025,-012
+025,-012
+025,-012
+025,-012
+025,-012
+025,-012
+025,-012
+025,-012
+025,-012
+025,-012
+025,-012
+025,-012
+025,-012
+025,-012
+025,-012
+025,-012
+025,-012
+023,-012
+023,-012
+023,-012
+023,-012
+023,-012
+023,-012
+023,-012
+023,-012
+023,-012
+023,-012
+023,-012
+023,-012
+023,-012
+023,-012
+023,-012
+023,-012
+023,-012
+023,-012
+023,-012
+023,-012
+023,-012
+023,-012
+023,-012
+023,-012
+023,-012
+023,-012
+023,-012
+023,-012
+023,-012
+023,-012
+023,-012
+023,-012
+023,-012
+023,-012
+023,-012
+023,-012
+023,-012
+023,-012
+023,-012
+023,-012
+023,-012
+023,-012
+023,-012
+023,-012
+023,-012
+023,-012
+023,-012
+023,-012
+023,-012
+023,-012
+023,-012
+023,-012
+023,-012
+023,-012
+023,-012
+023,-012
+020,+010
+022,+010
+022,+010
+020,+010
+020,+010
+020,+010
+020,+010
+020,+010
+020,+010
+020,+010
+020,+008
+020,+008
+020,+008
+020,+008
+020,+008
+018,+008
+018,+008
+018,+008
+018,+008
+018,+008
+018,+008
+018,+008
+018,+008
+018,+008
+018,+008
+018,+008
+018,+008
+018,+008
+018,+008
+018,+008
+018,+008
+018,+008
+018,+008
+018,+006
+018,+006
+018,+006
+018,+006
+018,+006
+018,+006
+018,+006
+018,+006
+018,+006
+018,+006
+018,+006
+018,+006
+018,+006
+018,+006
+018,+006
+018,+006
+018,+006
+018,+006
+018,+006
+018,+006
+018,+006
+018,+006
+018,+006
+018,+006
+018,+006
+018,+006
+018,+006
+018,+006
+018,+006
+018,+006
+018,+006
+018,+006
+018,+006
+018,+006
+018,+006
+020,+006
+020,+006
+020,+004
+020,+004
+020,+004
+020,+004
+020,+004
+020,+004
+020,+004
+020,+004
+020,+004
+020,+004
+020,+004
+020,+004
+020,+004
+020,+004
+020,+004
+020,+004
+020,+004
+020,+004
+020,+004
+020,+004
+020,+004
+020,+004
+020,+004
+020,+004
+020,+004
+020,+004
+020,+004
+020,+004
+020,+004
+020,+004
+020,+004
+020,+004
+020,+004
+020,+004
+020,+004
+020,+004
+020,+004
+020,+004
+020,+004
+020,+004
+020,+004
+020,+004
+020,+004
+020,+004
+020,+004
+020,+004
+020,+004
+020,+004
+020,+004
+020,+004
+020,+004
+020,+004
+020,+004
+020,+004
+020,+004
+020,+004
+020,+004
+020,+004
+020,+004
+020,+004
+020,+004
+020,+004
+020,+004
+020,+004
+020,+004
+020,+004
+020,+004
+020,+004
+020,+004
+020,+004
+020,+004
+020,+002
+020,+002
+020,+002
+020,+002
+020,+002
+020,+002
+020,+002
+020,+002
+020,+002
+020,+002
+020,+002
+020,+002
+020,+002
+020,+002
+020,+002
+020,+002
+020,+002
+022,+002
+022,+002
+022,+002
+022,+002
+022,+002
+022,+002
+022,+002
+022,+002
+022,+002
+022,+002
+022,+002
+022,+002
+022,+002
+022,+002
+022,+002
+022,+002
+022,+004
+022,+004
+022,+004
+022,+004
+022,+004
+022,+004
+022,+004
+022,+004
+022,+006
+022,+006
+024,+006
+026,+008
+026,+008
+026,+008
+026,+008
+026,+008
+026,+008
+026,+008
+026,+008
+026,+008
+026,+008
+026,+008
+026,+008
+026,+008
+026,+008
+026,+008
+023,+008
+025,+008
+025,+008
+022,+008
+022,+008
+022,+008
+022,+008
+022,+008
+022,+008
+022,+006
+020,+006
+020,+006
+020,+006
+020,+006
+020,+006
+020,+006
+020,+006
+020,+006
+020,+006
+020,+006
+020,+006
+020,+006
+020,+006
+020,+006
+018,+006
+018,+006
+018,+006
+018,+004
+018,+004
+018,+004
+018,+004
+018,+004
+018,+004
+018,+004
+018,+004
+018,+004
+018,+004
+018,+004
+018,+004
+018,+004
+018,+004
+018,+004
+018,+002
+018,+002
+018,+002
+018,+002
+018,+002
+018,+002
+018,+002
+018,+002
+018,+002
+018,+002
+018,+002
+018,+002
+018,+002
+016,+002
+016,+002
+016,+002
+016,+002
+016,+002
+016,+002
+016,+000
+016,+000
+014,+002
+014,+002
+014,+002
+014,+002
+014,+002
+014,+002
+014,+002
+014,+002
+014,+002
+014,+002
+012,+004
+012,+004
+012,+004
+012,+004
+012,+004
+012,+004
+012,+004
+012,+004
+012,+004
+012,+004
+012,+004
+012,+004
+012,+004
+012,+006
+012,+006
+012,+006
+012,+006
+012,+006
+012,+006
+012,+006
+012,+008
+012,+008
+012,+008
+012,+008
+012,+008
+012,+008
+012,+008
+012,+008
+012,+008
+012,+008
+012,+008
+012,+008
+012,+008
+012,+008
+012,+008
+012,+008
+012,+008
+012,+008
+012,+008
+012,+008
+012,+008
+012,+008
+012,+008
+012,+008
+012,+008
+012,+008
+012,+008
+012,+008
+012,+008
+014,+008
+014,+008
+014,+008
+014,+006
+014,+006
+014,+006
+014,+006
+014,+006
+014,+006
+014,+006
+014,+006
+014,+006
+014,+006
+014,+006
+014,+006
+014,+006
+014,+006
+014,+006
+014,+006
+014,+006
+014,+006
+014,+006
+014,+006
+014,+006
+014,+006
+014,+006
+014,+006
+014,+006
+014,+006
+014,+004
+014,+004
+014,+004
+014,+004
+014,+004
+014,+004
+014,+004
+014,+004
+014,+004
+014,+004
+014,+004
+014,+004
+014,+004
+014,+004
+014,+004
+014,+004
+014,+004
+014,+004
+014,+004
+014,+004
+014,+004
+016,+004
+016,+004
+016,+004
+016,+004
+018,+001
+018,+001
+018,+001
+018,+001
+018,+001
+018,+001
+018,+001
+018,+001
+018,+001
+018,+001
+018,+001
+018,+001
+018,+001
+018,+001
+018,+001
+018,+001
+018,+001
+018,+001
+018,+001
+018,+001
+018,+001
+018,+001
+018,+001
+018,+003
+018,+003
+018,+003
+018,+003
+018,+005
+018,+005
+018,+007
+018,+007
+018,+007
+018,+007
+018,+009
+018,+009
+020,+011
+020,-012
+020,-012
+020,-013
+020,-013
+020,-014
+020,-014
+020,-015
+020,-015
+020,-015
+020,-016
+020,-016
+020,-016
+020,-016
+020,-017
+020,-017
+020,-017
+020,-017
+020,-017
+020,-017
+020,-017
+018,-017
+018,-017
+018,-017
+018,-017
+018,-017
+018,-017
+018,-017
+018,-017
+018,-017
+018,-017
+018,-017
+016,-013
+016,-013
+016,-013
+016,-013
+016,-013
+016,-013
+016,-013
+016,-013
+016,-013
+014,+011
+014,+011
+014,+011
+014,+011
+014,+011
+014,+011
+014,+009
+014,+009
+014,+009
+014,+009
+014,+007
+014,+007
+014,+007
+014,+007
+014,+007
+012,+007
+012,+005
+012,+005
+012,+005
+012,+005
+012,+005
+012,+005
+012,+003
+012,+003
+012,+003
+012,+001
+011,+001
+011,+001
+011,+001
+011,+001
+011,+001
+011,+001
+011,+001
+011,+001
+011,+001
+011,+001
+011,+001
+011,+001
+011,+003
+011,+003
+011,+003
+011,+003
+011,+003
+011,+003
+011,+003
+011,+003
+011,+003
+011,+003
+011,+003
+011,+003
+011,+003
+011,+003
+011,+003
+011,+003
+011,+003
-010,+003
-010,+003
-010,+003
-010,+003
-010,+003
-010,+003
-009,+003
-009,+003
-009,+001
-009,+001
-009,+001
-009,+001
-009,+001
-009,+001
-009,+001
-009,+001
-009,+001
-009,+001
-009,+001
-009,+001
-008,+001
-008,+001
-008,+001
-008,+001
-008,+001
-008,+001
-008,+001
-008,+001
-008,+001
-007,+001
-007,+001
-007,+001
-007,+001
-007,+001
-007,+003
-007,+003
-006,+003
-006,+003
-006,+003
-005,+003
-005,+003
-005,+005
-005,+005
-005,+005
-005,+005
-005,+005
-004,+005
-004,+007
-004,+007
-004,+007
-004,+007
-004,+007
-003,+007
-003,+007
-003,+009
-003,+009
-003,+009
-003,+009
-003,+009
-003,+011
-003,+011
-006,+011
-006,+011
-006,+011
-006,+011
-006,+011
-006,+011
-006,+011
-006,+011
-006,+011
-006,+011
-006,+011
-006,+011
-006,+011
-006,+011
-006,+011
-006,+011
-006,+011
-006,+011
-006,+011
-006,+011
-006,+011
-006,+011
-006,+011
-009,+011
-009,+011
-009,+011
-009,+011
-009,-012
-009,-012
-009,-012
-009,-012
-009,-012
-009,-012
-009,-012
-009,-012
-009,-012
-009,-012
-009,-012
-009,-012
-009,-012
-009,-012
-009,-012
-009,-013
-009,-013
-009,-013
-009,-013
-009,-013
-009,-013
-009,-013
-009,-013
-009,-013
-009,-013
-009,-013
-009,-013
-009,-013
-009,-013
+011,-013
+011,-014
+011,-014
+011,-014
+011,-014
+011,-014
+011,-014
+011,-014
+011,-014
+011,-014
+011,-014
+011,-014
+011,-014
+011,-014
+011,-014
+011,-014
+011,-014
+011,-015
+011,-015
+011,-015
+011,-015
+011,-015
+011,-015
+011,-015
+011,-015
+011,-015
+011,-015
+011,-015
+011,-015
+011,-015
+011,-015
+011,-015
+011,-015
+011,-015
+011,-015
+011,-015
+011,-015
+011,-016
+011,-016
-010,-016
-010,-016
-010,-017
-010,-017
-010,-017
-010,-017
-010,-017
-009,-017
-009,-017
-009,-017
-009,-017
-009,-017
-009,-017
-009,-017
-009,-017
-009,-017
-009,-017
-009,-017
-009,-017
-009,-017
-009,-017
-009,-017
-009,-017
-009,-017
-009,-017
-009,-017
-009,-017
-009,-017
-009,-017
-009,-017
-009,-017
-009,-017
-009,-017
-009,-017
-009,-017
-009,-017
-009,-017
-009,-017
-009,-017
-009,-017
-009,-017
-009,-018
-009,-018
-009,-018
-009,-018
-009,-018
-009,-018
-009,-018
-009,-018
-009,-018
-008,-018
-008,-018
-008,-018
-008,-018
-008,-018
-008,-018
-008,-018
-008,-018
-007,-018
-007,-018
-007,-018
-007,-018
-007,-018
-007,-018
-007,-018
-007,-018
-007,-018
-006,-018
-006,-018
-006,-018
-006,-018
-006,-018
-006,-018
-006,-018
-006,-018
-006,-018
-006,-015
-006,-015
-006,-015
-006,-015
-006,-015
-006,-015
-006,-015
-006,-015
-006,-015
-006,-015
-006,-015
-006,-015
-009,-015
-009,-015
-009,-015
-009,-015
-009,-015
-009,-015
-009,-015
-009,-015
-009,-015
-009,-015
-009,-015
-009,-015
-009,-015
-009,-015
+011,-015
+011,-015
+011,-015
+011,-016
+011,-016
+011,-016
+014,-018
+014,-018
+014,-018
+014,-018
+014,-018
+014,-018
+014,-018
+014,-018
+014,-018
+016,-018
+016,-018
+016,-018
+016,-018
+016,-018
+016,-018
+016,-018
+016,-018
+016,-018
+016,-018
+016,-018
+016,-018
+016,-018
+016,-018
+016,-018
+016,-018
+016,-018
+016,-018
+016,-018
+016,-018
+016,-018
+016,-018
+018,-018
+018,-018
+018,-018
+018,-018
+018,-018
+018,-019
+018,-019
+018,-019
+018,-019
+018,-020
+018,-020
+018,-020
+018,-020
+018,-020
+018,-020
+018,-020
+018,-021
+018,-021
+018,-021
+020,-021
+020,-021
+020,-021
+020,-021
+020,-021
+020,-021
+020,-021
+022,-021
+022,-021
+022,-021
+022,-018
+022,-018
+022,-018
+022,-018
+024,-018
+024,-018
+024,-018
+024,-018
+024,-018
+024,-018
+024,-018
+024,-015
+024,-015
+024,-015
+024,-015
+024,-015
+024,-015
+024,-015
+024,-015
+024,-015
+024,-015
+024,-015
+024,-015
+024,-015
+024,-015
+024,-015
+024,-015
+024,-015
+024,-015
+024,-015
+024,-015
+024,-015
+024,-015
+022,-015
+022,-015
+022,-015
+022,-015
+022,-015
+022,-015
+022,-015
+022,-012
+022,-012
+022,-012
+022,-012
+022,-012
+022,-012
+022,-012
+024,-012
+024,-012
+024,-012
+024,-012
+024,-012
+024,-012
+024,-012
+024,-012
+024,+010
+024,+010
+024,+010
+024,+010
+024,+010
+024,+010
+026,+008
+026,+008
+026,+008
+026,+008
+024,+005
+024,+005
+027,+005
+025,+005
+025,+003
+025,+003
+025,+003
+025,+001
+025,+001
+025,+001
+025,+001
+025,+001
+025,+001
+025,+001
+025,+001
+025,+001
+027,+001
+027,+001
+027,+001
+027,+001
+027,+001
+027,+003
+027,+003
+027,+003
+027,+003
+029,+003
+029,+003
+029,+003
+029,+003
+029,+003
+029,+003
+029,+003
+029,+003
+029,+003
+029,+003
+029,+003
+029,+003
+029,+003
+029,+003
+031,+003
+031,+005
+031,+005
+031,+005
+031,+005
+031,+005
+031,+005
+031,+005
+031,+005
+031,+005
+031,+005
+031,+005
+031,+005
+031,+005
+029,+005
+029,+003
+029,+003
+029,+003
+029,+003
+029,+003
+029,+003
+029,+003
+029,+003
+029,+003
+029,+003
+029,+003
+029,+003
+029,+003
+029,+003
+029,+003
+029,+003
+029,+003
+029,+003
+029,+003
+029,+003
+029,+003
+029,+003
+029,+003
+029,+003
+029,+001
+032,+001
+030,+001
+030,+001
+033,+001
+033,+001
+033,+001
+033,+001
+033,+001
+035,+001
+035,+001
+035,+001
+035,+001
+035,+001
+037,+001
+037,+001
+037,+001
+037,+001
+037,+001
+037,+001
+037,+001
+039,+001
+039,+003
+041,+005
+041,+005
+041,+005
+041,+005
+043,+005
+043,+005
+043,+005
+043,+005
+045,+005
+045,+005
+045,+005
+045,+005
+045,+005
+045,+007
+045,+007
+045,+007
+045,+007
+045,+007
+045,+007
+045,+007
+045,+007
+045,+007
+045,+007
+045,+007
+045,+007
+043,+007
+043,+007
+043,+007
+043,+007
+043,+007
+043,+007
+043,+007
+041,+005
+041,+005
+041,+005
+041,+005
+041,+005
+039,+003
+039,+003
+039,+003
+039,+003
+037,+003
+037,+003
+037,+003
+037,+003
+037,+003
+037,+003
+037,+003
+037,+003
+037,+003
+037,+003
+037,+003
+037,+003
+037,+003
+037,+003
+037,+003
+037,+003
+037,+003
+037,+001
+037,+001
+037,+001
+037,+001
+037,+001
+037,+001
+037,+001
+037,+001
+037,+001
+037,+001
+037,+001
+037,+001
+037,+001
+037,+001
+037,+001
+037,+001
+037,+001
+037,+001
+037,+003
+037,+003
+037,+003
+035,+003
+035,+003
+035,+005
+035,+005
+035,+005
+035,+005
+035,+005
+035,+007
+035,+007
+035,+007
+035,+007
+035,+007
+035,+007
+035,+007
+035,+009
+035,+009
+035,+009
+035,+009
+035,+009
+035,+009
+035,+009
+035,+009
+035,+009
+035,+009
+035,+009
+035,+009
+035,+009
+035,+009
+035,+009
+035,+009
+035,+009
+035,+009
+035,+007
+033,+007
+033,+007
+033,+007
+033,+007
+033,+007
+033,+005
+031,+005
+031,+005
+031,+005
+031,+005
+031,+005
+031,+005
+031,+005
+031,+005
+031,+005
+031,+005
+031,+003
+031,+003
+031,+003
+031,+003
+031,+001
+029,+001
+029,+001
+029,+001
+029,+001
+029,+001
+029,+001
+027,+001
+027,+001
+027,+001
+027,+001
+027,+003
+027,+003
+027,+003
+027,+003
+027,+003
+027,+003
+027,+003
+027,+003
+027,+003
+027,+003
+027,+003
+027,+003
+027,+005
+027,+005
+027,+005
+027,+005
+027,+005
+027,+005
+027,+005
+027,+005
+027,+005
+027,+005
+027,+005
+027,+005
+027,+005
+027,+005
+027,+007
+027,+007
+027,+007
+025,+007
+025,+007
+025,+007
+025,+007
+025,+007
+025,+007
+025,+007
+025,+009
+025,+009
+023,+009
+023,+009
+023,+009
+023,+011
+023,+011
+023,+011
+023,+011
+023,+011
+023,+011
+023,+011
+023,+011
+023,+013
+023,+013
+023,+013
+023,+013
+023,+013
+023,+013
+023,+013
+023,+013
+023,+013
+023,+013
+023,+013
+023,+013
+023,+013
+023,+013
+023,+013
+023,+013
+023,+013
+023,+013
+023,+013
+023,+013
+023,+013
+023,+015
+023,+015
+023,+015
+021,+015
+021,+015
+021,+015
+021,+015
+021,+015
+021,+015
+021,+015
+021,+015
+021,+015
+021,+017
+019,+017
+019,+017
+019,+017
+019,+017
+019,+017
+019,+017
+019,+017
+019,+017
+019,+019
+017,+019
+017,+019
+017,+019
+017,+019
+017,+021
+017,+021
+017,+021
+017,+023
+015,+023
+015,+023
+015,+025
+015,+025
+015,+025
+015,+025
+015,+025
+015,+025
+015,+025
+015,+025
+015,+025
+015,+025
+015,+025
+015,+025
+015,+025
+015,+025
+015,+025
+015,+025
+015,+025
+015,+025
+015,+025
+015,+025
+015,+025
+015,+025
+015,+025
+015,+023
+017,+023
+017,+023
+017,+023
+017,+023
+017,+023
+017,+023
+017,+021
+017,+021
+017,+021
+017,+021
+017,+021
+017,+021
+017,+019
+017,+019
+017,+019
+017,+019
+017,+017
+017,+017
+019,+017
+019,+017
+019,+015
+019,+015
+019,+015
+019,+015
+019,+013
+021,+013
+021,+013
+021,+013
+021,+013
+021,+011
+021,+011
+021,+011
+021,+011
+021,+011
+021,+011
+021,+011
+024,+008
+024,+008
+024,+006
+026,+006
+026,+006
+026,+006
+026,+006
+026,+004
+026,+004
+028,+004
+028,+004
+028,+004
+028,+002
+028,+002
+028,+002
+032,+001
+032,+001
+032,+001
+032,+001
+032,+001
+032,+001
+034,+001
+034,+001
+034,+001
+034,+001
+034,+001
+034,+001
+034,+001
+034,+001
+036,+001
+036,+001
+036,+001
+036,+001
+036,+001
+036,+001
+036,+001
+038,+001
+038,+001
+038,+001
+038,+001
+038,+001
+038,+001
+038,+001
+038,+001
+038,+001
+038,+001
+038,+001
+038,+001
+038,+003
+038,+003
+040,+005
+040,+005
+040,+005
+040,+007
+040,+007
+040,+007
+042,+007
+042,+009
+042,+009
+042,+009
+042,+011
+039,+013
+039,+013
+039,+013
+039,+013
+039,+013
+039,+013
+039,+015
+039,+015
+039,+015
+039,+015
+039,+015
+039,+015
+039,+015
+039,+017
+039,+017
+041,+017
+041,+017
+041,+017
+041,+019
+041,+019
+041,+019
+041,+019
+041,+021
+041,+021
+041,+021
+041,+024
+038,+024
+038,+024
+038,+024
+038,+024
+038,+026
+038,+026
+038,+026
+038,+026
+038,+026
+040,+026
+040,+026
+040,+026
+040,+026
+040,+026
+040,+026
+040,+026
+040,+026
+040,+026
+040,+026
+040,+026
+042,+023
+042,+023
+042,+023
+042,+023
+042,+023
+042,+021
+042,+021
+042,+021
+044,+021
+044,+021
+044,+021
+044,+019
+044,+019
+047,+017
+047,+017
+047,+017
+047,+017
+047,+015
+047,+015
+047,+015
+047,+015
+047,+015
+047,+015
+047,+015
+047,+015
+047,+015
+047,+015
+047,+015
+047,+015
+047,+015
+047,+013
+047,+013
+047,+013
+047,+013
+047,+013
+047,+013
+047,+013
+047,+013
+047,+011
+045,+011
+045,+011
+045,+011
+045,+011
+045,+009
+045,+009
+045,+009
+045,+009
+045,+009
+045,+007
+043,+007
+043,+007
+043,+007
+043,+007
+043,+007
+043,+005
+043,+005
+043,+005
+043,+005
+041,+003
+041,+003
+041,+003
+041,+003
+041,+003
+039,+003
+039,+003
+039,+003
+039,+003
+041,+003
+041,+003
+041,+003
+041,+001
+041,+001
+041,+001
+041,+001
+041,+001
+041,+001
+041,+001
+041,+003
+041,+003
+043,+003
+043,+003
+043,+003
+043,+003
+043,+003
+043,+003
+043,+003
+043,+003
+043,+005
+043,+005
+043,+005
+043,+005
+043,+005
+043,+005
+043,+005
+043,+005
+041,+005
+041,+007
+041,+007
+041,+007
+041,+007
+041,+007
+041,+007
+041,+007
+041,+007
+041,+007
+041,+007
+041,+007
+041,+007
+041,+007
+039,+007
+039,+007
+039,+007
+039,+007
+039,+007
+039,+007
+039,+007
+039,+007
+039,+005
+037,+005
+037,+005
+037,+005
+035,+005
+035,+005
+035,+005
+035,+005
+035,+005
+033,+005
+033,+005
+033,+005
+033,+005
+033,+005
+033,+007
+033,+007
+031,+007
+031,+007
+031,+007
+031,+007
+031,+007
+031,+007
+031,+007
+029,+007
+029,+007
+029,+007
+029,+007
+029,+007
+029,+007
+029,+007
+029,+007
+029,+007
+029,+007
+029,+007
+029,+007
+029,+007
+029,+007
+029,+007
+029,+007
+029,+007
+029,+007
+029,+007
+029,+005
+029,+005
+029,+005
+029,+005
+029,+005
+029,+005
+029,+005
+029,+003
+029,+003
+027,+001
+027,+001
+027,+001
+027,+001
+027,+001
+027,+001
+027,+001
+025,+001
+025,+001
+025,+001
+025,+001
+025,+001
+025,+001
+025,+003
+023,+003
+023,+003
+023,+003
+023,+003
+023,+003
+023,+003
+023,+003
+023,+003
+023,+003
+023,+003
+021,+005
+021,+007
+019,+007
+019,+007
+019,+007
+019,+007
+019,+007
+019,+007
+019,+007
+017,+007
+017,+007
+017,+007
+017,+007
+017,+005
+017,+005
+017,+003
+017,+003
+017,+003
+017,+003
+017,+001
+017,+001
+017,+001
+015,+001
+015,+001
+015,+001
+015,+001
+015,+003
+015,+003
+015,+003
+015,+003
+015,+001
+015,+001
+015,+001
+015,+001
+015,+001
+015,+001
+015,+001
+015,+001
+015,+003
+015,+003
+015,+003
+015,+003
+015,+003
+015,+003
+015,+003
+015,+003
+015,+003
+015,+003
+013,+003
+013,+003
+013,+003
+013,+000
+011,+000
+011,+000
+011,+000
+011,+000
+011,+000
+011,+000
+011,+000
+011,+000
+011,+002
+013,+002
+013,+002
+013,+002
+013,+002
+013,+002
+013,+002
+013,+002
+013,+002
+013,+002
+013,+002
+013,+002
+013,+002
+013,+002
+013,+002
+013,+002
+013,+002
+015,+000
+015,+000
+015,+000
+015,+000
+015,+000
+015,+002
+015,+002
+015,+002
+015,+002
+015,+002
+015,+002
+015,+002
+015,+002
+015,+002
+015,+002
+015,+002
+015,+002
+015,+004
+015,+004
+015,+004
+015,+004
+015,+004
+015,+004
+015,+004
+015,+004
+015,+006
+015,+006
+015,+006
+015,+006
+015,+006
+015,+006
+015,+006
+015,+006
+015,+006
+015,+006
+015,+006
+015,+006
+015,+008
+015,+008
+015,+008
+015,+008
+015,+008
+013,+008
+013,+008
+013,+008
+013,+008
+013,+008
+013,+008
+013,+008
+011,+006
+011,+006
-010,+004
-009,+004
-009,+004
-009,+004
-008,+004
-008,+004
-008,+004
-008,+004
-008,+004
-008,+002
-008,+002
-008,+002
-008,+002
-008,+002
-008,+002
-007,+002
-007,+002
-007,+002
-007,+002
-007,+000
-007,+000
-007,+000
-007,+000
-007,+000
-007,+000
-007,+000
-007,+000
-007,+000
-007,+000
-007,+000
-007,+000
-007,+000
-007,+000
-007,+000
-007,+000
-007,+000
-007,+000
-007,+000
-007,+002
-007,+002
-007,+002
-007,+002
-007,+002
-007,+002
-010,+002
-010,+002
-010,+002
-010,+002
-010,+002
-009,+002
-009,+002
-009,+002
-009,+002
-009,+002
-009,+002
-008,+002
-008,+002
-008,+000
-008,+000
-008,+000
-008,+000
-008,+000
-008,+000
-008,+002
-008,+002
-008,+002
-008,+002
-008,+002
-008,+002
-008,+002
-008,+002
-008,+002
-008,+002
-008,+002
-008,+002
-008,+002
-008,+002
-008,+002
-008,+002
-008,+002
-007,+002
-007,+002
-007,+000
-007,+000
-006,+000
-005,+000
-005,+000
-005,+000
-004,+000
-004,+002
-004,+002
-003,+002
-003,+002
-003,+002
-003,+002
-002,+002
-002,+004
-002,+004
-002,+004
-002,+004
-002,+004
-002,+004
-001,+004
-001,+004
-001,+004
-001,+004
-001,+004
-001,+004
-001,+006
-001,+006
-001,+006
-004,+006
-004,+006
-004,+006
-004,+006
-004,+006
-004,+004
-004,+004
-004,+004
-004,+004
-004,+004
-004,+004
-004,+004
-004,+002
-007,+002
-007,+002
-007,+002
-007,+002
-007,+002
-007,+002
-007,+002
-007,+002
-007,+002
-007,+002
-007,+000
-007,+000
-007,+000
-007,+000
-007,+000
-007,+000
-007,+000
-007,+000
-007,+000
-007,+000
-007,+000
-007,+000
-007,+000
-007,+000
-007,+000
-007,+000
-010,+000
-009,+000
-009,+000
-009,+000
-009,+000
-009,+000
-009,+000
-009,+000
-009,+000
-009,+000
+011,+000
+013,+003
+013,+003
+013,+003
+013,+003
+013,+003
+013,+003
+015,+003
+015,+003
+015,+003
+015,+003
+015,+003
+015,+003
+017,+003
+017,+003
+017,+003
+017,+003
+017,+003
+019,+003
+019,+003
+019,+003
+019,+003
+019,+003
+019,+003
+021,+003
+021,+003
+021,+005
+021,+005
+021,+005
+021,+005
+021,+005
+021,+005
+021,+005
+021,+005
+021,+007
+021,+007
+021,+007
+023,+007
+023,+007
+023,+009
+025,+009
+025,+009
+025,+009
+025,+009
+025,+009
+025,+009
+025,+009
+025,+009
+025,+009
+025,+009
+025,+009
+025,+009
+025,+009
+025,+009
+025,+009
+027,+009
+027,+009
+027,+009
+027,+009
+027,+009
+027,+009
+027,+009
+027,+009
+027,+009
+027,+009
+027,+009
+029,+009
+029,+009
+029,+009
+029,+009
+029,+009
+029,+009
+029,+009
+029,+009
+029,+009
+029,+009
+029,+009
+029,+009
+029,+009
+029,+009
+029,+009
+029,+009
+029,+009
+029,+009
+029,+009
+029,+009
+029,+009
+029,+009
+027,+009
+027,+009
+027,+009
+027,+009
+027,+009
+027,+009
+027,+009
+027,+011
+027,+011
+025,+011
+025,+011
+025,+011
+025,+011
+025,+011
+025,+011
+025,-012
+023,-012
+023,-012
+023,-012
+023,-012
+023,-012
+023,-012
+023,-012
+023,-012
+023,-012
+023,-012
+023,-012
+023,-012
+023,-012
+023,-012
+023,-012
+023,-012
+023,-013
+023,-013
+023,-013
+023,-013
+023,-013
+023,-013
+023,-013
+023,-013
+023,-013
+023,-013
+023,-013
+023,-013
+023,-014
+023,-014
+021,-014
+021,-014
+021,-014
+021,-015
+021,-015
+021,-015
+021,-015
+021,-015
+021,-016
+021,-016
+021,-016
+021,-016
+019,-016
+019,-016
+019,-016
+019,-017
+019,-017
+019,-017
+019,-017
+019,-017
+019,-017
+019,-017
+019,-017
+019,-017
+019,-017
+019,-017
+019,-017
+017,-017
+017,-017
+017,-017
+017,-017
+017,-017
+017,-017
+017,-017
+017,-017
+017,-017
+017,-017
+017,-017
+017,-017
+017,-017
+017,-017
+017,-017
+017,-018
+017,-018
+017,-018
+017,-018
+017,-018
+017,-018
+017,-018
+017,-019
+017,-019
+017,-019
+017,-019
+017,-019
+017,-019
+017,-019
+015,-019
+015,-019
+015,-019
+015,-019
+015,-019
+015,-020
+015,-020
+015,-020
+015,-020
+015,-020
+015,-020
+015,-020
+015,-020
+015,-020
+015,-021
+015,-021
+015,-021
+015,-021
+015,-021
+015,-021
+015,-021
+015,-021
+015,-021
+015,-021
+015,-021
+015,-021
+015,-021
+015,-021
+015,-021
+015,-021
+015,-021
+015,-021
+015,-021
+015,-021
+015,-021
+015,-021
+013,-021
+013,-021
+013,-021
+013,-022
+013,-022
+013,-022
+013,-022
+013,-022
+013,-022
+013,-022
+011,-022
+011,-022
+011,-022
+011,-023
+011,-023
+011,-023
+011,-023
+011,-023
+011,-023
+011,-023
+011,-023
+011,-023
+011,-023
+011,-023
+011,-023
+011,-023
+011,-023
+011,-023
+011,-023
+011,-023
+011,-023
+011,-023
+011,-023
+011,-023
+011,-023
+011,-023
+011,-023
+011,-023
+011,-023
+011,-023
+011,-023
+011,-023
+011,-023
+011,-023
+011,-023
+013,-023
+013,-023
+013,-023
+013,-023
+013,-023
+013,-023
+013,-023
+013,-023
+013,-023
+013,-023
+013,-023
+013,-023
+015,-023
+015,-020
+015,-021
+015,-021
+015,-021
+015,-021
+017,-021
+017,-021
+017,-021
+017,-021
+017,-021
+017,-021
+017,-021
+017,-021
+017,-021
+017,-021
+017,-021
+017,-021
+017,-021
+017,-021
+017,-021
+017,-021
+017,-021
+017,-021
+017,-021
+017,-021
+017,-018
+017,-018
+017,-018
+017,-018
+017,-018
+017,-018
+017,-018
+017,-018
+017,-018
+017,-018
+017,-018
+017,-018
+017,-018
+019,-018
+019,-018
+019,-018
+019,-018
+019,-018
+019,-018
+019,-018
+019,-018
+019,-018
+019,-018
+019,-018
+019,-018
+019,-018
+019,-018
+019,-018
+019,-018
+019,-018
+019,-018
+019,-018
+019,-018
+019,-019
+019,-019
+019,-019
+019,-019
+019,-019
+019,-019
+019,-019
+019,-019
+019,-019
+019,-020
+017,-020
+017,-020
+017,-020
+017,-020
+017,-020
+017,-020
+017,-020
+017,-020
+017,-020
+017,-020
+017,-020
+017,-020
+017,-020
+015,-020
+015,-020
+015,-020
+015,-020
+015,-020
+015,-021
+015,-021
+015,-021
+015,-021
+015,-022
+015,-022
+015,-022
+015,-022
+015,-022
+015,-022
+015,-022
+015,-022
+015,-022
+015,-022
+015,-022
+015,-022
+015,-022
+015,-022
+015,-022
+015,-022
+015,-022
+015,-022
+015,-022
+015,-022
+015,-022
+015,-022
+015,-022
+015,-022
+015,-019
+015,-019
+015,-019
+015,-019
+015,-019
+015,-019
+015,-019
+015,-019
+015,-019
+015,-019
+015,-019
+017,-019
+017,-019
+017,-019
+017,-016
+017,-017
+017,-017
+015,-014
+015,-014
+015,-014
+015,-014
+015,-014
+015,-014
+015,-014
+015,-014
+015,-014
+013,-014
+013,-014
+013,-014
+013,-014
+013,-014
+013,-014
+013,-014
+013,-014
+013,-014
+013,-014
+013,-014
+013,+011
+013,-012
+013,-012
+013,-012
+013,-012
+013,-012
+013,-012
+015,-012
+015,-012
+015,-012
+015,-012
+015,-012
+015,-012
+015,-012
+015,-012
+015,-012
+015,-012
+015,-012
+015,-012
+015,-012
+015,-012
+015,-012
+015,-012
+015,-012
+015,-012
+017,-012
+017,-012
+017,-012
+017,-012
+017,-012
+017,-014
+020,-015
+020,-016
+020,-016
+020,-016
+020,-017
+020,-017
+020,-017
+020,-018
+020,-018
+020,-018
+020,-018
+020,-018
+020,-018
+020,-019
+020,-019
+020,-019
+020,-019
+020,-020
+020,-020
+020,-020
+020,-020
+020,-020
+020,-020
+020,-020
+020,-020
+020,-020
+020,-020
+020,-020
+020,-020
+020,-020
+020,-020
+020,-020
+020,-017
+020,-017
+020,-017
+020,-017
+022,-017
+022,-017
+022,-017
+022,-017
+022,-017
+022,-017
+022,-017
+022,-014
+022,-014
+022,-014
+022,-014
+022,-014
+022,-014
+022,-014
+022,-014
+022,-014
+022,-014
+022,-014
+022,-014
+022,-014
+022,-014
+022,-014
+022,-014
+022,-014
+022,-014
+022,-014
+022,-014
+022,-014
+022,-014
+022,-014
+022,-014
+022,-014
+022,-014
+022,-014
+022,-014
+022,-014
+022,-014
+022,-014
+022,-014
+022,-014
+022,-014
+022,-014
+022,-014
+022,-014
+022,-014
+022,-014
+022,-014
+022,-014
+022,-014
+022,-014
+022,-014
+022,-014
+022,-014
+022,-014
+022,-014
+022,-014
+022,-014
+022,-014
+022,-014
+022,-014
+022,-014
+022,-014
+022,-014
+022,-014
+022,-014
+022,-014
+022,-014
+022,-014
+022,-014
+022,-014
+022,-014
+022,-014
+022,-014
+022,-014
+022,-014
+022,-014
+022,-014
+022,-014
+022,-014
+022,-014
+020,-015
+020,-015
+020,-015
+018,-015
+018,-015
+018,-015
+016,-015
+016,-015
+018,-015
+016,-015
+016,-015
+016,-015
+016,-015
+016,-015
+016,-015
+016,-015
+014,-015
+014,-015
+014,-015
+014,-012
+014,-012
+014,-012
+014,-012
+014,-012
+014,-012
+014,-012
+012,-012
+012,-012
+012,-012
+012,-012
+012,-012
+012,-012
+012,-012
+012,-012
+012,-012
+012,-012
COP Area(S): 000951
COP Area(R): 001642